"date","location","ISO3","ISO2","cases","deaths","cum_cases","cum_deaths","population","cases_daily","cases_infected","cases_active","p_cases_infected","p_cases_daily","p_cases_active","p_cases_active_smooth"
2020-03-16,"Benin","BEN","BJ",1,NA,1,NA,11801151,1,1,10,8.4737497215314e-08,8.4737497215314e-08,8.4737497215314e-07,6.68071793410057e-07
2020-03-17,"Benin","BEN","BJ",0,NA,1,NA,11801151,0,1,0,8.4737497215314e-08,0,0,6.89843011119084e-07
2020-03-18,"Benin","BEN","BJ",1,NA,2,NA,11801151,1,2,10,1.69474994430628e-07,8.4737497215314e-08,8.4737497215314e-07,7.13517867477874e-07
2020-03-19,"Benin","BEN","BJ",0,NA,2,NA,11801151,0,2,0,1.69474994430628e-07,0,0,7.38191212679755e-07
2020-03-20,"Benin","BEN","BJ",0,NA,2,NA,11801151,0,2,0,1.69474994430628e-07,0,0,7.64234651443613e-07
2020-03-21,"Benin","BEN","BJ",0,NA,2,NA,11801151,0,2,0,1.69474994430628e-07,0,0,7.9171147396057e-07
2020-03-22,"Benin","BEN","BJ",0,NA,2,NA,11801151,0,2,0,1.69474994430628e-07,0,0,8.20389316087972e-07
2020-03-23,"Benin","BEN","BJ",3,NA,5,NA,11801151,3,5,30,4.2368748607657e-07,2.54212491645942e-07,2.54212491645942e-06,8.50270837836425e-07
2020-03-24,"Benin","BEN","BJ",1,NA,6,NA,11801151,1,6,10,5.08424983291884e-07,8.4737497215314e-08,8.4737497215314e-07,8.81949910395491e-07
2020-03-25,"Benin","BEN","BJ",0,NA,6,NA,11801151,0,6,0,5.08424983291884e-07,0,0,9.15745181279256e-07
2020-03-26,"Benin","BEN","BJ",0,NA,6,NA,11801151,0,6,0,5.08424983291884e-07,0,0,9.50183417849023e-07
2020-03-27,"Benin","BEN","BJ",0,NA,6,NA,11801151,0,6,0,5.08424983291884e-07,0,0,9.85833175031323e-07
2020-03-28,"Benin","BEN","BJ",0,NA,6,NA,11801151,0,6,0,5.08424983291884e-07,0,0,1.02232744859518e-06
2020-03-29,"Benin","BEN","BJ",0,NA,6,NA,11801151,0,6,0,5.08424983291884e-07,0,0,1.06018092549279e-06
2020-03-30,"Benin","BEN","BJ",0,NA,6,NA,11801151,0,6,0,5.08424983291884e-07,0,0,1.09932170371533e-06
2020-03-31,"Benin","BEN","BJ",3,NA,9,NA,11801151,3,9,30,7.62637474937826e-07,2.54212491645942e-07,2.54212491645942e-06,1.14016310171533e-06
2020-04-01,"Benin","BEN","BJ",4,NA,13,NA,11801151,4,13,40,1.10158746379908e-06,3.38949988861256e-07,3.38949988861256e-06,1.1827185590652e-06
2020-04-02,"Benin","BEN","BJ",0,NA,13,NA,11801151,0,13,0,1.10158746379908e-06,0,0,1.22747842559205e-06
2020-04-03,"Benin","BEN","BJ",3,NA,16,NA,11801151,3,16,30,1.35579995544502e-06,2.54212491645942e-07,2.54212491645942e-06,1.27494590605276e-06
2020-04-04,"Benin","BEN","BJ",0,NA,16,NA,11801151,0,16,0,1.35579995544502e-06,0,0,1.32576511997374e-06
2020-04-05,"Benin","BEN","BJ",6,NA,22,NA,11801151,6,22,60,1.86422493873691e-06,5.08424983291884e-07,5.08424983291884e-06,1.38334889268155e-06
2020-04-06,"Benin","BEN","BJ",4,1,26,1,11801151,4,26,40,2.20317492759816e-06,3.38949988861256e-07,3.38949988861256e-06,1.44450998336777e-06
2020-04-07,"Benin","BEN","BJ",0,0,26,1,11801151,0,26,0,2.20317492759816e-06,0,0,1.5123845580153e-06
2020-04-08,"Benin","BEN","BJ",0,0,26,1,11801151,0,26,0,2.20317492759816e-06,0,0,1.58830958873863e-06
2020-04-09,"Benin","BEN","BJ",0,0,26,1,11801151,0,26,0,2.20317492759816e-06,0,0,1.67396220425692e-06
2020-04-10,"Benin","BEN","BJ",9,0,35,1,11801151,9,35,90,2.96581240253599e-06,7.62637474937826e-07,7.62637474937826e-06,1.77184859345526e-06
2020-04-11,"Benin","BEN","BJ",0,0,35,1,11801151,0,35,0,2.96581240253599e-06,0,0,1.88287508624903e-06
2020-04-12,"Benin","BEN","BJ",0,0,35,1,11801151,0,35,0,2.96581240253599e-06,0,0,2.00988806856381e-06
2020-04-13,"Benin","BEN","BJ",0,0,35,1,11801151,0,35,0,2.96581240253599e-06,0,0,2.15485655492228e-06
2020-04-14,"Benin","BEN","BJ",0,0,35,1,11801151,0,35,0,2.96581240253599e-06,0,0,2.32023388251594e-06
2020-04-15,"Benin","BEN","BJ",0,0,35,1,11801151,0,35,0,2.96581240253599e-06,0,0,2.50856823428972e-06
2020-04-16,"Benin","BEN","BJ",0,0,35,1,11801151,0,35,0,2.96581240253599e-06,0,0,2.72190162866867e-06
2020-04-17,"Benin","BEN","BJ",0,0,35,1,11801151,0,35,0,2.96581240253599e-06,0,0,2.9626439609376e-06
2020-04-18,"Benin","BEN","BJ",0,0,35,1,11801151,0,35,0,2.96581240253599e-06,0,0,3.2327692157884e-06
2020-04-19,"Benin","BEN","BJ",0,0,35,1,11801151,0,35,0,2.96581240253599e-06,0,0,3.53386075046422e-06
2020-04-20,"Benin","BEN","BJ",19,0,54,1,11801151,19,54,190,4.57582484962696e-06,1.61001244709097e-06,1.61001244709097e-05,3.86734357703335e-06
2020-04-21,"Benin","BEN","BJ",0,0,54,1,11801151,0,54,0,4.57582484962696e-06,0,0,4.23433184740011e-06
2020-04-22,"Benin","BEN","BJ",0,0,54,1,11801151,0,54,0,4.57582484962696e-06,0,0,4.63486818548176e-06
2020-04-23,"Benin","BEN","BJ",0,0,54,1,11801151,0,54,0,4.57582484962696e-06,0,0,5.06886668898274e-06
2020-04-24,"Benin","BEN","BJ",0,0,54,1,11801151,0,54,0,4.57582484962696e-06,0,0,5.53543198653689e-06
2020-04-25,"Benin","BEN","BJ",0,0,54,1,11801151,0,54,0,4.57582484962696e-06,0,0,6.03328166605673e-06
2020-04-26,"Benin","BEN","BJ",10,0,64,1,11801151,10,64,100,5.4231998217801e-06,8.4737497215314e-07,8.4737497215314e-06,6.55975178067082e-06
2020-04-27,"Benin","BEN","BJ",0,0,64,1,11801151,0,64,0,5.4231998217801e-06,0,0,7.11164953384989e-06
2020-04-28,"Benin","BEN","BJ",0,0,64,1,11801151,0,64,0,5.4231998217801e-06,0,0,7.68528941023749e-06
2020-04-29,"Benin","BEN","BJ",0,0,64,1,11801151,0,64,0,5.4231998217801e-06,0,0,8.2771411058402e-06
2020-04-30,"Benin","BEN","BJ",0,0,64,1,11801151,0,64,0,5.4231998217801e-06,0,0,8.88080556339223e-06
2020-05-01,"Benin","BEN","BJ",26,1,90,2,11801151,26,90,260,7.62637474937826e-06,2.20317492759816e-06,2.20317492759816e-05,9.4910888434132e-06
2020-05-02,"Benin","BEN","BJ",0,0,90,2,11801151,0,90,0,7.62637474937826e-06,0,0,1.01019372029772e-05
2020-05-03,"Benin","BEN","BJ",0,0,90,2,11801151,0,90,0,7.62637474937826e-06,0,0,1.07069478890602e-05
2020-05-04,"Benin","BEN","BJ",6,0,96,2,11801151,6,96,60,8.13479973267014e-06,5.08424983291884e-07,5.08424983291884e-06,1.12993334196708e-05
2020-05-05,"Benin","BEN","BJ",0,0,96,2,11801151,0,96,0,8.13479973267014e-06,0,0,1.18723445954615e-05
2020-05-06,"Benin","BEN","BJ",0,0,96,2,11801151,0,96,0,8.13479973267014e-06,0,0,1.24199025527492e-05
2020-05-07,"Benin","BEN","BJ",44,0,140,2,11801151,44,140,440,1.1863249610144e-05,3.72844987747382e-06,3.72844987747382e-05,1.29348727693441e-05
2020-05-08,"Benin","BEN","BJ",102,0,242,2,11801151,102,242,1020,2.0506474326106e-05,8.64322471596203e-06,8.64322471596203e-05,1.34132793941774e-05
2020-05-09,"Benin","BEN","BJ",42,0,284,2,11801151,42,284,420,2.40654492091492e-05,3.55897488304319e-06,3.55897488304319e-05,1.38481236067963e-05
2020-05-10,"Benin","BEN","BJ",35,0,319,2,11801151,35,319,350,2.70312616116852e-05,2.96581240253599e-06,2.96581240253599e-05,1.42355567675665e-05
2020-05-11,"Benin","BEN","BJ",0,0,319,2,11801151,0,319,0,2.70312616116852e-05,0,0,1.45720893346533e-05
2020-05-12,"Benin","BEN","BJ",8,0,327,2,11801151,8,327,80,2.77091615894077e-05,6.77899977722512e-07,6.77899977722512e-06,1.48558247497622e-05
2020-05-13,"Benin","BEN","BJ",0,0,327,2,11801151,0,327,0,2.77091615894077e-05,0,0,1.50838846465664e-05
2020-05-14,"Benin","BEN","BJ",12,0,339,2,11801151,12,339,120,2.87260115559914e-05,1.01684996658377e-06,1.01684996658377e-05,1.52570738748873e-05
2020-05-15,"Benin","BEN","BJ",0,0,339,2,11801151,0,339,0,2.87260115559914e-05,0,0,1.53755312256116e-05
2020-05-16,"Benin","BEN","BJ",0,0,339,2,11801151,0,339,0,2.87260115559914e-05,0,0,1.54420860463757e-05
2020-05-17,"Benin","BEN","BJ",0,0,339,2,11801151,0,339,0,2.87260115559914e-05,0,0,1.54599385455317e-05
2020-05-18,"Benin","BEN","BJ",0,0,339,2,11801151,0,339,0,2.87260115559914e-05,0,0,1.54339314769967e-05
2020-05-19,"Benin","BEN","BJ",-209,0,130,2,11801151,-209,130,-2090,1.10158746379908e-05,1.77101369180006e-05,0.000177101369180006,1.53702878789322e-05
2020-05-20,"Benin","BEN","BJ",0,0,130,2,11801151,0,130,0,1.10158746379908e-05,0,0,1.52761379770112e-05
2020-05-21,"Benin","BEN","BJ",5,1,135,3,11801151,5,135,50,1.14395621240674e-05,4.2368748607657e-07,4.2368748607657e-06,1.51598202541133e-05
2020-05-22,"Benin","BEN","BJ",0,0,135,3,11801151,0,135,0,1.14395621240674e-05,0,0,1.50304860984264e-05
2020-05-23,"Benin","BEN","BJ",0,0,135,3,11801151,0,135,0,1.14395621240674e-05,0,0,1.4897939709703e-05
2020-05-24,"Benin","BEN","BJ",56,0,191,3,11801151,56,191,560,1.6184861968125e-05,4.74529984405758e-06,4.74529984405758e-05,1.47725235364138e-05
2020-05-25,"Benin","BEN","BJ",0,0,191,3,11801151,0,191,0,1.6184861968125e-05,0,0,1.46647495083153e-05
2020-05-26,"Benin","BEN","BJ",17,0,208,3,11801151,17,208,170,1.76253994207853e-05,1.44053745266034e-06,1.44053745266034e-05,1.45863981566891e-05
2020-05-27,"Benin","BEN","BJ",2,0,210,3,11801151,2,210,20,1.77948744152159e-05,1.69474994430628e-07,1.69474994430628e-06,1.45459734961441e-05
2020-05-28,"Benin","BEN","BJ",0,0,210,3,11801151,0,210,0,1.77948744152159e-05,0,0,1.4555015393982e-05
2020-05-29,"Benin","BEN","BJ",14,0,224,3,11801151,14,224,140,1.89811993762303e-05,1.1863249610144e-06,1.1863249610144e-05,1.46205354468543e-05
2020-05-30,"Benin","BEN","BJ",0,0,224,3,11801151,0,224,0,1.89811993762303e-05,0,0,1.47509613158841e-05
2020-05-31,"Benin","BEN","BJ",8,0,232,3,11801151,8,232,80,1.96590993539528e-05,6.77899977722512e-07,6.77899977722512e-06,1.49524802336916e-05
2020-06-01,"Benin","BEN","BJ",11,0,243,3,11801151,11,243,110,2.05912118233213e-05,9.32112469368454e-07,9.32112469368454e-06,1.52295776180235e-05
2020-06-02,"Benin","BEN","BJ",1,0,244,3,11801151,1,244,10,2.06759493205366e-05,8.4737497215314e-08,8.4737497215314e-07,1.5585855520678e-05
2020-06-03,"Benin","BEN","BJ",0,0,244,3,11801151,0,244,0,2.06759493205366e-05,0,0,1.60218690156369e-05
2020-06-04,"Benin","BEN","BJ",17,0,261,3,11801151,17,261,170,2.2116486773197e-05,1.44053745266034e-06,1.44053745266034e-05,1.6533871608965e-05
2020-06-05,"Benin","BEN","BJ",0,0,261,3,11801151,0,261,0,2.2116486773197e-05,0,0,1.71196018538513e-05
2020-06-06,"Benin","BEN","BJ",0,0,261,3,11801151,0,261,0,2.2116486773197e-05,0,0,1.7772838928855e-05
2020-06-07,"Benin","BEN","BJ",0,0,261,3,11801151,0,261,0,2.2116486773197e-05,0,0,1.84854869343672e-05
2020-06-08,"Benin","BEN","BJ",27,1,288,4,11801151,27,288,270,2.44043991980104e-05,2.28791242481348e-06,2.28791242481348e-05,1.92485657673e-05
2020-06-09,"Benin","BEN","BJ",17,0,305,4,11801151,17,305,170,2.58449366506708e-05,1.44053745266034e-06,1.44053745266034e-05,2.00486704848828e-05
2020-06-10,"Benin","BEN","BJ",0,0,305,4,11801151,0,305,0,2.58449366506708e-05,0,0,2.0873211624545e-05
2020-06-11,"Benin","BEN","BJ",0,0,305,4,11801151,0,305,0,2.58449366506708e-05,0,0,2.17081554144646e-05
2020-06-12,"Benin","BEN","BJ",83,1,388,5,11801151,83,388,830,3.28781489195418e-05,7.03321226887106e-06,7.03321226887106e-05,2.25393350308786e-05
2020-06-13,"Benin","BEN","BJ",24,1,412,6,11801151,24,412,240,3.49118488527094e-05,2.03369993316754e-06,2.03369993316754e-05,2.33500468129781e-05
2020-06-14,"Benin","BEN","BJ",30,0,442,6,11801151,30,442,300,3.74539737691688e-05,2.54212491645942e-06,2.54212491645942e-05,2.41258741176786e-05
2020-06-15,"Benin","BEN","BJ",41,3,483,9,11801151,41,483,410,4.09282111549967e-05,3.47423738582787e-06,3.47423738582787e-05,2.48525761369386e-05
2020-06-16,"Benin","BEN","BJ",49,0,532,9,11801151,49,532,490,4.5080348518547e-05,4.15213736355039e-06,4.15213736355039e-05,2.55165992090482e-05
2020-06-17,"Benin","BEN","BJ",40,0,572,9,11801151,40,572,400,4.84698484071596e-05,3.38949988861256e-06,3.38949988861256e-05,2.61060238388325e-05
2020-06-18,"Benin","BEN","BJ",25,2,597,11,11801151,25,597,250,5.05882858375425e-05,2.11843743038285e-06,2.11843743038285e-05,2.66107386022734e-05
2020-06-19,"Benin","BEN","BJ",53,0,650,11,11801151,53,650,530,5.50793731899541e-05,4.49108735241164e-06,4.49108735241164e-05,2.70229526936976e-05
2020-06-20,"Benin","BEN","BJ",0,0,650,11,11801151,0,650,0,5.50793731899541e-05,0,0,2.73370815660614e-05
2020-06-21,"Benin","BEN","BJ",115,2,765,13,11801151,115,765,1150,6.48241853697152e-05,9.74481217976111e-06,9.74481217976111e-05,2.75511115117962e-05
2020-06-22,"Benin","BEN","BJ",42,0,807,13,11801151,42,807,420,6.83831602527584e-05,3.55897488304319e-06,3.55897488304319e-05,2.76628768736581e-05
2020-06-23,"Benin","BEN","BJ",43,0,850,13,11801151,43,850,430,7.20268726330169e-05,3.6437123802585e-06,3.6437123802585e-05,2.76762831781254e-05
2020-06-24,"Benin","BEN","BJ",52,0,902,13,11801151,52,902,520,7.64332224882132e-05,4.40634985519633e-06,4.40634985519633e-05,2.75956154072519e-05
2020-06-25,"Benin","BEN","BJ",115,1,1017,14,11801151,115,1017,1150,8.61780346679743e-05,9.74481217976111e-06,9.74481217976111e-05,2.74281107885854e-05
2020-06-26,"Benin","BEN","BJ",36,0,1053,14,11801151,36,1053,360,8.92285845677256e-05,3.0505498997513e-06,3.0505498997513e-05,2.718228595883e-05
2020-06-27,"Benin","BEN","BJ",71,0,1124,14,11801151,71,1124,710,9.52449468700129e-05,6.01636230228729e-06,6.01636230228729e-05,2.68688604052346e-05
2020-06-28,"Benin","BEN","BJ",25,2,1149,16,11801151,25,1149,250,9.73633843003958e-05,2.11843743038285e-06,2.11843743038285e-05,2.65001123103752e-05
2020-06-29,"Benin","BEN","BJ",38,3,1187,19,11801151,38,1187,380,0.000100583409194578,3.22002489418193e-06,3.22002489418193e-05,2.60875345430611e-05
2020-06-30,"Benin","BEN","BJ",12,2,1199,21,11801151,12,1199,120,0.000101600259161161,1.01684996658377e-06,1.01684996658377e-05,2.56438303175873e-05
2020-07-01,"Benin","BEN","BJ",0,0,1199,21,11801151,0,1199,0,0.000101600259161161,0,0,2.51813618342997e-05
2020-07-02,"Benin","BEN","BJ",0,0,1199,21,11801151,0,1199,0,0.000101600259161161,0,0,2.47122261822553e-05
2020-07-03,"Benin","BEN","BJ",0,0,1199,21,11801151,0,1199,0,0.000101600259161161,0,0,2.42440797108717e-05
2020-07-04,"Benin","BEN","BJ",0,0,1199,21,11801151,0,1199,0,0.000101600259161161,0,0,2.37903125733319e-05
2020-07-05,"Benin","BEN","BJ",0,0,1199,21,11801151,0,1199,0,0.000101600259161161,0,0,2.33555953040961e-05
2020-07-06,"Benin","BEN","BJ",0,0,1199,21,11801151,0,1199,0,0.000101600259161161,0,0,2.29457580622527e-05
2020-07-07,"Benin","BEN","BJ",0,0,1199,21,11801151,0,1199,0,0.000101600259161161,0,0,2.25635185833205e-05
2020-07-08,"Benin","BEN","BJ",0,0,1199,21,11801151,0,1199,0,0.000101600259161161,0,0,2.22101541429426e-05
2020-07-09,"Benin","BEN","BJ",86,2,1285,23,11801151,86,1285,860,0.000108887683921678,7.287424760517e-06,7.287424760517e-05,2.18866758756558e-05
2020-07-10,"Benin","BEN","BJ",0,0,1285,23,11801151,0,1285,0,0.000108887683921678,0,0,2.15899683980741e-05
2020-07-11,"Benin","BEN","BJ",93,3,1378,26,11801151,93,1378,930,0.000116768271162703,7.8805872410242e-06,7.8805872410242e-05,2.1317260708378e-05
2020-07-12,"Benin","BEN","BJ",0,0,1378,26,11801151,0,1378,0,0.000116768271162703,0,0,2.1064090980381e-05
2020-07-13,"Benin","BEN","BJ",0,0,1378,26,11801151,0,1378,0,0.000116768271162703,0,0,2.08256683534201e-05
2020-07-14,"Benin","BEN","BJ",0,0,1378,26,11801151,0,1378,0,0.000116768271162703,0,0,2.05963007608374e-05
2020-07-15,"Benin","BEN","BJ",0,0,1378,26,11801151,0,1378,0,0.000116768271162703,0,0,2.0370576535514e-05
2020-07-16,"Benin","BEN","BJ",85,2,1463,28,11801151,85,1463,850,0.000123970958426004,7.20268726330169e-06,7.20268726330169e-05,2.01433750700446e-05
2020-07-17,"Benin","BEN","BJ",139,3,1602,31,11801151,139,1602,1390,0.000135749470538933,1.17785121129286e-05,0.000117785121129286,1.99101237996985e-05
2020-07-18,"Benin","BEN","BJ",0,0,1602,31,11801151,0,1602,0,0.000135749470538933,0,0,1.96667322047656e-05
2020-07-19,"Benin","BEN","BJ",0,0,1602,31,11801151,0,1602,0,0.000135749470538933,0,0,1.940991225205e-05
2020-07-20,"Benin","BEN","BJ",0,0,1602,31,11801151,0,1602,0,0.000135749470538933,0,0,1.91383817306725e-05
2020-07-21,"Benin","BEN","BJ",0,0,1602,31,11801151,0,1602,0,0.000135749470538933,0,0,1.88497442870783e-05
2020-07-22,"Benin","BEN","BJ",88,3,1690,34,11801151,88,1690,880,0.000143206370293881,7.45689975494763e-06,7.45689975494763e-05,1.85440946074144e-05
2020-07-23,"Benin","BEN","BJ",4,0,1694,34,11801151,4,1694,40,0.000143545320282742,3.38949988861256e-07,3.38949988861256e-06,1.8221950508557e-05
2020-07-24,"Benin","BEN","BJ",0,0,1694,34,11801151,0,1694,0,0.000143545320282742,0,0,1.78845622051399e-05
2020-07-25,"Benin","BEN","BJ",0,0,1694,34,11801151,0,1694,0,0.000143545320282742,0,0,1.75339095466471e-05
2020-07-26,"Benin","BEN","BJ",76,1,1770,35,11801151,76,1770,760,0.000149985370071106,6.44004978836386e-06,6.44004978836386e-05,1.71720106988737e-05
2020-07-27,"Benin","BEN","BJ",0,0,1770,35,11801151,0,1770,0,0.000149985370071106,0,0,1.68009755655666e-05
2020-07-28,"Benin","BEN","BJ",0,0,1770,35,11801151,0,1770,0,0.000149985370071106,0,0,1.64242002292632e-05
2020-07-29,"Benin","BEN","BJ",35,1,1805,36,11801151,35,1805,350,0.000152951182473642,2.96581240253599e-06,2.96581240253599e-05,1.60436434701451e-05
2020-07-30,"Benin","BEN","BJ",0,0,1805,36,11801151,0,1805,0,0.000152951182473642,0,0,1.56615692441933e-05
2020-07-31,"Benin","BEN","BJ",0,0,1805,36,11801151,0,1805,0,0.000152951182473642,0,0,1.52803368083185e-05
2020-08-01,"Benin","BEN","BJ",0,0,1805,36,11801151,0,1805,0,0.000152951182473642,0,0,1.49012805391868e-05
2020-08-02,"Benin","BEN","BJ",0,0,1805,36,11801151,0,1805,0,0.000152951182473642,0,0,1.45259142115626e-05
2020-08-03,"Benin","BEN","BJ",0,0,1805,36,11801151,0,1805,0,0.000152951182473642,0,0,1.41548967317576e-05
2020-08-04,"Benin","BEN","BJ",109,2,1914,38,11801151,109,1914,1090,0.000162187569670111,9.23638719646923e-06,9.23638719646923e-05,1.37892926297174e-05
2020-08-05,"Benin","BEN","BJ",22,0,1936,38,11801151,22,1936,220,0.000164051794608848,1.86422493873691e-06,1.86422493873691e-05,1.34278783561626e-05
2020-08-06,"Benin","BEN","BJ",0,0,1936,38,11801151,0,1936,0,0.000164051794608848,0,0,1.30725557533326e-05
2020-08-07,"Benin","BEN","BJ",0,0,1936,38,11801151,0,1936,0,0.000164051794608848,0,0,1.2722248527749e-05
2020-08-08,"Benin","BEN","BJ",0,0,1936,38,11801151,0,1936,0,0.000164051794608848,0,0,1.2376770752376e-05
2020-08-09,"Benin","BEN","BJ",0,0,1936,38,11801151,0,1936,0,0.000164051794608848,0,0,1.20351017301352e-05
2020-08-10,"Benin","BEN","BJ",0,0,1936,38,11801151,0,1936,0,0.000164051794608848,0,0,1.16988181462869e-05
2020-08-11,"Benin","BEN","BJ",65,0,2001,38,11801151,65,2001,650,0.000169559731927843,5.50793731899541e-06,5.50793731899541e-05,1.13659366412528e-05
2020-08-12,"Benin","BEN","BJ",13,0,2014,38,11801151,13,2014,130,0.000170661319391642,1.10158746379908e-06,1.10158746379908e-05,1.10375113389183e-05
2020-08-13,"Benin","BEN","BJ",0,0,2014,38,11801151,0,2014,0,0.000170661319391642,0,0,1.07130933517409e-05
2020-08-14,"Benin","BEN","BJ",0,0,2014,38,11801151,0,2014,0,0.000170661319391642,0,0,1.03936336331476e-05
2020-08-15,"Benin","BEN","BJ",49,1,2063,39,11801151,49,2063,490,0.000174813456755193,4.15213736355039e-06,4.15213736355039e-05,1.00792454053467e-05
2020-08-16,"Benin","BEN","BJ",0,0,2063,39,11801151,0,2063,0,0.000174813456755193,0,0,9.77071219448768e-06
2020-08-17,"Benin","BEN","BJ",0,0,2063,39,11801151,0,2063,0,0.000174813456755193,0,0,9.46918046307994e-06
2020-08-18,"Benin","BEN","BJ",0,0,2063,39,11801151,0,2063,0,0.000174813456755193,0,0,9.17536557135274e-06
2020-08-19,"Benin","BEN","BJ",32,0,2095,39,11801151,32,2095,320,0.000177525056666083,2.71159991089005e-06,2.71159991089005e-05,8.8905111184291e-06
2020-08-20,"Benin","BEN","BJ",0,0,2095,39,11801151,0,2095,0,0.000177525056666083,0,0,8.61571781208532e-06
2020-08-21,"Benin","BEN","BJ",0,0,2095,39,11801151,0,2095,0,0.000177525056666083,0,0,8.35203273010997e-06
2020-08-22,"Benin","BEN","BJ",20,0,2115,39,11801151,20,2115,200,0.000179219806610389,1.69474994430628e-06,1.69474994430628e-05,8.10039691933887e-06
2020-08-23,"Benin","BEN","BJ",0,0,2115,39,11801151,0,2115,0,0.000179219806610389,0,0,7.86087180155992e-06
2020-08-24,"Benin","BEN","BJ",0,0,2115,39,11801151,0,2115,0,0.000179219806610389,0,0,7.63638125540168e-06
2020-08-25,"Benin","BEN","BJ",0,0,2115,39,11801151,0,2115,0,0.000179219806610389,0,0,7.42446379718706e-06
2020-08-26,"Benin","BEN","BJ",30,1,2145,40,11801151,30,2145,300,0.000181761931526849,2.54212491645942e-06,2.54212491645942e-05,7.22756251737291e-06
2020-08-27,"Benin","BEN","BJ",0,0,2145,40,11801151,0,2145,0,0.000181761931526849,0,0,7.04450719605471e-06
2020-08-28,"Benin","BEN","BJ",0,0,2145,40,11801151,0,2145,0,0.000181761931526849,0,0,6.87500694448844e-06
2020-08-29,"Benin","BEN","BJ",0,0,2145,40,11801151,0,2145,0,0.000181761931526849,0,0,6.71854436334496e-06
2020-08-30,"Benin","BEN","BJ",0,0,2145,40,11801151,0,2145,0,0.000181761931526849,0,0,6.57368651462459e-06
2020-08-31,"Benin","BEN","BJ",0,0,2145,40,11801151,0,2145,0,0.000181761931526849,0,0,6.44084997425403e-06
2020-09-01,"Benin","BEN","BJ",0,0,2145,40,11801151,0,2145,0,0.000181761931526849,0,0,6.31967984298805e-06
2020-09-02,"Benin","BEN","BJ",49,0,2194,40,11801151,49,2194,490,0.000185914068890399,4.15213736355039e-06,4.15213736355039e-05,6.20773382802976e-06
2020-09-03,"Benin","BEN","BJ",0,0,2194,40,11801151,0,2194,0,0.000185914068890399,0,0,6.10415293257329e-06
2020-09-04,"Benin","BEN","BJ",0,0,2194,40,11801151,0,2194,0,0.000185914068890399,0,0,6.0079385625121e-06
2020-09-05,"Benin","BEN","BJ",19,0,2213,40,11801151,19,2213,190,0.00018752408133749,1.61001244709097e-06,1.61001244709097e-05,5.91740509680832e-06
2020-09-06,"Benin","BEN","BJ",0,0,2213,40,11801151,0,2213,0,0.00018752408133749,0,0,5.83338456485394e-06
2020-09-07,"Benin","BEN","BJ",0,0,2213,40,11801151,0,2213,0,0.00018752408133749,0,0,5.75492780554157e-06
2020-09-08,"Benin","BEN","BJ",0,0,2213,40,11801151,0,2213,0,0.00018752408133749,0,0,5.68026019188418e-06
2020-09-09,"Benin","BEN","BJ",29,0,2242,40,11801151,29,2242,290,0.000189981468756734,2.45738741924411e-06,2.45738741924411e-05,5.60887736668013e-06
2020-09-10,"Benin","BEN","BJ",0,0,2242,40,11801151,0,2242,0,0.000189981468756734,0,0,5.54205008294569e-06
2020-09-11,"Benin","BEN","BJ",0,0,2242,40,11801151,0,2242,0,0.000189981468756734,0,0,5.47883738723224e-06
2020-09-12,"Benin","BEN","BJ",0,0,2242,40,11801151,0,2242,0,0.000189981468756734,0,0,5.41907660289164e-06
2020-09-13,"Benin","BEN","BJ",25,0,2267,40,11801151,25,2267,250,0.000192099906187117,2.11843743038285e-06,2.11843743038285e-05,5.36372478590665e-06
2020-09-14,"Benin","BEN","BJ",0,0,2267,40,11801151,0,2267,0,0.000192099906187117,0,0,5.31380934639029e-06
2020-09-15,"Benin","BEN","BJ",0,0,2267,40,11801151,0,2267,0,0.000192099906187117,0,0,5.26819927016903e-06
2020-09-16,"Benin","BEN","BJ",13,0,2280,40,11801151,13,2280,130,0.000193201493650916,1.10158746379908e-06,1.10158746379908e-05,5.22825452221901e-06
2020-09-17,"Benin","BEN","BJ",0,0,2280,40,11801151,0,2280,0,0.000193201493650916,0,0,5.1946750884905e-06
2020-09-18,"Benin","BEN","BJ",0,0,2280,40,11801151,0,2280,0,0.000193201493650916,0,0,5.16776728301263e-06
2020-09-19,"Benin","BEN","BJ",0,0,2280,40,11801151,0,2280,0,0.000193201493650916,0,0,5.14946674650055e-06
2020-09-20,"Benin","BEN","BJ",0,0,2280,40,11801151,0,2280,0,0.000193201493650916,0,0,5.14002860912744e-06
2020-09-21,"Benin","BEN","BJ",14,0,2294,40,11801151,14,2294,140,0.00019438781861193,1.1863249610144e-06,1.1863249610144e-05,5.14071934660995e-06
2020-09-22,"Benin","BEN","BJ",0,0,2294,40,11801151,0,2294,0,0.00019438781861193,0,0,5.15108281177831e-06
2020-09-23,"Benin","BEN","BJ",31,0,2325,40,11801151,31,2325,310,0.000197014681025605,2.62686241367473e-06,2.62686241367473e-05,5.1723272934359e-06
2020-09-24,"Benin","BEN","BJ",0,0,2325,40,11801151,0,2325,0,0.000197014681025605,0,0,5.20505127741555e-06
2020-09-25,"Benin","BEN","BJ",0,0,2325,40,11801151,0,2325,0,0.000197014681025605,0,0,5.24919955479765e-06
2020-09-26,"Benin","BEN","BJ",0,0,2325,40,11801151,0,2325,0,0.000197014681025605,0,0,5.30673570703876e-06
2020-09-27,"Benin","BEN","BJ",15,0,2340,40,11801151,15,2340,150,0.000198285743483835,1.27106245822971e-06,1.27106245822971e-05,5.37668925018833e-06
2020-09-28,"Benin","BEN","BJ",0,0,2340,40,11801151,0,2340,0,0.000198285743483835,0,0,5.46008264256412e-06
2020-09-29,"Benin","BEN","BJ",0,0,2340,40,11801151,0,2340,0,0.000198285743483835,0,0,5.55524608719029e-06
2020-09-30,"Benin","BEN","BJ",17,1,2357,41,11801151,17,2357,170,0.000199726280936495,1.44053745266034e-06,1.44053745266034e-05,5.66347285347308e-06
2020-10-01,"Benin","BEN","BJ",0,0,2357,41,11801151,0,2357,0,0.000199726280936495,0,0,5.78382382644631e-06
2020-10-02,"Benin","BEN","BJ",0,0,2357,41,11801151,0,2357,0,0.000199726280936495,0,0,5.91578557860057e-06
2020-10-03,"Benin","BEN","BJ",0,0,2357,41,11801151,0,2357,0,0.000199726280936495,0,0,6.05889991424954e-06
2020-10-04,"Benin","BEN","BJ",0,0,2357,41,11801151,0,2357,0,0.000199726280936495,0,0,6.21220888870133e-06
2020-10-05,"Benin","BEN","BJ",0,0,2357,41,11801151,0,2357,0,0.000199726280936495,0,0,6.37513432736591e-06
2020-10-06,"Benin","BEN","BJ",0,0,2357,41,11801151,0,2357,0,0.000199726280936495,0,0,6.54587660367932e-06
2020-10-07,"Benin","BEN","BJ",54,0,2411,41,11801151,54,2411,540,0.000204302105786122,4.57582484962696e-06,4.57582484962696e-05,6.72401401531294e-06
2020-10-08,"Benin","BEN","BJ",0,0,2411,41,11801151,0,2411,0,0.000204302105786122,0,0,6.90818126120905e-06
2020-10-09,"Benin","BEN","BJ",0,0,2411,41,11801151,0,2411,0,0.000204302105786122,0,0,7.09723299590697e-06
2020-10-10,"Benin","BEN","BJ",0,0,2411,41,11801151,0,2411,0,0.000204302105786122,0,0,7.28977364282433e-06
2020-10-11,"Benin","BEN","BJ",0,0,2411,41,11801151,0,2411,0,0.000204302105786122,0,0,7.48527021290699e-06
2020-10-12,"Benin","BEN","BJ",0,0,2411,41,11801151,0,2411,0,0.000204302105786122,0,0,7.68299376463899e-06
2020-10-13,"Benin","BEN","BJ",0,0,2411,41,11801151,0,2411,0,0.000204302105786122,0,0,7.88081785822421e-06
2020-10-14,"Benin","BEN","BJ",67,0,2478,41,11801151,67,2478,670,0.000209979518099548,5.67741231342604e-06,5.67741231342604e-05,8.07829651218887e-06
2020-10-15,"Benin","BEN","BJ",18,0,2496,41,11801151,18,2496,180,0.000211504793049424,1.52527494987565e-06,1.52527494987565e-05,8.27455312784662e-06
2020-10-16,"Benin","BEN","BJ",0,0,2496,41,11801151,0,2496,0,0.000211504793049424,0,0,8.46876248451979e-06
2020-10-17,"Benin","BEN","BJ",0,0,2496,41,11801151,0,2496,0,0.000211504793049424,0,0,8.66021973201751e-06
2020-10-18,"Benin","BEN","BJ",0,0,2496,41,11801151,0,2496,0,0.000211504793049424,0,0,8.84832947417177e-06
2020-10-19,"Benin","BEN","BJ",0,0,2496,41,11801151,0,2496,0,0.000211504793049424,0,0,9.03259646413477e-06
2020-10-20,"Benin","BEN","BJ",0,0,2496,41,11801151,0,2496,0,0.000211504793049424,0,0,9.21134427604136e-06
2020-10-21,"Benin","BEN","BJ",61,0,2557,41,11801151,61,2557,610,0.000216673780379558,5.16898733013415e-06,5.16898733013415e-05,9.38451172324813e-06
2020-10-22,"Benin","BEN","BJ",0,0,2557,41,11801151,0,2557,0,0.000216673780379558,0,0,9.55105823502922e-06
2020-10-23,"Benin","BEN","BJ",0,0,2557,41,11801151,0,2557,0,0.000216673780379558,0,0,9.71011532604087e-06
2020-10-24,"Benin","BEN","BJ",0,0,2557,41,11801151,0,2557,0,0.000216673780379558,0,0,9.86072639589975e-06
2020-10-25,"Benin","BEN","BJ",0,0,2557,41,11801151,0,2557,0,0.000216673780379558,0,0,1.00021256349709e-05
2020-10-26,"Benin","BEN","BJ",0,0,2557,41,11801151,0,2557,0,0.000216673780379558,0,0,1.01333032150774e-05
2020-10-27,"Benin","BEN","BJ",0,0,2557,41,11801151,0,2557,0,0.000216673780379558,0,0,1.0252888724896e-05
2020-10-28,"Benin","BEN","BJ",86,0,2643,41,11801151,86,2643,860,0.000223961205140075,7.287424760517e-06,7.287424760517e-05,1.03597730825583e-05
2020-10-29,"Benin","BEN","BJ",0,0,2643,41,11801151,0,2643,0,0.000223961205140075,0,0,1.04534295390535e-05
2020-10-30,"Benin","BEN","BJ",0,0,2643,41,11801151,0,2643,0,0.000223961205140075,0,0,1.05326098204546e-05
2020-10-31,"Benin","BEN","BJ",0,0,2643,41,11801151,0,2643,0,0.000223961205140075,0,0,1.05963524583976e-05
2020-11-01,"Benin","BEN","BJ",40,0,2683,41,11801151,40,2683,400,0.000227350705028687,3.38949988861256e-06,3.38949988861256e-05,1.06441880331793e-05
2020-11-02,"Benin","BEN","BJ",0,0,2683,41,11801151,0,2683,0,0.000227350705028687,0,0,1.06761517947184e-05
2020-11-03,"Benin","BEN","BJ",0,0,2683,41,11801151,0,2683,0,0.000227350705028687,0,0,1.06906897493104e-05
2020-11-04,"Benin","BEN","BJ",62,2,2745,43,11801151,62,2745,620,0.000232604429856037,5.25372482734947e-06,5.25372482734947e-05,1.0688197031837e-05
2020-11-05,"Benin","BEN","BJ",0,0,2745,43,11801151,0,2745,0,0.000232604429856037,0,0,1.06686602201822e-05
2020-11-06,"Benin","BEN","BJ",0,0,2745,43,11801151,0,2745,0,0.000232604429856037,0,0,1.06328789535819e-05
2020-11-07,"Benin","BEN","BJ",0,0,2745,43,11801151,0,2745,0,0.000232604429856037,0,0,1.05807234051513e-05
2020-11-08,"Benin","BEN","BJ",0,0,2745,43,11801151,0,2745,0,0.000232604429856037,0,0,1.05137460040247e-05
2020-11-09,"Benin","BEN","BJ",36,0,2781,43,11801151,36,2781,360,0.000235654979755788,3.0505498997513e-06,3.0505498997513e-05,1.04330701801732e-05
2020-11-10,"Benin","BEN","BJ",0,0,2781,43,11801151,0,2781,0,0.000235654979755788,0,0,1.03391861846844e-05
2020-11-11,"Benin","BEN","BJ",63,0,2844,43,11801151,63,2844,630,0.000240993442080353,5.33846232456478e-06,5.33846232456478e-05,1.02336658662861e-05
2020-11-12,"Benin","BEN","BJ",0,0,2844,43,11801151,0,2844,0,0.000240993442080353,0,0,1.01182860314187e-05
2020-11-13,"Benin","BEN","BJ",0,0,2844,43,11801151,0,2844,0,0.000240993442080353,0,0,9.99441691008851e-06
2020-11-14,"Benin","BEN","BJ",0,0,2844,43,11801151,0,2844,0,0.000240993442080353,0,0,9.86348269228957e-06
2020-11-15,"Benin","BEN","BJ",0,0,2844,43,11801151,0,2844,0,0.000240993442080353,0,0,9.72735312910465e-06
2020-11-16,"Benin","BEN","BJ",40,0,2884,43,11801151,40,2884,400,0.000244382941968966,3.38949988861256e-06,3.38949988861256e-05,9.58785044441729e-06
2020-11-17,"Benin","BEN","BJ",0,0,2884,43,11801151,0,2884,0,0.000244382941968966,0,0,9.44545549238765e-06
2020-11-18,"Benin","BEN","BJ",32,0,2916,43,11801151,32,2916,320,0.000247094541879856,2.71159991089005e-06,2.71159991089005e-05,9.30179613782922e-06
2020-11-19,"Benin","BEN","BJ",0,0,2916,43,11801151,0,2916,0,0.000247094541879856,0,0,9.15795134105067e-06
2020-11-20,"Benin","BEN","BJ",0,0,2916,43,11801151,0,2916,0,0.000247094541879856,0,0,9.01482589423409e-06
2020-11-21,"Benin","BEN","BJ",0,0,2916,43,11801151,0,2916,0,0.000247094541879856,0,0,8.87269010274595e-06
2020-11-22,"Benin","BEN","BJ",0,0,2916,43,11801151,0,2916,0,0.000247094541879856,0,0,8.73379033884433e-06
2020-11-23,"Benin","BEN","BJ",0,0,2916,43,11801151,0,2916,0,0.000247094541879856,0,0,8.59686856886008e-06
2020-11-24,"Benin","BEN","BJ",0,0,2916,43,11801151,0,2916,0,0.000247094541879856,0,0,8.46266291797969e-06
2020-11-25,"Benin","BEN","BJ",58,0,2974,43,11801151,58,2974,580,0.000252009316718344,4.91477483848821e-06,4.91477483848821e-05,8.3313542277764e-06
2020-11-26,"Benin","BEN","BJ",0,0,2974,43,11801151,0,2974,0,0.000252009316718344,0,0,8.203044621264e-06
2020-11-27,"Benin","BEN","BJ",0,0,2974,43,11801151,0,2974,0,0.000252009316718344,0,0,8.0777891822964e-06
2020-11-28,"Benin","BEN","BJ",0,0,2974,43,11801151,0,2974,0,0.000252009316718344,0,0,7.9557741465449e-06
2020-11-29,"Benin","BEN","BJ",0,0,2974,43,11801151,0,2974,0,0.000252009316718344,0,0,7.83707302442169e-06
2020-11-30,"Benin","BEN","BJ",41,0,3015,43,11801151,41,3015,410,0.000255483554104172,3.47423738582787e-06,3.47423738582787e-05,7.72245421139862e-06
2020-12-01,"Benin","BEN","BJ",0,0,3015,43,11801151,0,3015,0,0.000255483554104172,0,0,7.61092086131919e-06
2020-12-02,"Benin","BEN","BJ",40,1,3055,44,11801151,40,3055,400,0.000258873053992784,3.38949988861256e-06,3.38949988861256e-05,7.50314900755781e-06
2020-12-03,"Benin","BEN","BJ",0,0,3055,44,11801151,0,3055,0,0.000258873053992784,0,0,7.3994525972826e-06
2020-12-04,"Benin","BEN","BJ",0,0,3055,44,11801151,0,3055,0,0.000258873053992784,0,0,7.30019993425306e-06
2020-12-05,"Benin","BEN","BJ",0,0,3055,44,11801151,0,3055,0,0.000258873053992784,0,0,7.20528652023102e-06
2020-12-06,"Benin","BEN","BJ",0,0,3055,44,11801151,0,3055,0,0.000258873053992784,0,0,7.11633719811243e-06
2020-12-07,"Benin","BEN","BJ",18,0,3073,44,11801151,18,3073,180,0.00026039832894266,1.52527494987565e-06,1.52527494987565e-05,7.03481604313942e-06
2020-12-08,"Benin","BEN","BJ",0,0,3073,44,11801151,0,3073,0,0.00026039832894266,0,0,6.95871532119748e-06
2020-12-09,"Benin","BEN","BJ",17,0,3090,44,11801151,17,3090,170,0.00026183886639532,1.44053745266034e-06,1.44053745266034e-05,6.88998747997793e-06
2020-12-10,"Benin","BEN","BJ",0,0,3090,44,11801151,0,3090,0,0.00026183886639532,0,0,6.82813518209798e-06
2020-12-11,"Benin","BEN","BJ",0,0,3090,44,11801151,0,3090,0,0.00026183886639532,0,0,6.77412610616132e-06
2020-12-12,"Benin","BEN","BJ",0,0,3090,44,11801151,0,3090,0,0.00026183886639532,0,0,6.72765954405801e-06
2020-12-13,"Benin","BEN","BJ",0,0,3090,44,11801151,0,3090,0,0.00026183886639532,0,0,6.69081605946818e-06
2020-12-14,"Benin","BEN","BJ",0,0,3090,44,11801151,0,3090,0,0.00026183886639532,0,0,6.66470541042959e-06
2020-12-15,"Benin","BEN","BJ",0,0,3090,44,11801151,0,3090,0,0.00026183886639532,0,0,6.64701513881806e-06
2020-12-16,"Benin","BEN","BJ",62,0,3152,44,11801151,62,3152,620,0.00026709259122267,5.25372482734947e-06,5.25372482734947e-05,6.63912477954264e-06
2020-12-17,"Benin","BEN","BJ",0,0,3152,44,11801151,0,3152,0,0.00026709259122267,0,0,6.64238236139961e-06
2020-12-18,"Benin","BEN","BJ",0,0,3152,44,11801151,0,3152,0,0.00026709259122267,0,0,6.65825929752035e-06
2020-12-19,"Benin","BEN","BJ",0,0,3152,44,11801151,0,3152,0,0.00026709259122267,0,0,6.68494432320007e-06
2020-12-20,"Benin","BEN","BJ",15,0,3167,44,11801151,15,3167,150,0.000268363653680899,1.27106245822971e-06,1.27106245822971e-05,6.72546837390939e-06
2020-12-21,"Benin","BEN","BJ",0,0,3167,44,11801151,0,3167,0,0.000268363653680899,0,0,6.78288375952346e-06
2020-12-22,"Benin","BEN","BJ",0,0,3167,44,11801151,0,3167,0,0.000268363653680899,0,0,6.85406717085989e-06
2020-12-23,"Benin","BEN","BJ",38,0,3205,44,11801151,38,3205,380,0.000271583678575081,3.22002489418193e-06,3.22002489418193e-05,6.94324906545397e-06
2020-12-24,"Benin","BEN","BJ",0,0,3205,44,11801151,0,3205,0,0.000271583678575081,0,0,7.05027288073027e-06
2020-12-25,"Benin","BEN","BJ",0,0,3205,44,11801151,0,3205,0,0.000271583678575081,0,0,7.17817786534451e-06
2020-12-26,"Benin","BEN","BJ",0,0,3205,44,11801151,0,3205,0,0.000271583678575081,0,0,7.32781654676068e-06
2020-12-27,"Benin","BEN","BJ",0,0,3205,44,11801151,0,3205,0,0.000271583678575081,0,0,7.50229723133808e-06
2020-12-28,"Benin","BEN","BJ",0,0,3205,44,11801151,0,3205,0,0.000271583678575081,0,0,7.70721844100592e-06
2020-12-29,"Benin","BEN","BJ",0,0,3205,44,11801151,0,3205,0,0.000271583678575081,0,0,7.93746008213008e-06
2020-12-30,"Benin","BEN","BJ",46,0,3251,44,11801151,46,3251,460,0.000275481603446986,3.89792487190444e-06,3.89792487190444e-05,8.19811988124411e-06
2020-12-31,"Benin","BEN","BJ",0,0,3251,44,11801151,0,3251,0,0.000275481603446986,0,0,8.49078457711635e-06
2021-01-01,"Benin","BEN","BJ",0,0,3251,44,11801151,0,3251,0,0.000275481603446986,0,0,8.81804216716993e-06
2021-01-02,"Benin","BEN","BJ",0,0,3251,44,11801151,0,3251,0,0.000275481603446986,0,0,9.18659766415637e-06
2021-01-03,"Benin","BEN","BJ",0,0,3251,44,11801151,0,3251,0,0.000275481603446986,0,0,9.58938620969736e-06
2021-01-04,"Benin","BEN","BJ",0,0,3251,44,11801151,0,3251,0,0.000275481603446986,0,0,1.00327981579044e-05
2021-01-05,"Benin","BEN","BJ",53,0,3304,44,11801151,53,3304,530,0.000279972690799397,4.49108735241164e-06,4.49108735241164e-05,1.05161157172883e-05
2021-01-06,"Benin","BEN","BJ",0,0,3304,44,11801151,0,3304,0,0.000279972690799397,0,0,1.10413162756918e-05
2021-01-07,"Benin","BEN","BJ",0,0,3304,44,11801151,0,3304,0,0.000279972690799397,0,0,1.1609279904084e-05
2021-01-08,"Benin","BEN","BJ",0,0,3304,44,11801151,0,3304,0,0.000279972690799397,0,0,1.22241844762154e-05
2021-01-09,"Benin","BEN","BJ",0,0,3304,44,11801151,0,3304,0,0.000279972690799397,0,0,1.2880413399054e-05
2021-01-10,"Benin","BEN","BJ",0,0,3304,44,11801151,0,3304,0,0.000279972690799397,0,0,1.35819120482682e-05
2021-01-11,"Benin","BEN","BJ",59,2,3363,46,11801151,59,3363,590,0.000284972203135101,4.99951233570353e-06,4.99951233570353e-05,1.43281805101875e-05
2021-01-12,"Benin","BEN","BJ",0,0,3363,46,11801151,0,3363,0,0.000284972203135101,0,0,1.51192592271362e-05
2021-01-13,"Benin","BEN","BJ",50,0,3413,46,11801151,50,3413,500,0.000289209077995867,4.2368748607657e-06,4.2368748607657e-05,1.59550433500017e-05
2021-01-14,"Benin","BEN","BJ",0,0,3413,46,11801151,0,3413,0,0.000289209077995867,0,0,1.68349499841009e-05
2021-01-15,"Benin","BEN","BJ",0,0,3413,46,11801151,0,3413,0,0.000289209077995867,0,0,1.77594175410455e-05
2021-01-16,"Benin","BEN","BJ",0,0,3413,46,11801151,0,3413,0,0.000289209077995867,0,0,1.87271389622484e-05
2021-01-17,"Benin","BEN","BJ",0,0,3413,46,11801151,0,3413,0,0.000289209077995867,0,0,1.97382812223801e-05
2021-01-18,"Benin","BEN","BJ",0,0,3413,46,11801151,0,3413,0,0.000289209077995867,0,0,2.07993033560369e-05
2021-01-19,"Benin","BEN","BJ",0,0,3413,46,11801151,0,3413,0,0.000289209077995867,0,0,2.1897061677997e-05
2021-01-20,"Benin","BEN","BJ",144,0,3557,46,11801151,144,3557,1440,0.000301411277594872,1.22021995990052e-05,0.000122021995990052,2.30360128060617e-05
2021-01-21,"Benin","BEN","BJ",25,2,3582,48,11801151,25,3582,250,0.000303529715025255,2.11843743038285e-06,2.11843743038285e-05,2.42148303432645e-05
2021-01-22,"Benin","BEN","BJ",61,0,3643,48,11801151,61,3643,610,0.000308698702355389,5.16898733013415e-06,5.16898733013415e-05,2.54323630465609e-05
2021-01-23,"Benin","BEN","BJ",0,0,3643,48,11801151,0,3643,0,0.000308698702355389,0,0,2.66895669066465e-05
2021-01-24,"Benin","BEN","BJ",0,0,3643,48,11801151,0,3643,0,0.000308698702355389,0,0,2.79792406713236e-05
2021-01-25,"Benin","BEN","BJ",0,0,3643,48,11801151,0,3643,0,0.000308698702355389,0,0,2.93024894084e-05
2021-01-26,"Benin","BEN","BJ",0,0,3643,48,11801151,0,3643,0,0.000308698702355389,0,0,3.06525915883732e-05
2021-01-27,"Benin","BEN","BJ",143,0,3786,48,11801151,143,3786,1430,0.000320816164457179,1.21174621017899e-05,0.000121174621017899,3.20266168223951e-05
2021-01-28,"Benin","BEN","BJ",0,0,3786,48,11801151,0,3786,0,0.000320816164457179,0,0,3.34194269818524e-05
2021-01-29,"Benin","BEN","BJ",0,0,3786,48,11801151,0,3786,0,0.000320816164457179,0,0,3.48250072734494e-05
2021-01-30,"Benin","BEN","BJ",0,0,3786,48,11801151,0,3786,0,0.000320816164457179,0,0,3.62359292999457e-05
2021-01-31,"Benin","BEN","BJ",107,4,3893,52,11801151,107,3893,1070,0.000329883076659217,9.0669122020386e-06,9.0669122020386e-05,3.76456315602075e-05
2021-02-01,"Benin","BEN","BJ",0,0,3893,52,11801151,0,3893,0,0.000329883076659217,0,0,3.90448159184485e-05
2021-02-02,"Benin","BEN","BJ",0,0,3893,52,11801151,0,3893,0,0.000329883076659217,0,0,4.04242491722118e-05
2021-02-03,"Benin","BEN","BJ",226,2,4119,54,11801151,226,4119,2260,0.000349033751029878,1.9150674370661e-05,0.00019150674370661,4.17778852561687e-05
2021-02-04,"Benin","BEN","BJ",0,0,4119,54,11801151,0,4119,0,0.000349033751029878,0,0,4.30898890098749e-05
2021-02-05,"Benin","BEN","BJ",74,1,4193,55,11801151,74,4193,740,0.000355304325823812,6.27057479393324e-06,6.27057479393324e-05,4.43527749130668e-05
2021-02-06,"Benin","BEN","BJ",0,0,4193,55,11801151,0,4193,0,0.000355304325823812,0,0,4.55564838286785e-05
2021-02-07,"Benin","BEN","BJ",0,0,4193,55,11801151,0,4193,0,0.000355304325823812,0,0,4.66925549274485e-05
2021-02-08,"Benin","BEN","BJ",0,0,4193,55,11801151,0,4193,0,0.000355304325823812,0,0,4.77555816265584e-05
2021-02-09,"Benin","BEN","BJ",0,0,4193,55,11801151,0,4193,0,0.000355304325823812,0,0,4.8732922244789e-05
2021-02-10,"Benin","BEN","BJ",367,1,4560,56,11801151,367,4560,3670,0.000386402987301832,3.10986614780202e-05,0.000310986614780202,4.96211924133194e-05
2021-02-11,"Benin","BEN","BJ",0,0,4560,56,11801151,0,4560,0,0.000386402987301832,0,0,5.04162046459458e-05
2021-02-12,"Benin","BEN","BJ",0,0,4560,56,11801151,0,4560,0,0.000386402987301832,0,0,5.11154808279538e-05
2021-02-13,"Benin","BEN","BJ",0,0,4560,56,11801151,0,4560,0,0.000386402987301832,0,0,5.17179169156529e-05
2021-02-14,"Benin","BEN","BJ",0,0,4560,56,11801151,0,4560,0,0.000386402987301832,0,0,5.22254239527324e-05
2021-02-15,"Benin","BEN","BJ",479,6,5039,62,11801151,479,5039,4790,0.000426992248467967,4.05892611661354e-05,0.000405892611661354,5.26400837956047e-05
2021-02-16,"Benin","BEN","BJ",0,0,5039,62,11801151,0,5039,0,0.000426992248467967,0,0,5.29685168992028e-05
2021-02-17,"Benin","BEN","BJ",104,3,5143,65,11801151,104,5143,1040,0.00043580494817836,8.81269971039266e-06,8.81269971039266e-05,5.32118259847732e-05
2021-02-18,"Benin","BEN","BJ",0,0,5143,65,11801151,0,5143,0,0.00043580494817836,0,0,5.33778843005598e-05
2021-02-19,"Benin","BEN","BJ",0,0,5143,65,11801151,0,5143,0,0.00043580494817836,0,0,5.34727750414384e-05
2021-02-20,"Benin","BEN","BJ",0,0,5143,65,11801151,0,5143,0,0.00043580494817836,0,0,5.35041395530749e-05
2021-02-21,"Benin","BEN","BJ",291,5,5434,70,11801151,291,5434,2910,0.000460463559868016,2.46586116896564e-05,0.000246586116896564,5.34776713077349e-05
2021-02-22,"Benin","BEN","BJ",0,0,5434,70,11801151,0,5434,0,0.000460463559868016,0,0,5.33990815804863e-05
2021-02-23,"Benin","BEN","BJ",0,0,5434,70,11801151,0,5434,0,0.000460463559868016,0,0,5.32756311003431e-05
2021-02-24,"Benin","BEN","BJ",0,0,5434,70,11801151,0,5434,0,0.000460463559868016,0,0,5.31071866351766e-05
2021-02-25,"Benin","BEN","BJ",0,0,5434,70,11801151,0,5434,0,0.000460463559868016,0,0,5.28975850445707e-05
2021-02-26,"Benin","BEN","BJ",0,0,5434,70,11801151,0,5434,0,0.000460463559868016,0,0,5.26494230690465e-05
2021-02-27,"Benin","BEN","BJ",0,0,5434,70,11801151,0,5434,0,0.000460463559868016,0,0,5.23619297737164e-05
2021-02-28,"Benin","BEN","BJ",0,0,5434,70,11801151,0,5434,0,0.000460463559868016,0,0,5.2035508013056e-05
2021-03-01,"Benin","BEN","BJ",0,0,5434,70,11801151,0,5434,0,0.000460463559868016,0,0,5.16694550889743e-05
2021-03-02,"Benin","BEN","BJ",0,0,5434,70,11801151,0,5434,0,0.000460463559868016,0,0,5.12602523771107e-05
2021-03-03,"Benin","BEN","BJ",637,5,6071,75,11801151,637,6071,6370,0.000514441345594171,5.3977785726155e-05,0.00053977785726155,5.08069526475114e-05
2021-03-04,"Benin","BEN","BJ",0,0,6071,75,11801151,0,6071,0,0.000514441345594171,0,0,5.03079915510731e-05
2021-03-05,"Benin","BEN","BJ",0,0,6071,75,11801151,0,6071,0,0.000514441345594171,0,0,4.97622752171385e-05
2021-03-06,"Benin","BEN","BJ",0,0,6071,75,11801151,0,6071,0,0.000514441345594171,0,0,4.9168193606277e-05
2021-03-07,"Benin","BEN","BJ",0,0,6071,75,11801151,0,6071,0,0.000514441345594171,0,0,4.8530131992519e-05
2021-03-08,"Benin","BEN","BJ",267,6,6338,81,11801151,267,6338,2670,0.00053706625735066,2.26249117564888e-05,0.000226249117564888,4.78457065406796e-05
2021-03-09,"Benin","BEN","BJ",0,0,6338,81,11801151,0,6338,0,0.00053706625735066,0,0,4.71192133262808e-05
2021-03-10,"Benin","BEN","BJ",163,0,6501,81,11801151,163,6501,1630,0.000550878469396756,1.38122120460962e-05,0.000138122120460962,4.63533337870376e-05
2021-03-11,"Benin","BEN","BJ",0,0,6501,81,11801151,0,6501,0,0.000550878469396756,0,0,4.55522723302976e-05
2021-03-12,"Benin","BEN","BJ",0,0,6501,81,11801151,0,6501,0,0.000550878469396756,0,0,4.47208428665476e-05
2021-03-13,"Benin","BEN","BJ",0,0,6501,81,11801151,0,6501,0,0.000550878469396756,0,0,4.38630497981452e-05
2021-03-14,"Benin","BEN","BJ",0,0,6501,81,11801151,0,6501,0,0.000550878469396756,0,0,4.2987060777602e-05
2021-03-15,"Benin","BEN","BJ",0,0,6501,81,11801151,0,6501,0,0.000550878469396756,0,0,4.2097730957391e-05
2021-03-16,"Benin","BEN","BJ",0,0,6501,81,11801151,0,6501,0,0.000550878469396756,0,0,4.11982149504581e-05
2021-03-17,"Benin","BEN","BJ",0,0,6501,81,11801151,0,6501,0,0.000550878469396756,0,0,4.02931420780154e-05
2021-03-18,"Benin","BEN","BJ",0,0,6501,81,11801151,0,6501,0,0.000550878469396756,0,0,3.93887031192599e-05
2021-03-19,"Benin","BEN","BJ",317,9,6818,90,11801151,317,6818,3170,0.000577740256014011,2.68617866172545e-05,0.000268617866172545,3.84870808180253e-05
2021-03-20,"Benin","BEN","BJ",0,0,6818,90,11801151,0,6818,0,0.000577740256014011,0,0,3.7589903220361e-05
2021-03-21,"Benin","BEN","BJ",0,0,6818,90,11801151,0,6818,0,0.000577740256014011,0,0,3.67024513415092e-05
2021-03-22,"Benin","BEN","BJ",0,0,6818,90,11801151,0,6818,0,0.000577740256014011,0,0,3.58234287952481e-05
2021-03-23,"Benin","BEN","BJ",0,0,6818,90,11801151,0,6818,0,0.000577740256014011,0,0,3.4955232415211e-05
2021-03-24,"Benin","BEN","BJ",282,0,7100,90,11801151,282,7100,2820,0.000601636230228729,2.38959742147185e-05,0.000238959742147185,3.40974679339309e-05
2021-03-25,"Benin","BEN","BJ",0,0,7100,90,11801151,0,7100,0,0.000601636230228729,0,0,3.32502665193362e-05
2021-03-26,"Benin","BEN","BJ",0,0,7100,90,11801151,0,7100,0,0.000601636230228729,0,0,3.24135001369584e-05
2021-03-27,"Benin","BEN","BJ",0,0,7100,90,11801151,0,7100,0,0.000601636230228729,0,0,3.15837848726295e-05
2021-03-28,"Benin","BEN","BJ",0,0,7100,90,11801151,0,7100,0,0.000601636230228729,0,0,3.07692624276265e-05
2021-03-29,"Benin","BEN","BJ",0,0,7100,90,11801151,0,7100,0,0.000601636230228729,0,0,2.99631258430795e-05
2021-03-30,"Benin","BEN","BJ",0,0,7100,90,11801151,0,7100,0,0.000601636230228729,0,0,2.91661500582394e-05
2021-03-31,"Benin","BEN","BJ",0,0,7100,90,11801151,0,7100,0,0.000601636230228729,0,0,2.83782564527326e-05
2021-04-01,"Benin","BEN","BJ",213,3,7313,93,11801151,213,7313,2130,0.000619685317135591,1.80490869068619e-05,0.000180490869068619,2.75954323690502e-05
2021-04-02,"Benin","BEN","BJ",0,0,7313,93,11801151,0,7313,0,0.000619685317135591,0,0,2.68271685904619e-05
2021-04-03,"Benin","BEN","BJ",0,0,7313,93,11801151,0,7313,0,0.000619685317135591,0,0,2.60672123608401e-05
2021-04-04,"Benin","BEN","BJ",0,0,7313,93,11801151,0,7313,0,0.000619685317135591,0,0,2.53184634851238e-05
2021-04-05,"Benin","BEN","BJ",0,0,7313,93,11801151,0,7313,0,0.000619685317135591,0,0,2.45797187380062e-05
2021-04-06,"Benin","BEN","BJ",0,0,7313,93,11801151,0,7313,0,0.000619685317135591,0,0,2.3851952215392e-05
2021-04-07,"Benin","BEN","BJ",0,0,7313,93,11801151,0,7313,0,0.000619685317135591,0,0,2.31335050209105e-05
2021-04-08,"Benin","BEN","BJ",202,0,7515,93,11801151,202,7515,2020,0.000636802291573085,1.71169744374934e-05,0.000171169744374934,2.24309185978817e-05
2021-04-09,"Benin","BEN","BJ",0,0,7515,93,11801151,0,7515,0,0.000636802291573085,0,0,2.17416905282594e-05
2021-04-10,"Benin","BEN","BJ",0,0,7515,93,11801151,0,7515,0,0.000636802291573085,0,0,2.10668719583286e-05
2021-04-11,"Benin","BEN","BJ",0,0,7515,93,11801151,0,7515,0,0.000636802291573085,0,0,2.04075365279271e-05
2021-04-12,"Benin","BEN","BJ",0,0,7515,93,11801151,0,7515,0,0.000636802291573085,0,0,1.97651648134595e-05
2021-04-13,"Benin","BEN","BJ",0,0,7515,93,11801151,0,7515,0,0.000636802291573085,0,0,1.91401944995348e-05
2021-04-14,"Benin","BEN","BJ",96,2,7611,95,11801151,96,7611,960,0.000644937091305755,8.13479973267014e-06,8.13479973267014e-05,1.85339494531475e-05
2021-04-15,"Benin","BEN","BJ",0,0,7611,95,11801151,0,7611,0,0.000644937091305755,0,0,1.79474088773237e-05
2021-04-16,"Benin","BEN","BJ",0,0,7611,95,11801151,0,7611,0,0.000644937091305755,0,0,1.73814518498026e-05
2021-04-17,"Benin","BEN","BJ",0,0,7611,95,11801151,0,7611,0,0.000644937091305755,0,0,1.68314422711614e-05
2021-04-18,"Benin","BEN","BJ",0,0,7611,95,11801151,0,7611,0,0.000644937091305755,0,0,1.63103641934441e-05
2021-04-19,"Benin","BEN","BJ",0,0,7611,95,11801151,0,7611,0,0.000644937091305755,0,0,1.58113475039391e-05
2021-04-20,"Benin","BEN","BJ",109,2,7720,97,11801151,109,7720,1090,0.000654173478502224,9.23638719646923e-06,9.23638719646923e-05,1.53341978531658e-05
2021-04-21,"Benin","BEN","BJ",0,0,7720,97,11801151,0,7720,0,0.000654173478502224,0,0,1.48790970494089e-05
2021-04-22,"Benin","BEN","BJ",0,0,7720,97,11801151,0,7720,0,0.000654173478502224,0,0,1.44434688029914e-05
2021-04-23,"Benin","BEN","BJ",0,0,7720,97,11801151,0,7720,0,0.000654173478502224,0,0,1.4031894248332e-05
2021-04-24,"Benin","BEN","BJ",0,0,7720,97,11801151,0,7720,0,0.000654173478502224,0,0,1.3638929296467e-05
2021-04-25,"Benin","BEN","BJ",0,0,7720,97,11801151,0,7720,0,0.000654173478502224,0,0,1.32666194665384e-05
2021-04-26,"Benin","BEN","BJ",0,0,7720,97,11801151,0,7720,0,0.000654173478502224,0,0,1.29119710886439e-05
2021-04-27,"Benin","BEN","BJ",0,0,7720,97,11801151,0,7720,0,0.000654173478502224,0,0,1.25728818393671e-05
2021-04-28,"Benin","BEN","BJ",101,2,7821,99,11801151,101,7821,1010,0.000662731965720971,8.55848721874671e-06,8.55848721874671e-05,1.22478146223416e-05
2021-04-29,"Benin","BEN","BJ",0,0,7821,99,11801151,0,7821,0,0.000662731965720971,0,0,1.19348672725818e-05
2021-04-30,"Benin","BEN","BJ",0,0,7821,99,11801151,0,7821,0,0.000662731965720971,0,0,1.16320557054637e-05
2021-05-01,"Benin","BEN","BJ",0,0,7821,99,11801151,0,7821,0,0.000662731965720971,0,0,1.13373708887419e-05
2021-05-02,"Benin","BEN","BJ",0,0,7821,99,11801151,0,7821,0,0.000662731965720971,0,0,1.10492111960693e-05
2021-05-03,"Benin","BEN","BJ",63,1,7884,100,11801151,63,7884,630,0.000668070428045536,5.33846232456478e-06,5.33846232456478e-05,1.07624189346011e-05
2021-05-04,"Benin","BEN","BJ",0,0,7884,100,11801151,0,7884,0,0.000668070428045536,0,0,1.04817012855013e-05
2021-05-05,"Benin","BEN","BJ",0,0,7884,100,11801151,0,7884,0,0.000668070428045536,0,0,1.02017752673245e-05
2021-05-06,"Benin","BEN","BJ",0,0,7884,100,11801151,0,7884,0,0.000668070428045536,0,0,9.92140724582488e-06
2021-05-07,"Benin","BEN","BJ",0,0,7884,100,11801151,0,7884,0,0.000668070428045536,0,0,9.63961787449225e-06
2021-05-08,"Benin","BEN","BJ",0,0,7884,100,11801151,0,7884,0,0.000668070428045536,0,0,9.35333243643004e-06
2021-05-09,"Benin","BEN","BJ",0,0,7884,100,11801151,0,7884,0,0.000668070428045536,0,0,9.06802303052956e-06
2021-05-10,"Benin","BEN","BJ",0,0,7884,100,11801151,0,7884,0,0.000668070428045536,0,0,8.77971607674763e-06
2021-05-11,"Benin","BEN","BJ",111,1,7995,101,11801151,111,7995,1110,0.000677476290236435,9.40586219089985e-06,9.40586219089985e-05,8.48898691314896e-06
2021-05-12,"Benin","BEN","BJ",0,0,7995,101,11801151,0,7995,0,0.000677476290236435,0,0,8.19644897400514e-06
2021-05-13,"Benin","BEN","BJ",0,0,7995,101,11801151,0,7995,0,0.000677476290236435,0,0,7.90298863184249e-06
2021-05-14,"Benin","BEN","BJ",0,0,7995,101,11801151,0,7995,0,0.000677476290236435,0,0,7.60973600961964e-06
2021-05-15,"Benin","BEN","BJ",0,0,7995,101,11801151,0,7995,0,0.000677476290236435,0,0,7.31802646180838e-06
2021-05-16,"Benin","BEN","BJ",0,0,7995,101,11801151,0,7995,0,0.000677476290236435,0,0,7.02790680676444e-06
2021-05-17,"Benin","BEN","BJ",0,0,7995,101,11801151,0,7995,0,0.000677476290236435,0,0,6.74457583269037e-06
2021-05-18,"Benin","BEN","BJ",30,0,8025,101,11801151,30,8025,300,0.000680018415152895,2.54212491645942e-06,2.54212491645942e-05,6.46743127484092e-06
2021-05-19,"Benin","BEN","BJ",0,0,8025,101,11801151,0,8025,0,0.000680018415152895,0,0,6.1981881902085e-06
2021-05-20,"Benin","BEN","BJ",0,0,8025,101,11801151,0,8025,0,0.000680018415152895,0,0,5.93849577613382e-06
2021-05-21,"Benin","BEN","BJ",0,0,8025,101,11801151,0,8025,0,0.000680018415152895,0,0,5.68988972940719e-06
2021-05-22,"Benin","BEN","BJ",0,0,8025,101,11801151,0,8025,0,0.000680018415152895,0,0,5.45374931656127e-06
2021-05-23,"Benin","BEN","BJ",0,0,8025,101,11801151,0,8025,0,0.000680018415152895,0,0,5.22955511045413e-06
2021-05-24,"Benin","BEN","BJ",0,0,8025,101,11801151,0,8025,0,0.000680018415152895,0,0,5.02254686494841e-06
2021-05-25,"Benin","BEN","BJ",0,0,8025,101,11801151,0,8025,0,0.000680018415152895,0,0,4.83052557406056e-06
2021-05-26,"Benin","BEN","BJ",33,0,8058,101,11801151,33,8058,330,0.000682814752561,2.79633740810536e-06,2.79633740810536e-05,4.65425277777949e-06
2021-05-27,"Benin","BEN","BJ",0,0,8058,101,11801151,0,8058,0,0.000682814752561,0,0,4.49398829987286e-06
2021-05-28,"Benin","BEN","BJ",0,0,8058,101,11801151,0,8058,0,0.000682814752561,0,0,4.34973482219553e-06
2021-05-29,"Benin","BEN","BJ",0,0,8058,101,11801151,0,8058,0,0.000682814752561,0,0,4.22044186295708e-06
2021-05-30,"Benin","BEN","BJ",0,0,8058,101,11801151,0,8058,0,0.000682814752561,0,0,4.10751792403343e-06
2021-05-31,"Benin","BEN","BJ",0,0,8058,101,11801151,0,8058,0,0.000682814752561,0,0,4.00937426056338e-06
2021-06-01,"Benin","BEN","BJ",0,0,8058,101,11801151,0,8058,0,0.000682814752561,0,0,3.92487532575784e-06
2021-06-02,"Benin","BEN","BJ",24,1,8082,102,11801151,24,8082,240,0.000684848452494168,2.03369993316754e-06,2.03369993316754e-05,3.85321501096741e-06
2021-06-03,"Benin","BEN","BJ",0,0,8082,102,11801151,0,8082,0,0.000684848452494168,0,0,3.79332965616825e-06
2021-06-04,"Benin","BEN","BJ",0,0,8082,102,11801151,0,8082,0,0.000684848452494168,0,0,3.74315194992022e-06
2021-06-05,"Benin","BEN","BJ",0,0,8082,102,11801151,0,8082,0,0.000684848452494168,0,0,3.70360523776574e-06
2021-06-06,"Benin","BEN","BJ",0,0,8082,102,11801151,0,8082,0,0.000684848452494168,0,0,3.67217451676941e-06
2021-06-07,"Benin","BEN","BJ",0,0,8082,102,11801151,0,8082,0,0.000684848452494168,0,0,3.64765379299974e-06
2021-06-08,"Benin","BEN","BJ",0,0,8082,102,11801151,0,8082,0,0.000684848452494168,0,0,3.62981890118057e-06
2021-06-09,"Benin","BEN","BJ",27,0,8109,102,11801151,27,8109,270,0.000687136364918981,2.28791242481348e-06,2.28791242481348e-05,3.61598344126338e-06
2021-06-10,"Benin","BEN","BJ",0,0,8109,102,11801151,0,8109,0,0.000687136364918981,0,0,3.60575636232177e-06
2021-06-11,"Benin","BEN","BJ",0,0,8109,102,11801151,0,8109,0,0.000687136364918981,0,0,3.59814798589053e-06
2021-06-12,"Benin","BEN","BJ",0,0,8109,102,11801151,0,8109,0,0.000687136364918981,0,0,3.5914059979526e-06
2021-06-13,"Benin","BEN","BJ",0,0,8109,102,11801151,0,8109,0,0.000687136364918981,0,0,3.58670012839921e-06
2021-06-14,"Benin","BEN","BJ",0,0,8109,102,11801151,0,8109,0,0.000687136364918981,0,0,3.58299513772578e-06
2021-06-15,"Benin","BEN","BJ",31,1,8140,103,11801151,31,8140,310,0.000689763227332656,2.62686241367473e-06,2.62686241367473e-05,3.57840143213329e-06
2021-06-16,"Benin","BEN","BJ",0,0,8140,103,11801151,0,8140,0,0.000689763227332656,0,0,3.57310642335243e-06
2021-06-17,"Benin","BEN","BJ",0,0,8140,103,11801151,0,8140,0,0.000689763227332656,0,0,3.56630167492689e-06
2021-06-18,"Benin","BEN","BJ",0,0,8140,103,11801151,0,8140,0,0.000689763227332656,0,0,3.55906932621781e-06
2021-06-19,"Benin","BEN","BJ",0,0,8140,103,11801151,0,8140,0,0.000689763227332656,0,0,3.55065246841701e-06
2021-06-20,"Benin","BEN","BJ",0,0,8140,103,11801151,0,8140,0,0.000689763227332656,0,0,3.54118511185686e-06
2021-06-21,"Benin","BEN","BJ",0,0,8140,103,11801151,0,8140,0,0.000689763227332656,0,0,3.53351944607559e-06
2021-06-22,"Benin","BEN","BJ",30,1,8170,104,11801151,30,8170,300,0.000692305352249115,2.54212491645942e-06,2.54212491645942e-05,3.52395643279459e-06
2021-06-23,"Benin","BEN","BJ",0,0,8170,104,11801151,0,8170,0,0.000692305352249115,0,0,3.51492290811701e-06
2021-06-24,"Benin","BEN","BJ",0,0,8170,104,11801151,0,8170,0,0.000692305352249115,0,0,3.5071874577719e-06
2021-06-25,"Benin","BEN","BJ",0,0,8170,104,11801151,0,8170,0,0.000692305352249115,0,0,3.5007291098265e-06
2021-06-26,"Benin","BEN","BJ",0,0,8170,104,11801151,0,8170,0,0.000692305352249115,0,0,3.49877226845054e-06
2021-06-27,"Benin","BEN","BJ",0,0,8170,104,11801151,0,8170,0,0.000692305352249115,0,0,3.50673758739805e-06
2021-06-28,"Benin","BEN","BJ",0,0,8170,104,11801151,0,8170,0,0.000692305352249115,0,0,3.51725296191704e-06
2021-06-29,"Benin","BEN","BJ",29,0,8199,104,11801151,29,8199,290,0.000694762739668359,2.45738741924411e-06,2.45738741924411e-05,3.53588200904443e-06
2021-06-30,"Benin","BEN","BJ",0,0,8199,104,11801151,0,8199,0,0.000694762739668359,0,0,3.56450122730067e-06
2021-07-01,"Benin","BEN","BJ",0,0,8199,104,11801151,0,8199,0,0.000694762739668359,0,0,3.60515774577195e-06
2021-07-02,"Benin","BEN","BJ",0,0,8199,104,11801151,0,8199,0,0.000694762739668359,0,0,3.6598121883434e-06
2021-07-03,"Benin","BEN","BJ",0,0,8199,104,11801151,0,8199,0,0.000694762739668359,0,0,3.73142313326906e-06
2021-07-04,"Benin","BEN","BJ",0,0,8199,104,11801151,0,8199,0,0.000694762739668359,0,0,3.82215989486878e-06
2021-07-05,"Benin","BEN","BJ",0,0,8199,104,11801151,0,8199,0,0.000694762739668359,0,0,3.94821819011704e-06
2021-07-06,"Benin","BEN","BJ",0,0,8199,104,11801151,0,8199,0,0.000694762739668359,0,0,4.09102363534396e-06
2021-07-07,"Benin","BEN","BJ",28,1,8227,105,11801151,28,8227,280,0.000697135389590388,2.37264992202879e-06,2.37264992202879e-05,4.26345909368427e-06
2021-07-08,"Benin","BEN","BJ",0,0,8227,105,11801151,0,8227,0,0.000697135389590388,0,0,4.46920266042066e-06
2021-07-09,"Benin","BEN","BJ",0,0,8227,105,11801151,0,8227,0,0.000697135389590388,0,0,4.71217433763726e-06
2021-07-10,"Benin","BEN","BJ",0,0,8227,105,11801151,0,8227,0,0.000697135389590388,0,0,5.01850601823849e-06
2021-07-11,"Benin","BEN","BJ",0,0,8227,105,11801151,0,8227,0,0.000697135389590388,0,0,5.36384975984709e-06
2021-07-12,"Benin","BEN","BJ",0,0,8227,105,11801151,0,8227,0,0.000697135389590388,0,0,5.75994198856522e-06
2021-07-13,"Benin","BEN","BJ",0,0,8227,105,11801151,0,8227,0,0.000697135389590388,0,0,6.2171362912713e-06
2021-07-14,"Benin","BEN","BJ",17,2,8244,107,11801151,17,8244,170,0.000698575927043049,1.44053745266034e-06,1.44053745266034e-05,6.75303735785113e-06
2021-07-15,"Benin","BEN","BJ",0,0,8244,107,11801151,0,8244,0,0.000698575927043049,0,0,7.35869983871874e-06
2021-07-16,"Benin","BEN","BJ",0,0,8244,107,11801151,0,8244,0,0.000698575927043049,0,0,8.05048823153971e-06
2021-07-17,"Benin","BEN","BJ",0,0,8244,107,11801151,0,8244,0,0.000698575927043049,0,0,8.83817043354068e-06
2021-07-18,"Benin","BEN","BJ",0,0,8244,107,11801151,0,8244,0,0.000698575927043049,0,0,9.73325156052378e-06
2021-07-19,"Benin","BEN","BJ",0,0,8244,107,11801151,0,8244,0,0.000698575927043049,0,0,1.07786713814958e-05
2021-07-20,"Benin","BEN","BJ",0,0,8244,107,11801151,0,8244,0,0.000698575927043049,0,0,1.1938764056741e-05
2021-07-21,"Benin","BEN","BJ",0,0,8244,107,11801151,0,8244,0,0.000698575927043049,0,0,1.32633034880726e-05
2021-07-22,"Benin","BEN","BJ",80,0,8324,107,11801151,80,8324,800,0.000705354926820274,6.77899977722512e-06,6.77899977722512e-05,1.47502953508555e-05
2021-07-23,"Benin","BEN","BJ",0,0,8324,107,11801151,0,8324,0,0.000705354926820274,0,0,1.64277348216875e-05
2021-07-24,"Benin","BEN","BJ",0,0,8324,107,11801151,0,8324,0,0.000705354926820274,0,0,1.83164735186928e-05
2021-07-25,"Benin","BEN","BJ",0,0,8324,107,11801151,0,8324,0,0.000705354926820274,0,0,2.04396827727475e-05
2021-07-26,"Benin","BEN","BJ",0,0,8324,107,11801151,0,8324,0,0.000705354926820274,0,0,2.28472390164927e-05
2021-07-27,"Benin","BEN","BJ",0,0,8324,107,11801151,0,8324,0,0.000705354926820274,0,0,2.55231109956117e-05
2021-07-28,"Benin","BEN","BJ",70,1,8394,108,11801151,70,8394,700,0.000711286551625346,5.93162480507198e-06,5.93162480507198e-05,2.85215832330981e-05
2021-07-29,"Benin","BEN","BJ",0,0,8394,108,11801151,0,8394,0,0.000711286551625346,0,0,3.18564702037162e-05
2021-07-30,"Benin","BEN","BJ",0,0,8394,108,11801151,0,8394,0,0.000711286551625346,0,0,3.55621583294072e-05
2021-07-31,"Benin","BEN","BJ",0,0,8394,108,11801151,0,8394,0,0.000711286551625346,0,0,3.96674201120304e-05
2021-08-01,"Benin","BEN","BJ",0,0,8394,108,11801151,0,8394,0,0.000711286551625346,0,0,4.42185733363605e-05
2021-08-02,"Benin","BEN","BJ",0,0,8394,108,11801151,0,8394,0,0.000711286551625346,0,0,4.92103617879573e-05
2021-08-03,"Benin","BEN","BJ",0,0,8394,108,11801151,0,8394,0,0.000711286551625346,0,0,5.46800521751118e-05
2021-08-04,"Benin","BEN","BJ",214,2,8608,110,11801151,214,8608,2140,0.000729420376029423,1.81338244040772e-05,0.000181338244040772,6.06480071981771e-05
2021-08-05,"Benin","BEN","BJ",0,0,8608,110,11801151,0,8608,0,0.000729420376029423,0,0,6.71303305257277e-05
2021-08-06,"Benin","BEN","BJ",0,0,8608,110,11801151,0,8608,0,0.000729420376029423,0,0,7.41376554549464e-05
2021-08-07,"Benin","BEN","BJ",0,0,8608,110,11801151,0,8608,0,0.000729420376029423,0,0,8.1675293174677e-05
2021-08-08,"Benin","BEN","BJ",0,0,8608,110,11801151,0,8608,0,0.000729420376029423,0,0,8.97405620364177e-05
2021-08-09,"Benin","BEN","BJ",0,0,8608,110,11801151,0,8608,0,0.000729420376029423,0,0,9.83232782379834e-05
2021-08-10,"Benin","BEN","BJ",457,3,9065,113,11801151,457,9065,4570,0.000768145412256821,3.87250362273985e-05,0.000387250362273985,0.000107404703536991
2021-08-11,"Benin","BEN","BJ",0,0,9065,113,11801151,0,9065,0,0.000768145412256821,0,0,0.000116975257214273
2021-08-12,"Benin","BEN","BJ",0,0,9065,113,11801151,0,9065,0,0.000768145412256821,0,0,0.000126968852775018
2021-08-13,"Benin","BEN","BJ",0,0,9065,113,11801151,0,9065,0,0.000768145412256821,0,0,0.000137351855884062
2021-08-14,"Benin","BEN","BJ",0,0,9065,113,11801151,0,9065,0,0.000768145412256821,0,0,0.000148069388061612
2021-08-15,"Benin","BEN","BJ",0,0,9065,113,11801151,0,9065,0,0.000768145412256821,0,0,0.000159056675489799
2021-08-16,"Benin","BEN","BJ",0,0,9065,113,11801151,0,9065,0,0.000768145412256821,0,0,0.000170252144069144
2021-08-17,"Benin","BEN","BJ",0,0,9065,113,11801151,0,9065,0,0.000768145412256821,0,0,0.000181557484107719
2021-08-18,"Benin","BEN","BJ",1118,6,10183,119,11801151,1118,10183,11180,0.000862881934143542,9.4736521886721e-05,0.000947365218867211,0.000192893853312963
2021-08-19,"Benin","BEN","BJ",0,0,10183,119,11801151,0,10183,0,0.000862881934143542,0,0,0.00020416915260476
2021-08-20,"Benin","BEN","BJ",0,0,10183,119,11801151,0,10183,0,0.000862881934143542,0,0,0.000215287225631298
2021-08-21,"Benin","BEN","BJ",0,0,10183,119,11801151,0,10183,0,0.000862881934143542,0,0,0.000226149072451891
2021-08-22,"Benin","BEN","BJ",0,0,10183,119,11801151,0,10183,0,0.000862881934143542,0,0,0.000236655406707335
2021-08-23,"Benin","BEN","BJ",1838,6,12021,125,11801151,1838,12021,18380,0.00101862945402529,0.000155747519881747,0.00155747519881747,0.000246711977877829
2021-08-24,"Benin","BEN","BJ",471,2,12492,127,11801151,471,12492,4710,0.0010585408152137,3.99113611884129e-05,0.000399113611884129,0.000256213134941651
2021-08-25,"Benin","BEN","BJ",0,0,12492,127,11801151,0,12492,0,0.0010585408152137,0,0,0.000265069476141168
2021-08-26,"Benin","BEN","BJ",0,0,12492,127,11801151,0,12492,0,0.0010585408152137,0,0,0.000273193263727387
2021-08-27,"Benin","BEN","BJ",874,1,13366,128,11801151,874,13366,8740,0.00113260138777989,7.40605725661844e-05,0.000740605725661844,0.000280503728926601
2021-08-28,"Benin","BEN","BJ",0,0,13366,128,11801151,0,13366,0,0.00113260138777989,0,0,0.000286928394839029
2021-08-29,"Benin","BEN","BJ",0,0,13366,128,11801151,0,13366,0,0.00113260138777989,0,0,0.000292405053546528
2021-08-30,"Benin","BEN","BJ",0,0,13366,128,11801151,0,13366,0,0.00113260138777989,0,0,0.00029688470475986
2021-08-31,"Benin","BEN","BJ",0,0,13366,128,11801151,0,13366,0,0.00113260138777989,0,0,0.000300323604915241
2021-09-01,"Benin","BEN","BJ",2566,3,15932,131,11801151,2566,15932,25660,0.00135003780563438,0.000217436417854496,0.00217436417854496,0.000302697252420133
2021-09-02,"Benin","BEN","BJ",0,0,15932,131,11801151,0,15932,0,0.00135003780563438,0,0,0.000303992835987397
2021-09-03,"Benin","BEN","BJ",1014,4,16946,135,11801151,1014,16946,10140,0.00143596162781071,8.59238221763284e-05,0.000859238221763284,0.000304211503590977
2021-09-04,"Benin","BEN","BJ",0,0,16946,135,11801151,0,16946,0,0.00143596162781071,0,0,0.000303368436948161
2021-09-05,"Benin","BEN","BJ",0,0,16946,135,11801151,0,16946,0,0.00143596162781071,0,0,0.000301491930358479
2021-09-06,"Benin","BEN","BJ",0,0,16946,135,11801151,0,16946,0,0.00143596162781071,0,0,0.000298625717528243
2021-09-07,"Benin","BEN","BJ",0,0,16946,135,11801151,0,16946,0,0.00143596162781071,0,0,0.000294823305669705
2021-09-08,"Benin","BEN","BJ",2160,6,19106,141,11801151,2160,19106,21600,0.00161899462179579,0.000183032993985078,0.00183032993985078,0.000290150177404414
2021-09-09,"Benin","BEN","BJ",0,0,19106,141,11801151,0,19106,0,0.00161899462179579,0,0,0.000284681245737237
2021-09-10,"Benin","BEN","BJ",735,0,19841,141,11801151,735,19841,7350,0.00168127668224905,6.22820604532558e-05,0.000622820604532558,0.000278499002419957
2021-09-11,"Benin","BEN","BJ",0,0,19841,141,11801151,0,19841,0,0.00168127668224905,0,0,0.000271692284461043
2021-09-12,"Benin","BEN","BJ",0,0,19841,141,11801151,0,19841,0,0.00168127668224905,0,0,0.000264351491936191
2021-09-13,"Benin","BEN","BJ",0,0,19841,141,11801151,0,19841,0,0.00168127668224905,0,0,0.000256570009518217
2021-09-14,"Benin","BEN","BJ",1609,5,21450,146,11801151,1609,21450,16090,0.00181761931526849,0.00013634263301944,0.0013634263301944,0.000248437616869222
2021-09-15,"Benin","BEN","BJ",0,0,21450,146,11801151,0,21450,0,0.00181761931526849,0,0,0.000240042709210068
2021-09-16,"Benin","BEN","BJ",0,0,21450,146,11801151,0,21450,0,0.00181761931526849,0,0,0.000231467788422633
2021-09-17,"Benin","BEN","BJ",0,0,21450,146,11801151,0,21450,0,0.00181761931526849,0,0,0.000222788425039614
2021-09-18,"Benin","BEN","BJ",0,0,21450,146,11801151,0,21450,0,0.00181761931526849,0,0,0.000214070168603657
2021-09-19,"Benin","BEN","BJ",0,0,21450,146,11801151,0,21450,0,0.00181761931526849,0,0,0.00020537545176884
2021-09-20,"Benin","BEN","BJ",0,0,21450,146,11801151,0,21450,0,0.00181761931526849,0,0,0.000196751127157551
2021-09-21,"Benin","BEN","BJ",0,0,21450,146,11801151,0,21450,0,0.00181761931526849,0,0,0.00018823533252716
2021-09-22,"Benin","BEN","BJ",0,0,21450,146,11801151,0,21450,0,0.00181761931526849,0,0,0.000179858543973859
2021-09-23,"Benin","BEN","BJ",0,0,21450,146,11801151,0,21450,0,0.00181761931526849,0,0,0.000171642319912048
2021-09-24,"Benin","BEN","BJ",1508,8,22958,154,11801151,1508,22958,15080,0.00194540346106918,0.000127784145800694,0.00127784145800694,0.000163596946650288
2021-09-25,"Benin","BEN","BJ",0,0,22958,154,11801151,0,22958,0,0.00194540346106918,0,0,0.000155739319751937
2021-09-26,"Benin","BEN","BJ",0,0,22958,154,11801151,0,22958,0,0.00194540346106918,0,0,0.000148067263479588
2021-09-27,"Benin","BEN","BJ",0,0,22958,154,11801151,0,22958,0,0.00194540346106918,0,0,0.000140581112338432
2021-09-28,"Benin","BEN","BJ",0,0,22958,154,11801151,0,22958,0,0.00194540346106918,0,0,0.000133278319150027
2021-09-29,"Benin","BEN","BJ",932,5,23890,159,11801151,932,23890,9320,0.00202437880847385,7.89753474046727e-05,0.000789753474046726,0.000126156446446064
2021-09-30,"Benin","BEN","BJ",0,0,23890,159,11801151,0,23890,0,0.00202437880847385,0,0,0.000119213201137142
2021-10-01,"Benin","BEN","BJ",0,0,23890,159,11801151,0,23890,0,0.00202437880847385,0,0,0.000112447538978758
2021-10-02,"Benin","BEN","BJ",0,0,23890,159,11801151,0,23890,0,0.00202437880847385,0,0,0.000105850826267934
2021-10-03,"Benin","BEN","BJ",0,0,23890,159,11801151,0,23890,0,0.00202437880847385,0,0,9.94478444958501e-05
2021-10-04,"Benin","BEN","BJ",0,0,23890,159,11801151,0,23890,0,0.00202437880847385,0,0,9.32306485508717e-05
2021-10-05,"Benin","BEN","BJ",0,0,23890,159,11801151,0,23890,0,0.00202437880847385,0,0,8.7207010253086e-05
2021-10-06,"Benin","BEN","BJ",445,0,24335,159,11801151,445,24335,4450,0.00206208699473467,3.77081862608147e-05,0.000377081862608147,8.13859955544095e-05
2021-10-07,"Benin","BEN","BJ",0,0,24335,159,11801151,0,24335,0,0.00206208699473467,0,0,7.57627300023518e-05
2021-10-08,"Benin","BEN","BJ",0,0,24335,159,11801151,0,24335,0,0.00206208699473467,0,0,7.0380219227296e-05
2021-10-09,"Benin","BEN","BJ",0,0,24335,159,11801151,0,24335,0,0.00206208699473467,0,0,6.52370820309031e-05
2021-10-10,"Benin","BEN","BJ",0,0,24335,159,11801151,0,24335,0,0.00206208699473467,0,0,6.03386403305565e-05
2021-10-11,"Benin","BEN","BJ",0,0,24335,159,11801151,0,24335,0,0.00206208699473467,0,0,5.56871741191358e-05
2021-10-12,"Benin","BEN","BJ",0,0,24335,159,11801151,0,24335,0,0.00206208699473467,0,0,5.130733916557e-05
2021-10-13,"Benin","BEN","BJ",225,2,24560,161,11801151,225,24560,2250,0.00208115293160811,1.90659368734456e-05,0.000190659368734456,4.71942268748784e-05
2021-10-14,"Benin","BEN","BJ",0,0,24560,161,11801151,0,24560,0,0.00208115293160811,0,0,4.33507899397034e-05
2021-10-15,"Benin","BEN","BJ",0,0,24560,161,11801151,0,24560,0,0.00208115293160811,0,0,3.97771393565135e-05
2021-10-16,"Benin","BEN","BJ",0,0,24560,161,11801151,0,24560,0,0.00208115293160811,0,0,3.64488373274967e-05
2021-10-17,"Benin","BEN","BJ",0,0,24560,161,11801151,0,24560,0,0.00208115293160811,0,0,3.34103135888661e-05
2021-10-18,"Benin","BEN","BJ",0,0,24560,161,11801151,0,24560,0,0.00208115293160811,0,0,3.06146509500616e-05
2021-10-19,"Benin","BEN","BJ",0,0,24560,161,11801151,0,24560,0,0.00208115293160811,0,0,2.80713518802162e-05
2021-10-20,"Benin","BEN","BJ",0,0,24560,161,11801151,0,24560,0,0.00208115293160811,0,0,2.57563758861395e-05
2021-10-21,"Benin","BEN","BJ",0,0,24560,161,11801151,0,24560,0,0.00208115293160811,0,0,2.36560227862687e-05
2021-10-22,"Benin","BEN","BJ",0,0,24560,161,11801151,0,24560,0,0.00208115293160811,0,0,2.17552332156844e-05
2021-10-23,"Benin","BEN","BJ",0,0,24560,161,11801151,0,24560,0,0.00208115293160811,0,0,2.00198117003713e-05
2021-10-24,"Benin","BEN","BJ",0,0,24560,161,11801151,0,24560,0,0.00208115293160811,0,0,1.84754454836152e-05
2021-10-25,"Benin","BEN","BJ",118,0,24678,161,11801151,118,24678,1180,0.00209115195627952,9.99902467140705e-06,9.99902467140705e-05,1.70739742924711e-05
2021-10-26,"Benin","BEN","BJ",0,0,24678,161,11801151,0,24678,0,0.00209115195627952,0,0,1.58144995373396e-05
2021-10-27,"Benin","BEN","BJ",71,0,24749,161,11801151,71,24749,710,0.00209716831858181,6.01636230228729e-06,6.01636230228729e-05,1.4672598471243e-05
2021-10-28,"Benin","BEN","BJ",0,0,24749,161,11801151,0,24749,0,0.00209716831858181,0,0,1.36344818421765e-05
2021-10-29,"Benin","BEN","BJ",0,0,24749,161,11801151,0,24749,0,0.00209716831858181,0,0,1.26735202694985e-05
2021-10-30,"Benin","BEN","BJ",0,0,24749,161,11801151,0,24749,0,0.00209716831858181,0,0,1.18092363857462e-05
2021-10-31,"Benin","BEN","BJ",0,0,24749,161,11801151,0,24749,0,0.00209716831858181,0,0,1.10121114189475e-05
2021-11-01,"Benin","BEN","BJ",0,0,24749,161,11801151,0,24749,0,0.00209716831858181,0,0,1.02734692423785e-05
2021-11-02,"Benin","BEN","BJ",0,0,24749,161,11801151,0,24749,0,0.00209716831858181,0,0,9.58559551493845e-06
2021-11-03,"Benin","BEN","BJ",55,0,24804,161,11801151,55,24804,550,0.00210182888092865,4.66056234684227e-06,4.66056234684227e-05,8.94230302239866e-06
2021-11-04,"Benin","BEN","BJ",0,0,24804,161,11801151,0,24804,0,0.00210182888092865,0,0,8.33849904955439e-06
2021-11-05,"Benin","BEN","BJ",0,0,24804,161,11801151,0,24804,0,0.00210182888092865,0,0,7.77016891771446e-06
2021-11-06,"Benin","BEN","BJ",0,0,24804,161,11801151,0,24804,0,0.00210182888092865,0,0,7.23425267334781e-06
2021-11-07,"Benin","BEN","BJ",0,0,24804,161,11801151,0,24804,0,0.00210182888092865,0,0,6.72850838212632e-06
2021-11-08,"Benin","BEN","BJ",0,0,24804,161,11801151,0,24804,0,0.00210182888092865,0,0,6.23897527194417e-06
2021-11-09,"Benin","BEN","BJ",0,0,24804,161,11801151,0,24804,0,0.00210182888092865,0,0,5.7934759260065e-06
2021-11-10,"Benin","BEN","BJ",29,0,24833,161,11801151,29,24833,290,0.00210428626834789,2.45738741924411e-06,2.45738741924411e-05,5.37382094601434e-06
2021-11-11,"Benin","BEN","BJ",0,0,24833,161,11801151,0,24833,0,0.00210428626834789,0,0,4.98000655316311e-06
2021-11-12,"Benin","BEN","BJ",0,0,24833,161,11801151,0,24833,0,0.00210428626834789,0,0,4.61212087702584e-06
2021-11-13,"Benin","BEN","BJ",0,0,24833,161,11801151,0,24833,0,0.00210428626834789,0,0,4.26240414873939e-06
2021-11-14,"Benin","BEN","BJ",0,0,24833,161,11801151,0,24833,0,0.00210428626834789,0,0,3.94909304286919e-06
2021-11-15,"Benin","BEN","BJ",0,0,24833,161,11801151,0,24833,0,0.00210428626834789,0,0,3.66117065685451e-06
2021-11-16,"Benin","BEN","BJ",0,0,24833,161,11801151,0,24833,0,0.00210428626834789,0,0,3.39871275018008e-06
2021-11-17,"Benin","BEN","BJ",0,0,24833,161,11801151,0,24833,0,0.00210428626834789,0,0,3.16160098718397e-06
2021-11-18,"Benin","BEN","BJ",13,0,24846,161,11801151,13,24846,130,0.00210538785581169,1.10158746379908e-06,1.10158746379908e-05,2.94952104548334e-06
2021-11-19,"Benin","BEN","BJ",0,0,24846,161,11801151,0,24846,0,0.00210538785581169,0,0,2.7619655261564e-06
2021-11-20,"Benin","BEN","BJ",0,0,24846,161,11801151,0,24846,0,0.00210538785581169,0,0,2.59448302634783e-06
2021-11-21,"Benin","BEN","BJ",0,0,24846,161,11801151,0,24846,0,0.00210538785581169,0,0,2.46197893189137e-06
2021-11-22,"Benin","BEN","BJ",0,0,24846,161,11801151,0,24846,0,0.00210538785581169,0,0,2.34694875733071e-06
2021-11-23,"Benin","BEN","BJ",0,0,24846,161,11801151,0,24846,0,0.00210538785581169,0,0,2.25355636675209e-06
2021-11-24,"Benin","BEN","BJ",4,0,24850,161,11801151,4,24850,40,0.00210572680580055,3.38949988861256e-07,3.38949988861256e-06,2.18093661414609e-06
2021-11-25,"Benin","BEN","BJ",0,0,24850,161,11801151,0,24850,0,0.00210572680580055,0,0,2.12819558397883e-06
2021-11-26,"Benin","BEN","BJ",0,0,24850,161,11801151,0,24850,0,0.00210572680580055,0,0,2.09445723962566e-06
2021-11-27,"Benin","BEN","BJ",0,0,24850,161,11801151,0,24850,0,0.00210572680580055,0,0,2.07701346939977e-06
2021-11-28,"Benin","BEN","BJ",0,0,24850,161,11801151,0,24850,0,0.00210572680580055,0,0,2.07956197246744e-06
2021-11-29,"Benin","BEN","BJ",0,0,24850,161,11801151,0,24850,0,0.00210572680580055,0,0,2.10515572433999e-06
2021-11-30,"Benin","BEN","BJ",0,0,24850,161,11801151,0,24850,0,0.00210572680580055,0,0,2.14375076566349e-06
2021-12-01,"Benin","BEN","BJ",13,0,24863,161,11801151,13,24863,130,0.00210682839326435,1.10158746379908e-06,1.10158746379908e-05,2.20000449628193e-06
2021-12-02,"Benin","BEN","BJ",0,0,24863,161,11801151,0,24863,0,0.00210682839326435,0,0,2.27465477317063e-06
2021-12-03,"Benin","BEN","BJ",0,0,24863,161,11801151,0,24863,0,0.00210682839326435,0,0,2.36893429344849e-06
2021-12-04,"Benin","BEN","BJ",0,0,24863,161,11801151,0,24863,0,0.00210682839326435,0,0,2.48463910662212e-06
2021-12-05,"Benin","BEN","BJ",0,0,24863,161,11801151,0,24863,0,0.00210682839326435,0,0,2.62418746804926e-06
2021-12-06,"Benin","BEN","BJ",0,0,24863,161,11801151,0,24863,0,0.00210682839326435,0,0,2.79396818600605e-06
2021-12-07,"Benin","BEN","BJ",0,0,24863,161,11801151,0,24863,0,0.00210682839326435,0,0,NA
2021-12-08,"Benin","BEN","BJ",0,0,24863,161,11801151,0,24863,0,0.00210682839326435,0,0,NA
2021-12-09,"Benin","BEN","BJ",34,0,24897,161,11801151,34,24897,340,0.00210970946816967,2.88107490532068e-06,2.88107490532068e-05,NA
2021-12-10,"Benin","BEN","BJ",0,0,24897,161,11801151,0,24897,0,0.00210970946816967,0,0,NA
2021-12-11,"Benin","BEN","BJ",0,0,24897,161,11801151,0,24897,0,0.00210970946816967,0,0,NA
2021-12-12,"Benin","BEN","BJ",0,0,24897,161,11801151,0,24897,0,0.00210970946816967,0,0,NA
2021-12-13,"Benin","BEN","BJ",0,0,24897,161,11801151,0,24897,0,0.00210970946816967,0,0,NA
2021-12-14,"Benin","BEN","BJ",0,0,24897,161,11801151,0,24897,0,0.00210970946816967,0,0,NA
2021-12-15,"Benin","BEN","BJ",10,0,24907,161,11801151,10,24907,100,0.00211055684314183,8.4737497215314e-07,8.4737497215314e-06,NA
2021-12-16,"Benin","BEN","BJ",0,0,24907,161,11801151,0,24907,0,0.00211055684314183,0,0,NA
2021-12-17,"Benin","BEN","BJ",0,0,24907,161,11801151,0,24907,0,0.00211055684314183,0,0,NA
2021-12-18,"Benin","BEN","BJ",0,0,24907,161,11801151,0,24907,0,0.00211055684314183,0,0,NA
2021-12-19,"Benin","BEN","BJ",0,0,24907,161,11801151,0,24907,0,0.00211055684314183,0,0,NA
2021-12-20,"Benin","BEN","BJ",0,0,24907,161,11801151,0,24907,0,0.00211055684314183,0,0,NA
2021-12-21,"Benin","BEN","BJ",0,0,24907,161,11801151,0,24907,0,0.00211055684314183,0,0,NA
2021-12-22,"Benin","BEN","BJ",28,0,24935,161,11801151,28,24935,280,0.00211292949306385,2.37264992202879e-06,2.37264992202879e-05,NA
2021-12-23,"Benin","BEN","BJ",0,0,24935,161,11801151,0,24935,0,0.00211292949306385,0,0,NA
2021-12-24,"Benin","BEN","BJ",0,0,24935,161,11801151,0,24935,0,0.00211292949306385,0,0,NA
2021-12-25,"Benin","BEN","BJ",0,0,24935,161,11801151,0,24935,0,0.00211292949306385,0,0,NA
2021-12-26,"Benin","BEN","BJ",0,0,24935,161,11801151,0,24935,0,0.00211292949306385,0,0,NA
2021-12-27,"Benin","BEN","BJ",0,0,24935,161,11801151,0,24935,0,0.00211292949306385,0,0,NA
2021-12-28,"Benin","BEN","BJ",0,0,24935,161,11801151,0,24935,0,0.00211292949306385,0,0,NA
2021-12-29,"Benin","BEN","BJ",0,0,24935,161,11801151,0,24935,0,0.00211292949306385,0,0,NA
2021-12-30,"Benin","BEN","BJ",0,0,24935,161,11801151,0,24935,0,0.00211292949306385,0,0,NA
2021-12-31,"Benin","BEN","BJ",0,0,24935,161,11801151,0,24935,0,0.00211292949306385,0,0,NA
2022-01-01,"Benin","BEN","BJ",0,0,24935,161,11801151,0,24935,0,0.00211292949306385,0,0,NA
2022-01-02,"Benin","BEN","BJ",0,0,24935,161,11801151,0,24935,0,0.00211292949306385,0,0,NA
2022-01-03,"Benin","BEN","BJ",0,0,24935,161,11801151,0,24935,0,0.00211292949306385,0,0,NA
2022-01-04,"Benin","BEN","BJ",587,0,25522,161,11801151,587,25522,5870,0.00216267040392924,4.97409108653893e-05,0.000497409108653893,NA
2022-01-05,"Benin","BEN","BJ",0,0,25522,161,11801151,0,25522,0,0.00216267040392924,0,0,NA
2022-01-06,"Benin","BEN","BJ",0,0,25522,161,11801151,0,25522,0,0.00216267040392924,0,0,NA
2022-01-07,"Benin","BEN","BJ",0,0,25522,161,11801151,0,25522,0,0.00216267040392924,0,0,NA
2022-01-08,"Benin","BEN","BJ",0,0,25522,161,11801151,0,25522,0,0.00216267040392924,0,0,NA
2022-01-09,"Benin","BEN","BJ",0,0,25522,161,11801151,0,25522,0,0.00216267040392924,0,0,NA
2022-01-10,"Benin","BEN","BJ",0,0,25522,161,11801151,0,25522,0,0.00216267040392924,0,0,NA
2022-01-11,"Benin","BEN","BJ",0,0,25522,161,11801151,0,25522,0,0.00216267040392924,0,0,NA
2022-01-12,"Benin","BEN","BJ",514,1,26036,162,11801151,514,26036,5140,0.00220622547749792,4.35550735686714e-05,0.000435550735686714,NA
2022-01-13,"Benin","BEN","BJ",0,0,26036,162,11801151,0,26036,0,0.00220622547749792,0,0,NA
2022-01-14,"Benin","BEN","BJ",0,0,26036,162,11801151,0,26036,0,0.00220622547749792,0,0,NA
2022-01-15,"Benin","BEN","BJ",0,0,26036,162,11801151,0,26036,0,0.00220622547749792,0,0,NA
2022-01-16,"Benin","BEN","BJ",0,0,26036,162,11801151,0,26036,0,0.00220622547749792,0,0,NA
2022-01-17,"Benin","BEN","BJ",0,0,26036,162,11801151,0,26036,0,0.00220622547749792,0,0,NA
2022-01-18,"Benin","BEN","BJ",0,0,26036,162,11801151,0,26036,0,0.00220622547749792,0,0,NA
2022-01-19,"Benin","BEN","BJ",273,1,26309,163,11801151,273,26309,2730,0.0022293588142377,2.31333367397807e-05,0.000231333367397807,NA
2022-01-20,"Benin","BEN","BJ",NA,0,26309,163,11801151,NA,26309,NA,0.0022293588142377,NA,NA,NA
