Dates,"Accepted,age=0","Refused,age=0","Vaccinated,age=0","Accepted,age=1","Refused,age=1","Vaccinated,age=1","Accepted,age=2","Refused,age=2","Vaccinated,age=2"
2021-01-01,0.5604045013250104,0.4395954986749896,0.0,0.6774483332865416,0.3225516667134583,0.0,0.817059518839852,0.182940481160148,0.0
2021-01-02,0.5759457594082715,0.4240542405917285,0.0,0.6726290571066692,0.3273709428933308,0.0,0.8041246632158465,0.19587533678415336,0.0
2021-01-03,0.5863050233923226,0.4136949766076773,0.0,0.6763739262691707,0.3236260737308294,0.0,0.795794779422516,0.20420522057748403,0.0
2021-01-04,0.5922032264623998,0.40779677353760024,0.0,0.6835414729996369,0.31645852700036303,0.0,0.8011162152973892,0.1988837847026108,0.0
2021-01-05,0.5669123275815111,0.433087672418489,0.0,0.6771901884972569,0.322809811502743,0.0,0.7882665486664018,0.21173345133359822,0.0
2021-01-06,0.5437483464833125,0.4562516535166875,0.0,0.6700166452961769,0.3299833547038231,0.0,0.8061406595426858,0.1938593404573143,0.0
2021-01-07,0.5242070886852557,0.47320597013205257,0.0025869411826918236,0.6706737839410177,0.32190395678905787,0.0074222592699245285,0.8125663746531474,0.1855171335442387,0.0019164918026138421
2021-01-08,0.5516331780977342,0.43958250077421046,0.008784321128055356,0.6469852908349506,0.32920654893054935,0.023808160234500154,0.8058851047119449,0.17324873365102952,0.02086616163702564
2021-01-09,0.5376081010616307,0.4498031840754386,0.012588714862930672,0.6270963460884079,0.33243516221383257,0.04046849169775961,0.7974749130559806,0.16443438381286854,0.038090703131150906
2021-01-10,0.5093015371500619,0.46739135349892147,0.02330710935101669,0.5940065330818346,0.34938177480503896,0.05661169211312652,0.7805107438411125,0.15493011224351735,0.06455914391536996
2021-01-11,0.5064926427134426,0.4486251954705428,0.04488216181601469,0.5704526513595041,0.3536908874402868,0.07585646120020921,0.780247418419197,0.14297803089994554,0.07677455068085737
2021-01-12,0.49164342061404515,0.4498209302262607,0.058535649159694114,0.568079649574329,0.33902869753744924,0.09289165288822175,0.7505965485596644,0.14500989220207194,0.10439355923826357
2021-01-13,0.4879357190082828,0.4357261399565008,0.07633814103521643,0.5698602663086384,0.3264007193615588,0.10373901432980293,0.7252316997244062,0.14152809633300278,0.13324020394259117
2021-01-14,0.4745980524961376,0.44267898748242984,0.08272296002143253,0.559776884965682,0.3230054047302586,0.11721771030405938,0.7159723772243598,0.12891749927433913,0.1551101235013011
2021-01-15,0.4435685978234964,0.4624604491668406,0.09397095300966307,0.5519781152093207,0.3234956333890271,0.1245262514016522,0.7128634705369904,0.1328508831068635,0.15428564635614614
2021-01-16,0.46310581494582914,0.435833498349266,0.10106068670490496,0.548375510527637,0.3124138709477244,0.1392106185246386,0.7147243711882821,0.12312410898690491,0.1621515198248129
2021-01-17,0.4479368251677829,0.44999164586684004,0.10207152896537705,0.5589919717308968,0.2939510925607205,0.14705693570838266,0.7039358264800857,0.13847915878128447,0.15758501473862976
2021-01-18,0.451419328651394,0.44974165801003096,0.09883901333857505,0.5648648397218593,0.2841845722365734,0.15095058804156722,0.6884690971966222,0.14326693706872734,0.16826396573465052
2021-01-19,0.4861493943641162,0.4207420193683592,0.09310858626752462,0.5662758337487713,0.27574110267174046,0.15798306357948821,0.707200961342265,0.12386095856392415,0.16893808009381084
2021-01-20,0.4684613068191863,0.445365996652513,0.08617269652830079,0.5458668408261582,0.2802684760951144,0.1738646830787274,0.7050800630827808,0.12219959819422185,0.17272033872299744
2021-01-21,0.4872038598312438,0.42496065303080527,0.08783548713795099,0.5377716225770153,0.2889055430427792,0.17332283438020546,0.6880340473007569,0.13789133371773327,0.17407461898150983
2021-01-22,0.4830159218021912,0.4266522524020388,0.09033182579576993,0.5479847866599767,0.2808638672693989,0.17115134607062435,0.6811799301040884,0.12599619479025082,0.1928238751056607
2021-01-23,0.4767284711893852,0.4310079229006407,0.09226360590997408,0.5457402835970343,0.2868504382526433,0.16740927815032233,0.6899451619468866,0.12296811969214588,0.1870867183609676
2021-01-24,0.49595845490128565,0.37941444827425486,0.12462709682445954,0.5405936395973517,0.2911805622328709,0.16822579816977745,0.6754909526075927,0.11318608018175405,0.2113229672106532
2021-01-25,0.5074199075071506,0.3643072350697471,0.12827285742310235,0.5403505101101008,0.2878830801799363,0.17176640970996307,0.642242304433704,0.11536738093339537,0.24239031463290062
2021-01-26,0.46293374211536603,0.38078190414801505,0.15628435373661886,0.5248838058044896,0.29794633528223097,0.17716985891327944,0.6066593958535078,0.1240186103567425,0.2693219937897497
2021-01-27,0.4781104350610267,0.35766343109212567,0.16422613384684775,0.5355250787156797,0.2956118986128449,0.16886302267147543,0.6022732202009335,0.13441484244031465,0.2633119373587517
2021-01-28,0.4706431111055116,0.35962730984843116,0.1697295790460573,0.5437312501453078,0.2824445636250989,0.1738241862295934,0.5983333797044139,0.11840047567227371,0.2832661446233124
2021-01-29,0.48861794597919356,0.3488288254717665,0.16255322854903986,0.5307447993634344,0.29022628201521244,0.1790289186213531,0.5857726013912152,0.12072258816305959,0.29350481044572524
2021-01-30,0.4813134798852892,0.3528862648648962,0.16580025524981454,0.5322750029066977,0.2881195150469513,0.179605482046351,0.5284974376745781,0.13086655211720885,0.34063601020821305
2021-01-31,0.47586510534526505,0.3771892758370603,0.1469456188176747,0.5353773826344359,0.273003037736205,0.19161957962935905,0.5282305823614784,0.1166801808975974,0.3550892367409243
2021-02-01,0.4589818443622457,0.3971405340577053,0.14387762158004902,0.5158435500835471,0.28098141131004456,0.2031750386064082,0.5242754905973034,0.10650042984223573,0.3692240795604609
2021-02-02,0.4839266143772324,0.38136551446073685,0.13470787116203084,0.5101585562069065,0.27990737542240796,0.2099340683706855,0.530074957308475,0.09911414165733559,0.37081090103418934
2021-02-03,0.47314569880659313,0.38837328644986513,0.1384810147435418,0.4968087575731149,0.28328001656782104,0.21991122585906409,0.49583569130732524,0.09993103441954025,0.40423327427313444
2021-02-04,0.4793685963353398,0.38085760144771397,0.13977380221694619,0.48601907183102977,0.29482314894646794,0.21915777922250235,0.4829904250878535,0.0989155215062622,0.41809405340588424
2021-02-05,0.4789850414302947,0.3709217335411765,0.15009322502852884,0.5060782415316569,0.2893270560189234,0.2045947024494197,0.4679510547045909,0.10013353757537684,0.43191540772003223
2021-02-06,0.4948738583696853,0.3481496000841421,0.15697654154617274,0.5007259324486683,0.2892364032511205,0.21003766430021117,0.4715450425660688,0.09118008395340246,0.43727487348052874
2021-02-07,0.46901324215143525,0.3772804870323303,0.15370627081623428,0.49386250462162756,0.3022162104513891,0.20392128492698336,0.450756025217496,0.0908222715370585,0.45842170324544546
2021-02-08,0.4712652027301519,0.3677719159459434,0.16096288132390468,0.499947696002126,0.30143012264985464,0.19862218134801954,0.45895018938986987,0.09738363498331065,0.44366617562681954
2021-02-09,0.48815313723810616,0.35067484244297653,0.1611720203189173,0.5115173706988015,0.2975885107237521,0.1908941185774462,0.4469709396690502,0.110453944597636,0.4425751157333137
2021-02-10,0.5107812451615827,0.34233522388935156,0.1468835309490656,0.5118910256741834,0.29290553669730607,0.19520343762851047,0.42950972688020106,0.11131436948233878,0.45917590363746025
2021-02-11,0.4758756216472382,0.3776741339890653,0.14645024436369655,0.5024174948248853,0.28214408308313094,0.21543842209198374,0.41848583314099047,0.11620028452021038,0.4653138823387991
2021-02-12,0.43966695730695826,0.4124165740985774,0.14791646859446428,0.49768265796555894,0.27636320404957476,0.2259541379848663,0.39573380485166487,0.11713392834591599,0.48713226680241906
2021-02-13,0.42038940668699853,0.44076513668996076,0.1388454566230407,0.49052790141166436,0.2823630401907386,0.22710905839759699,0.384276409993655,0.11925637786881038,0.49646721213753464
2021-02-14,0.42790376645798467,0.42039262511465525,0.15170360842736003,0.486939844174626,0.27647442282588974,0.23658573299948418,0.3762451504933818,0.12342876622434952,0.5003260832822687
2021-02-15,0.41938319890422726,0.41615227256821086,0.16446452852756177,0.4779911635871866,0.27507663780252917,0.24693219861028415,0.34154201954850594,0.12185783487342969,0.5366001455780643
2021-02-16,0.3914803952926252,0.44953742385528017,0.1589821808520947,0.47554558228063454,0.27547001627643447,0.248984401442931,0.3158634076309784,0.1131672285976073,0.5709693637714143
2021-02-17,0.3749542031763508,0.46574966905835147,0.1592961277652979,0.47479305364556196,0.27220178534638223,0.2530051610080558,0.3075940262777796,0.09965736869382849,0.5927486050283919
2021-02-18,0.3987689181762904,0.44283757547125113,0.15839350635245844,0.4858229602801118,0.27443163801707343,0.2397454017028148,0.30546172902310287,0.09482440474969922,0.5997138662271979
2021-02-19,0.43224764415665595,0.4157595097252079,0.15199284611813607,0.4706875336224092,0.2863908796476528,0.242921586729938,0.2946037237462538,0.09538820842219452,0.6100080678315516
2021-02-20,0.4108510735809212,0.42909698460781764,0.16005194181126126,0.4761889906835175,0.280600613596601,0.24321039571988165,0.29507004697007266,0.09500360128478208,0.6099263517451453
2021-02-21,0.4248903121429911,0.415011409364249,0.1600982784927599,0.4744882288035095,0.2815612965748986,0.24395047462159195,0.2896184813145005,0.0864765190851772,0.6239049996003221
2021-02-22,0.3958593021464472,0.4370702401262721,0.16707045772728063,0.48827559723708314,0.275998038848662,0.23572636391425486,0.30544507286559264,0.0792993233146217,0.6152556038197857
2021-02-23,0.39592075327804555,0.4248113749157708,0.1792678718061837,0.48498173633014535,0.28011751342187163,0.234900750247983,0.3089934727214127,0.08048583404988825,0.6105206932286991
2021-02-24,0.4007421644961121,0.3988492756688996,0.20040855983498823,0.4909827247943023,0.280805521933279,0.22821175327241852,0.3087771136944508,0.08159951742125597,0.6096233688842931
2021-02-25,0.3940010963910764,0.40956038259594163,0.1964385210129821,0.4845038289129506,0.27522389230629457,0.24027227878075483,0.28935593981513885,0.0783463678395007,0.6322976923453605
2021-02-26,0.36764461756093003,0.42557648852825464,0.2067788939108153,0.4808493135046137,0.2714390064998659,0.24771167999552043,0.29109596923425085,0.07618257462839774,0.6327214561373513
2021-02-27,0.39327882447885637,0.4078326813718086,0.19888849414933507,0.48062010451537196,0.26393112795024054,0.25544876753438756,0.27550563374642817,0.07500575767600628,0.6494886085775655
2021-02-28,0.4090954230475924,0.3997446053871009,0.19115997156530679,0.4713507291782433,0.26080346213230604,0.2678458086894507,0.25881027163521164,0.08860157514894657,0.6525881532158417
2021-03-01,0.4264798596551457,0.39990540430576194,0.17361473603909236,0.44567552236612945,0.2712498878598409,0.28307458977402966,0.23973560701025443,0.08419862426091852,0.6760657687288271
2021-03-02,0.4319410291639451,0.411467355626273,0.15659161520978193,0.4454494604118085,0.26231004662008534,0.2922404929681061,0.23874651572825306,0.08055397149841712,0.6806995127733299
2021-03-03,0.4271175021627891,0.42431175714128544,0.14857074069592544,0.42576581391743007,0.2696012931937829,0.3046328928887871,0.21630031061266375,0.07429555954911761,0.7094041298382185
2021-03-04,0.4511150521746963,0.38344614346235845,0.16543880436294536,0.41857067464405057,0.2806796480974039,0.3007496772585454,0.2221768588245653,0.07730739861904758,0.700515742556387
2021-03-05,0.46953080003052416,0.36490658809638593,0.1655626118730899,0.42606712632152144,0.27008185922103606,0.30385101445744256,0.2061811664894096,0.07114529517819619,0.7226735383323942
2021-03-06,0.4433307253885964,0.36149311575996845,0.19517615885143505,0.42637381885949366,0.27533362459739236,0.298292556543114,0.19546263517879026,0.08547595579425117,0.7190614090269587
2021-03-07,0.41084755390150296,0.3908642009253477,0.19828824517314939,0.41620126496990434,0.28029235296682825,0.3035063820632674,0.18497955407499686,0.08938515382222494,0.7256352921027782
2021-03-08,0.42525696292135007,0.369062771612087,0.20568026546656287,0.40723747536525834,0.2865972653839988,0.30616525925074284,0.1660375399687297,0.09417833634556949,0.7397841236857008
2021-03-09,0.4454775085355527,0.34945261054673754,0.20506988091770978,0.38122609017994097,0.29077388097002405,0.32800002885003493,0.15326708425086633,0.093143399253067,0.7535895164960666
2021-03-10,0.4304603584722143,0.3481927947789464,0.2213468467488393,0.37655880059118857,0.2874141932021545,0.336027006206657,0.16208080075414247,0.09349666059191246,0.7444225386539449
2021-03-11,0.45008579784259994,0.3480323908255298,0.20188181133187033,0.36874438206652044,0.287469558644418,0.34378605928906153,0.14078413478917925,0.09788442029042457,0.7613314449203962
2021-03-12,0.45440283198022724,0.33394566336879,0.21165150465098276,0.3548632330430803,0.2802094598757096,0.36492730708121,0.12744275428806584,0.09979175490335804,0.7727654908085761
2021-03-13,0.46518597848990584,0.344218304226326,0.19059571728376815,0.3348976889611652,0.2916156732831611,0.3734866377556738,0.12490250783085816,0.08819076190540287,0.7869067302637389
2021-03-14,0.5029052960842982,0.29361796737548557,0.20347673654021625,0.32654841006831137,0.2798075055628086,0.39364408436888004,0.12552007318705585,0.07500773180995166,0.7994721950029924
2021-03-15,0.5063001584338694,0.2834419653877411,0.21025787617838956,0.3132266396849042,0.26903625502798595,0.4177371052871098,0.1283345601299234,0.07107014343529444,0.8005952964347821
2021-03-16,0.46134306405812175,0.2836146268202872,0.25504230912159115,0.3112475340069915,0.26872217628703177,0.42003028970597667,0.1122339683995421,0.08681630065305229,0.8009497309474056
2021-03-17,0.46137338893205293,0.29175121564590106,0.24687539542204595,0.30718865160602754,0.2535383345572321,0.4392730138367402,0.09575307023578855,0.09486973910296302,0.8093771906612484
2021-03-18,0.41621232979409395,0.33034984653249155,0.2534378236734146,0.28885620607531387,0.25325391427186633,0.45788987965281985,0.09203454638886688,0.0852151397342942,0.822750313876839
2021-03-19,0.39555650120223385,0.3457687207394061,0.25867477805836003,0.26999839340261395,0.24925960693449897,0.48074199966288717,0.09137282807824659,0.08271143663251526,0.8259157352892381
2021-03-20,0.38947004616649916,0.3357469199164216,0.27478303391707914,0.24932139479024965,0.24637873547156483,0.5042998697381855,0.0884665640903834,0.07645523835391951,0.8350781975556971
2021-03-21,0.33323664187093405,0.3700718202510169,0.29669153787804897,0.24718578773370656,0.24504966359443195,0.5077645486718615,0.08570296653173792,0.06981000938465151,0.8444870240836106
2021-03-22,0.32876416861040236,0.3825462462254807,0.28868958516411686,0.2476803828199667,0.24188778084861737,0.5104318363314159,0.08325678352567573,0.08389131247094944,0.8328519040033748
2021-03-23,0.33281061980734084,0.40120799324049916,0.26598138695215995,0.24519118020841382,0.23247265047429425,0.5223361693172919,0.07961281597947395,0.06325615393148923,0.8571310300890368
2021-03-24,0.306544237208771,0.41401154869039075,0.2794442141008383,0.22943720432489734,0.2305372386242832,0.5400255570508196,0.07029899710919821,0.05996683312335868,0.8697341697674431
2021-03-25,0.2947883086257883,0.3904344067488579,0.3147772846253538,0.23097211956074593,0.21304038210369766,0.5559874983355564,0.0752516415647019,0.06650919911828615,0.858239159317012
2021-03-26,0.29984398272917995,0.38493763326271374,0.3152183840081063,0.22294989092757042,0.21349344672986215,0.5635566623425675,0.07155445824874168,0.08342179192730377,0.8450237498239546
2021-03-27,0.29826956315923947,0.37831844795578945,0.3234119888849711,0.2179487914122921,0.2000165395231747,0.5820346690645332,0.06632195830961342,0.08420082528326156,0.849477216407125
2021-03-28,0.30714251428233375,0.36428281020461395,0.32857467551305225,0.20696810716426295,0.1943451435738803,0.5986867492618567,0.060313819094531755,0.09009102831705364,0.8495951525884147
2021-03-29,0.2609105156084347,0.3684246446953991,0.3706648396961662,0.1978586882097636,0.19680731310930077,0.6053339986809356,0.063447018527406,0.0915201822795973,0.8450327991929967
2021-03-30,0.2644714528545415,0.3347245381083205,0.40080400903713803,0.1789049599369076,0.20231192375168025,0.6187831163114121,0.0664445471272461,0.1032168527769969,0.830338600095757
2021-03-31,0.25066447633254074,0.32151136289893023,0.427824160768529,0.16411533092499467,0.20968332139537824,0.626201347679627,0.07754009458566966,0.09880484801419989,0.8236550574001305
2021-04-01,0.25682966391044976,0.323484718062299,0.41968561802725124,0.1525927169180444,0.21048335477141245,0.6369239283105431,0.07188047780436653,0.09291992000768351,0.83519960218795
2021-04-02,0.21613682536017653,0.3379123447413629,0.44595082989846063,0.14111721800281854,0.22351176928536645,0.635371012711815,0.07857883930406348,0.08053539706460532,0.8408857636313313
2021-04-03,0.18562759259166375,0.3171429560897836,0.49722945131855273,0.13076610753411946,0.21633487697236978,0.6528990154935109,0.07808383694159811,0.08262970783673479,0.8392864552216671
2021-04-04,0.18293983366754624,0.3349290845216747,0.4821310818107791,0.12842410015068745,0.22839697260806602,0.6431789272412466,0.08045598930799625,0.08497957723773002,0.8345644334542738
2021-04-05,0.18231232327437893,0.32312951751481456,0.4945581592108065,0.1262565294816229,0.22575283095992463,0.6479906395584526,0.07141440822156336,0.07132465676621705,0.8572609350122196
2021-04-06,0.17756454835231483,0.31605806631570865,0.5063773853319764,0.12747296450264578,0.2199943581930847,0.6525326773042696,0.06964110664516024,0.05869645875697836,0.8716624345978614
2021-04-07,0.17086068299127213,0.32541176313920445,0.5037275538695234,0.12850104678870644,0.1970628840638241,0.6744360691474695,0.0664784790582412,0.07420090474256398,0.8593206161991949
2021-04-08,0.13415341192204222,0.3239673295478235,0.5418792585301344,0.1204188595629707,0.20332235642793509,0.6762587840090942,0.0640443285232934,0.0758546090615671,0.8601010624151395
2021-04-09,0.13792430258525076,0.33377948078480213,0.5282962166299471,0.12494975631095413,0.18883623289266194,0.686214010796384,0.05719113710624645,0.07466340781106616,0.8681454550826874
2021-04-10,0.13504274657869453,0.3572740327394399,0.5076832206818656,0.1228110575699543,0.2120003499115314,0.6651885925185143,0.05313185836837001,0.07691680987040217,0.8699513317612277
2021-04-11,0.16449191230191035,0.3448786147735324,0.49062947292455716,0.11388252993385317,0.19912517206316827,0.6869922980029785,0.04501368196260204,0.07965011966236371,0.8753361983750343
2021-04-12,0.17762958149016111,0.36590507640223385,0.456465342107605,0.10513695031704502,0.2040930447069551,0.6907700049759998,0.04949802126713154,0.08786720690100522,0.8626347718318632
2021-04-13,0.16554272027084557,0.3716362684309439,0.4628210112982105,0.10200993559498221,0.2174492647733934,0.6805407996316245,0.04587469822655496,0.08831661708171351,0.8658086846917314
2021-04-14,0.16705579145012794,0.3470137416799648,0.4859304668699073,0.09168814265260779,0.23453905876495315,0.6737727985824392,0.05150240316136995,0.0797494343355285,0.8687481625031016
2021-04-15,0.1682434962411863,0.34372087337050317,0.4880356303883105,0.09211896612855823,0.2318768148791478,0.676004218992294,0.05036947587946678,0.0754074050832747,0.8742231190372585
2021-04-16,0.19040467602389424,0.312571390124134,0.49702393385197174,0.09377738126645985,0.23234779178996293,0.6738748269435773,0.056051691741477054,0.09095395759979327,0.8529943506587296
2021-04-17,0.20475974619070939,0.28083695087153326,0.5144033029377573,0.09246203920018618,0.22028417729052974,0.6872537835092842,0.057118390093386096,0.09096157428438653,0.8519200356222273
2021-04-18,0.13951782988576167,0.2970615632977046,0.5634206068165337,0.08639642560553079,0.23215401200124872,0.6814495623932206,0.054897441220627737,0.08125370856016845,0.8638488502192039
2021-04-19,0.10535392284131483,0.24748449769165684,0.6471615794670283,0.08715228227522835,0.2202333194407716,0.692614398284,0.052817113691139714,0.07814166831252044,0.8690412179963398
2021-04-20,0.10647283318245926,0.28696597126673407,0.6065611955508066,0.08309371647047532,0.2106494756606813,0.7062568078688433,0.045087837437641734,0.08366192085736518,0.8712502417049931
2021-04-21,0.11423223591990145,0.31187766319599075,0.5738901008841077,0.08968223393636911,0.21689184653535243,0.6934259195282785,0.034072256115233984,0.084680469227577,0.881247274657189
2021-04-22,0.1239974069826303,0.3187204911854613,0.5572821018319085,0.08180913424934637,0.21557191970959466,0.7026189460410589,0.02897126083021912,0.09417616385737829,0.8768525753124027
2021-04-23,0.12049214267286637,0.33132144344227576,0.548186413884858,0.07483764886338619,0.21211304350087876,0.713049307635735,0.03011007177887804,0.07711720613390936,0.8927727220872126
2021-04-24,0.12725971838229447,0.36203160323048883,0.5107086783872167,0.07186345768496642,0.21266309620652704,0.7154734461085065,0.0276785832014732,0.07052317021787222,0.9017982465806547
2021-04-25,0.12450672560776074,0.4102993633158767,0.46519391107636254,0.06918858080551941,0.21038783879927417,0.7204235803952064,0.03035405277711016,0.07933326852971612,0.8903126786931738
2021-04-26,0.11983073941115485,0.4814578717960468,0.3987113887927984,0.061266459631428995,0.21500607962422646,0.7237274607443446,0.03458929624836346,0.0916284705584498,0.8737822331931867
2021-04-27,0.11907364638920831,0.47186483208645436,0.4090615215243373,0.06522253538527535,0.21125029364026504,0.7235271709744596,0.03657516536994267,0.08518551763459245,0.8782393169954649
2021-04-28,0.10240843429905058,0.4775576439857979,0.42003392171515147,0.06141088419168358,0.2015590568630513,0.737030058945265,0.03813163612113696,0.08627952240781006,0.875588841471053
2021-04-29,0.09379579018981238,0.4775864779041311,0.4286177319060565,0.06331836017772267,0.2142319357996136,0.7224497040226637,0.0401777901948383,0.10063733346113762,0.859184876344024
2021-04-30,0.08810294332664433,0.49509424100391364,0.4168028156694421,0.06045519516685288,0.22616753431781253,0.7133772705153345,0.042022849137325596,0.10441256535672137,0.853564585505953
2021-05-01,0.0780957822573932,0.4498522262629827,0.47205199147962396,0.065073585368745,0.21345020229297762,0.7214762123382773,0.043497284979157086,0.11829494843748972,0.8382077665833532
2021-05-02,0.0860775841871334,0.3839499586354048,0.5299724571774618,0.059047519337954164,0.20503612312645092,0.7359163575355949,0.04565338778284031,0.11342849875623374,0.840918113460926
2021-05-03,0.08980003544490366,0.3426724329420834,0.567527531613013,0.06960367476024214,0.2145372049980985,0.7158591202416593,0.0410704727989635,0.10749420384330272,0.8514353233577338
2021-05-04,0.07359456750968317,0.3090089677922876,0.6173964646980292,0.06357078825447149,0.23070380805046176,0.7057254036950668,0.040704315945227894,0.10753288481847247,0.8517627992362997
2021-05-05,0.07594451928235656,0.2977525662122505,0.626302914505393,0.06630458523473721,0.23400684289915344,0.6996885718661093,0.04169408290363179,0.09461876435549568,0.8636871527408725
2021-05-06,0.09546477783584259,0.3052813774026601,0.5992538447614972,0.06630158229119966,0.22880549617375545,0.7048929215350448,0.03444021990721853,0.06190351857768739,0.903656261515094
2021-05-07,0.09115989294584351,0.2520169616594428,0.6568231453947138,0.06503145266134341,0.2226663142799601,0.7123022330586964,0.027288891323456063,0.06806625877698658,0.9046448498995574
2021-05-08,0.08760177477868891,0.2966555768244734,0.6157426483968378,0.06354088831169923,0.23730255852659307,0.6991565531617078,0.03170498106176774,0.08545408622170475,0.8828409327165275
2021-05-09,0.0954892069208453,0.30184663753329327,0.6026641555458616,0.08238497105744143,0.24523968630274653,0.6723753426398121,0.02917722512551229,0.0837755903672355,0.8870471845072523
2021-05-10,0.09612655193282746,0.2832896136741332,0.6205838343930393,0.0771518164669763,0.24714251136476326,0.6757056721682604,0.03220108883520878,0.0786323703326497,0.8891665408321415
2021-05-11,0.09990576214982747,0.33553431032064285,0.5645599275295297,0.07849639357552975,0.23639386115915126,0.685109745265319,0.03566882769240977,0.08131577079493897,0.8830154015126512
2021-05-12,0.0930554958731222,0.34323141086712183,0.5637130932597558,0.07060256580164916,0.23669797295210046,0.6926994612462503,0.03733483485046288,0.0950158026298336,0.8676493625197035
2021-05-13,0.0755425043229951,0.3476155937711207,0.5768419019058842,0.06436996566420927,0.23703452725538487,0.6985955070804057,0.034375148591048565,0.11109707102923072,0.8545277803797207
2021-05-14,0.0637572083833272,0.3632567596402523,0.5729860319764204,0.06471582054059268,0.2369167049694114,0.6983674744899959,0.028982578522563137,0.10839228283906623,0.8626251386383706
2021-05-15,0.059344215836229765,0.36328111922625034,0.5773746649375199,0.06120549906570058,0.21303300443922613,0.7257614964950733,0.02508449004600867,0.07605909490261685,0.8988564150513745
2021-05-16,0.02807334034355835,0.3770886507840523,0.5948380088723895,0.04528132408278988,0.20418298454024586,0.7505356913769643,0.022765822962169825,0.07788320295584032,0.8993509740819898
2021-05-17,0.05144132019697675,0.3532514415186992,0.5953072382843241,0.04511700048916755,0.18526288118840026,0.7696201183224322,0.01712031412313267,0.08821976285976034,0.8946599230171071
2021-05-18,0.06297964008416147,0.3234831872140498,0.6135371727017886,0.044891776257312895,0.19347295689736058,0.7616352668453267,0.011156176986626014,0.08880313531552904,0.900040687697845
2021-05-19,0.08081815388159322,0.2866594556416394,0.6325223904767674,0.05039930135089715,0.20740257928725528,0.7421981193618475,0.007507666812367222,0.07757909750481848,0.9149132356828144
2021-05-20,0.07156994578644955,0.250580362053502,0.6778496921600485,0.059677789445630215,0.19878122053220793,0.7415409900221618,0.009052416520263024,0.06794798081613668,0.9229996026636003
2021-05-21,0.0946144286998371,0.28438465187074646,0.6210009194294165,0.06041437062276025,0.20841458237433172,0.731171047002908,0.011472609134639187,0.06391203564274504,0.9246153552226157
2021-05-22,0.09918036451852894,0.2579286724343553,0.6428909630471158,0.05733705466426423,0.22685765970822666,0.7158052856275092,0.018447796920641732,0.07884010359194774,0.9027120994874105
2021-05-23,0.12568653892094653,0.25265153258430706,0.6216619284947464,0.0613781256378485,0.23553695259153914,0.7030849217706123,0.03447958522526208,0.09287637323992178,0.8726440415348161
2021-05-24,0.10485792043075676,0.28035342166294297,0.6147886579063002,0.05718195102021565,0.2311437418247899,0.7116743071549946,0.038570240983702625,0.09144213627569349,0.8699876227406038
2021-05-25,0.10507093377648058,0.26467821696540256,0.6302508492581169,0.05534422669164399,0.21341527025298168,0.7312405030553744,0.045459808610774116,0.08935373686161958,0.8651864545276062
2021-05-26,0.08921935377892931,0.3154052475835877,0.595375398637483,0.052432084923840876,0.1944414350076584,0.7531264800685008,0.04367782470740883,0.10654814267722656,0.8497740326153647
2021-05-27,0.12922549507982173,0.29453937298454785,0.5762351319356304,0.04729486440768161,0.209719409366759,0.7429857262255594,0.044619666911369274,0.10023587418035809,0.8551444589082726
2021-05-28,0.12186291748104512,0.29302509759189355,0.5851119849270614,0.050082642542578736,0.20144949883468785,0.7484678586227335,0.045606099663217735,0.0998212847030783,0.8545726156337039
2021-05-29,0.11128731602349887,0.31484400266790136,0.5738686813085998,0.055397946165180394,0.21493548884918642,0.7296665649856333,0.03544427584835369,0.10709614866607865,0.8574595754855676
2021-05-30,0.09426261031917911,0.33862913145122236,0.5671082582295984,0.05666826020952546,0.21185569931464823,0.7314760404758264,0.020037507724264506,0.08922313483484084,0.8907393574408946
2021-05-31,0.09924308826341258,0.3273305526776568,0.5734263590589306,0.05334629380216649,0.22087362614313502,0.7257800800546984,0.01761672060198812,0.09620073397869935,0.8861825454193126
2021-06-01,0.09040842849959047,0.3259303547593627,0.5836612167410469,0.05330632737417667,0.2244239259632145,0.7222697466626089,0.01640161077445238,0.10808887306675796,0.8755095161587896
2021-06-02,0.10391601862921407,0.3095795771091502,0.5865044042616356,0.05509024863296386,0.2193894910529267,0.7255202603141094,0.015963726507625415,0.09705151284204164,0.8869847606503329
2021-06-03,0.052577110071015884,0.320588713519476,0.626834176409508,0.04876932271964978,0.21189575880931377,0.7393349184710364,0.015001467156025648,0.10858587554816329,0.8764126572958111
2021-06-04,0.04257763546542306,0.27638408204314846,0.6810382824914285,0.044845384078873875,0.19705382064876997,0.7581007952723562,0.011748599445505162,0.11506858327709671,0.8731828172773981
2021-06-05,0.06601692782133858,0.25012094199727164,0.6838621301813897,0.040740597232591665,0.1875142836093193,0.7717451191580892,0.013619997910534639,0.10078705878082533,0.88559294330864
2021-06-06,0.11233330280037135,0.25035641539704584,0.6373102818025829,0.04231528565367434,0.1883039735360653,0.7693807408102605,0.014537062516886388,0.10878046258396054,0.8766824748991531
2021-06-07,0.0956217627014272,0.25392468808855295,0.6504535492100199,0.045315387380997364,0.18589602846884476,0.7687885841501579,0.014218049362611456,0.0940494354952697,0.8917325151421189
2021-06-08,0.09301628138916067,0.28052466047698854,0.6264590581338507,0.04355224634846186,0.19476080169540488,0.7616869519561332,0.008935545163646367,0.08160102761414942,0.9094634272222042
2021-06-09,0.08516955089595697,0.23123359146974842,0.6835968576342946,0.04130202958301025,0.19396010728849514,0.7647378631284947,0.010896431132239108,0.0813726895244997,0.9077308793432611
2021-06-10,0.08719389548665007,0.23982730781288686,0.672978796700463,0.05162261023929412,0.19603856222878613,0.7523388275319198,0.007051748205920862,0.07127804699832024,0.9216702047957589
2021-06-11,0.09155730014854666,0.27365737427828424,0.6347853255731692,0.05356221457910102,0.20068907632618793,0.7457487090947111,0.012007212698456893,0.0667665753434166,0.9212262119581265
2021-06-12,0.07060006385189914,0.27474124523222415,0.6546586909158768,0.051415120251257,0.19230964943773254,0.7562752303110104,0.012794127250973605,0.06360473706098788,0.9236011356880385
2021-06-13,0.04220461006089353,0.25596338830128595,0.7018320016378206,0.046931356000422995,0.18603392326082077,0.7670347207387563,0.01114177702962713,0.07242945329949788,0.916428769670875
2021-06-14,0.040899303267394924,0.27066827376952496,0.68843242296308,0.04287182768341561,0.18772387145821678,0.7694043008583676,0.009646439883722425,0.07954152592083885,0.9108120341954388
2021-06-15,0.034393182593883936,0.279214457148962,0.6863923602571541,0.041041822996866456,0.20200829229029582,0.7569498847128378,0.014253961217446567,0.08480749000086718,0.9009385487816862
2021-06-16,0.07330500825407767,0.2867090961181995,0.6399858956277228,0.039313458435610404,0.22152272694651132,0.7391638146178784,0.015137307078860095,0.09479804679166637,0.8900646461294734
2021-06-17,0.06819423395901683,0.2857341247002913,0.646071641340692,0.035138204192220863,0.22180590608407727,0.7430558897237018,0.018720434241970767,0.10618918662599171,0.8750903791320375
2021-06-18,0.11685606375239349,0.2516162537319063,0.6315276825157001,0.037247199035428315,0.226594814637759,0.7361579863268127,0.013299744912552033,0.1186217491917034,0.8680785058957445
2021-06-19,0.1286059845196431,0.2504149173286331,0.6209790981517238,0.03720695996926849,0.23243725428877846,0.730355785741953,0.0161385606126215,0.11224502262571467,0.8716164167616638
2021-06-20,0.13803905750655043,0.2661827815703468,0.5957781609231028,0.02928220152569823,0.2565556608862425,0.7141621375880592,0.027466740040088155,0.09087463514692577,0.881658624812986
2021-06-21,0.1390662359710202,0.267987666054345,0.5929460979746348,0.03170902991018117,0.2621375285894737,0.7061534415003452,0.035947036367952295,0.10964115003748733,0.8544118135945603
2021-06-22,0.13463634845938421,0.22724253021015017,0.6381211213304656,0.03365530012663994,0.2424663522909317,0.7238783475824283,0.04680078991026611,0.10059057518286271,0.8526086349068711
2021-06-23,0.11975199199342265,0.22032319519370683,0.6599248128128705,0.031200424152696162,0.2249835157312906,0.7438160601160132,0.04304992239969707,0.09068884574831447,0.8662612318519884
2021-06-24,0.1144441789260494,0.2265407604001188,0.6590150606738318,0.026502542916651484,0.22932709186132624,0.7441703652220224,0.038171204501618206,0.0941803704554972,0.8676484250428845
2021-06-25,0.073273948563322,0.21168105832143447,0.7150449931152436,0.018528615962097095,0.21953221802242542,0.7619391660154774,0.03795416871503411,0.07975311301923671,0.8822927182657292
2021-06-26,0.06590859189667966,0.214436092130742,0.7196553159725783,0.01689896455356608,0.23541209649973482,0.7476889389466991,0.04007310445318886,0.08570406742090392,0.8742228281259072
2021-06-27,0.04983597162914364,0.1991429493788699,0.7510210789919864,0.022852830241967714,0.2146109121640738,0.7625362575939585,0.03590958363003373,0.09262420316146194,0.8714662132085043
2021-06-28,0.035070020996873806,0.18782770474461458,0.7771022742585116,0.02649947858747624,0.2292151518716258,0.744285369540898,0.033126924037001904,0.07596294575621909,0.890910130206779
2021-06-29,0.03172271931455552,0.19797579155985578,0.7703014891255888,0.02657798783563756,0.2441317794160982,0.7292902327482643,0.020171845231433748,0.08616260488136399,0.8936655498872024
2021-06-30,0.039380597375775234,0.19543111654050221,0.7651882860837225,0.035118676777031295,0.24663550179977545,0.7182458214231932,0.02284085762575664,0.09350302689352452,0.8836561154807189
2021-07-01,0.05239821694347069,0.19139056473957233,0.756211218316957,0.037227361284289655,0.23244349665017602,0.7303291420655342,0.024185663431741333,0.08391175922587843,0.8919025773423803
2021-07-02,0.04329242320602098,0.23261586379980806,0.7240917129941709,0.041442897924615474,0.2468347197405059,0.7117223823348785,0.025028621363895314,0.09043704263977345,0.8845343359963312
2021-07-03,0.04274960154669139,0.23196460478198416,0.7252857936713244,0.046760216728588565,0.2339228702031654,0.7193169130682461,0.022081024665730038,0.09634893351869783,0.8815700418155721
2021-07-04,0.03480510155834479,0.2431144587734947,0.7220804396681606,0.04754108118850962,0.23718521077761656,0.7152737080338737,0.02050342439916816,0.09920467386538581,0.880291901735446
2021-07-05,0.030737088530134044,0.262963531595788,0.706299379874078,0.044750143978403135,0.22035919099670123,0.7348906650248956,0.015169596312400203,0.09788670431941038,0.8869436993681894
2021-07-06,0.03464821400652361,0.2647227733300004,0.700629012663476,0.04614712907313747,0.21864962165118293,0.7352032492756798,0.018648187010546262,0.08277709070995484,0.8985747222794989
2021-07-07,0.02074148205957693,0.27798063783465204,0.701277880105771,0.04336201911395745,0.2226317746483525,0.73400620623769,0.019260739644636586,0.06276715296848036,0.9179721073868831
2021-07-08,0.014558163911462405,0.2725063156220369,0.7129355204665007,0.04264586496487007,0.22552350155535797,0.7318306334797718,0.019956993502342948,0.0795029124649235,0.9005400940327335
2021-07-09,0.023597589825412886,0.22872866794539914,0.7476737422291879,0.043952158866000936,0.2250571940362851,0.730990647097714,0.02022633875943567,0.07396400804475053,0.9058096531958137
2021-07-10,0.03150482578737946,0.2630181538702853,0.7054770203423353,0.040791743309772865,0.20772567235165076,0.7514825843385764,0.01312701429710943,0.06523101529992212,0.9216419704029684
2021-07-11,0.0419627454483096,0.2637765020060382,0.6942607525456522,0.036909694008209086,0.21540202369257602,0.7476882822992149,0.013821572384660238,0.07357499593077879,0.912603431684561
2021-07-12,0.046347751353784564,0.2782568514542844,0.6753953971919311,0.03618169096161048,0.22390252749283426,0.7399157815455553,0.01205169750821869,0.08190013007052581,0.9060481724212556
2021-07-13,0.05692874872546719,0.31440732108916003,0.6286639301853728,0.03424340307760677,0.23488896878851193,0.7308676281338813,0.008208297056707142,0.09404063533077392,0.8977510676125189
2021-07-14,0.054804196720711226,0.34006230534661197,0.6051334979326768,0.02876096842244741,0.23011768220525322,0.7411213493722993,0.005333955622670758,0.10248504439644787,0.8921809999808814
2021-07-15,0.05369670387055238,0.3647622332711091,0.5815410628583385,0.026959171619386952,0.24164187935655193,0.7313989490240612,0.003843718039729389,0.09153816642378454,0.9046181155364861
2021-07-16,0.060214734704030694,0.4046846056605744,0.5351006596353949,0.019921890954974587,0.24563144486836044,0.7344466641766649,0.01198880382386606,0.09912682760611218,0.8888843685700218
2021-07-17,0.05866900827519407,0.3761542724144077,0.5651767193103981,0.018818243726304158,0.26067267708298075,0.7205090791907152,0.018525175035821233,0.10626310519064358,0.8752117197735352
2021-07-18,0.057326776247434735,0.35636890185118253,0.5863043219013827,0.01705430620144192,0.24671871560176964,0.7362269781967884,0.01390537500601003,0.0856300637046171,0.9004645612893729
2021-07-19,0.05461676937160302,0.3237097357873386,0.6216734948410584,0.022914457350205784,0.22463119351830585,0.7524543491314885,0.023215019057735188,0.07176978450292089,0.9050151964393439
2021-07-20,0.03584019706856509,0.3276084592852949,0.6365513436461401,0.03264296434915832,0.2067760141091555,0.7605810215416863,0.024757697665352216,0.06164944288717262,0.9135928594474751
2021-07-21,0.07079236174795037,0.2849064576093801,0.6443011806426695,0.03400537388944201,0.22315955437354687,0.742835071737011,0.029616942401892696,0.06445102216325867,0.9059320354348486
2021-07-22,0.0852493930954544,0.2331321138063958,0.6816184930981499,0.032040129546677225,0.22332227506654123,0.7446375953867815,0.02914124740199779,0.06019302038749029,0.9106657322105121
2021-07-23,0.07520759293743953,0.24020715404041104,0.6845852530221495,0.03482637842205353,0.19865805833872366,0.7665155632392229,0.023205091345270032,0.05490323588265851,0.9218916727720714
2021-07-24,0.07040239555057953,0.25816397877045766,0.6714336256789628,0.03479520567858833,0.19531219819087606,0.7698925961305356,0.019354853852925527,0.04881997462588382,0.9318251715211907
2021-07-25,0.07768707841223567,0.2736347756130374,0.648678145974727,0.036993843637879185,0.2013642588143114,0.7616418975478094,0.019126114222753114,0.058016148676360194,0.9228577371008867
2021-07-26,0.0776828927351563,0.30253277438999304,0.6197843328748507,0.03611327741557225,0.21376669451168806,0.7501200280727397,0.010915902711118227,0.06737107875669446,0.9217130185321873
2021-07-27,0.08195725287462138,0.2598140932878327,0.6582286538375459,0.025049638232832464,0.2141247800751845,0.7608255816919831,0.010471066510923879,0.0667049326693874,0.9228240008196886
2021-07-28,0.04998605398249306,0.27157850528028754,0.6784354407372194,0.027913542964344413,0.21302016398436888,0.7590662930512867,0.013626311206282672,0.06885421592844908,0.9175194728652682
2021-07-29,0.058138682324843,0.3482789487372416,0.5935823689379154,0.0282379407387806,0.20237530789170585,0.7693867513695135,0.01621152361618814,0.06668803403869464,0.9171004423451172
2021-07-30,0.06138681215232815,0.3323877408025333,0.6062254470451386,0.029783678862668056,0.2145077732204225,0.7557085479169094,0.015091110214231231,0.06435518543256069,0.9205537043532082
2021-07-31,0.08015316544410662,0.3066373619651317,0.6132094725907618,0.029227939789816564,0.22753112940662112,0.7432409308035622,0.014813932050275602,0.07151542202513213,0.9136706459245924
2021-08-01,0.0665119926755281,0.2987323905525975,0.6347556167718744,0.03018675149649797,0.23392393538094805,0.7358893131225539,0.019351391305032054,0.06911967334426988,0.9115289353506981
2021-08-02,0.0683143329776386,0.3263787387599182,0.6053069282624431,0.0262639841655133,0.231488835872626,0.7422471799618607,0.022167839753890764,0.06086549589705328,0.916966664349056
2021-08-03,0.06906891209142865,0.34416756939471427,0.5867635185138571,0.02401757358081581,0.22866094546930568,0.7473214809498785,0.031294272264297665,0.06622236638221278,0.9024833613534895
2021-08-04,0.08346852849300415,0.3410460444851111,0.5754854270218848,0.023006185565464094,0.22417942150518458,0.7528143929293513,0.02204608215327322,0.07307439667745629,0.9048795211692705
2021-08-05,0.060910586226841965,0.25263595406641276,0.6864534597067452,0.02600261688077511,0.2245604755603542,0.7494369075588708,0.01945691188794675,0.06440211516241572,0.9161409729496375
2021-08-06,0.055440088913773236,0.25974352133696,0.6848163897492667,0.025201647037043997,0.2457374126141699,0.729060940348786,0.019762502987463192,0.06181663652364522,0.9184208604888916
2021-08-07,0.035221007630890325,0.322665650341196,0.6421133420279137,0.03457804582595107,0.23714051379068804,0.7282814403833608,0.01974914742904614,0.05414814465984105,0.9261027079111128
2021-08-08,0.03291771555501692,0.3510017104478039,0.6160805739971792,0.032779374205198226,0.2363762753850731,0.7308443504097287,0.014726404892476216,0.052055918480657215,0.9332176766268665
2021-08-09,0.033127954140292404,0.3383217649933675,0.62855028086634,0.03301115820495142,0.2369145271337412,0.7300743146613073,0.013517480262206647,0.05125899755058136,0.935223522187212
2021-08-10,0.02837475878552691,0.3393737298650301,0.6322515113494429,0.035727127895174564,0.24510774813523875,0.7191651239695865,0.003318193928917886,0.06321323649090749,0.9334685695801745
2021-08-11,0.03273466508650059,0.3515548569240667,0.6157104779894327,0.04008176473300253,0.23418230735968718,0.7257359279073103,0.0016737721268211575,0.06321210083631784,0.935114127036861
2021-08-12,0.038791133883221966,0.3645538574939704,0.5966550086228076,0.04070239340777349,0.24938715719881396,0.7099104493934126,0.002401805479444369,0.07168027853148902,0.9259179159890667
2021-08-13,0.037708115633824695,0.3899516262685072,0.5723402580976681,0.04106849576852443,0.23118181519768063,0.727749689033795,0.006859213638484045,0.07618503436020091,0.9169557520013151
2021-08-14,0.04281901624545984,0.36184101814610586,0.5953399656084344,0.0352875759506509,0.23933610843339523,0.725376315615954,0.010364965606177785,0.07698022514335864,0.9126548092504636
2021-08-15,0.05563416595692874,0.32844763055884196,0.6159182034842292,0.03352073006050876,0.23861668143280856,0.7278625885066828,0.01194201132787388,0.0843544095639536,0.9037035791081726
2021-08-16,0.05098149784092161,0.2989821647986197,0.6500363373604587,0.03198287041572482,0.24077296371146098,0.7272441658728143,0.012709002049604262,0.08324871184417262,0.9040422861062232
2021-08-17,0.055040340066237585,0.3010025354771175,0.6439571244566449,0.027505279519533767,0.24603890253448077,0.7264558179459856,0.014011912853328735,0.06583648729238487,0.9201515998542864
2021-08-18,0.03869747431958584,0.28093856863081024,0.6803639570496038,0.024090157848685744,0.2500562030438425,0.7258536391074717,0.015289214662535765,0.06323669143121605,0.9214740939062481
2021-08-19,0.035036481066807915,0.2983663310123521,0.66659718792084,0.027583927495707816,0.2339063643118584,0.7385097081924338,0.014329052302589686,0.06673119316378395,0.9189397545336263
2021-08-20,0.055668974914776334,0.26650302112780805,0.6778280039574156,0.028640980114203327,0.24182788618729342,0.7295311336985034,0.01062574604736523,0.06311336467612678,0.9262608892765078
2021-08-21,0.07560887579052547,0.2478788386133528,0.6765122855961216,0.02526408646332666,0.23867702161139395,0.7360588919252794,0.00663361719823867,0.06168318766304071,0.9316831951387208
2021-08-22,0.06873143968847725,0.23242373907793482,0.6988448212335878,0.027419278953946514,0.24043186682688497,0.7321488542191684,0.016111243478154746,0.049651978893463775,0.9342367776283815
2021-08-23,0.06704359608330354,0.24910417362605403,0.6838522302906425,0.029601845459604006,0.24191950204749846,0.7284786524928976,0.016534755171603858,0.053100392153038044,0.9303648526753581
2021-08-24,0.07107544281426947,0.2954655334335067,0.6334590237522238,0.03442004068487454,0.23553609075634455,0.7300438685587808,0.015819232468787456,0.06621420800482809,0.9179665595263844
2021-08-25,0.06995889997252058,0.317441227018215,0.6125998730092643,0.03408767868868264,0.23462704686876468,0.7312852744425525,0.015191722058847352,0.07037151132973654,0.9144367666114162
2021-08-26,0.0722824781370111,0.3325408314344753,0.5951766904285136,0.03269357808439492,0.23037006173207378,0.7369363601835314,0.02489367124413592,0.06453363925525146,0.9105726895006127
2021-08-27,0.06057901927544676,0.32284504114229007,0.6165759395822632,0.036380064495680924,0.23074421608736229,0.7328757194169567,0.03044607669922261,0.06926433632192082,0.9002895869788565
2021-08-28,0.044129130518511875,0.3281197732222102,0.6277510962592779,0.04059406201363372,0.23476355587970288,0.7246423821066634,0.03416825228111301,0.0773250951221032,0.8885066525967837
2021-08-29,0.04119931343435468,0.33269137730256426,0.6261093092630812,0.04274313526607637,0.22327088761761482,0.7339859771163088,0.02652424601600032,0.08258919347891847,0.8908865605050813
2021-08-30,0.05118220235083548,0.3361038461975809,0.6127139514515836,0.04123875960795941,0.2255208782111803,0.7332403621808603,0.02633670648843621,0.08002300564756035,0.8936402878640033
2021-08-31,0.04284933113820843,0.31334570049265376,0.6438049683691378,0.03974979716632933,0.221311963249372,0.7389382395842987,0.029645794750397643,0.07247139257963972,0.8978828126699626
2021-09-01,0.057609077197333936,0.28688503548193534,0.6555058873207308,0.05435581430323579,0.21899328713092403,0.7266508985658403,0.030131736372718716,0.06552351252345986,0.9043447511038214
2021-09-02,0.05676200588376332,0.24796457824820858,0.6952734158680282,0.05448626532621129,0.23937256237065666,0.706141172303132,0.024557681514871192,0.06391746996636873,0.9115248485187601
2021-09-03,0.05544674031082342,0.3029828560715607,0.641570403617616,0.0507793620102455,0.23493984779089305,0.7142807901988615,0.020756959652701603,0.09872913887279275,0.8805139014745056
2021-09-04,0.053264191718124396,0.28528752176829486,0.6614482865135807,0.05208580841203137,0.2213263902972323,0.7265878012907364,0.018232205073757276,0.08476369201526451,0.8970041029109781
2021-09-05,0.07148851267518123,0.2871756988464935,0.6413357884783252,0.051509912271618226,0.23362373858473603,0.7148663491436458,0.014405533553028281,0.08286103512297138,0.9027334313240003
2021-09-06,0.06832009980284817,0.27966716283519844,0.6520127373619533,0.053254924768047184,0.22329259115962044,0.7234524840723324,0.015905603061253888,0.0759090893422979,0.9081853075964483
2021-09-07,0.08514293398012383,0.25288159209006555,0.6619754739298107,0.05324389993430003,0.23002116274171888,0.716734937323981,0.013235383165009381,0.07984918797170779,0.9069154288632829
2021-09-08,0.06889622372105766,0.2576035926452974,0.6735001836336449,0.03809863703858952,0.2343980601053457,0.7275033028560647,0.021923302831526097,0.08444382352635788,0.893632873642116
2021-09-09,0.07172649983376103,0.25973677223988306,0.6685367279263559,0.03977260183075798,0.23237876382664516,0.7278486343425968,0.019872774738022337,0.08089637175577116,0.8992308535062065
2021-09-10,0.07253785444070775,0.21182099502602467,0.7156411505332676,0.041619663713191445,0.22449584390498967,0.733884492381819,0.01769105246994744,0.05132031576654705,0.9309886317635055
2021-09-11,0.09342229241904265,0.21037511591775498,0.6962025916632024,0.03553227539208088,0.23726149198802393,0.7272062326198951,0.02180040714122752,0.06272470052169943,0.915474892337073
2021-09-12,0.07451682516392201,0.23844138566917197,0.687041789166906,0.03442917174686102,0.22399071513962943,0.7415801131135096,0.021835208973224086,0.05955353254556961,0.9186112584812063
2021-09-13,0.0705623881500905,0.2795903170519932,0.6498472947979163,0.03486962076184146,0.23178052145707642,0.7333498577810821,0.02153124502588307,0.06700232007114412,0.9114664349029729
2021-09-14,0.04983479610697204,0.28218320446674955,0.6679819994262784,0.03664305402501777,0.22688872451401942,0.7364682214609628,0.022120839828429398,0.06345525113143241,0.9144239090401383
2021-09-15,0.05101005022543521,0.3080904935328076,0.6408994562417571,0.041647139981645924,0.23462520266293682,0.7237276573554173,0.011372650932604152,0.06035287894848468,0.9282744701189112
2021-09-16,0.04708587315539153,0.31682574507570116,0.6360883817689074,0.042793013478550294,0.21937584563564302,0.7378311408858066,0.01611605685147409,0.05971219259294616,0.9241717505555798
2021-09-17,0.04465222481666957,0.31015405615137104,0.6451937190319594,0.04105228132863605,0.2255234799370988,0.7334242387342652,0.021091929589810307,0.05523277024444366,0.9236753001657461
2021-09-18,0.019299003124234815,0.31582949122923826,0.6648715056465269,0.050147509999718,0.22547923633668168,0.7243732536636003,0.016006764610351196,0.05449250204934382,0.9295007333403049
2021-09-19,0.027214117784111883,0.3224356895720213,0.6503501926438668,0.04817063112078798,0.22493065677506818,0.7268987121041438,0.01608372675707735,0.06293606585182875,0.9209802073910939
2021-09-20,0.025321484272587173,0.28871098029884185,0.685967535428571,0.045894000069282265,0.23487370754565692,0.7192322923850608,0.012787063255772509,0.06961871181199078,0.9175942249322367
2021-09-21,0.06631520593103121,0.2893120334762188,0.6443727605927501,0.04430235153771788,0.23601839021835827,0.7196792582439238,0.012723356775749456,0.08131354762984813,0.9059630955944025
2021-09-22,0.08185048943318027,0.27296634184428326,0.6451831687225364,0.03991643292138803,0.23123528768251403,0.7288482793960979,0.016464653647610822,0.07093172633808695,0.9126036200143023
2021-09-23,0.08909333707044634,0.26213885210023985,0.6487678108293138,0.034380728114863014,0.24337499013466599,0.722244281750471,0.014561034309142299,0.07566764109260667,0.909771324598251
2021-09-24,0.07930290939357251,0.28258252134783557,0.6381145692585919,0.03434763952509784,0.23649538917928933,0.7291569712956129,0.00950585932281892,0.07442293096366928,0.9160712097135117
2021-09-25,0.08541311937732779,0.29519516434576765,0.6193917162769045,0.03299581716130784,0.23349044212327907,0.7335137407154132,0.00936943257400648,0.06607476923519255,0.924555798190801
2021-09-26,0.07300239567341735,0.27836585673382275,0.6486317475927599,0.03330702773602205,0.22475153868967543,0.7419414335743025,0.008890459137211636,0.06278166289379251,0.9283278779689959
2021-09-27,0.07705394415449418,0.2558530014502106,0.6670930543952952,0.03841372345408592,0.20729983379215733,0.7542864427537568,0.013148949867237043,0.05374468372809492,0.9331063664046679
2021-09-28,0.035805154924441016,0.27025171637519263,0.6939431287003663,0.03978712399716993,0.2148654800922266,0.7453473959106033,0.020007290860866667,0.05310087716365773,0.9268918319754755
2021-09-29,0.02162462453955336,0.28092175668927377,0.6974536187711728,0.04931020090185356,0.21453355874720745,0.736156240350939,0.016416705684526092,0.05510691373637562,0.9284763805790983
2021-09-30,0.031139490948854293,0.3151320276809343,0.6537284813702113,0.05404063917154872,0.20939145509203624,0.7365679057364151,0.013784068097639964,0.04924545563775072,0.9369704762646093
2021-10-01,0.04352456145070792,0.3392146098605886,0.6172608286887035,0.05986818034235921,0.21671539287746514,0.7234164267801756,0.015938415340662086,0.052086196577608185,0.9319753880817297
2021-10-02,0.04443578118737575,0.3346819503454072,0.620882268467217,0.05313043175792811,0.21571790143246372,0.7311516668096082,0.022691762156911897,0.056079687385055456,0.9212285504580326
2021-10-03,0.04777944648343354,0.3456154377415816,0.6066051157749848,0.054165023891667025,0.23048921217311222,0.7153457639352206,0.022561208625301407,0.09243519090070547,0.8850036004739931
2021-10-04,0.04952680136283759,0.3382336839459198,0.6122395146912426,0.046943088558615696,0.22255937171496035,0.7304975397264241,0.018573517719318037,0.08513043460904238,0.8962960476716396
2021-10-05,0.0477018414918317,0.32114952357473714,0.6311486349334312,0.04496188669348596,0.2190538711512848,0.7359842421552293,0.011766945523488871,0.07171586820247752,0.9165171862740337
2021-10-06,0.05165895389014161,0.31632800930682003,0.6320130368030383,0.03714943104946634,0.22411208160355486,0.7387384873469788,0.019305169718522322,0.07287021293541385,0.9078246173460638
2021-10-07,0.05631039488319857,0.2589488025768278,0.6847408025399737,0.037935542453369,0.22032162774989114,0.74174282979674,0.017217816544993252,0.08192425780424795,0.9008579256507588
2021-10-08,0.051956226222791765,0.27864595430745054,0.6693978194697576,0.03008396390407783,0.22341060540415128,0.746505430691771,0.015634432482840875,0.08698290156299093,0.8973826659541682
2021-10-09,0.04662810255186427,0.2720437947921257,0.6813281026560101,0.028322268159544542,0.23120548446358177,0.7404722473768738,0.009615850408393538,0.09363983294789235,0.8967443166437141
2021-10-10,0.049519505940422995,0.26754926198292217,0.6829312320766548,0.026889816081233003,0.2281781574045922,0.7449320265141748,0.009746342505576724,0.06502666318009803,0.9252269943143252
2021-10-11,0.04277175469473132,0.30242980622663573,0.6547984390786329,0.026979396112799373,0.24386641471942505,0.7291541891677756,0.008702620774337134,0.07532179392479739,0.9159755853008655
2021-10-12,0.055768492868048275,0.32798861778465116,0.6162428893473005,0.024620912854518995,0.24369405632539198,0.731685030820089,0.013209568912159471,0.07342526457477702,0.9133651665130635
2021-10-13,0.06505231758470692,0.3400082939314914,0.5949393884838017,0.03117673153662141,0.24903801352373756,0.719785254939641,0.011208231398896859,0.07812000447047802,0.9106717641306251
2021-10-14,0.04559576333354105,0.36492912859904775,0.5894751080674112,0.027967018840807073,0.26375805509687583,0.7082749260623172,0.01165700210123755,0.08082957560432219,0.9075134222944403
2021-10-15,0.04287068356199607,0.3134661362295511,0.6436631802084528,0.03381533820117875,0.2614133203837255,0.7047713414150957,0.015414856973593013,0.0766518510064707,0.9079332920199362
2021-10-16,0.0492703146999092,0.30642241749886356,0.6443072678012272,0.037959386830179596,0.25298968801148547,0.7090509251583349,0.015458065697879237,0.07196914872133435,0.9125727855807864
2021-10-17,0.04390084217175629,0.3151437201765921,0.6409554376516516,0.04180538330038646,0.24573190780472917,0.7124627088948844,0.019589575568157214,0.08303430170623288,0.89737612272561
2021-10-18,0.04686086438154029,0.3017110628470496,0.6514280727714101,0.04429663334762823,0.24813415268784875,0.707569213964523,0.021192893262643023,0.0941925187082656,0.8846145880290913
2021-10-19,0.03934541516956423,0.28251487202633657,0.6781397128040992,0.04757998849109224,0.26316858542597993,0.6892514260829278,0.01743629789654266,0.09742175316961886,0.8851419489338385
2021-10-20,0.031099482077128482,0.25955424570012353,0.7093462722227479,0.04249002256516257,0.25295700167704827,0.7045529757577892,0.010844438581621178,0.11672702238516629,0.8724285390332125
2021-10-21,0.06597215446225999,0.2692283975794714,0.6647994479582686,0.04071787780990716,0.2506194735710337,0.7086626486190591,0.017254571196756024,0.10147711161068888,0.881268317192555
2021-10-22,0.08673008143043456,0.2740219391698694,0.6392479793996961,0.03654133072759262,0.24581216453582203,0.7176465047365853,0.017785842391195156,0.09301831813204249,0.8891958394767623
2021-10-23,0.09655225492793763,0.31256813550450946,0.590879609567553,0.032340596356806826,0.2400985848089944,0.7275608188341988,0.01752118838464766,0.08631888096908866,0.8961599306462638
2021-10-24,0.09795328904598427,0.30684891236596556,0.5951977985880501,0.031071115425788092,0.24465306409995194,0.72427582047426,0.01380476727369301,0.0927911652927488,0.8934040674335583
2021-10-25,0.09371522702807174,0.28617673231488844,0.6201080406570398,0.03439066627234461,0.251840307560608,0.7137690261670473,0.014483469949370952,0.06808081055836908,0.91743571949226
2021-10-26,0.09124540891791477,0.2911552835311147,0.6175993075509705,0.03144468662460024,0.23773231082722512,0.7308230025481747,0.020922145383451957,0.06826862406396328,0.9108092305525848
2021-10-27,0.09326547221061605,0.31144531355439675,0.5952892142349873,0.04270307758574335,0.23244056650209632,0.7248563559121602,0.026446757255280423,0.053064720660993756,0.9204885220837258
2021-10-28,0.07844465496370395,0.3475444687515503,0.5740108762847458,0.04248093473085466,0.22093663428073196,0.7365824309884134,0.02868614619894707,0.05818247544219702,0.9131313783588559
2021-10-29,0.05817847885988776,0.3467116932205194,0.5951098279195928,0.0390298105587245,0.2187692460975645,0.742200943343711,0.024377261861948614,0.06399323422317325,0.9116295039148781
2021-10-30,0.04279583926684624,0.3328343102286637,0.6243698505044901,0.03999776798805408,0.20816991006548605,0.75183232194646,0.02510659688374808,0.07228634728749583,0.9026070558287562
2021-10-31,0.04208426792277338,0.30901278175550095,0.6489029503217256,0.03878370833103554,0.21829822357581222,0.7429180680931523,0.02495072132944658,0.047987302063041075,0.9270619766075123
2021-11-01,0.051700881976217694,0.34484586350009694,0.6034532545236853,0.031615740448273,0.20058027971352962,0.7678039798381974,0.029924505480383966,0.05155997180967433,0.9185155227099417
2021-11-02,0.04932420849868357,0.3209065898713639,0.6297692016299525,0.033922371830815,0.19404219593812724,0.7720354322310579,0.022561142429844853,0.0570801292000567,0.9203587283700985
2021-11-03,0.047581872894386076,0.30468995557688894,0.6477281715287249,0.019768107942616683,0.20853467116348592,0.7716972208938975,0.019553333687607942,0.05389520951495038,0.9265514567974418
2021-11-04,0.025444616938657686,0.2624055038666885,0.7121498791946537,0.018353919304730074,0.22344744220285406,0.7581986384924159,0.017751902403021966,0.05592671944773789,0.9263213781492401
2021-11-05,0.05059838186214291,0.2493213236607809,0.7000802944770762,0.022681681091875922,0.2271836766927339,0.7501346422153903,0.02660604223804497,0.05062555504635233,0.9227684027156027
2021-11-06,0.057138138456069146,0.2355694236453753,0.7072924378985554,0.025202976298709684,0.23298962889171437,0.7418073948095758,0.026042145081090443,0.046867670449231444,0.9270901844696782
2021-11-07,0.06033053951165353,0.25952285045136136,0.6801466100369851,0.024034217748118574,0.24031383487392133,0.7356519473779602,0.028182189981160108,0.05541970094508582,0.9163981090737541
2021-11-08,0.0656878245829025,0.22830318138238126,0.7060089940347163,0.026684302081203117,0.2534969350194171,0.7198187628993797,0.025735187642044334,0.0752211118739382,0.8990437004840175
2021-11-09,0.07147041834373241,0.24517838514350576,0.6833511965127619,0.03348583573085964,0.2551621885649075,0.7113519757042329,0.02715090080771624,0.06631752544182438,0.9065315737504593
2021-11-10,0.0668019755204585,0.25437614749941384,0.6788218769801275,0.035015962699249205,0.24404469328471903,0.7209393440160318,0.028177227479622504,0.06723036637614958,0.9045924061442279
2021-11-11,0.0798471246799771,0.2368594842478552,0.6832933910721677,0.03432726502130028,0.23094413171258232,0.7347286032661176,0.024930893382167155,0.05817256293318577,0.916896543684647
2021-11-12,0.05659956473580062,0.2729578335654843,0.6704426016987151,0.03556557537958552,0.22813080433069313,0.7363036202897213,0.01541803909875964,0.07141013779964345,0.9131718231015968
2021-11-13,0.05309280086913073,0.2857074326147563,0.6611997665161129,0.02996218925590027,0.24016153229935147,0.7298762784447482,0.015267506795650336,0.07455253516147947,0.9101799580428702
2021-11-14,0.05931242838606707,0.2733219775981274,0.6673655940158055,0.03215159908599318,0.23151997775288888,0.736328423161118,0.024437539001102224,0.06781901906873891,0.9077434419301589
2021-11-15,0.04274899707723373,0.2757858218821356,0.6814651810406307,0.030900518305047146,0.2237740192618929,0.74532546243306,0.024605499753412984,0.05083133561571097,0.9245631646308761
2021-11-16,0.04877912528975292,0.27324496014651783,0.6779759145637292,0.0218987664346811,0.226188235374117,0.7519129981912019,0.02457138517996074,0.05362296053004552,0.9218056542899937
2021-11-17,0.048044114921133016,0.3108775044816061,0.6410783805972609,0.022286250182393542,0.2302209783129701,0.7474927715046363,0.027751405817877967,0.060420495389197096,0.911828098792925
2021-11-18,0.04252543435356597,0.30734812692070024,0.6501264387257338,0.02241841401500783,0.23743454412463813,0.7401470418603541,0.023058097158758326,0.06633175862457585,0.9106101442166659
2021-11-19,0.05211110882983669,0.28370494894469306,0.6641839422254703,0.017777675569334045,0.2310069103112757,0.7512154141193902,0.02746146777170421,0.06898934612150207,0.9035491861067937
2021-11-20,0.04537804148188583,0.26101193220180074,0.6936100263163134,0.01992413418557354,0.22842039641584777,0.7516554693985786,0.0338222853363199,0.06111251682360071,0.9050651978400794
2021-11-21,0.04370545364136204,0.29218294766923897,0.6641115986893991,0.022573019348380973,0.21618183123037196,0.7612451494212471,0.023794178313106394,0.05828354306664233,0.9179222786202512
2021-11-22,0.051616611001629266,0.27967112636690333,0.6687122626314674,0.028225340313563,0.21026471900487162,0.7615099406815654,0.022291521324493684,0.0578365282653603,0.919871950410146
2021-11-23,0.03598570655329945,0.26382170306378294,0.7001925903829176,0.032856001217649713,0.19972622433739573,0.7674177744449545,0.02095716015295288,0.06027299018396795,0.9187698496630792
2021-11-24,0.04056368955960718,0.19179625523638696,0.7676400552040059,0.03390411283835707,0.18729091319818525,0.7788049739634578,0.014083596221926379,0.05615920742883257,0.929757196349241
2021-11-25,0.03160918539481854,0.20245218308072452,0.7659386315244568,0.03729709667804353,0.1772558491479335,0.785447054174023,0.01711157655277415,0.06151997111211957,0.9213684523351062
2021-11-26,0.019108253079559143,0.18724439024106992,0.7936473566793709,0.04042697436980705,0.18513127389468442,0.7744417517355086,0.01659298560886615,0.05526085405745995,0.9281461603336738
2021-11-27,0.04565313310052719,0.19223096249966595,0.7621159043998069,0.04238661077468581,0.16929581812007566,0.7883175711052385,0.009033287705382613,0.061379281712692656,0.9295874305819247
2021-11-28,0.040308531458338896,0.16449993163633994,0.7951915369053211,0.045682931516256485,0.1861824268913025,0.7681346415924409,0.009331258378981128,0.06824419469836022,0.9224245469226586
2021-11-29,0.04026871912742601,0.18891036894200688,0.7708209119305671,0.041921654167571626,0.18652263715155623,0.7715557086808721,0.006998621487052265,0.07490660728885036,0.9180947712240973
2021-11-30,0.04133241539176291,0.22161789532670523,0.7370496892815319,0.03622918896577971,0.20311112640148074,0.7606596846327395,0.011540976553791757,0.0777852496767723,0.9106737737694359
2021-12-01,0.05725359892975637,0.24170365561474372,0.7010427454554999,0.0336509145556619,0.20379059855952972,0.7625584868848083,0.014090402385743711,0.07429624271740395,0.9116133548968524
2021-12-02,0.0676583713578302,0.25670326713451536,0.6756383615076544,0.0293707144919286,0.20824821207745306,0.7623810734306183,0.010496111908655192,0.05878397884428195,0.9307199092470628
2021-12-03,0.07659041750143344,0.28190323933481287,0.6415063431637538,0.03143559097155865,0.20584204816381446,0.7627223608646269,0.008365265296507824,0.06771618510527974,0.9239185495982124
2021-12-04,0.05427610719693766,0.3006480791502463,0.6450758136528161,0.03268007969228402,0.216108377060139,0.7512115432475769,0.00780426081244946,0.0641911949559153,0.9280045442316351
2021-12-05,0.05846165020363812,0.32688061084611053,0.6146577389502514,0.03180139469686569,0.199939054871938,0.7682595504311963,0.0066301157557404,0.060594947097970274,0.9327749371462892
2021-12-06,0.05793812001966554,0.35824571401667504,0.5838161659636594,0.03316316536441396,0.1953491706214839,0.7714876640141021,0.0064856273519264184,0.06164232793318465,0.9318720447148889
2021-12-07,0.05933648984339,0.31936188117503383,0.621301628981576,0.03693269480606651,0.1922513214785236,0.7708159837154098,0.0022934090441967224,0.06830512228254751,0.9294014686732557
2021-12-08,0.035235144775903476,0.3161482096443436,0.6486166455797528,0.03667778327042594,0.19487983869780887,0.7684423780317652,0.002240923517847778,0.08305789432124687,0.9147011821609052
2021-12-09,0.022879253796662544,0.3083992622332005,0.6687214839701369,0.044815899050174385,0.18543770076905772,0.7697464001807678,0.0022614770539676004,0.08383192991752912,0.9139065930285033
2021-12-10,0.03205402390138133,0.27295423493791743,0.6949917411607012,0.050414774757464025,0.18358598633037207,0.765999238912164,0.0023506363609640695,0.07526846977478742,0.9223808938642485
2021-12-11,0.09682944745051364,0.2620969919585976,0.6410735605908888,0.04684620217141349,0.17022947018739018,0.7829243276411963,0.0023686397746898627,0.076090505100404,0.9215408551249061
2021-12-12,0.10539120777208683,0.2463518298080355,0.6482569624198777,0.036411600427625875,0.16787926092582248,0.7957091386465517,0.002328569061554613,0.07366488241044648,0.9240065485279989
2021-12-13,0.12992955183587368,0.21031445705480922,0.659755991109317,0.03111099439529053,0.19141193251502986,0.7774770730896797,0.002354072325630897,0.0747809785950535,0.9228649490793156
2021-12-14,0.1349493291470619,0.23215056036132264,0.6329001104916154,0.03482346394847874,0.18531517994543836,0.7798613561060829,0.010006134206729436,0.06532347225869181,0.9246703935345788
2021-12-15,0.1455019244761374,0.24432901250777367,0.610169063016089,0.03561156024065891,0.19062890264613178,0.7737595371132092,0.007665922988143868,0.06713974576221776,0.9251943312496383
2021-12-16,0.13459202487725644,0.25980806878371016,0.6055999063390334,0.032931499387460796,0.19365015592760337,0.7734183446849358,0.010303357815460835,0.08154329047016176,0.9081533517143774
2021-12-17,0.12500521490210273,0.28511082177531255,0.5898839633225847,0.024382037168077422,0.186008454855587,0.7896095079763356,0.014015483335082044,0.08770188156870216,0.8982826350962159
2021-12-18,0.09758904779631764,0.2625302419344834,0.639880710269199,0.02414335479504516,0.21324084401135232,0.7626158011936025,0.018722501430326874,0.08663530903692769,0.8946421895327454
2021-12-19,0.0893812256744864,0.2609751159863235,0.64964365833919,0.028973801455711254,0.21863286066450138,0.7523933378797873,0.019253442374700558,0.09679791051074213,0.8839486471145573
2021-12-20,0.06191617505370138,0.283271003585109,0.6548128213611895,0.03558848613642785,0.2149695125229243,0.7494420013406478,0.018710353496484526,0.0939275961587393,0.8873620503447761
2021-12-21,0.04979823983215009,0.30570000048724316,0.6445017596806067,0.02950814680904616,0.2325246795923581,0.7379671735985958,0.013103282118323538,0.09649801210126965,0.8903987057804068
2021-12-22,0.04588096425689614,0.2864054906356969,0.667713545107407,0.03169505091165351,0.2317268608686125,0.736578088219734,0.0132220965432286,0.09401584248681549,0.8927620609699558
2021-12-23,0.06294182184268449,0.3064964026757503,0.6305617754815651,0.03390489803608163,0.23337644103197797,0.7327186609319405,0.012490935728473795,0.0920443828382241,0.895464681433302
2021-12-24,0.06984366832217896,0.32354713576027955,0.6066091959175415,0.0370538528714243,0.24012897700580638,0.7228171701227692,0.010841920628228783,0.09910687864749859,0.8900512007242726
2021-12-25,0.05361473462046825,0.3306200229794119,0.6157652424001199,0.04082156002209713,0.22614680548734148,0.7330316344905614,0.007427166780300179,0.10411322128036608,0.8884596119393338
2021-12-26,0.049941652925275304,0.342203081951342,0.6078552651233826,0.040605886189273514,0.2165096653972601,0.7428844484134665,0.007341940629810185,0.09931568230228004,0.8933423770679099
2021-12-27,0.046343274093948575,0.31578099161458684,0.6378757342914645,0.03854598039036005,0.20790316364781314,0.7535508559618268,0.007310567089133069,0.12012716205311778,0.8725622708577492
2021-12-28,0.05149751678067101,0.2832855886141148,0.6652168946052142,0.039361260091669924,0.19236414909695806,0.7682745908113721,0.009964995184315293,0.11051959050252275,0.879515414313162
2021-12-29,0.05782941568291394,0.30614486534420526,0.6360257189728808,0.040048762100254535,0.18181096447128028,0.7781402734284651,0.018447761029238147,0.09644133484938358,0.8851109041213783
2021-12-30,0.044141044434761585,0.29948227925421045,0.6563766763110279,0.03921564255926228,0.18697954975305056,0.7738048076876871,0.0163320939357883,0.08726058970588967,0.8964073163583222
2021-12-31,0.03807055765198665,0.2833598796820695,0.6785695626659438,0.038903871865333804,0.18900568611789245,0.7720904420167738,0.015745270010303965,0.06614113300324105,0.9181135969864549
2022-01-01,0.04729351442500061,0.2718168653778837,0.6808896201971157,0.03620093001246691,0.18651486530381337,0.7772842046837197,0.01753716467213263,0.05801920062126576,0.9244436347066016
2022-01-02,0.051239994849052006,0.26351435873957313,0.685245646411375,0.0354719037216667,0.18719163585843468,0.7773364604198987,0.019037001302610556,0.057460856723186654,0.9235021419742029
2022-01-03,0.062075665435990135,0.2673060059190839,0.6706183286449259,0.03808552887314846,0.18314445686962358,0.7787700142572279,0.022870655773048656,0.03442084106707048,0.9427085031598809
2022-01-04,0.07608530618437546,0.29040773983011037,0.6335069539855142,0.04292747533125712,0.17916070430248174,0.7779118203662613,0.022519395685644504,0.03407523347075177,0.9434053708436037
2022-01-05,0.06628561451955177,0.27119450293859537,0.6625198825418529,0.04358551243741484,0.18878416978726295,0.7676303177753221,0.01750250659550503,0.043903245345919294,0.9385942480585756
2022-01-06,0.06587881716512052,0.22638033542092545,0.7077408474139542,0.04237750937301865,0.18664179184636565,0.7709806987806157,0.017969463930050056,0.04767833822388971,0.9343521978460603
2022-01-07,0.05777626771415788,0.24250311465436464,0.6997206176314774,0.04172712758444963,0.19245325969443203,0.7658196127211183,0.01897632467229802,0.054766910807917166,0.9262567645197848
2022-01-08,0.050195638167480496,0.26627207330837466,0.6835322885241448,0.039363372457508684,0.21144899826238076,0.7491876292801106,0.020002445676519716,0.058970587177674935,0.9210269671458053
2022-01-09,0.1004223258706715,0.2734407354928418,0.6261369386364867,0.037151777253689476,0.21304291712872572,0.7498053056175848,0.02201874251053912,0.06191915465148849,0.9160621028379724
2022-01-10,0.09578426771294841,0.28378973014903536,0.6204260021380164,0.03421914206638215,0.2150502743039128,0.750730583629705,0.021277995808210805,0.05820097640333158,0.9205210277884577
2022-01-11,0.08204046689825822,0.2857737780975451,0.6321857550041967,0.03484258284592827,0.22253024374990785,0.742627173404164,0.01633153519771389,0.06009641130950058,0.9235720534927856
2022-01-12,0.08585784006833376,0.3247371164245825,0.5894050435070839,0.0339336368431232,0.23077749776200185,0.7352888653948749,0.011948781826872234,0.050094232695595715,0.937956985477532
2022-01-13,0.10584437893776867,0.3429411659910123,0.551214455071219,0.03379340137093623,0.22343881211241742,0.7427677865166463,0.025337978934395697,0.05428513706595242,0.9203768839996518
2022-01-14,0.11375943562579027,0.3108350894966792,0.5754054748775306,0.030565842168354198,0.22667597795708203,0.7427581798745638,0.024068040528739766,0.04867678662475791,0.9272551728465024
2022-01-15,0.11989707497330468,0.2919042882234387,0.5881986368032565,0.03363998526423887,0.2166599261960268,0.7497000885397344,0.022122065726499086,0.06214487812645604,0.9157330561470449
2022-01-16,0.06813427774090222,0.26698773983520985,0.664877982423888,0.03797883371016825,0.22900525538187122,0.7330159109079606,0.02029112679365664,0.06386918588187168,0.9158396873244716
2022-01-17,0.059273314862877596,0.2745989957873886,0.6661276893497339,0.03782671083454588,0.22852993225256021,0.7336433569128938,0.019951201082123185,0.06469932458517835,0.9153494743326984
2022-01-18,0.06069760236609246,0.259491983755107,0.6798104138788004,0.03716047897139719,0.2137794169948265,0.7490601040337763,0.022632995542693296,0.06233722783408588,0.9150297766232208
2022-01-19,0.056416927398207195,0.21178589612461635,0.7317971764771765,0.033399903952760004,0.21673094549936237,0.7498691505478777,0.022223663648366837,0.05989701114710461,0.9178793252045285
2022-01-20,0.04281568770937966,0.23678984272898135,0.7203944695616391,0.03531052016049164,0.22539260578504328,0.7392968740544651,0.012566884043810246,0.056882808708061186,0.9305503072481286
2022-01-21,0.04370239940179347,0.23560964408478574,0.7206879565134208,0.036937257679381774,0.2126496285231502,0.750413113797468,0.01758598850605928,0.06510218204363108,0.9173118294503095
2022-01-22,0.05761533121566758,0.22451433409586277,0.7178703346884697,0.0344438357968077,0.20315967240776076,0.7623964917954317,0.01578978028878246,0.05934114830347726,0.9248690714077403
2022-01-23,0.046038746111221926,0.2343457927597305,0.7196154611290476,0.03183802666801105,0.19784102676738965,0.7703209465645994,0.014224891696503953,0.051690145592463044,0.934084962711033
2022-01-24,0.07191976808523527,0.21775201491758617,0.7103282169971785,0.03328513594678975,0.19473423068506,0.7719806333681504,0.012611124453547274,0.05862250774395479,0.928766367802498
2022-01-25,0.07314752927615004,0.21555971697476023,0.7112927537490898,0.03356356759464888,0.21100985612471504,0.7554265762806361,0.010076194692833346,0.06505201952552855,0.9248717857816381
2022-01-26,0.11668992542565362,0.23791301646668545,0.6453970581076609,0.03820461723348053,0.19680014829802017,0.7649952344684993,0.01011228669146798,0.0764401402847964,0.9134475730237356
2022-01-27,0.12415137087218629,0.20795717380587841,0.6678914553219353,0.03856717473452078,0.1932396314729313,0.7681931937925479,0.04453829340991328,0.07111180317628134,0.8843499034138054
2022-01-28,0.13995787160425766,0.23612361514831887,0.6239185132474234,0.042288653228659996,0.191651775223829,0.7660595715475109,0.03943095264134678,0.06227447682527561,0.8982945705333776
2022-01-29,0.1382271555889375,0.24511248187422197,0.6166603625368405,0.05138192564884039,0.19010004214569778,0.7585180322054619,0.03943746805889181,0.06250599755072751,0.8980565343903807
2022-01-30,0.14593521962830733,0.25567397313571893,0.5983908072359738,0.05104120927612694,0.21152657073447925,0.7374322199893938,0.03858194972143464,0.06797607973799555,0.8934419705405698
2022-01-31,0.14024451623747394,0.24094156479190665,0.6188139189706193,0.04594241668975696,0.2248947145047823,0.7291628688054609,0.03652878419804712,0.056520638972665835,0.906950576829287
2022-02-01,0.14887934936939096,0.2582452507062808,0.5928753999243281,0.03969157909957951,0.2248705343740025,0.7354378865264181,0.04628920567566377,0.05503179078751702,0.8986790035368192
2022-02-02,0.09990818484542924,0.2511264523850588,0.648965362769512,0.036822881883910745,0.22465374876718927,0.7385233693489001,0.05084357331479747,0.042279373327759405,0.9068770533574431
2022-02-03,0.08652892903587914,0.26861012943898754,0.6448609415251334,0.035120895458523683,0.2167317325074891,0.7481473720339872,0.029138075530903394,0.0722087611182974,0.8986531633507993
2022-02-04,0.06808265601310623,0.2745277220607042,0.6573896219261897,0.037967293113689994,0.21845072838389892,0.743581978502411,0.03335590793034398,0.06855765533571255,0.8980864367339434
2022-02-05,0.051350152177390015,0.26630407498745945,0.6823457728351505,0.034739478953045015,0.2259601532653487,0.7393003677816062,0.03889992700794896,0.08970820834022634,0.8713918646518247
2022-02-06,0.04602969505945215,0.268872336084351,0.6850979688561969,0.035203464718064646,0.21908121394639854,0.7457153213355369,0.04041128037444039,0.09382182048600435,0.8657668991395553
2022-02-07,0.027674476830306834,0.2930345024246307,0.6792910207450626,0.03716840811780614,0.2206508395881713,0.7421807522940226,0.041939029735131014,0.09654602266059946,0.8615149476042696
2022-02-08,0.028149451594057073,0.261822750221008,0.710027798184935,0.03510260423306736,0.2165332270704979,0.7483641686964347,0.04122725936621352,0.10607128911878835,0.8527014515149981
2022-02-09,0.030738176851943935,0.26266043083826157,0.7066013923097945,0.03362804827059052,0.2119732844115341,0.7543986673178753,0.038502716854131695,0.11296792490457791,0.8485293582412904
2022-02-10,0.027367143004698835,0.24738605718283535,0.7252467998124658,0.031798074186042295,0.2160462567589109,0.7521556690550467,0.03219597775283591,0.09906028987591418,0.8687437323712499
2022-02-11,0.02482898727031772,0.26542146162698,0.7097495511027023,0.026085076163322545,0.21991825129545806,0.7539966725412194,0.037976113125365474,0.11448687833741039,0.8475370085372241
2022-02-12,0.046163380618105564,0.26159680990998807,0.6922398094719062,0.018329253253719518,0.22103726685300315,0.7606334798932773,0.037886328187308076,0.089849986605094,0.872263685207598
2022-02-13,0.05548448571738539,0.29600288311742995,0.6485126311651848,0.02658045646363447,0.2051225247018369,0.7682970188345286,0.034035506586662184,0.08577386314160727,0.8801906302717306
2022-02-14,0.055914297454399686,0.3000719235600938,0.6440137789855065,0.030951983335224417,0.19754784373737044,0.771500172927405,0.03179568770938286,0.09881250665549066,0.8693918056351264
2022-02-15,0.05041240918691353,0.33380408142920903,0.6157835093838775,0.03200292557026254,0.20223590265665448,0.7657611717730831,0.025708848257180502,0.09919448670926888,0.8750966650335508
2022-02-16,0.04843205691800209,0.35372165283926926,0.5978462902427287,0.03789795945685692,0.21599710422154128,0.7461049363216018,0.02810495443401623,0.09449393838160956,0.8774011071843741
2022-02-17,0.0513724359422575,0.3488395564605551,0.5997880075971875,0.03873685888060839,0.2339415912503168,0.7273215498690749,0.026698275673883252,0.09194322583798664,0.8813584984881301
2022-02-18,0.09577103386643901,0.3032768089139002,0.6009521572196608,0.0378913255521257,0.2355158546208236,0.7265928198270507,0.01670254950987366,0.06983364371156756,0.9134638067785588
2022-02-19,0.08332408854113123,0.30029907894670216,0.6163768325121666,0.05199035117667341,0.22966466970086333,0.7183449791224632,0.011002397212314989,0.07186177111333591,0.9171358316743491
2022-02-20,0.09746941867592501,0.25638873752587055,0.6461418437982045,0.04243277676498256,0.24305712675979688,0.7145100964752206,0.01113403841288249,0.07236196917324476,0.9165039924138727
2022-02-21,0.11775459921392142,0.25533630777153155,0.6269090930145471,0.036411263741975224,0.23820209063573863,0.7253866456222862,0.01965530032510034,0.06172767643109288,0.9186170232438068
2022-02-22,0.15065223335250988,0.20922889211854911,0.640118874528941,0.03567719620434022,0.24841600108852221,0.7159068027071376,0.016919903654106512,0.04603522434592301,0.9370448719999704
2022-02-23,0.14565961421421803,0.2000731574302544,0.6542672283555276,0.03339264079987323,0.2516605490110993,0.7149468101890276,0.012443853598102224,0.052727704400797965,0.9348284420010998
2022-02-24,0.17010953966791337,0.22442335405639652,0.6054671062756902,0.03498699163339151,0.2400144213838591,0.7249985869827494,0.016702503900707204,0.04374374683874034,0.9395537492605526
2022-02-25,0.13050149267850777,0.23785586532441033,0.631642641997082,0.03611862788364576,0.23664677566508927,0.7272345964512651,0.018079237752809996,0.06266162020489155,0.9192591420422985
2022-02-26,0.1242127051165284,0.25668141885997353,0.619105876023498,0.024219908687260105,0.2565033152020155,0.7192767761107243,0.021113437751949446,0.05496937928656784,0.9239171829614827
2022-02-27,0.11092200102515846,0.22431100396413828,0.6647669950107031,0.023105887775618672,0.2310468652260894,0.745847246998292,0.021633218020480134,0.05135438438245205,0.9270123975970679
2022-02-28,0.09372253036470622,0.21878383411689772,0.687493635518396,0.024265345817020858,0.22286755553201373,0.7528670986509655,0.019464487599756018,0.04746559456895294,0.9330699178312911
2022-03-01,0.08286564441973249,0.2331105433134975,0.6840238122667699,0.02848854352980675,0.22453509891209852,0.7469763575580948,0.023292815105681316,0.053885480606691065,0.9228217042876277
2022-03-02,0.10077894041088532,0.2613815802227307,0.637839479366384,0.026907544953274357,0.23509534566998025,0.7379971093767455,0.02551612173351686,0.050028323291608896,0.9244555549748743
2022-03-03,0.08948112838510697,0.2305805941335771,0.679938277481316,0.030541412152226555,0.23232620049114136,0.737132387356632,0.017561117774967334,0.0577527359266021,0.9246861462984306
2022-03-04,0.07845964377350709,0.2940083817489997,0.6275319744774933,0.03117195652489949,0.2520027170599664,0.7168253264151341,0.02763730711590668,0.05353374116723188,0.9188289517168614
2022-03-05,0.0906044434676031,0.2899697579555768,0.6194257985768201,0.03331951481993275,0.22156088417617278,0.7451196010038945,0.027199893238373477,0.055184517286628924,0.9176155894749976
2022-03-06,0.08165947734693342,0.3500157323114924,0.568324790341574,0.03519810039032093,0.23352251027439208,0.731279389335287,0.02630325045621951,0.06024686039530624,0.9134498891484742
2022-03-07,0.1222443159969175,0.3509542316788814,0.5268014523242011,0.038672994123811276,0.25627747196680256,0.7050495339093862,0.02009552633046789,0.06765906889314073,0.9122454047763914
2022-03-08,0.10297120089107001,0.35339222890418576,0.5436365702047442,0.04053452294208414,0.2522789476409326,0.7071865294169832,0.03016556777958116,0.07275576394874606,0.8970786682716727
2022-03-09,0.08707830075443904,0.36241383532928173,0.5505078639162793,0.0377187709396542,0.23039549081968258,0.731885738240663,0.03477735295401529,0.08810020119596468,0.8771224458500201
2022-03-10,0.07727331798518747,0.37085349789567956,0.551873184119133,0.03937192450370862,0.22870941382764642,0.7319186616686449,0.03616583826850962,0.10773021303069799,0.8561039487007924
2022-03-11,0.0814804803525137,0.26609688569044776,0.6524226339570385,0.035974653144853895,0.21235816016659104,0.751667186688555,0.028360608576072914,0.09640079088992992,0.8752386005339972
2022-03-12,0.07407029436139223,0.26662159458248447,0.6593081110561234,0.03312084484517273,0.21613811944016734,0.7507410357146599,0.026777214938548795,0.09055737944716562,0.8826654056142855
2022-03-13,0.09671687943866934,0.25480400592880165,0.6484791146325289,0.03401850955338534,0.23033244608555745,0.7356490443610572,0.027566797617615827,0.09639917544154912,0.8760340269408351
2022-03-14,0.06504172338242009,0.22119841864943196,0.7137598579681479,0.03545343819302668,0.243757883234157,0.7207886785728164,0.029813734080939507,0.08789692346313005,0.8822893424559304
2022-03-15,0.07153132374138056,0.2447679613019024,0.6837007149567169,0.03220956731351736,0.2319638827730112,0.7358265499134714,0.017579391513562963,0.08226343611944742,0.9001571723669897
2022-03-16,0.07280388704245563,0.20726419252534917,0.7199319204321952,0.03492291725451535,0.24288521207192149,0.7221918706735632,0.013097679268853822,0.06830231435657341,0.9186000063745727
2022-03-17,0.056133720901374265,0.2530508976808187,0.6908153814178071,0.027116463497923755,0.24190332846015464,0.7309802080419215,0.020266103880545224,0.04681184965038593,0.9329220464690688
2022-03-18,0.0787653369098335,0.2620185797145177,0.6592160833756489,0.026360042078096352,0.2586448496119151,0.7149951083099886,0.026262182737935378,0.03900431587073263,0.934733501391332
2022-03-19,0.07954323526500498,0.3126723420889993,0.6077844226459956,0.02480332117857435,0.28036359787142495,0.6948330809500006,0.025213040301497104,0.04939697930554215,0.9253899803929607
2022-03-20,0.072602827477081,0.30009852621375954,0.6272986463091594,0.026891491589512356,0.2698501315962594,0.7032583768142281,0.02437225582848222,0.04885920430607281,0.9267685398654448
2022-03-21,0.07406395006659397,0.3284379927981173,0.5974980571352887,0.019651425556512597,0.2511832219826267,0.7291653524608606,0.02879544092161397,0.050752421460880846,0.9204521376175052
2022-03-22,0.07703525170925579,0.310603793817522,0.6123609544732223,0.020827759445303105,0.2634760374676009,0.7156962030870959,0.028616278811380635,0.054260492050896614,0.9171232291377227
2022-03-23,0.06486358930006822,0.2887227091395378,0.6464137015603941,0.020227768479251503,0.24676227806372406,0.7330099534570245,0.02506995300588696,0.05453480361978208,0.920395243374331
2022-03-24,0.06118364386319208,0.3128937959137789,0.625922560223029,0.020941424146483062,0.25582730844895135,0.7232312674045657,0.025946869666274457,0.0541165737593182,0.9199365565744073
2022-03-25,0.053830113445112106,0.3178450122911541,0.6283248742637338,0.016023105489783144,0.2562482193895127,0.7277286751207043,0.02036955994140821,0.06358589793383758,0.9160445421247542
2022-03-26,0.05378832562072695,0.3095024741482849,0.6367092002309882,0.01591043931640961,0.24028986465363486,0.7437996960299555,0.023286889249943106,0.06589195217972219,0.9108211585703347
2022-03-27,0.034447537953651616,0.34558259623404486,0.6199698658123036,0.01198577565779474,0.24459314187247516,0.7434210824697299,0.024134082787192732,0.06239274818522203,0.9134731690275852
2022-03-28,0.03885257926732127,0.3681376676948234,0.5930097530378553,0.018660702953752894,0.24104560827401786,0.7402936887722293,0.01481101760152733,0.05792699090237025,0.9272619914961024
2022-03-29,0.03604088042230175,0.3610237337739005,0.6029353858037978,0.015830938215027752,0.23474382896405147,0.7494252328209208,0.027318447707934908,0.05404365137387468,0.9186379009181904
2022-03-30,0.04946358723392981,0.42147571037180664,0.5290607023942635,0.019250405094060733,0.24088685438533428,0.739862740520605,0.02702362134148168,0.048073949314873014,0.9249024293436453
2022-03-31,0.059856107753319246,0.38709261819499025,0.5530512740516904,0.018925046031808154,0.2475946269595519,0.7334803270086399,0.020575045760197936,0.06011441045030885,0.9193105437894932
2022-04-01,0.050061201966175015,0.38175306424357947,0.5681857337902455,0.018814830441326667,0.25146708515144206,0.7297180844072312,0.02259384178054842,0.06858955346752532,0.9088166047519264
2022-04-02,0.045101028014917346,0.3342594979972772,0.6206394739878054,0.021968682148383278,0.24306192210020336,0.7349693957514134,0.024839946878140028,0.06848329544082787,0.9066767576810321
2022-04-03,0.04417840773822804,0.3090026426729525,0.6468189495888195,0.02254161285357402,0.2514188501071413,0.7260395370392847,0.028514130952311423,0.06276454907717334,0.9087213199705153
2022-04-04,0.03019518015274024,0.2943010782910726,0.6755037415561872,0.016534060606092815,0.25033800768043335,0.7331279317134737,0.026774854038740886,0.06388758895617125,0.9093375570050879
2022-04-05,0.031326021583880884,0.2787747305565376,0.6898992478595816,0.015679091103340825,0.27023476994525786,0.7140861389514014,0.026593604427370097,0.06394129462866477,0.9094651009439652
2022-04-06,0.02013691893914173,0.2340678942620332,0.7457951867988251,0.015875496227291577,0.2623261547320799,0.7217983490406286,0.027702540093637228,0.07552292384900701,0.8967745360573558
2022-04-07,0.04321167358489204,0.25033496287837176,0.7064533635367362,0.013791690236956623,0.24358853364729216,0.7426197761157513,0.028394080675994592,0.07803431419443474,0.8935716051295706
2022-04-08,0.050662838222284005,0.2679864619923533,0.6813506997853627,0.015567859547175515,0.23200724083540022,0.7524248996174242,0.029824107787241417,0.06755436159326954,0.9026215306194891
2022-04-09,0.04724938310758609,0.28394049353422846,0.6688101233581855,0.013802314876996758,0.24824494128513197,0.7379527438378712,0.02318315865130563,0.06473493264882837,0.9120819086998659
2022-04-10,0.045840321623662146,0.3194606940585631,0.6346989843177748,0.015520468955297783,0.2279171020800672,0.756562428964635,0.01889112541920203,0.06780804171882107,0.9133008328619769
2022-04-11,0.04495314403338029,0.31485316996420565,0.6401936860024141,0.01868367861653955,0.22623198408496412,0.7550843372984963,0.018742093237432186,0.07820533685411393,0.903052569908454
2022-04-12,0.03648341796525942,0.3394202046887571,0.6240963773459836,0.023128162621582835,0.19299675951214504,0.7838750778662721,0.01349916723310269,0.07560419239398687,0.9108966403729104
2022-04-13,0.04487293167998161,0.3521339599885619,0.6029931083314566,0.01877864067938638,0.22037248736684134,0.7608488719537722,0.014039715807154953,0.08865104864568026,0.8973092355471648
2022-04-14,0.014671807595698985,0.33181990081026924,0.6535082915940318,0.02338948237370987,0.21651333652875204,0.7600971810975382,0.011042792588115195,0.0696959835884318,0.919261223823453
2022-04-15,0.00940039581470595,0.3085437775140103,0.6820558266712837,0.023547668917052244,0.21343207372940254,0.7630202573535452,0.006444585395414117,0.07574513658322324,0.9178102780213626
2022-04-16,0.009469903586367408,0.34959082445390555,0.6409392719597271,0.024352036004237198,0.20146787031514546,0.7741800936806174,0.006267540288955613,0.06634020117250268,0.9273922585385417
2022-04-17,0.00977529860329117,0.3294640760166515,0.6607606253800573,0.02011755392629306,0.20766341417076387,0.772219031902943,0.017344300433372154,0.08012896956996324,0.9025267299966646
2022-04-18,0.007009980830335676,0.33646914850297144,0.656520870666693,0.024199050754334064,0.2007991526081784,0.7750017966374875,0.024472153910581766,0.08680704256485475,0.8887208035245635
2022-04-19,0.007757208561555486,0.3559982075847232,0.6362445838537214,0.01952653911088907,0.2119192516341503,0.7685542092549605,0.02063289502348208,0.0897044049913485,0.8896626999851693
2022-04-20,0.0,0.36813581806465046,0.6318641819353494,0.022365367407837174,0.19775881362267245,0.7798758189694904,0.02254240422118685,0.07355782988715544,0.9038997658916577
2022-04-21,0.0,0.34733075389296264,0.6526692461070374,0.01840294439712967,0.2053089760408073,0.7762880795620631,0.020906119241409515,0.10320925156376923,0.8758846291948212
2022-04-22,0.012601522848237281,0.3683833546885722,0.6190151224631906,0.017279088304892196,0.19444131139148513,0.7882796003036227,0.03175449942169255,0.10734752780500625,0.8608979727733013
2022-04-23,0.014033291831453621,0.34722050230423795,0.6387462058643083,0.01750459697014572,0.19998699830351008,0.7825084047263443,0.03892962609269201,0.12049713993998265,0.8405732339673253
2022-04-24,0.024364832336188347,0.3404551349409579,0.6351800327228537,0.016520927797161997,0.20823400282560445,0.7752450693772337,0.04061496971947999,0.10134657013185638,0.8580384601486637
2022-04-25,0.022972694697310607,0.3664062738610834,0.6106210314416061,0.011413864477588034,0.21073664566480418,0.7778494898576077,0.0488098025181555,0.08719169904234375,0.8639984984395007
2022-04-26,0.02286011971014631,0.36443375541350026,0.6127061248763535,0.011512610308661608,0.21147633919838307,0.7770110504929554,0.06079640080002798,0.09741093091669886,0.8417926682832731
2022-04-27,0.03847874127853739,0.34846367126021116,0.6130575874612514,0.011993122695748695,0.21536913127509408,0.7726377460291571,0.06292842026083945,0.10681923936281369,0.8302523403763468
2022-04-28,0.04884471906291569,0.3899300892279265,0.5612251917091579,0.01865985472531785,0.22427609177906146,0.7570640534956207,0.06278741017355431,0.0907334343233348,0.8464791555031109
2022-04-29,0.05632253313947838,0.3704175361899199,0.5732599306706017,0.01734454691694835,0.24561780744620068,0.7370376456368509,0.052196089470650714,0.07888719307150192,0.8689167174578474
2022-04-30,0.06179648880781492,0.32152304969963447,0.6166804614925505,0.017057497502198798,0.26063331106441373,0.7223091914333875,0.0456087268350184,0.07400517328812951,0.880386099876852
2022-05-01,0.07081838522444123,0.3151883522986282,0.6139932624769304,0.0211030496564717,0.2501531905534465,0.7287437597900818,0.0393048856928789,0.07138675053615841,0.8893083637709627
2022-05-02,0.07116174245760858,0.2799744171224632,0.6488638404199283,0.018718137234365943,0.26649877187410653,0.7147830908915275,0.027061319584957323,0.06775575947733488,0.9051829209377078
2022-05-03,0.07871281003372244,0.24030962621009344,0.6809775637561841,0.020031113351337695,0.27428506012133264,0.7056838265273297,0.01710377443615907,0.052482849004349075,0.9304133765594919
2022-05-04,0.07982894093114543,0.26991435856022883,0.6502567005086257,0.015449005857004414,0.2731729919040742,0.7113780022389214,0.011865010750624485,0.03562383095266885,0.9525111582967066
2022-05-05,0.06670963525607981,0.21458778724679461,0.7187025774971256,0.013170001551214686,0.2578805649767905,0.7289494334719947,0.02291005542932786,0.032349134238608517,0.9447408103320636
2022-05-06,0.07618680756897764,0.21404487772670105,0.7097683147043214,0.01823695594461081,0.2587156510771556,0.7230473929782336,0.024306182687972983,0.05006579222215801,0.925628025089869
2022-05-07,0.09662769435546546,0.26428013473511985,0.6390921709094146,0.02172644356276625,0.2622367810537364,0.7160367753834974,0.034189278948832,0.05270117167516443,0.9131095493760035
2022-05-08,0.07964971690714884,0.29368071369908766,0.6266695693937635,0.018866106084092664,0.26374400032822815,0.7173898935876792,0.03132229205121824,0.05673961385918071,0.9119380940896011
2022-05-09,0.07392272207335983,0.2957044465916656,0.6303728313349746,0.02708480972236128,0.2523685695691306,0.7205466207085082,0.03484436788483145,0.06031931867623463,0.9048363134389339
2022-05-10,0.06956503873748505,0.31396450850923247,0.6164704527532825,0.024921570219484313,0.24994912668602817,0.7251293030944875,0.04589321589912414,0.07379621951466682,0.880310564586209
2022-05-11,0.047313306410925036,0.32552532714387183,0.6271613664452032,0.024617179973814032,0.25188346210858903,0.7234993579175969,0.04389473282942913,0.10115667173264661,0.8549485954379243
2022-05-12,0.048643928476422155,0.3458569703224293,0.6054991012011486,0.024118072535604922,0.2610244348626309,0.7148574926017641,0.03596731552551895,0.1000486777822979,0.8639840066921832
2022-05-13,0.029861515984136076,0.2934397937569707,0.6766986902588932,0.0223450393892297,0.2612774929969295,0.7163774676138409,0.04471972030469922,0.08995112170168781,0.865329157993613
2022-05-14,0.0049441894274150815,0.2846428219057006,0.7104129886668843,0.01875226982830007,0.24269790022549428,0.7385498299462058,0.03691719207132861,0.07981156314048292,0.8832712447881885
2022-05-15,0.004611315639351648,0.266638792397055,0.7287498919635933,0.02059109339059895,0.25155472690318237,0.7278541797062186,0.039079484330164345,0.08102877628699545,0.8798917393828403
2022-05-16,0.01292594381518053,0.272707031689498,0.7143670244953215,0.012371664259849867,0.2600755097491195,0.7275528259910305,0.032737436278105096,0.09713343707987648,0.8701291266420184
2022-05-17,0.008311824711560088,0.24277196190039302,0.7489162133880469,0.022157750727690884,0.2740096482576879,0.7038326010146211,0.025495258069726183,0.08342673877055375,0.8910780031597201
2022-05-18,0.01143602267282655,0.20197264229574735,0.7865913350314262,0.021539099085088702,0.2761438917220715,0.7023170091928398,0.027114982009986133,0.07315751528117835,0.8997275027088356
2022-05-19,0.010859832237410473,0.26805197597949776,0.7210881917830918,0.01780133644918925,0.2708434634264887,0.7113552001243221,0.02676804234696917,0.08323805670899384,0.8899939009440371
2022-05-20,0.011718279017822965,0.2963105520149635,0.6919711689672137,0.020618289733564058,0.27655447670069927,0.7028272335657366,0.022806009252523556,0.08798760392788585,0.8892063868195905
2022-05-21,0.011304438111001056,0.2732201618915738,0.7154753999974253,0.023820259986257097,0.28995065900202194,0.686229081011721,0.019318955613754428,0.09368916075302094,0.8869918836332247
2022-05-22,0.04107823367193468,0.3383387064605218,0.6205830598675435,0.02951713046745857,0.2962637727854858,0.6742190967470556,0.016755552660115105,0.08997550904460061,0.8932689382952843
2022-05-23,0.031977752731652556,0.3289495681915279,0.6390726790768195,0.03258570592662516,0.29459718666336987,0.672817107410005,0.02358847249101022,0.08110636790239525,0.8953051596065945
2022-05-24,0.034005419174765336,0.32963511568170134,0.6363594651435331,0.024157216299510387,0.295208631541183,0.6806341521593066,0.021979740239703473,0.08849956786056833,0.8895206918997283
2022-05-25,0.033482046656475806,0.35057201736239096,0.6159459359811332,0.028729503837280974,0.2834488431206261,0.6878216530420929,0.028465426561381457,0.0863783887999815,0.8851561846386371
2022-05-26,0.03339696391999533,0.2646285543439873,0.7019744817360174,0.028818105731016442,0.2891674747619671,0.6820144195070165,0.025923621362528466,0.06575343816272763,0.9083229404747439
2022-05-27,0.03745353006878825,0.2594922592919328,0.703054210639279,0.02490902125735073,0.28425574643703516,0.6908352323056142,0.021221229014841577,0.05113315370771418,0.9276456172774442
2022-05-28,0.03948844002641297,0.305758750458337,0.6547528095152501,0.02285821043848395,0.2752641914549702,0.7018775981065458,0.021695552253772968,0.05403298102434689,0.9242714667218801
2022-05-29,0.009155788157538265,0.2085146083911154,0.7823296034513463,0.01741149151870856,0.2654356514180573,0.7171528570632342,0.019065564683002884,0.051725997334048174,0.9292084379829489
2022-05-30,0.013311141173866538,0.20323097360798636,0.7834578852181471,0.02427166162967559,0.27165170459919813,0.7040766337711263,0.01411132751096454,0.048952432087653125,0.9369362404013823
2022-05-31,0.013422579286627875,0.2450748890182052,0.7415025316951669,0.026140905586368907,0.24741057162831878,0.7264485227853124,0.014293134385141792,0.04918653765885034,0.9365203279560078
2022-06-01,0.0132071698767892,0.2318682978026787,0.754924532320532,0.022764290968105238,0.24013905187687745,0.7370966571550173,0.018054984655862735,0.05595567389986697,0.9259893414442704
2022-06-02,0.05585755595203391,0.23101247530815178,0.7131299687398143,0.021965174976562165,0.2282453690088044,0.7497894560146334,0.028761441061130343,0.05590282110016871,0.915335737838701
2022-06-03,0.0605877457964884,0.25120741063674,0.6882048435667717,0.021505168377830456,0.21106613235224336,0.7674286992699262,0.026937671611184197,0.07930730362959676,0.893755024759219
2022-06-04,0.07547432982187569,0.23274082534358162,0.6917848448345427,0.02275339667137206,0.2123860671373509,0.7648605361912769,0.03522034319127607,0.07636276542859263,0.8884168913801314
2022-06-05,0.09417865282285948,0.2597417755695333,0.6460795716076072,0.020606745413908764,0.20537340458679232,0.774019849999299,0.029672978564210226,0.08399839533169612,0.8863286261040937
2022-06-06,0.0978811966729678,0.28660985235631187,0.6155089509707203,0.013927162193118106,0.20277027747848275,0.7833025603283991,0.033474233363297426,0.07355230757877222,0.8929734590579304
2022-06-07,0.09818188558581815,0.27348488944675325,0.6283332249674285,0.0109233058505466,0.2039974360622846,0.7850792580871689,0.035216571439025735,0.090576543086143,0.8742068854748313
2022-06-08,0.09462775087375598,0.31671233898968476,0.5886599101365593,0.016401644824516885,0.21764601286449928,0.7659523423109839,0.026758294407114715,0.08429848650386956,0.8889432190890156
2022-06-09,0.06985153935238814,0.3476463407199397,0.5825021199276721,0.017282178355946993,0.2302756392759162,0.7524421823681369,0.026363932581222944,0.10021104398578654,0.8734250234329906
2022-06-10,0.06210334871298221,0.3353488635624865,0.6025477877245312,0.016179003421589344,0.23838639276316811,0.7454346038152426,0.025352045426159125,0.08955779187140586,0.885090162702435
2022-06-11,0.04205299200643583,0.36435384296313766,0.5935931650304266,0.016573883630362062,0.2279031025436792,0.7555230138259587,0.022003513487816408,0.09533520325071412,0.8826612832614694
2022-06-12,0.018573984235400288,0.3745013332209808,0.6069246825436189,0.015753716485766244,0.24457307485125443,0.7396732086629795,0.026622870566389026,0.10120947268201262,0.8721676567515984
2022-06-13,0.011517326657744947,0.3455414851173888,0.6429411882248663,0.014057200043841834,0.2361291279302078,0.7498136720259504,0.01872475801707858,0.10646510792845877,0.8748101340544627
2022-06-14,0.0115105778309098,0.36315158187605984,0.6253378402930305,0.013790139550902572,0.2495458888959036,0.7366639715531939,0.022563413033450986,0.10633935559127185,0.8710972313752772
2022-06-15,0.011792436221806762,0.3593061915197874,0.628901372258406,0.010540295876274674,0.2470443517882912,0.7424153523354341,0.022152011056740067,0.10464190750043956,0.8732060814428204
2022-06-16,0.019329874430759616,0.32360025289268757,0.6570698726765527,0.011977484528733756,0.2687098987066023,0.7193126167646638,0.01822316212560137,0.09463914295348119,0.8871376949209175
2022-06-17,0.02675015701509465,0.3546664638535203,0.6185833791313851,0.016793086103310595,0.2769498081377308,0.7062571057589585,0.019064600635529783,0.0892028576571919,0.8917325417072783
2022-06-18,0.03647371539977838,0.28584504507370057,0.677681239526521,0.012962924162403286,0.27861923906019853,0.7084178367773982,0.021189723180584964,0.09199480674153421,0.8868154700778809
2022-06-19,0.047798024663855306,0.2948300706801024,0.6573719046560422,0.01240446884258478,0.2752636343779667,0.7123318967794484,0.018409477855377217,0.08848473122782927,0.8931057909167935
2022-06-20,0.04851586108922965,0.30993576562155933,0.6415483732892111,0.01516799636291815,0.27819299947718795,0.7066390041598939,0.02240841729955898,0.09739537812516466,0.8801962045752764
