ISO_3,country_agg,age,date,first_date,count,cli,cli_weight,cliWHO,cliWHO_weight,cli_local,count_local,weight,Finished,B1_1.-77,B1_1.1,B1_1.2,B1_2.-77,B1_2.1,B1_2.2,B1_3.-77,B1_3.1,B1_3.2,B1_4.-77,B1_4.1,B1_4.2,B1_5.-77,B1_5.1,B1_5.2,B1_6.-77,B1_6.1,B1_6.2,B1_7.-77,B1_7.1,B1_7.2,B1_8.-77,B1_8.1,B1_8.2,B1_9.-77,B1_9.1,B1_9.2,B1_10.-77,B1_10.1,B1_10.2,B1_11.-77,B1_11.1,B1_11.2,B1_12.-77,B1_12.1,B1_12.2,B1_13.-77,B1_13.1,B1_13.2,B1_14.-77,B1_14.1,B1_14.2,B1b_x1.-99,B1b_x1.-77,B1b_x1.1,B1b_x1.2,B1b_x2.-99,B1b_x2.-77,B1b_x2.1,B1b_x2.2,B1b_x3.-99,B1b_x3.-77,B1b_x3.1,B1b_x3.2,B1b_x4.-99,B1b_x4.-77,B1b_x4.1,B1b_x4.2,B1b_x5.-99,B1b_x5.-77,B1b_x5.1,B1b_x5.2,B1b_x6.-99,B1b_x6.-77,B1b_x6.1,B1b_x6.2,B1b_x7.-99,B1b_x7.-77,B1b_x7.1,B1b_x7.2,B1b_x8.-99,B1b_x8.-77,B1b_x8.1,B1b_x8.2,B1b_x9.-99,B1b_x9.-77,B1b_x9.1,B1b_x9.2,B1b_x10.-99,B1b_x10.-77,B1b_x10.1,B1b_x10.2,B1b_x11.-99,B1b_x11.-77,B1b_x11.1,B1b_x11.2,B1b_x12.-99,B1b_x12.-77,B1b_x12.1,B1b_x12.2,B1b_x13.-99,B1b_x13.-77,B1b_x13.1,B1b_x13.2,B1b_x14.-99,B1b_x14.-77,B1b_x14.1,B1b_x14.2,B3.-99,B3.-77,B3.1,B3.2,B5.-99,B5.-77,B5.1,B5.2,B6.-99,B6.-77,B6.1,B6.2,B7.-99,B7.-77,B7.1,B7.2,B8.-99,B8.1,B8.2,B8.3,B9.-99,B9.1,B9.2,B9.3,B10.-99,B10.1,B10.2,B11.-99,B11.-77,B11.1,B11.2,V1.-99,V1.-77,V1.1,V1.2,V1.3,V2.-99,V2.-77,V2.1,V2.2,V2.3,V2a.-99,V2a.-77,V2a.1,V2a.2,V2a.3,V3.-99,V3.-77,V3.1,V3.2,V3.3,V3.4,V4_1.-99,V4_1.-77,V4_1.1,V4_1.2,V4_1.3,V4_2.-99,V4_3.-99,V4_3.-77,V4_3.1,V4_3.2,V4_3.3,V4_4.-99,V4_4.-77,V4_4.1,V4_4.2,V4_4.3,V4_5.-99,V4_5.-77,V4_5.1,V4_5.2,V4_5.3,V4_6.-99,V4_6.-77,V4_6.1,V4_6.2,V4_6.3,V5a_1.-99,V5a_1.0,V5a_1.1,V5a_2.-99,V5a_2.0,V5a_2.1,V5a_3.-99,V5a_3.0,V5a_3.1,V5a_4.-99,V5a_4.0,V5a_4.1,V5a_5.-99,V5a_5.0,V5a_5.1,V5a_6.-99,V5a_6.0,V5a_6.1,V5a_7.-99,V5a_7.0,V5a_7.1,V5a_8.-99,V5a_8.0,V5a_8.1,V5a_9.-99,V5a_9.0,V5a_9.1,V5a_10.-99,V5b_1.-99,V5b_1.-77,V5b_1.0,V5b_1.1,V5b_2.-99,V5b_2.-77,V5b_2.0,V5b_2.1,V5b_3.-99,V5b_3.-77,V5b_3.0,V5b_3.1,V5b_4.-99,V5b_4.-77,V5b_4.0,V5b_4.1,V5b_5.-99,V5b_5.-77,V5b_5.0,V5b_5.1,V5b_6.-99,V5b_6.-77,V5b_6.0,V5b_6.1,V5b_7.-99,V5b_7.-77,V5b_7.0,V5b_7.1,V5b_8.-99,V5b_8.-77,V5b_8.0,V5b_8.1,V5b_9.-99,V5b_9.-77,V5b_9.0,V5b_9.1,V5b_10.-99,V5c_1.-99,V5c_1.-77,V5c_1.0,V5c_1.1,V5c_2.-99,V5c_2.-77,V5c_2.0,V5c_2.1,V5c_3.-99,V5c_3.-77,V5c_3.0,V5c_3.1,V5c_4.-99,V5c_4.-77,V5c_4.0,V5c_4.1,V5c_5.-99,V5c_5.-77,V5c_5.0,V5c_5.1,V5c_6.-99,V5c_6.-77,V5c_6.0,V5c_6.1,V5c_7.-99,V5c_7.-77,V5c_7.0,V5c_7.1,V5c_8.-99,V5c_8.-77,V5c_8.0,V5c_8.1,V5c_9.-99,V5c_9.-77,V5c_9.0,V5c_9.1,V5c_10.-99,V5d_1.-99,V5d_1.0,V5d_1.1,V5d_2.-99,V5d_2.0,V5d_3.-99,V5d_3.0,V5d_4.-99,V5d_4.0,V5d_4.1,V5d_5.-99,V5d_5.0,V5d_5.1,V5d_6.-99,V5d_6.0,V5d_6.1,V5d_7.-99,V5d_7.0,V5d_7.1,V5d_8.-99,V5d_8.0,V5d_9.-99,V5d_9.0,V5d_10.-99,V6_1.-99,V6_1.-77,V6_1.0,V6_1.1,V6_2.-99,V6_2.-77,V6_2.0,V6_2.1,V6_3.-99,V6_3.-77,V6_3.0,V6_3.1,V6_4.-99,V6_4.-77,V6_4.0,V6_4.1,V6_5.-99,V6_5.-77,V6_5.0,V6_5.1,V6_6.-99,V6_6.-77,V6_6.0,V6_6.1,V6_7.-99,V6_7.-77,V6_7.0,V6_7.1,V9.-99,V9.-77,V9.1,V9.2,V9.3,V9.4,V10_1.-99,V10_1.-77,V10_1.0,V10_1.1,V10_2.-99,V10_2.-77,V10_2.0,V10_2.1,V10_3.-99,V10_3.-77,V10_3.0,V10_3.1,V10_4.-99,V10_4.-77,V10_4.0,V10_4.1,V10_5.-99,V10_5.-77,V10_5.0,V10_5.1,V10_6.-99,V10_6.-77,V10_6.0,V10_6.1,V10_7.-99,V10_7.-77,V10_7.0,V10_7.1,V10_8.-99,V10_8.-77,V10_8.0,V10_8.1,V10_9.-99,V10_9.-77,V10_9.0,V10_9.1,V10_10.-99,V10_10.-77,V10_10.0,V10_10.1,V11.-99,V11.-77,V11.1,V11.2,V12.-99,V12.-77,V12.1,V12.2,V13.-99,V15.-99,V16.-99,B12_1.-99,B12_1.-77,B12_1.1,B12_1.2,B12_2.-99,B12_2.-77,B12_2.1,B12_2.2,B12_3.-99,B12_3.-77,B12_3.1,B12_3.2,B12_4.-99,B12_4.-77,B12_4.1,B12_4.2,B12_5.-99,B12_5.-77,B12_5.1,B12_5.2,B12_6.-99,B12_6.-77,B12_6.1,B12_6.2,B13_1.-99,B13_1.-77,B13_1.1,B13_1.2,B13_2.-99,B13_2.-77,B13_2.1,B13_2.2,B13_3.-99,B13_3.-77,B13_3.1,B13_3.2,B13_4.-99,B13_4.-77,B13_4.1,B13_4.2,B13_5.-99,B13_5.-77,B13_5.1,B13_5.2,B13_6.-99,B13_6.-77,B13_6.1,B13_6.2,B13_7.-99,B13_7.-77,B13_7.1,B13_7.2,B14_1.-99,B14_1.-77,B14_1.1,B14_1.2,B14_2.-99,B14_2.-77,B14_2.1,B14_2.2,B14_3.-99,B14_3.-77,B14_3.1,B14_3.2,B14_4.-99,B14_4.-77,B14_4.1,B14_4.2,B14_5.-99,B14_5.-77,B14_5.1,B14_5.2,C0_1.-99,C0_1.-77,C0_1.1,C0_1.2,C0_2.-99,C0_2.-77,C0_2.1,C0_2.2,C0_3.-99,C0_3.-77,C0_3.1,C0_3.2,C0_4.-99,C0_4.-77,C0_4.1,C0_4.2,C0_5.-99,C0_5.-77,C0_5.1,C0_5.2,C0_6.-99,C0_6.-77,C0_6.1,C0_6.2,C1_m.-99,C1_m.-77,C1_m.1,C1_m.2,C2.-99,C2.-77,C2.1,C2.2,C2.3,C2.4,C7.-99,C7.-77,C7.1,C7.2,C7.3,C7.4,C8.-99,C8.-77,C8.1,C8.2,C3.-99,C3.-77,C3.1,C3.2,C5.-99,C5.-77,C5.1,C5.2,C5.3,C5.4,C5.5,C5.6,C6.-99,C6.-77,C6.1,C6.2,C6.3,C6.4,C14.-99,C14.-77,C14.1,C14.2,C14.3,C14.4,C9.-99,C9a.-99,C12.-99,C13_1.-99,C13_1.-77,C13_1.1,C13_1.2,C13_2.-99,C13_2.-77,C13_2.1,C13_2.2,C13_3.-99,C13_3.-77,C13_3.1,C13_3.2,C13_4.-99,C13_4.-77,C13_4.1,C13_4.2,C13_5.-99,C13_5.-77,C13_5.1,C13_5.2,C13_6.-99,C13_6.-77,C13_6.1,C13_6.2,D1.-99,D1.-77,D1.1,D1.2,D1.3,D1.4,D1.5,D2.-99,D2.-77,D2.1,D2.2,D2.3,D2.4,D2.5,D3.-99,D3.-77,D3.1,D3.2,D3.3,D3.4,D4.-99,D4.-77,D4.1,D4.2,D4.3,D4.4,D5.-99,D5.-77,D5.1,D5.2,D5.3,D5.4,D6_1.-99,D6_1.-77,D6_1.1,D6_1.2,D6_2.-99,D6_2.-77,D6_2.1,D6_2.2,D6_3.-99,D6_3.-77,D6_3.1,D6_3.2,D7.-99,D7.-77,D7.1,D7.2,D8.-99,D8.-77,D8.1,D8.2,D9.-99,D9.-77,D9.1,D9.2,D9.3,D9.4,D9.5,D9.6,D9.7,D10.-99,D10.-77,D10.1,D10.2,D10.3,D10.4,D10.5,D10.6,D10.7,D10.8,D10.9,D10.10,D10.11,D10.12,D10.13,D10.14,D10.15,E3.-99,E3.-77,E3.1,E3.2,E3.3,E3.4,E4.-99,E4.-77,E4.1,E4.2,E4.3,E4.4,E4.5,E4.6,E4.7,E2.-99,E2.-77,E2.1,E2.2,E2.3,E7.-99,E7.-77,E7.1,E7.2,E7.3,E7.4,E7.5,B2.mean,B2.sd,B4.mean,B4.sd,E6.mean,E6.sd,E5.mean,E5.sd
NZL,New Zealand,-99,2021-02-07,2021-02-06,100,1,8503.267267383579,0,0,9,87,635909.3096594184,0,3,1,96,1,16,83,1,3,96,1,19,80,0,15,85,1,13,86,1,8,91,2,3,95,0,5,95,1,2,97,0,7,93,2,17,81,1,3,96,1,13,86,99,0,1,0,84,1,5,10,97,0,0,3,81,0,4,15,85,1,5,9,87,0,3,10,92,0,5,3,97,0,1,2,95,1,2,2,98,0,2,0,93,1,5,1,83,0,5,12,97,0,1,2,87,0,4,9,13,0,6,81,94,0,3,3,17,2,33,48,67,0,3,30,97,0,3,0,97,0,3,0,100,0,0,23,5,1,71,19,0,0,80,1,100,0,0,0,0,100,0,0,0,0,19,0,37,26,13,5,32,2,23,36,7,100,32,3,33,24,8,32,1,38,21,8,32,0,14,32,22,32,3,41,19,5,95,4,1,95,3,2,95,4,1,95,3,2,95,4,1,95,3,2,95,5,0,95,5,0,95,4,1,0,88,0,4,8,88,0,9,3,88,0,11,1,88,0,12,0,88,0,5,7,88,0,9,3,88,0,11,1,88,0,12,0,88,0,12,0,0,77,1,9,13,77,1,16,6,77,1,21,1,77,1,21,1,77,1,9,13,77,1,9,13,77,1,20,2,77,1,21,1,77,1,22,0,0,100,0,0,100,0,100,0,100,0,0,100,0,0,100,0,0,100,0,0,100,0,100,0,0,98,0,2,0,98,0,2,0,98,0,0,2,98,0,2,0,98,0,0,2,98,0,2,0,98,0,2,0,36,2,17,15,17,13,41,0,45,14,41,0,56,3,41,0,56,3,41,0,51,8,41,0,42,17,41,0,57,2,41,0,54,5,41,0,56,3,41,0,50,9,41,0,38,21,100,0,0,0,100,0,0,0,0,0,0,99,0,0,1,99,0,0,1,99,0,0,1,99,0,0,1,99,0,0,1,99,0,0,1,100,0,0,0,100,0,0,0,100,0,0,0,100,0,0,0,100,0,0,0,100,0,0,0,100,0,0,0,100,0,0,0,100,0,0,0,100,0,0,0,100,0,0,0,100,0,0,0,47,1,19,33,47,3,37,13,47,2,33,18,47,1,34,18,47,4,21,28,47,7,5,41,53,0,31,16,69,0,12,4,4,11,58,2,1,0,17,22,58,1,41,0,64,1,6,29,64,0,1,0,3,3,27,2,64,0,7,11,9,9,68,2,2,10,8,10,100,100,100,83,0,2,15,65,1,3,31,69,1,3,27,69,1,3,27,80,0,4,16,95,0,3,2,75,0,1,1,2,6,15,75,0,1,1,0,6,17,79,0,7,5,1,8,79,0,2,0,4,15,79,0,1,4,7,9,95,0,4,1,95,1,3,1,95,1,3,1,83,0,5,12,88,0,8,4,99,0,0,0,0,0,0,0,1,94,0,2,0,0,1,0,0,1,0,0,2,0,0,0,0,0,100,0,0,0,0,0,100,0,0,0,0,0,0,0,0,100,0,0,0,0,100,0,0,0,0,0,0,4.733333333333333,5.79496412373729,1.4,1.51657508881031,0,0,0,0
NZL,New Zealand,2,2021-02-07,2021-02-06,100,1,7169.11493058652,0,0,14,100,864101.9368223494,99,0,1,99,0,8,92,0,3,97,0,21,79,0,12,88,0,10,90,0,8,92,0,1,99,0,6,94,0,1,99,0,3,97,0,20,80,0,1,99,0,8,92,99,0,1,0,92,0,5,3,97,0,1,2,79,0,5,16,88,0,5,7,90,0,4,6,92,0,5,3,99,0,1,0,94,0,2,4,99,0,1,0,97,0,1,2,80,0,6,14,99,0,1,0,92,0,1,7,0,0,5,95,95,0,5,0,0,1,44,55,56,0,6,38,94,0,5,1,94,0,6,0,100,0,0,7,0,2,91,0,0,0,100,0,100,0,0,0,0,100,0,0,0,0,0,0,50,25,21,4,0,0,44,44,12,100,0,0,50,40,10,0,0,48,42,10,0,0,12,60,28,0,0,60,33,7,96,0,4,96,2,2,96,3,1,96,4,0,96,2,2,96,3,1,96,4,0,96,3,1,96,4,0,0,79,0,8,13,79,0,15,6,79,0,16,5,79,0,19,2,79,0,5,16,79,0,13,8,79,0,21,0,79,0,20,1,79,0,21,0,0,75,0,14,11,75,0,23,2,75,0,24,1,75,0,25,0,75,0,11,14,75,0,5,20,75,0,23,2,75,0,25,0,75,0,23,2,0,100,0,0,100,0,100,0,100,0,0,100,0,0,100,0,0,100,0,0,100,0,100,0,0,93,0,7,0,93,0,4,3,93,0,2,5,93,0,7,0,93,0,4,3,93,0,7,0,93,0,7,0,0,0,22,20,34,24,0,3,76,21,0,3,95,2,0,3,97,0,0,3,93,4,0,3,89,8,0,3,95,2,0,3,92,5,0,3,94,3,0,3,84,13,0,3,43,54,34,0,2,64,1,0,8,91,0,0,0,98,0,1,1,98,0,0,2,98,0,0,2,98,0,1,1,98,0,0,2,98,0,1,1,100,0,0,0,100,0,0,0,100,0,0,0,100,0,0,0,100,0,0,0,100,0,0,0,100,0,0,0,100,0,0,0,100,0,0,0,100,0,0,0,100,0,0,0,100,0,0,0,0,2,49,49,0,0,74,26,0,1,69,30,0,2,74,24,0,3,52,45,0,3,18,79,0,0,75,25,25,0,27,17,10,21,0,0,1,8,40,51,0,0,100,0,0,3,19,78,0,0,1,2,1,11,82,3,0,0,9,11,34,46,0,1,2,16,25,56,100,100,100,51,1,7,41,26,1,9,64,31,1,4,64,26,1,4,69,48,1,3,48,82,1,10,7,0,1,0,1,11,17,70,0,1,1,4,8,16,70,0,1,17,16,38,28,0,0,2,3,10,85,0,0,4,14,32,50,82,0,13,5,82,1,2,15,82,1,5,12,0,0,78,22,78,0,9,13,91,0,0,1,0,0,0,0,8,13,0,6,6,5,10,2,8,7,6,0,3,5,4,1,2,22,0,2,34,64,0,0,0,0,0,100,0,0,0,0,0,1,3,50,27,19,1,1,17,17,44,13,7,3.9883720930232553,4.1896817302878056,2.8,1.4832396974191326,12.398936170212766,5.880796059799831,3.305263157894737,1.5022938787388787
NZL,New Zealand,4,2021-02-07,2021-02-06,100,0,0,0,0,2,100,494937.1322803994,94,0,1,99,1,6,93,1,3,96,1,17,82,1,11,88,1,11,88,1,2,97,1,2,97,1,0,99,1,1,98,1,4,95,1,17,82,1,1,98,1,9,90,99,0,0,1,94,0,2,4,97,0,1,2,83,0,3,14,89,0,2,9,89,0,1,10,98,0,2,0,98,0,1,1,100,0,0,0,99,0,0,1,96,0,3,1,83,0,4,13,99,0,1,0,91,0,2,7,0,0,2,98,98,0,2,0,0,0,29,71,71,0,3,26,97,0,3,0,97,0,3,0,100,0,0,3,0,3,94,0,0,0,99,1,100,0,0,0,0,100,0,0,0,0,0,0,53,27,15,5,0,3,33,58,6,100,0,1,45,51,3,0,2,39,55,4,0,2,14,57,27,0,0,59,38,3,95,3,2,95,3,2,95,2,3,95,5,0,95,4,1,95,3,2,95,5,0,95,4,1,95,4,1,0,85,0,9,6,85,0,11,4,85,0,15,0,85,0,12,3,85,0,5,10,85,0,9,6,85,0,14,1,85,0,15,0,85,0,14,1,0,73,0,13,14,73,0,22,5,73,0,27,0,73,0,24,3,73,0,12,15,73,0,15,12,73,0,25,2,73,0,27,0,73,0,24,3,0,100,0,0,100,0,100,0,100,0,0,100,0,0,100,0,0,100,0,0,100,0,100,0,0,97,0,3,0,97,0,0,3,97,0,1,2,97,0,2,1,97,0,2,1,97,0,1,2,97,0,3,0,0,0,16,26,34,24,0,3,72,25,0,3,94,3,0,3,96,1,0,3,95,2,0,3,74,23,0,3,96,1,0,3,91,6,0,3,91,6,0,3,83,14,0,3,52,45,36,0,1,63,3,0,24,73,0,0,0,97,2,0,1,97,2,1,0,97,2,1,0,97,0,2,1,97,2,1,0,97,2,0,1,100,0,0,0,100,0,0,0,100,0,0,0,100,0,0,0,100,0,0,0,100,0,0,0,100,0,0,0,100,0,0,0,100,0,0,0,100,0,0,0,100,0,0,0,100,0,0,0,0,1,42,57,0,1,79,20,0,2,66,32,0,0,79,21,0,2,40,58,0,3,11,86,0,0,82,18,18,0,37,16,13,16,0,0,0,3,28,69,0,0,100,0,0,0,18,82,0,0,0,7,2,8,79,4,0,0,15,10,31,44,0,0,8,12,30,50,100,100,100,58,1,4,37,21,2,9,68,34,1,4,61,21,2,6,71,60,1,2,37,89,1,5,5,0,0,1,3,2,10,84,0,0,2,1,6,12,79,0,1,11,29,36,23,0,0,6,9,12,73,0,0,9,22,24,45,69,3,20,8,69,2,4,25,69,2,8,21,0,1,72,27,73,0,11,16,89,1,1,0,3,1,0,0,5,17,0,2,3,3,11,1,5,14,8,0,1,11,3,2,7,12,0,1,35,62,1,1,0,0,0,0,0,100,0,0,0,3,4,53,29,11,3,3,9,20,41,17,7,5.6923076923076925,7.637007701952127,1,0,12.302197802197803,5.54771180101366,2.934065934065934,1.323314003235797
NZL,New Zealand,5,2021-02-07,2021-02-06,100,1,4669.67776207938,1,4669.67776207938,4,100,447734.48327395867,97,0,2,98,0,5,95,0,1,99,0,13,87,0,11,89,0,8,92,0,2,98,0,1,99,0,3,97,0,0,100,0,7,93,0,10,90,0,1,99,0,4,96,98,0,1,1,95,0,2,3,99,0,0,1,87,0,3,10,89,0,1,10,92,0,4,4,98,0,2,0,99,0,0,1,97,0,2,1,100,0,0,0,93,0,3,4,90,0,1,9,99,0,1,0,96,0,2,2,0,0,2,98,98,0,2,0,0,2,33,65,67,2,2,29,98,0,2,0,98,0,2,0,100,0,0,6,1,1,92,0,0,1,99,0,99,0,0,1,0,100,0,0,0,0,1,0,49,25,21,4,1,2,31,54,12,100,1,4,36,48,11,1,2,45,44,8,1,3,14,48,34,1,1,54,40,4,96,1,3,96,2,2,96,2,2,96,3,1,96,2,2,96,2,2,96,4,0,96,3,1,96,3,1,0,79,0,11,10,79,0,16,5,79,0,18,3,79,0,19,2,79,0,6,15,79,0,13,8,79,0,21,0,79,0,21,0,79,0,20,1,0,75,1,14,10,75,1,17,7,75,1,24,0,75,1,24,0,75,1,11,13,75,1,12,12,75,1,23,1,75,1,24,0,75,1,24,0,0,100,0,0,100,0,100,0,100,0,0,100,0,0,100,0,0,100,0,0,100,0,100,0,0,95,0,5,0,95,0,0,5,95,0,1,4,95,0,4,1,95,0,4,1,95,0,5,0,95,0,3,2,0,0,19,29,31,21,0,1,76,23,0,1,94,5,0,1,91,8,0,1,90,9,0,1,64,35,0,1,98,1,0,1,87,12,0,1,87,12,0,1,80,19,0,1,66,33,35,0,0,65,1,0,10,89,0,0,0,99,0,1,0,99,1,0,0,99,1,0,0,99,1,0,0,99,1,0,0,99,1,0,0,100,0,0,0,100,0,0,0,100,0,0,0,100,0,0,0,100,0,0,0,100,0,0,0,100,0,0,0,100,0,0,0,100,0,0,0,100,0,0,0,100,0,0,0,100,0,0,0,0,3,36,61,0,2,77,21,0,2,67,31,0,4,71,25,0,4,36,60,0,7,10,83,0,1,71,28,29,0,31,15,9,16,0,0,0,3,29,68,0,1,99,0,0,1,26,73,0,0,1,3,6,12,76,2,0,0,12,21,29,38,0,1,6,11,29,53,100,100,100,64,2,4,30,23,2,6,69,33,2,5,60,29,1,5,65,64,0,1,35,90,0,8,2,0,0,0,1,2,3,94,0,0,0,1,2,6,91,0,1,13,24,34,28,0,0,3,3,11,83,0,0,3,13,29,55,84,0,15,1,84,5,4,7,84,3,7,6,0,0,68,32,68,1,13,18,87,0,3,0,1,1,1,0,7,19,0,4,2,5,10,2,4,16,5,1,0,7,5,0,3,17,0,3,34,63,0,0,0,0,0,0,0,0,100,0,0,1,5,47,26,21,1,2,21,27,34,12,3,8.382535714285714,9.242963652030193,2,1.4142135623730951,11.936170212765957,5.119661679510822,2.5052631578947366,1.2872011878864564
NZL,New Zealand,6,2021-02-07,2021-02-06,100,0,0,0,0,0,100,624899.3874686251,97,0,0,100,0,10,90,0,0,100,0,8,92,0,8,92,0,11,89,0,1,99,0,0,100,0,1,99,0,1,99,0,1,99,0,5,95,0,0,100,0,2,98,100,0,0,0,90,2,0,8,100,0,0,0,92,0,1,7,92,0,1,7,89,1,3,7,99,0,0,1,100,0,0,0,99,0,0,1,99,0,0,1,99,0,1,0,95,0,0,5,100,0,0,0,98,0,1,1,0,0,0,100,100,0,0,0,0,2,24,74,76,0,1,23,99,0,1,0,99,0,1,0,100,0,0,3,3,1,93,0,1,1,97,1,99,0,1,0,0,99,0,0,0,1,1,0,61,24,11,3,1,5,30,52,12,100,1,3,40,49,7,1,5,48,38,8,1,6,16,51,26,1,0,65,32,2,97,0,3,97,3,0,97,2,1,97,2,1,97,3,0,97,3,0,97,3,0,97,3,0,97,2,1,0,89,0,6,5,89,0,9,2,89,0,11,0,89,0,11,0,89,0,5,6,89,0,9,2,89,0,10,1,89,0,11,0,89,0,11,0,0,76,0,15,9,76,0,21,3,76,0,24,0,76,0,23,1,76,0,15,9,76,0,14,10,76,0,22,2,76,0,24,0,76,0,22,2,0,99,1,0,99,1,99,1,99,1,0,99,0,1,99,1,0,99,1,0,99,1,99,1,0,99,0,1,0,99,0,0,1,99,0,0,1,99,0,1,0,99,0,0,1,99,0,0,1,99,0,1,0,0,2,15,20,44,19,0,0,82,18,0,0,91,9,0,0,88,12,0,0,89,11,0,0,56,44,0,0,99,1,0,0,96,4,0,0,87,13,0,0,80,20,0,0,74,26,39,1,1,59,3,2,4,91,0,0,0,99,0,0,1,99,0,0,1,99,0,0,1,99,0,0,1,99,0,0,1,99,0,0,1,100,0,0,0,100,0,0,0,100,0,0,0,100,0,0,0,100,0,0,0,100,0,0,0,100,0,0,0,100,0,0,0,100,0,0,0,100,0,0,0,100,0,0,0,100,0,0,0,0,1,26,73,0,1,69,30,0,0,62,38,0,1,75,24,0,0,38,62,0,1,8,91,0,0,74,26,26,0,30,16,12,16,0,0,0,6,28,66,0,1,99,0,0,1,19,80,0,1,2,0,9,7,78,3,0,0,9,17,45,29,0,0,2,22,27,49,100,100,100,74,0,2,24,31,1,4,64,38,1,3,58,25,1,2,72,62,1,3,34,92,0,4,4,0,0,2,0,2,12,84,0,0,0,0,4,10,86,0,1,10,25,35,29,0,0,1,1,13,85,0,0,3,9,26,62,88,1,7,4,88,2,2,8,88,1,8,3,0,0,35,65,35,0,18,47,82,0,3,0,1,0,1,0,13,47,0,3,3,1,9,0,1,9,0,0,4,2,4,2,4,11,0,3,38,58,1,0,0,0,0,0,0,0,0,100,0,3,4,44,26,23,3,3,23,26,28,13,4,6.344827586206897,7.8707227026537385,0,0,12.75806451612903,5.242807134347624,2.21978021978022,1.2454557202726844
NZL,New Zealand,-99,2021-02-08,2021-02-07,100,1,8503.267267383579,0,0,10,89,616585.79437716,0,3,1,96,1,10,89,1,7,92,1,15,84,0,15,85,1,11,88,1,7,92,2,3,95,0,4,96,1,4,95,0,5,95,2,15,83,1,1,98,1,9,90,99,0,1,0,90,1,2,7,93,0,2,5,85,0,5,10,85,1,4,10,89,0,4,7,93,0,4,3,97,0,3,0,96,1,1,2,96,0,1,3,95,1,3,1,85,0,3,12,99,0,1,0,91,0,4,5,11,0,6,83,94,1,3,2,15,1,35,49,66,0,2,32,98,0,2,0,98,0,2,0,100,0,0,19,3,1,77,16,1,1,81,1,99,0,1,0,0,100,0,0,0,0,20,0,37,29,11,3,34,2,25,35,4,100,34,2,37,21,6,34,2,36,23,5,34,0,14,30,22,34,3,43,15,5,97,2,1,97,3,0,97,3,0,97,1,2,97,2,1,97,3,0,97,3,0,97,3,0,97,3,0,0,90,0,6,4,90,0,6,4,90,0,9,1,90,0,8,2,90,0,4,6,90,0,8,2,90,0,10,0,90,0,10,0,90,0,9,1,0,74,0,9,17,74,0,16,10,74,0,23,3,74,0,26,0,74,0,10,16,74,0,14,12,74,0,22,4,74,0,26,0,74,0,25,1,0,100,0,0,100,0,100,0,100,0,0,100,0,0,100,0,0,100,0,0,100,0,100,0,0,96,0,4,0,96,0,1,3,96,0,2,2,96,0,3,1,96,0,4,0,96,0,4,0,96,0,4,0,37,1,18,8,21,15,40,3,45,12,40,3,55,2,40,3,54,3,40,3,50,7,40,3,39,18,40,3,56,1,40,3,55,2,40,3,54,3,40,3,49,8,40,3,34,23,100,0,0,0,100,0,0,0,0,0,0,99,0,0,1,99,0,0,1,99,0,0,1,99,0,1,0,99,0,0,1,99,0,0,1,100,0,0,0,100,0,0,0,100,0,0,0,100,0,0,0,100,0,0,0,100,0,0,0,100,0,0,0,100,0,0,0,100,0,0,0,100,0,0,0,100,0,0,0,100,0,0,0,45,1,21,33,45,2,44,9,45,2,37,16,45,0,40,15,45,2,30,23,45,4,11,40,53,0,33,14,67,0,11,6,6,10,58,2,0,2,14,24,58,1,41,0,69,1,4,26,69,0,1,0,2,1,25,2,69,0,5,5,9,12,74,1,1,8,7,9,100,100,100,80,0,3,17,57,0,5,38,64,1,4,31,62,1,4,33,70,2,5,23,89,0,2,9,84,0,1,0,3,2,10,84,0,1,1,0,6,8,87,0,4,4,3,2,87,0,2,1,2,8,87,0,3,4,1,5,95,0,4,1,95,0,3,2,95,0,4,1,91,0,2,7,93,0,4,3,98,0,0,0,0,1,0,0,1,96,0,1,0,0,0,0,0,1,0,0,1,1,0,0,0,0,100,0,0,0,0,0,100,0,0,0,0,0,0,0,0,100,0,0,0,0,100,0,0,0,0,0,0,5.84375,6.059433461221251,1.5,1.378404875209022,0,0,0,0
NZL,New Zealand,2,2021-02-08,2021-02-06,100,1,7169.11493058652,0,0,8,100,901221.641075488,100,0,1,99,0,9,91,0,1,99,0,22,78,0,16,84,0,13,87,0,6,94,0,1,99,0,11,89,0,0,100,0,5,95,0,17,83,0,1,99,0,9,91,99,0,1,0,91,0,4,5,99,0,1,0,78,0,5,17,84,0,4,12,87,0,2,11,94,0,4,2,99,0,1,0,89,0,5,6,100,0,0,0,95,0,1,4,83,0,2,15,99,0,1,0,91,0,3,6,0,0,3,97,97,0,3,0,0,1,47,52,53,0,7,40,93,0,6,1,93,0,7,0,100,0,0,8,0,1,91,0,0,0,100,0,100,0,0,0,0,100,0,0,0,0,0,0,42,32,22,4,0,1,38,48,13,100,0,0,45,44,11,0,1,46,39,14,0,1,14,54,31,0,0,62,32,6,96,0,4,96,1,3,96,3,1,96,2,2,96,2,2,96,3,1,96,4,0,96,4,0,96,3,1,0,78,0,8,14,78,0,16,6,78,0,18,4,78,0,20,2,78,0,4,18,78,0,12,10,78,0,22,0,78,0,21,1,78,0,22,0,0,68,0,16,16,68,0,25,7,68,0,28,4,68,0,32,0,68,0,13,19,68,0,12,20,68,0,28,4,68,0,32,0,68,0,28,4,0,100,0,0,100,0,100,0,100,0,0,100,0,0,100,0,0,100,0,0,100,0,100,0,0,91,0,9,0,91,0,3,6,91,0,3,6,91,0,6,3,91,0,7,2,91,0,8,1,91,0,7,2,0,0,26,25,26,23,0,2,75,23,0,2,96,2,0,2,98,0,0,2,96,2,0,2,93,5,0,2,97,1,0,2,93,5,0,2,96,2,0,2,82,16,0,2,41,57,38,0,2,60,0,0,15,85,0,0,0,99,0,1,0,99,0,0,1,99,0,0,1,99,0,1,0,99,0,0,1,99,0,1,0,100,0,0,0,100,0,0,0,100,0,0,0,100,0,0,0,100,0,0,0,100,0,0,0,100,0,0,0,100,0,0,0,100,0,0,0,100,0,0,0,100,0,0,0,100,0,0,0,0,1,53,46,0,0,74,26,0,0,71,29,0,0,80,20,0,2,49,49,0,1,21,78,0,0,79,21,21,0,28,19,7,25,0,0,2,7,40,51,0,0,100,0,0,1,19,80,0,0,2,2,2,11,80,3,0,0,11,9,32,48,0,0,4,16,21,59,100,100,100,47,0,8,45,26,0,8,66,29,0,4,67,20,0,7,73,51,0,4,45,79,0,12,9,0,1,1,1,11,15,71,0,1,2,3,8,19,67,0,1,17,18,31,33,0,0,6,4,6,84,0,0,8,14,24,54,78,0,18,4,78,2,2,18,78,2,3,17,0,0,79,21,79,0,12,9,88,0,0,0,0,0,0,1,11,9,0,6,5,7,6,4,6,5,3,0,5,8,7,8,2,19,0,1,38,60,1,0,0,0,0,100,0,0,0,0,0,0,3,44,31,22,0,1,21,18,37,15,8,4.825581395348837,5.991942725871286,2.6666666666666665,0.5773502691896257,13.410526315789472,5.816785572882661,3.270833333333333,1.5793347478017554
NZL,New Zealand,3,2021-02-08,2021-02-07,100,0,0,0,0,4,100,677805.9231168866,99,0,0,100,0,14,86,0,3,97,0,18,82,0,15,85,0,14,86,0,6,94,0,2,98,0,3,97,0,1,99,0,3,97,0,16,84,0,0,100,0,13,87,100,0,0,0,86,0,7,7,97,0,0,3,82,0,7,11,85,0,4,11,86,0,3,11,94,0,2,4,98,0,0,2,97,0,0,3,99,0,0,1,97,0,1,2,84,0,7,9,100,0,0,0,87,0,6,7,0,0,3,97,97,0,2,1,0,0,39,61,61,0,2,37,98,0,2,0,98,0,2,0,100,0,0,2,1,2,95,0,1,0,98,1,100,0,0,0,0,100,0,0,0,0,0,0,44,38,11,7,0,0,32,64,4,100,0,0,40,51,9,0,0,43,47,10,0,0,14,67,19,0,1,64,33,2,93,5,2,93,3,4,93,5,2,93,7,0,93,2,5,93,5,2,93,7,0,93,7,0,93,6,1,0,89,0,4,7,89,0,7,4,89,0,10,1,89,0,11,0,89,0,4,7,89,0,6,5,89,0,11,0,89,0,11,0,89,0,10,1,0,62,0,21,17,62,0,28,10,62,0,37,1,62,0,37,1,62,0,18,20,62,0,18,20,62,0,37,1,62,0,38,0,62,0,35,3,0,100,0,0,100,0,100,0,100,0,0,100,0,0,100,0,0,100,0,0,100,0,100,0,0,96,0,4,0,96,0,3,1,96,0,2,2,96,0,3,1,96,0,2,2,96,0,4,0,96,0,3,1,0,0,11,26,37,26,0,3,66,31,0,3,95,2,0,3,94,3,0,3,94,3,0,3,88,9,0,3,95,2,0,3,93,4,0,3,96,1,0,3,79,18,0,3,47,50,32,0,2,66,1,1,11,87,0,0,0,98,0,2,0,98,2,0,0,98,2,0,0,98,2,0,0,98,2,0,0,98,2,0,0,100,0,0,0,100,0,0,0,100,0,0,0,100,0,0,0,100,0,0,0,100,0,0,0,100,0,0,0,100,0,0,0,100,0,0,0,100,0,0,0,100,0,0,0,100,0,0,0,0,0,59,41,0,0,84,16,0,1,74,25,0,0,82,18,0,1,50,49,0,3,15,82,0,0,79,21,21,0,28,18,10,23,0,1,1,3,30,65,0,0,98,2,0,1,15,84,0,0,0,0,3,12,83,2,0,0,16,7,28,49,0,0,4,6,31,59,100,100,100,41,0,2,57,16,0,3,81,26,0,1,73,18,0,2,80,50,0,1,49,85,0,8,7,0,0,1,1,6,8,84,0,0,0,0,9,14,77,0,0,4,32,35,29,0,0,3,4,13,80,0,0,4,19,25,52,77,0,14,9,77,2,0,21,77,2,5,16,0,0,82,18,82,0,9,9,91,1,0,0,1,0,0,1,6,9,0,4,4,8,16,1,5,8,4,0,4,17,3,1,2,14,0,2,31,67,0,0,0,0,0,0,100,0,0,0,0,0,2,56,30,12,0,1,10,28,41,15,5,6.186046511627907,7.94102012744281,1.3333333333333333,0.5773502691896257,12.606741573033709,5.071349958183292,3.4166666666666665,1.3815831244715466
NZL,New Zealand,4,2021-02-08,2021-02-07,100,0,0,0,0,3,100,586465.5207675428,96,0,2,98,1,5,94,1,4,95,1,14,85,1,11,88,1,14,85,1,0,99,1,4,95,1,3,96,1,1,98,1,2,97,1,9,90,1,3,96,1,9,90,98,0,0,2,95,1,1,3,96,0,1,3,86,1,2,11,89,1,1,9,86,1,3,10,100,0,0,0,96,0,1,3,97,0,0,3,99,0,0,1,98,0,1,1,91,1,2,6,97,0,2,1,91,1,2,6,0,0,3,97,97,0,2,1,0,1,32,67,68,1,3,28,97,0,3,0,97,0,3,0,100,0,0,5,1,3,91,0,1,0,97,2,100,0,0,0,0,100,0,0,0,0,0,0,41,41,14,4,0,1,38,54,7,100,0,1,41,51,7,0,0,41,54,5,0,1,18,48,33,0,1,58,39,2,96,3,1,96,4,0,96,3,1,96,4,0,96,1,3,96,3,1,96,4,0,96,4,0,96,4,0,0,86,0,8,6,86,0,12,2,86,0,13,1,86,0,13,1,86,0,4,10,86,0,12,2,86,0,12,2,86,0,13,1,86,0,13,1,0,59,1,20,20,59,1,27,13,59,1,39,1,59,1,39,1,59,1,18,22,59,1,20,20,59,1,37,3,59,1,40,0,59,1,38,2,0,100,0,0,100,0,100,0,100,0,0,100,0,0,100,0,0,100,0,0,100,0,100,0,0,97,0,3,0,97,0,1,2,97,0,1,2,97,0,2,1,97,0,2,1,97,0,2,1,97,0,2,1,0,0,22,29,29,20,0,2,77,21,0,2,92,6,0,2,97,1,0,2,89,9,0,2,70,28,0,2,95,3,0,2,90,8,0,2,91,7,0,2,72,26,0,2,60,38,37,0,0,63,2,0,23,75,0,0,0,97,2,0,1,97,2,0,1,97,2,1,0,97,0,2,1,97,2,0,1,97,2,0,1,100,0,0,0,100,0,0,0,100,0,0,0,100,0,0,0,100,0,0,0,100,0,0,0,100,0,0,0,100,0,0,0,100,0,0,0,100,0,0,0,100,0,0,0,100,0,0,0,0,4,46,50,0,3,71,26,0,3,61,36,0,1,79,20,0,5,36,59,0,6,12,82,0,0,73,27,27,0,30,21,5,17,0,0,1,3,26,70,0,0,100,0,0,0,17,83,0,0,3,4,0,9,82,2,0,0,15,14,28,43,0,1,11,20,27,41,100,100,100,54,1,6,39,29,1,10,60,39,1,6,54,21,1,7,71,64,1,4,31,88,0,6,6,0,0,5,4,1,14,76,0,0,4,1,10,13,72,0,1,16,27,31,25,0,0,6,9,15,70,0,0,12,21,27,40,67,1,22,10,67,2,7,24,67,2,13,18,0,1,70,29,71,0,10,19,90,0,1,0,2,1,0,0,6,20,0,3,3,4,13,2,1,7,7,0,2,11,4,2,8,13,0,0,36,64,0,0,0,0,0,0,0,100,0,0,0,2,2,47,30,19,2,1,21,23,30,20,3,6.09375,7.297190687893792,1,0,11.94943820224719,5.0856554863902526,2.882978723404255,1.3901062307880545
NZL,New Zealand,5,2021-02-08,2021-02-07,100,1,6582.496151452579,0,0,3,99,529042.794026811,98,0,2,98,0,4,96,0,4,96,0,13,87,1,5,94,0,13,87,0,1,99,0,3,97,0,2,98,0,0,100,0,5,95,0,16,84,0,0,100,0,2,98,98,0,1,1,96,0,1,3,96,0,1,3,87,0,1,12,95,0,3,2,87,0,3,10,99,0,0,1,97,0,0,3,98,0,2,0,100,0,0,0,95,0,2,3,84,0,3,13,100,0,0,0,98,0,1,1,0,1,2,97,98,0,2,0,0,1,29,70,71,2,3,24,97,0,3,0,97,0,3,0,100,0,0,6,2,0,92,0,0,0,100,0,100,0,0,0,0,100,0,0,0,0,0,0,47,27,21,5,0,6,28,54,12,100,0,7,39,44,10,0,5,48,41,6,0,7,16,52,25,0,0,66,31,3,95,2,3,95,4,1,95,3,2,95,5,0,95,4,1,95,5,0,95,5,0,95,5,0,95,4,1,0,79,0,12,9,79,0,17,4,79,0,21,0,79,0,20,1,79,0,6,15,79,0,13,8,79,0,21,0,79,0,21,0,79,0,19,2,0,73,0,13,14,73,0,20,7,73,0,26,1,73,0,25,2,73,0,13,14,73,0,11,16,73,0,26,1,73,0,27,0,73,0,25,2,0,100,0,0,100,0,100,0,100,0,0,100,0,0,100,0,0,100,0,0,100,0,100,0,0,97,0,3,0,97,0,2,1,97,0,2,1,97,0,2,1,97,0,3,0,97,0,1,2,97,0,3,0,0,0,21,30,29,20,0,2,82,16,0,2,91,7,0,2,88,10,0,2,85,13,0,2,58,40,0,2,98,0,0,2,92,6,0,2,86,12,0,2,72,26,0,2,69,29,37,0,1,62,2,0,15,83,0,0,0,100,0,0,0,100,0,0,0,100,0,0,0,100,0,0,0,100,0,0,0,100,0,0,0,100,0,0,0,100,0,0,0,100,0,0,0,100,0,0,0,100,0,0,0,100,0,0,0,100,0,0,0,100,0,0,0,100,0,0,0,100,0,0,0,100,0,0,0,100,0,0,0,0,1,49,50,0,3,78,19,0,5,65,30,0,4,75,21,0,3,34,63,0,7,5,88,0,0,70,30,30,0,37,14,6,13,0,0,1,6,29,64,0,0,100,0,0,1,26,73,0,0,0,3,5,6,81,5,0,0,20,15,33,32,0,2,5,15,32,46,100,100,100,51,0,7,42,22,0,9,69,35,0,4,61,25,0,7,68,66,0,4,30,95,0,3,2,0,0,1,2,3,2,92,0,0,1,0,1,6,92,0,1,13,33,27,26,0,0,2,3,9,86,0,0,4,9,33,54,87,0,9,4,87,1,3,9,87,1,3,9,0,0,66,34,66,0,14,20,86,0,1,0,1,0,3,0,9,20,0,2,4,4,9,2,5,13,4,0,2,6,5,6,2,16,0,2,35,63,0,0,0,0,0,0,0,0,100,0,0,2,7,45,32,14,2,4,18,26,29,16,5,4.9086388888888886,6.741634041653945,1.5,0.7071067811865476,11.31868131868132,5.736586520608306,2.369565217391304,1.3069332554348332
NZL,New Zealand,6,2021-02-08,2021-02-07,100,0,0,0,0,0,100,603144.0702687956,98,0,0,100,1,6,93,0,2,98,0,8,92,0,10,90,0,11,89,1,1,98,1,1,98,1,0,99,0,1,99,0,1,99,0,8,92,0,1,99,0,1,99,100,0,0,0,94,1,0,5,98,0,1,1,92,0,2,6,90,0,2,8,89,1,3,7,99,0,0,1,99,0,1,0,100,0,0,0,99,0,0,1,99,0,0,1,92,0,1,7,99,0,0,1,99,0,0,1,0,0,0,100,100,0,0,0,0,0,28,72,72,1,2,25,98,0,2,0,98,0,2,0,100,0,0,3,4,0,93,0,2,0,98,0,100,0,0,0,0,100,0,0,0,0,0,1,60,20,17,2,0,3,30,58,9,100,0,3,42,46,9,0,2,48,45,5,0,4,17,55,24,0,0,63,34,3,98,1,1,98,2,0,98,2,0,98,2,0,98,2,0,98,2,0,98,2,0,98,2,0,98,1,1,0,83,0,9,8,83,0,10,7,83,0,17,0,83,0,16,1,83,0,5,12,83,0,10,7,83,0,16,1,83,0,17,0,83,0,17,0,0,80,0,13,7,80,0,16,4,80,0,20,0,80,0,19,1,80,0,12,8,80,0,11,9,80,0,18,2,80,0,20,0,80,0,19,1,0,100,0,0,100,0,100,0,100,0,0,100,0,0,100,0,0,100,0,0,100,0,100,0,0,100,0,0,0,100,0,0,0,100,0,0,0,100,0,0,0,100,0,0,0,100,0,0,0,100,0,0,0,0,0,17,22,42,19,0,0,82,18,0,0,90,10,0,0,86,14,0,0,87,13,0,0,61,39,0,0,99,1,0,0,98,2,0,0,84,16,0,0,86,14,0,0,74,26,39,1,1,59,2,1,7,90,0,0,0,100,0,0,0,100,0,0,0,100,0,0,0,100,0,0,0,100,0,0,0,100,0,0,0,100,0,0,0,100,0,0,0,100,0,0,0,100,0,0,0,100,0,0,0,100,0,0,0,100,0,0,0,100,0,0,0,100,0,0,0,100,0,0,0,100,0,0,0,100,0,0,0,0,2,20,78,0,2,65,33,0,2,62,36,0,1,71,28,0,3,35,62,0,3,7,90,0,0,76,24,24,0,39,17,9,11,0,0,1,4,30,65,0,1,99,0,0,2,17,81,0,1,0,2,6,6,82,3,0,0,11,18,40,31,0,2,1,16,27,54,100,100,100,80,0,1,19,35,0,1,64,38,0,2,60,29,0,2,69,65,0,3,32,93,0,4,3,0,0,5,0,2,11,82,0,0,0,0,4,15,81,0,0,8,23,36,33,0,0,0,0,15,85,0,0,0,6,31,63,94,0,5,1,94,3,0,3,94,3,1,2,0,1,24,75,25,0,18,57,82,0,2,0,1,0,1,0,14,58,0,3,2,2,8,0,0,6,0,0,1,2,2,0,5,11,0,2,38,60,0,0,0,0,0,0,0,0,0,100,0,2,4,37,34,23,2,3,28,22,31,11,3,5.379310344827586,6.847386326722712,0,0,12.65217391304348,5.125747938151645,2.10752688172043,1.3143221561884206
NZL,New Zealand,-99,2021-02-09,2021-02-08,100,2,15784.190248634812,1,9390.43433257967,2,86,704589.1021683329,0,0,5,95,0,13,87,1,9,90,0,24,76,0,17,83,0,26,74,0,6,94,0,1,99,0,8,92,0,5,95,0,9,91,0,15,85,0,5,95,0,14,86,95,1,3,1,87,1,4,8,91,1,1,7,76,1,9,14,83,1,8,8,74,1,10,15,94,1,2,3,99,0,0,1,92,1,2,5,95,1,2,2,91,1,3,5,85,1,5,9,95,1,1,3,86,1,5,8,14,0,2,84,99,0,1,0,22,1,30,47,71,0,2,27,98,0,2,0,98,0,2,0,100,0,0,26,2,1,71,24,0,0,74,2,100,0,0,0,0,100,0,0,0,0,28,1,32,19,16,4,41,2,21,29,7,100,41,2,22,27,8,41,3,26,23,7,41,2,8,26,23,41,2,32,21,4,97,1,2,97,2,1,97,2,1,97,2,1,97,3,0,97,3,0,97,3,0,97,3,0,97,1,2,0,84,0,8,8,84,0,14,2,84,0,11,5,84,0,14,2,84,0,5,11,84,0,8,8,84,0,15,1,84,0,16,0,84,0,15,1,0,82,1,10,7,82,1,11,6,82,1,17,0,82,1,17,0,82,1,8,9,82,1,9,8,82,1,17,0,82,1,17,0,82,1,17,0,0,100,0,0,100,0,100,0,100,0,0,100,0,0,100,0,0,100,0,0,100,0,100,0,0,94,0,6,0,94,0,3,3,94,0,3,3,94,0,4,2,94,0,5,1,94,0,4,2,94,0,4,2,42,1,13,19,18,7,44,3,46,7,44,3,52,1,44,3,53,0,44,3,47,6,44,3,44,9,44,3,52,1,44,3,50,3,44,3,46,7,44,3,47,6,44,3,22,31,100,0,0,0,100,0,0,0,0,0,0,99,0,0,1,99,0,0,1,99,0,0,1,99,0,1,0,99,0,0,1,99,0,0,1,100,0,0,0,100,0,0,0,100,0,0,0,100,0,0,0,100,0,0,0,100,0,0,0,100,0,0,0,100,0,0,0,100,0,0,0,100,0,0,0,100,0,0,0,100,0,0,0,52,6,21,21,52,4,34,10,52,5,26,17,52,3,32,13,52,4,16,28,52,4,8,36,61,2,23,14,77,0,8,5,3,7,65,2,0,2,10,21,65,2,33,0,75,1,4,20,75,1,2,2,2,0,17,1,75,1,5,6,5,8,77,3,1,6,7,6,100,100,100,82,0,2,16,69,0,6,25,76,2,4,18,71,2,2,25,85,1,3,11,92,0,4,4,82,1,1,0,1,5,10,82,1,0,0,1,3,13,84,0,4,2,5,5,84,0,0,2,3,11,84,0,2,3,5,6,96,0,2,2,96,1,1,2,96,1,2,1,90,1,3,6,94,0,5,1,98,1,0,0,0,0,0,0,1,95,0,1,0,0,1,0,0,0,1,0,0,0,0,0,0,2,100,0,0,0,0,0,100,0,0,0,0,0,0,0,0,100,0,0,0,0,100,0,0,0,0,0,0,6.3675,8.881972162035833,1,0,0,0,0,0
NZL,New Zealand,1,2021-02-09,2021-02-06,100,1,13392.446727878001,1,13392.446727878001,7,100,847553.8909516395,96,0,1,99,0,10,90,0,5,95,0,28,72,0,26,74,0,22,78,0,11,89,0,3,97,0,13,87,0,1,99,0,12,88,0,26,74,0,3,97,0,17,83,99,0,1,0,90,0,3,7,95,0,1,4,72,0,1,27,74,0,4,22,78,0,4,18,89,0,3,8,97,0,2,1,87,0,5,8,99,0,0,1,88,0,7,5,74,0,4,22,97,0,3,0,83,0,2,15,0,0,5,95,95,0,4,1,0,0,32,68,68,0,2,30,98,0,2,0,98,0,1,1,100,0,0,2,0,2,96,0,0,1,99,0,99,0,1,0,0,99,0,1,0,0,1,0,40,34,17,8,1,0,32,55,12,100,1,1,51,33,14,1,0,50,40,9,1,1,12,62,24,1,0,68,26,5,92,1,7,92,3,5,92,6,2,92,5,3,92,0,8,92,4,4,92,6,2,92,7,1,92,6,2,0,83,0,8,9,83,0,11,6,83,0,13,4,83,0,15,2,83,0,5,12,83,0,9,8,83,0,15,2,83,0,17,0,83,0,17,0,0,66,0,15,19,66,0,25,9,66,0,33,1,66,0,33,1,66,0,16,18,66,0,9,25,66,0,32,2,66,0,34,0,66,0,32,2,0,100,0,0,100,0,100,0,100,0,0,100,0,0,100,0,0,100,0,0,100,0,100,0,0,93,0,7,0,93,0,3,4,93,0,1,6,93,0,6,1,93,0,5,2,93,0,7,0,93,0,5,2,0,0,14,21,35,30,0,3,77,20,0,3,96,1,0,3,96,1,0,3,96,1,0,3,93,4,0,3,97,0,0,3,91,6,0,3,95,2,0,3,89,8,0,3,35,62,41,0,3,56,3,0,10,87,0,0,0,98,0,1,1,98,0,1,1,98,1,0,1,98,0,1,1,98,0,1,1,98,0,1,1,100,0,0,0,100,0,0,0,100,0,0,0,100,0,0,0,100,0,0,0,100,0,0,0,100,0,0,0,100,0,0,0,100,0,0,0,100,0,0,0,100,0,0,0,100,0,0,0,0,1,55,44,0,1,75,24,0,0,70,30,0,1,76,23,0,2,52,46,0,2,26,72,0,0,79,21,21,0,27,23,12,17,0,0,2,18,38,42,0,0,100,0,0,1,17,82,0,0,2,2,10,8,76,2,0,0,10,5,41,44,0,0,2,15,22,61,100,100,100,45,0,2,53,25,0,5,70,30,0,3,67,24,1,1,74,48,0,2,50,74,0,13,13,0,0,2,3,7,17,71,0,0,2,3,18,22,55,0,1,5,20,34,40,0,0,3,5,17,75,0,1,8,21,25,45,71,2,17,10,71,3,1,25,71,2,9,18,0,0,69,31,69,0,13,18,87,0,1,0,3,2,0,0,7,18,0,6,17,3,5,2,2,12,3,0,3,4,2,5,1,17,0,0,39,59,1,1,0,0,100,0,0,0,0,0,0,2,5,48,36,9,2,4,7,21,35,21,10,3.8596491228070176,5.485170255500696,1.4,0.5477225575051661,10.86111111111111,5.060325842074307,3.8064516129032255,1.4909733071133582
NZL,New Zealand,2,2021-02-09,2021-02-08,100,1,5927.82851997222,1,5927.82851997222,7,100,748211.8024245948,97,0,2,98,0,7,93,0,1,99,0,25,75,0,18,82,0,18,82,0,7,93,0,1,99,0,8,92,0,1,99,0,6,94,0,22,78,0,0,100,0,8,92,98,0,2,0,93,1,0,6,99,0,0,1,75,1,3,21,82,1,3,14,82,1,1,16,93,1,4,2,99,0,1,0,92,1,3,4,99,0,1,0,94,1,1,4,78,1,2,19,100,0,0,0,92,0,2,6,0,0,5,95,95,0,3,2,0,1,47,52,53,0,5,42,95,0,5,0,95,0,5,0,100,0,0,6,0,1,93,0,0,0,99,1,100,0,0,0,0,100,0,0,0,0,0,0,37,35,20,8,0,1,28,63,8,100,0,0,46,45,9,0,1,44,43,12,0,1,15,55,29,0,0,65,30,5,92,1,7,92,4,4,92,6,2,92,4,4,92,4,4,92,8,0,92,8,0,92,8,0,92,5,3,0,80,0,7,13,80,0,12,8,80,0,18,2,80,0,20,0,80,0,2,18,80,0,9,11,80,0,19,1,80,0,20,0,80,0,19,1,0,65,0,19,16,65,0,26,9,65,0,32,3,65,0,35,0,65,0,16,19,65,0,15,20,65,0,31,4,65,0,35,0,65,0,34,1,0,100,0,0,100,0,100,0,100,0,0,100,0,0,100,0,0,100,0,0,100,0,100,0,0,93,1,6,0,93,1,2,4,93,1,1,5,93,1,3,3,93,1,5,1,93,1,5,1,93,1,4,2,0,0,19,26,36,19,0,2,73,25,0,2,97,1,0,2,98,0,0,2,97,1,0,2,90,8,0,2,98,0,0,2,93,5,0,2,97,1,0,2,79,19,0,2,46,52,37,0,3,60,2,0,22,76,0,0,0,99,0,0,1,99,0,0,1,99,0,0,1,99,0,0,1,99,0,0,1,99,0,0,1,100,0,0,0,100,0,0,0,100,0,0,0,100,0,0,0,100,0,0,0,100,0,0,0,100,0,0,0,100,0,0,0,100,0,0,0,100,0,0,0,100,0,0,0,100,0,0,0,0,0,55,45,0,0,69,31,0,0,62,38,0,0,79,21,0,1,40,59,0,0,17,83,0,0,80,20,20,0,26,12,15,27,0,0,1,4,33,62,0,0,100,0,0,1,18,81,0,0,2,2,3,10,76,7,0,0,11,5,35,49,0,0,6,14,34,46,100,100,100,45,0,4,51,31,0,2,67,38,0,1,61,21,0,4,75,60,0,2,38,83,0,9,8,0,0,1,1,11,13,74,0,0,1,3,12,18,66,0,2,9,22,37,30,0,0,5,8,11,76,0,0,11,16,24,49,73,0,20,7,73,3,3,21,73,3,5,19,0,0,80,20,80,0,9,11,91,0,0,0,0,0,0,1,8,11,0,4,5,11,10,4,4,8,3,0,4,6,3,7,4,16,0,1,35,63,1,0,0,0,0,100,0,0,0,0,0,1,1,43,33,22,1,1,20,22,33,16,7,4.866666666666666,6.422970142741242,1.4,0.8944271909999157,12.434782608695652,6.107200484216929,3.3877551020408165,1.523916908341922
NZL,New Zealand,3,2021-02-09,2021-02-08,100,0,0,0,0,2,100,741808.2895740736,99,0,0,100,0,14,86,0,2,98,0,12,88,0,13,87,0,13,87,0,2,98,0,1,99,0,0,100,0,1,99,0,3,97,0,19,81,0,1,99,0,8,92,100,0,0,0,86,0,9,5,98,0,0,2,88,0,4,8,87,0,4,9,87,0,3,10,98,0,1,1,99,0,0,1,100,0,0,0,99,0,0,1,97,0,2,1,81,0,4,15,99,0,0,1,92,0,4,4,0,0,2,98,98,0,2,0,0,0,45,55,55,0,2,43,98,0,2,0,98,0,2,0,100,0,0,2,0,2,96,0,1,0,98,1,100,0,0,0,0,100,0,0,0,0,0,0,39,39,11,11,0,0,33,62,5,100,0,0,38,52,10,0,0,41,45,14,0,0,12,60,28,0,0,61,36,3,89,8,3,89,5,6,89,9,2,89,9,2,89,5,6,89,9,2,89,10,1,89,11,0,89,8,3,0,89,0,4,7,89,0,8,3,89,0,11,0,89,0,11,0,89,0,3,8,89,0,7,4,89,0,11,0,89,0,11,0,89,0,10,1,0,61,1,25,13,61,1,30,8,61,1,38,0,61,1,36,2,61,1,20,18,61,1,12,26,61,1,35,3,61,1,38,0,61,1,36,2,0,100,0,0,100,0,100,0,100,0,0,100,0,0,100,0,0,100,0,0,100,0,100,0,0,98,0,2,0,98,0,1,1,98,0,0,2,98,0,2,0,98,0,1,1,98,0,2,0,98,0,1,1,0,0,15,25,37,23,0,4,66,30,0,4,95,1,0,4,92,4,0,4,92,4,0,4,90,6,0,4,94,2,0,4,93,3,0,4,96,0,0,4,80,16,0,4,47,49,33,0,2,65,1,1,13,85,0,0,0,98,0,1,1,98,0,2,0,98,0,1,1,98,0,0,2,98,0,1,1,98,0,0,2,100,0,0,0,100,0,0,0,100,0,0,0,100,0,0,0,100,0,0,0,100,0,0,0,100,0,0,0,100,0,0,0,100,0,0,0,100,0,0,0,100,0,0,0,100,0,0,0,0,0,63,37,0,0,80,20,0,2,67,31,0,0,86,14,0,2,47,51,0,3,13,84,0,0,79,21,21,0,24,19,14,22,0,1,1,3,26,69,0,0,99,1,0,0,20,80,0,0,0,2,2,10,84,2,0,0,11,10,32,47,0,0,5,8,26,61,100,100,100,37,0,2,61,20,0,4,76,33,0,2,65,14,1,2,83,53,0,2,45,87,0,7,6,0,0,1,1,4,9,85,0,0,0,1,8,12,79,0,0,9,26,40,25,0,0,2,3,12,83,0,0,4,17,15,64,79,1,13,7,79,3,2,16,79,2,5,14,0,0,83,17,83,0,6,11,94,0,1,0,0,0,0,0,5,11,0,4,8,6,15,1,5,8,2,0,4,10,4,2,3,17,0,1,33,66,0,0,0,0,0,0,100,0,0,0,0,1,4,55,28,12,1,1,9,23,41,19,6,5.214285714285714,7.059108332711834,1,0,12.957831325301205,5.44271991907937,3.4148936170212765,1.3552730508367716
NZL,New Zealand,4,2021-02-09,2021-02-08,100,0,0,0,0,6,100,674488.4223149649,97,0,0,100,0,5,95,0,1,99,0,10,90,0,12,88,0,12,88,0,3,97,0,2,98,0,4,96,0,1,99,0,1,99,0,9,91,0,1,99,0,7,93,100,0,0,0,95,0,1,4,99,0,0,1,90,0,0,10,88,0,2,10,88,0,2,10,97,0,0,3,98,0,0,2,96,0,0,4,99,0,0,1,99,0,0,1,91,0,1,8,99,0,0,1,93,0,3,4,0,0,6,94,94,0,6,0,0,1,29,70,71,0,2,27,98,0,2,0,98,0,2,0,100,0,0,3,1,0,96,0,0,0,97,3,100,0,0,0,0,100,0,0,0,0,0,0,42,38,15,5,0,1,32,58,9,100,0,1,34,54,11,0,0,41,51,8,0,1,13,56,30,0,1,53,42,4,95,2,3,95,5,0,95,4,1,95,5,0,95,3,2,95,4,1,95,5,0,95,4,1,95,5,0,0,85,0,8,7,85,0,12,3,85,0,14,1,85,0,14,1,85,0,5,10,85,0,12,3,85,0,15,0,85,0,15,0,85,0,14,1,0,62,1,18,19,62,1,25,12,62,1,36,1,62,1,36,1,62,1,19,18,62,1,15,22,62,1,36,1,62,1,37,0,62,1,35,2,0,100,0,0,100,0,100,0,100,0,0,100,0,0,100,0,0,100,0,0,100,0,100,0,0,97,0,3,0,97,0,3,0,97,0,2,1,97,0,2,1,97,0,1,2,97,0,3,0,97,0,1,2,0,0,20,29,26,25,0,1,71,28,0,1,96,3,0,1,95,4,0,1,88,11,0,1,75,24,0,1,99,0,0,1,90,9,0,1,97,2,0,1,77,22,0,1,62,37,44,0,0,56,2,0,14,84,0,0,0,100,0,0,0,100,0,0,0,100,0,0,0,100,0,0,0,100,0,0,0,100,0,0,0,100,0,0,0,100,0,0,0,100,0,0,0,100,0,0,0,100,0,0,0,100,0,0,0,100,0,0,0,100,0,0,0,100,0,0,0,100,0,0,0,100,0,0,0,100,0,0,0,0,2,53,45,0,2,74,24,0,1,59,40,0,1,80,19,0,2,46,52,0,2,18,80,0,0,77,23,23,0,25,19,11,22,0,0,1,7,34,58,0,0,100,0,0,0,25,75,0,0,1,1,2,10,85,1,0,0,9,17,34,40,0,1,4,10,31,54,100,100,100,47,1,3,49,26,1,5,68,41,1,3,55,20,1,3,76,54,1,2,43,82,0,9,9,0,0,3,1,2,12,82,0,0,2,1,5,14,78,0,0,11,18,39,32,0,0,2,9,14,75,0,0,7,21,26,46,72,1,20,7,72,3,4,21,72,3,7,18,0,0,70,30,70,0,10,20,90,0,1,0,2,0,0,0,7,20,0,5,2,5,15,1,4,5,5,0,3,10,6,2,3,14,0,2,42,55,0,1,0,0,0,0,0,100,0,0,0,1,2,53,25,19,1,0,14,22,33,22,8,4.147058823529412,4.314404014048167,1,0,12.789473684210526,5.156889085407377,3.1938775510204085,1.4619444985396797
NZL,New Zealand,5,2021-02-09,2021-02-08,100,0,0,0,0,0,100,562349.74162789,98,0,2,98,0,2,98,0,3,97,0,15,85,1,8,91,0,14,86,0,3,97,0,5,95,0,1,99,0,1,99,0,2,98,0,14,86,0,0,100,0,3,97,98,0,1,1,98,0,1,1,97,0,0,3,85,0,2,13,92,0,2,6,86,0,2,12,97,0,1,2,95,0,0,5,99,0,1,0,99,0,1,0,98,0,1,1,86,0,3,11,100,0,0,0,97,0,0,3,0,0,0,100,100,0,0,0,0,2,27,71,73,2,2,23,98,0,2,0,98,0,2,0,100,0,0,6,1,1,92,0,0,0,100,0,100,0,0,0,0,100,0,0,0,0,0,0,50,29,14,7,0,5,26,60,9,100,0,3,36,50,11,0,3,49,38,10,0,5,13,49,33,0,1,63,32,4,93,3,4,93,7,0,93,6,1,93,6,1,93,3,4,93,6,1,93,7,0,93,7,0,93,6,1,0,86,0,9,5,86,0,13,1,86,0,13,1,86,0,14,0,86,0,3,11,86,0,9,5,86,0,14,0,86,0,14,0,86,0,14,0,0,71,1,12,16,71,1,21,7,71,1,25,3,71,1,25,3,71,1,12,16,71,1,14,14,71,1,27,1,71,1,28,0,71,1,25,3,0,100,0,0,100,0,100,0,100,0,0,100,0,0,100,0,0,100,0,0,100,0,100,0,0,95,0,5,0,95,0,1,4,95,0,3,2,95,0,3,2,95,0,4,1,95,0,5,0,95,0,3,2,0,0,24,25,30,21,0,2,78,20,0,2,97,1,0,2,95,3,0,2,83,15,0,2,57,41,0,2,97,1,0,2,93,5,0,2,87,11,0,2,74,24,0,2,67,31,40,0,1,59,2,0,10,88,0,0,0,99,0,0,1,99,0,0,1,99,0,0,1,99,0,0,1,99,0,0,1,99,0,0,1,100,0,0,0,100,0,0,0,100,0,0,0,100,0,0,0,100,0,0,0,100,0,0,0,100,0,0,0,100,0,0,0,100,0,0,0,100,0,0,0,100,0,0,0,100,0,0,0,0,1,50,49,0,2,69,29,0,4,56,40,0,2,69,29,0,5,23,72,0,7,6,87,0,0,69,31,31,0,31,14,8,16,0,2,0,5,29,64,0,0,100,0,0,1,25,74,0,0,2,2,2,6,82,6,0,1,18,9,38,34,0,0,6,19,26,49,100,100,100,50,0,5,45,31,0,5,64,44,0,1,55,31,0,2,67,77,0,1,22,94,0,2,4,0,1,0,2,2,6,89,0,0,2,1,2,8,87,0,1,12,31,24,32,0,0,2,7,13,78,0,0,6,14,27,53,80,0,15,5,80,4,3,13,80,4,3,13,0,0,69,31,69,0,14,17,86,0,2,0,2,0,0,0,10,17,0,3,7,3,7,1,3,15,4,0,1,10,5,3,3,18,0,0,38,60,1,1,0,0,0,0,0,0,100,0,0,2,5,45,30,18,2,3,18,26,31,17,3,3.5428571428571427,5.237550264494771,0,0,12.60919540229885,4.6213768255466405,2.393617021276596,0.9640649278360379
NZL,New Zealand,6,2021-02-09,2021-02-07,100,0,0,0,0,0,100,647991.8961497416,98,0,0,100,1,6,93,0,2,98,0,8,92,0,10,90,0,8,92,1,3,96,1,1,98,1,0,99,0,1,99,0,1,99,0,9,91,0,1,99,0,1,99,100,0,0,0,94,1,0,5,98,0,1,1,92,0,3,5,90,0,2,8,92,1,1,6,97,0,2,1,99,0,1,0,100,0,0,0,99,0,0,1,99,0,0,1,91,0,1,8,99,0,0,1,99,0,0,1,0,0,0,100,100,0,0,0,0,1,24,75,76,1,2,21,98,0,2,0,98,0,2,0,100,0,0,4,5,0,91,0,1,0,99,0,100,0,0,0,0,100,0,0,0,0,0,1,60,21,16,2,0,5,26,61,8,100,0,6,41,43,10,0,4,47,45,4,0,6,12,61,21,0,0,66,30,4,98,1,1,98,2,0,98,2,0,98,2,0,98,2,0,98,2,0,98,2,0,98,2,0,98,1,1,0,84,0,7,9,84,0,8,8,84,0,15,1,84,0,15,1,84,0,4,12,84,0,8,8,84,0,15,1,84,0,16,0,84,0,16,0,0,79,0,15,6,79,0,15,6,79,0,21,0,79,0,21,0,79,0,12,9,79,0,14,7,79,0,20,1,79,0,21,0,79,0,21,0,0,100,0,0,100,0,100,0,100,0,0,100,0,0,100,0,0,100,0,0,100,0,100,0,0,99,0,1,0,99,0,0,1,99,0,1,0,99,0,0,1,99,0,1,0,99,0,1,0,99,0,1,0,0,0,18,29,31,22,0,1,79,20,0,1,89,10,0,1,83,16,0,1,85,14,0,1,60,39,0,1,98,1,0,1,95,4,0,1,76,23,0,1,88,11,0,1,74,25,37,0,0,63,2,0,8,90,0,0,0,100,0,0,0,100,0,0,0,100,0,0,0,100,0,0,0,100,0,0,0,100,0,0,0,100,0,0,0,100,0,0,0,100,0,0,0,100,0,0,0,100,0,0,0,100,0,0,0,100,0,0,0,100,0,0,0,100,0,0,0,100,0,0,0,100,0,0,0,100,0,0,0,0,3,19,78,0,2,65,33,0,3,59,38,0,3,65,32,0,4,32,64,0,4,6,90,0,0,68,32,32,0,39,10,9,10,0,0,1,2,35,62,0,0,100,0,0,1,19,80,0,1,1,3,5,5,82,3,0,0,13,19,38,30,0,2,1,13,33,51,100,100,100,81,0,2,17,35,0,2,63,41,1,2,56,35,0,3,62,68,0,3,29,94,0,3,3,0,0,3,0,2,9,86,0,0,0,0,4,13,83,0,0,7,23,36,34,0,0,0,0,10,90,0,0,0,5,27,68,95,1,4,0,95,3,0,2,95,2,1,2,0,1,25,74,26,1,11,62,89,0,1,0,1,0,0,0,9,64,0,2,3,3,6,1,0,3,1,0,1,3,1,1,4,7,0,2,36,62,0,0,0,0,0,0,0,0,0,100,0,2,7,35,31,25,2,6,25,20,33,11,3,4.888888888888889,6.338729145458669,0,0,12.351063829787234,5.437242040468186,2.0217391304347827,1.1857974631052841
NZL,New Zealand,-99,2021-02-10,2021-02-09,100,2,12809.80301975667,1,7799.27288288523,3,84,756785.023973765,0,1,3,96,1,17,82,2,7,91,1,23,76,0,20,80,0,23,77,1,8,91,1,2,97,0,3,97,1,2,97,1,8,91,0,20,80,0,5,95,0,16,84,97,1,1,1,83,1,7,9,93,1,1,5,77,1,11,11,80,1,9,10,77,1,10,12,92,0,6,2,98,0,1,1,97,0,1,2,98,0,2,0,92,1,4,3,80,1,3,16,95,1,1,3,84,1,8,7,16,0,3,81,97,0,2,1,18,2,29,51,71,0,3,26,97,0,3,0,97,0,3,0,100,0,0,23,2,0,75,18,1,0,79,2,100,0,0,0,0,100,0,0,0,0,20,0,28,25,20,7,34,4,23,26,13,100,34,5,26,25,10,34,6,22,28,10,34,6,6,26,28,34,3,39,19,5,93,4,3,93,6,1,93,5,2,93,6,1,93,6,1,93,7,0,93,7,0,93,7,0,93,2,5,0,83,0,10,7,83,0,14,3,83,0,15,2,83,0,16,1,83,0,7,10,83,0,11,6,83,0,16,1,83,0,17,0,83,0,15,2,0,76,0,13,11,76,0,19,5,76,0,23,1,76,0,21,3,76,0,12,12,76,0,10,14,76,0,24,0,76,0,23,1,76,0,24,0,0,100,0,0,100,0,100,0,100,0,0,100,0,0,100,0,0,100,0,0,100,0,100,0,0,95,0,5,0,95,0,2,3,95,0,3,2,95,0,3,2,95,0,4,1,95,0,3,2,95,0,4,1,37,1,12,16,22,12,39,1,48,12,39,1,58,2,39,1,59,1,39,1,56,4,39,1,46,14,39,1,60,0,39,1,58,2,39,1,57,3,39,1,51,9,39,1,30,30,100,0,0,0,100,0,0,0,0,0,0,100,0,0,0,100,0,0,0,100,0,0,0,100,0,0,0,100,0,0,0,100,0,0,0,100,0,0,0,100,0,0,0,100,0,0,0,100,0,0,0,100,0,0,0,100,0,0,0,100,0,0,0,100,0,0,0,100,0,0,0,100,0,0,0,100,0,0,0,100,0,0,0,43,3,24,30,43,3,42,12,43,4,30,23,43,3,37,17,43,3,23,31,43,4,7,46,51,2,28,19,72,0,10,10,3,5,55,1,0,3,10,31,55,2,43,0,63,1,8,28,63,1,2,2,3,2,27,0,63,1,6,11,14,5,67,1,3,8,8,13,100,100,100,78,2,1,19,61,4,4,31,72,3,2,23,66,1,2,31,77,2,3,18,93,0,4,3,77,1,1,0,0,3,18,77,1,0,0,0,5,17,80,0,3,2,7,8,80,0,0,3,3,14,80,0,1,3,9,7,98,0,1,1,98,0,0,2,98,0,1,1,86,1,5,8,92,0,5,3,99,0,0,0,0,0,0,0,1,97,0,0,0,0,2,0,0,1,0,0,0,0,0,0,0,0,100,0,0,0,0,0,100,0,0,0,0,0,0,0,0,100,0,0,0,0,100,0,0,0,0,0,0,6.754761904761905,7.875810523707552,1,0,0,0,0,0
NZL,New Zealand,1,2021-02-10,2021-02-06,100,1,13392.446727878001,1,13392.446727878001,8,100,874457.5381169746,96,1,1,98,0,12,88,0,5,95,0,25,75,0,27,73,0,24,76,0,12,88,0,3,97,0,11,89,0,1,99,0,10,90,0,25,75,0,3,97,0,17,83,99,0,1,0,88,0,5,7,95,0,1,4,75,0,1,24,73,0,4,23,76,0,6,18,88,0,5,7,97,0,2,1,89,0,4,7,99,0,0,1,90,0,6,4,75,0,3,22,97,0,3,0,83,0,2,15,0,0,5,95,95,0,4,1,0,0,31,69,69,0,2,29,98,0,2,0,98,0,1,1,100,0,0,2,0,4,94,0,0,1,99,0,99,0,1,0,0,99,0,1,0,0,1,0,39,34,16,10,1,0,36,54,9,100,1,1,48,38,12,1,1,47,41,10,1,2,14,60,23,1,0,65,29,5,90,2,8,90,5,5,90,8,2,90,7,3,90,1,9,90,6,4,90,8,2,90,9,1,90,7,3,0,84,0,7,9,84,0,11,5,84,0,12,4,84,0,13,3,84,0,5,11,84,0,9,7,84,0,15,1,84,0,16,0,84,0,15,1,0,66,0,16,18,66,0,25,9,66,0,33,1,66,0,32,2,66,0,17,17,66,0,9,25,66,0,31,3,66,0,34,0,66,0,32,2,0,100,0,0,100,0,100,0,100,0,0,100,0,0,100,0,0,100,0,0,100,0,100,0,0,93,0,7,0,93,0,2,5,93,0,1,6,93,0,6,1,93,0,5,2,93,0,7,0,93,0,4,3,0,0,14,21,35,30,0,2,77,21,0,2,98,0,0,2,97,1,0,2,97,1,0,2,96,2,0,2,98,0,0,2,93,5,0,2,96,2,0,2,90,8,0,2,36,62,38,0,3,59,3,0,11,86,0,0,0,96,0,2,2,96,0,1,3,96,1,0,3,96,0,2,2,96,0,1,3,96,0,1,3,100,0,0,0,100,0,0,0,100,0,0,0,100,0,0,0,100,0,0,0,100,0,0,0,100,0,0,0,100,0,0,0,100,0,0,0,100,0,0,0,100,0,0,0,100,0,0,0,0,1,58,41,0,2,75,23,0,0,70,30,0,2,75,23,0,2,57,41,0,3,26,71,0,0,76,24,24,0,23,20,13,20,0,0,2,16,42,40,0,0,100,0,0,1,16,83,0,0,1,2,8,9,79,1,0,0,10,7,36,47,0,0,2,11,25,62,100,100,100,42,0,2,56,25,0,3,72,30,0,2,68,25,1,1,73,43,0,2,55,74,0,13,13,0,0,2,2,9,19,68,0,0,2,4,18,18,58,0,2,5,19,34,40,0,0,4,5,16,75,0,0,9,23,21,47,68,3,19,10,68,4,2,26,68,2,11,19,0,0,74,26,74,0,13,13,87,0,0,0,3,2,1,0,7,13,0,6,15,2,4,2,2,9,3,0,3,4,2,5,1,29,0,0,37,62,0,1,0,0,100,0,0,0,0,0,0,2,6,47,37,8,2,3,9,21,36,18,11,3.711864406779661,4.283290901493235,1.6,0.8944271909999157,11.168478260869565,5.118527633156858,3.765957446808511,1.512851981011138
NZL,New Zealand,2,2021-02-10,2021-02-08,100,1,5927.82851997222,1,5927.82851997222,7,100,783144.1135460108,97,0,2,98,0,7,93,0,3,97,0,23,77,0,12,88,0,21,79,0,8,92,0,2,98,0,6,94,0,1,99,0,9,91,0,27,73,0,0,100,0,6,94,98,0,2,0,93,1,2,4,97,0,0,3,77,1,2,20,88,1,3,8,79,1,3,17,92,1,3,4,98,0,1,1,94,1,1,4,99,0,1,0,91,1,2,6,73,1,3,23,100,0,0,0,94,0,1,5,0,0,5,95,95,0,3,2,0,1,41,58,59,0,4,37,96,0,4,0,96,0,4,0,100,0,0,5,1,1,93,0,0,0,99,1,100,0,0,0,0,100,0,0,0,0,0,0,34,33,21,12,0,1,32,58,9,100,0,0,52,40,8,0,1,45,44,10,0,1,11,55,33,0,1,65,28,6,88,3,9,88,8,4,88,9,3,88,9,3,88,6,6,88,9,3,88,11,1,88,12,0,88,8,4,0,79,0,9,12,79,0,12,9,79,0,18,3,79,0,21,0,79,0,4,17,79,0,11,10,79,0,19,2,79,0,21,0,79,0,19,2,0,67,1,16,16,67,1,25,7,67,1,32,0,67,1,32,0,67,1,18,14,67,1,9,23,67,1,30,2,67,1,32,0,67,1,32,0,0,100,0,0,100,0,100,0,100,0,0,100,0,0,100,0,0,100,0,0,100,0,100,0,0,94,1,5,0,94,1,2,3,94,1,1,4,94,1,3,2,94,1,4,1,94,1,4,1,94,1,5,0,0,0,22,25,36,17,0,3,71,26,0,3,97,0,0,3,97,0,0,3,96,1,0,3,87,10,0,3,97,0,0,3,88,9,0,3,94,3,0,3,81,16,0,3,48,49,27,0,3,70,2,0,19,79,0,0,0,99,0,0,1,99,0,0,1,99,0,0,1,99,0,0,1,99,0,0,1,99,0,0,1,100,0,0,0,100,0,0,0,100,0,0,0,100,0,0,0,100,0,0,0,100,0,0,0,100,0,0,0,100,0,0,0,100,0,0,0,100,0,0,0,100,0,0,0,100,0,0,0,0,1,58,41,0,1,68,31,0,1,59,40,0,0,81,19,0,2,36,62,0,1,15,84,0,0,79,21,21,0,23,15,16,25,0,0,1,5,27,67,0,0,100,0,0,1,16,83,0,0,3,1,4,11,75,6,0,0,8,9,31,52,0,0,6,12,35,47,100,100,100,42,1,3,54,32,1,1,66,41,1,1,57,19,1,2,78,64,1,1,34,85,0,9,6,0,0,0,1,10,14,75,0,0,0,2,14,15,69,0,2,11,27,36,24,0,0,3,8,13,76,0,0,9,16,21,54,75,0,16,9,75,3,3,19,75,3,6,16,0,0,79,21,79,0,10,11,90,0,0,0,0,1,0,1,8,11,0,8,3,12,13,3,3,11,3,0,4,3,5,3,3,15,0,1,25,74,0,0,0,0,0,100,0,0,0,0,0,1,2,47,31,19,1,0,16,28,36,15,4,4.607843137254902,5.970187371842023,1.4,0.8944271909999157,12.399462365591399,6.417183515610628,3.3958333333333335,1.3877597749547492
NZL,New Zealand,3,2021-02-10,2021-02-08,100,0,0,0,0,1,100,798877.1013708157,98,0,1,99,0,11,89,0,3,97,0,15,85,0,16,84,0,17,83,0,3,97,0,4,96,0,2,98,0,2,98,0,5,95,0,21,79,0,2,98,0,8,92,99,0,1,0,89,0,7,4,97,0,0,3,85,0,7,8,84,0,5,11,83,0,9,8,97,0,1,2,96,0,3,1,98,0,1,1,98,0,1,1,95,0,3,2,79,0,5,16,98,0,1,1,92,0,3,5,0,0,1,99,99,0,1,0,0,1,43,56,57,0,4,39,96,0,4,0,96,0,4,0,100,0,0,5,0,2,93,0,0,0,100,0,100,0,0,0,0,100,0,0,0,0,0,0,37,33,19,11,0,0,27,66,7,100,0,0,32,51,17,0,0,37,48,15,0,0,5,59,36,0,0,57,38,5,89,10,1,89,8,3,89,10,1,89,9,2,89,7,4,89,11,0,89,10,1,89,11,0,89,7,4,0,81,0,9,10,81,0,15,4,81,0,19,0,81,0,18,1,81,0,6,13,81,0,15,4,81,0,19,0,81,0,19,0,81,0,17,2,0,67,1,19,13,67,1,26,6,67,1,32,0,67,1,31,1,67,1,16,16,67,1,8,24,67,1,30,2,67,1,32,0,67,1,32,0,0,100,0,0,100,0,100,0,100,0,0,100,0,0,100,0,0,100,0,0,100,0,100,0,0,99,0,1,0,99,0,1,0,99,0,1,0,99,0,1,0,99,0,0,1,99,0,0,1,99,0,1,0,0,0,19,26,35,20,0,3,66,31,0,3,95,2,0,3,93,4,0,3,88,9,0,3,90,7,0,3,96,1,0,3,90,7,0,3,97,0,0,3,77,20,0,3,53,44,32,0,1,67,2,0,18,80,0,0,0,98,0,1,1,98,0,2,0,98,0,1,1,98,0,0,2,98,0,1,1,98,0,0,2,100,0,0,0,100,0,0,0,100,0,0,0,100,0,0,0,100,0,0,0,100,0,0,0,100,0,0,0,100,0,0,0,100,0,0,0,100,0,0,0,100,0,0,0,100,0,0,0,0,0,62,38,0,0,76,24,0,2,63,35,0,0,80,20,0,1,40,59,0,2,16,82,0,0,81,19,19,0,28,15,16,22,0,1,2,3,26,68,0,0,100,0,0,0,25,75,0,0,3,3,0,11,80,3,0,0,7,12,39,42,0,0,3,13,30,54,100,100,100,38,0,2,60,24,0,5,71,37,0,2,61,20,1,2,77,60,0,2,38,84,0,7,9,0,0,2,0,8,11,79,0,0,0,2,10,15,73,0,0,14,28,37,21,0,0,4,3,17,76,0,0,5,16,24,55,79,1,16,4,79,3,3,15,79,2,6,13,0,0,75,25,75,0,8,17,92,0,2,0,0,0,0,0,6,17,0,3,6,3,11,1,3,10,3,1,5,7,4,1,5,20,0,0,31,66,0,3,0,0,0,0,100,0,0,0,0,1,3,63,23,10,1,1,11,29,35,16,7,5.636363636363637,7.159611880772456,1,0,12.703488372093021,6.137338907423077,3.3711340206185567,1.5499972286861379
NZL,New Zealand,4,2021-02-10,2021-02-09,100,0,0,0,0,2,100,635497.0786048649,96,0,0,100,0,9,91,0,1,99,0,13,87,0,12,88,0,10,90,0,6,94,0,0,100,0,3,97,0,1,99,0,3,97,0,14,86,0,0,100,0,5,95,100,0,0,0,91,0,2,7,99,0,0,1,87,0,3,10,88,0,4,8,90,0,3,7,94,0,1,5,100,0,0,0,97,0,1,2,99,0,0,1,97,0,2,1,86,0,2,12,100,0,0,0,95,0,2,3,0,0,2,98,98,0,2,0,0,0,33,67,67,0,3,30,97,0,3,0,97,0,3,0,100,0,0,3,0,2,95,0,0,0,100,0,100,0,0,0,0,100,0,0,0,0,0,0,46,29,19,6,0,0,26,63,11,100,0,0,41,44,15,0,0,37,48,15,0,0,10,55,35,0,1,57,34,8,94,2,4,94,5,1,94,3,3,94,6,0,94,5,1,94,4,2,94,6,0,94,5,1,94,6,0,0,81,0,9,10,81,0,15,4,81,0,17,2,81,0,18,1,81,0,8,11,81,0,11,8,81,0,19,0,81,0,19,0,81,0,16,3,0,71,0,15,14,71,0,22,7,71,0,29,0,71,0,28,1,71,0,18,11,71,0,11,18,71,0,29,0,71,0,29,0,71,0,27,2,0,100,0,0,100,0,100,0,100,0,0,100,0,0,100,0,0,100,0,0,100,0,100,0,0,95,0,5,0,95,0,4,1,95,0,4,1,95,0,4,1,95,0,2,3,95,0,4,1,95,0,4,1,0,0,19,33,28,20,0,2,73,25,0,2,97,1,0,2,94,4,0,2,94,4,0,2,81,17,0,2,96,2,0,2,90,8,0,2,96,2,0,2,81,17,0,2,50,48,28,1,0,71,1,0,15,84,0,0,0,98,1,0,1,98,1,0,1,98,1,0,1,98,1,0,1,98,1,0,1,98,0,1,1,100,0,0,0,100,0,0,0,100,0,0,0,100,0,0,0,100,0,0,0,100,0,0,0,100,0,0,0,100,0,0,0,100,0,0,0,100,0,0,0,100,0,0,0,100,0,0,0,0,0,59,41,0,1,79,20,0,1,61,38,0,0,80,20,0,3,33,64,0,3,13,84,0,1,76,23,24,0,32,23,10,11,0,1,1,6,30,62,0,1,99,0,0,0,25,75,0,0,1,2,3,10,81,3,0,0,9,20,29,42,0,0,3,16,34,47,100,100,100,41,1,7,51,21,1,7,71,39,1,3,57,20,1,4,75,67,1,3,29,87,1,5,7,0,0,1,0,4,7,88,0,0,2,2,2,9,85,0,1,14,20,36,29,0,0,0,7,16,77,0,0,4,26,19,51,70,1,22,7,70,4,2,24,70,2,7,21,0,0,66,34,66,0,11,23,89,1,3,0,3,0,0,0,4,23,0,3,3,4,8,1,6,13,4,0,3,8,8,2,6,8,0,2,27,70,0,1,0,0,0,0,0,100,0,0,0,0,3,55,32,10,0,1,10,19,43,23,4,5.4411764705882355,6.2094316163572865,1,0,12.758241758241759,4.998534583790332,2.9896907216494846,1.357808017240968
NZL,New Zealand,5,2021-02-10,2021-02-09,100,0,0,0,0,5,100,552121.5416343858,94,0,0,100,0,5,95,0,3,97,0,14,86,0,13,87,0,15,85,0,3,97,0,2,98,0,1,99,0,1,99,0,3,97,0,7,93,0,0,100,0,6,94,100,0,0,0,95,0,1,4,97,0,0,3,86,0,3,11,87,0,1,12,85,0,4,11,97,0,3,0,98,0,0,2,99,0,0,1,99,0,1,0,97,0,2,1,93,0,1,6,100,0,0,0,94,0,2,4,0,0,4,96,96,0,3,1,0,1,24,75,76,0,2,22,98,0,2,0,98,0,2,0,100,0,0,3,0,1,96,0,0,0,100,0,100,0,0,0,0,100,0,0,0,0,0,0,53,21,17,9,0,3,29,57,11,100,0,2,31,50,17,0,2,44,38,16,0,2,12,49,37,0,1,60,28,11,91,3,6,91,6,3,91,7,2,91,9,0,91,5,4,91,9,0,91,9,0,91,9,0,91,7,2,0,83,0,7,10,83,0,12,5,83,0,15,2,83,0,16,1,83,0,7,10,83,0,11,6,83,0,17,0,83,0,17,0,83,0,16,1,0,79,0,8,13,79,0,13,8,79,0,19,2,79,0,20,1,79,0,10,11,79,0,11,10,79,0,19,2,79,0,21,0,79,0,21,0,0,100,0,0,100,0,100,0,100,0,0,100,0,0,100,0,0,100,0,0,100,0,100,0,0,94,0,6,0,94,0,3,3,94,0,4,2,94,0,4,2,94,0,5,1,94,0,5,1,94,0,2,4,0,0,26,21,35,18,0,0,79,21,0,0,97,3,0,0,97,3,0,0,93,7,0,0,60,40,0,0,98,2,0,0,94,6,0,0,95,5,0,0,82,18,0,0,65,35,33,2,1,64,4,2,14,80,0,0,0,99,0,0,1,99,0,0,1,99,0,0,1,99,0,0,1,99,0,0,1,99,0,0,1,100,0,0,0,100,0,0,0,100,0,0,0,100,0,0,0,100,0,0,0,100,0,0,0,100,0,0,0,100,0,0,0,100,0,0,0,100,0,0,0,100,0,0,0,100,0,0,0,0,1,52,47,0,1,72,27,0,2,53,45,0,1,70,29,0,2,23,75,0,2,14,84,0,0,78,22,22,0,34,15,13,16,0,1,2,4,30,63,0,0,100,0,0,1,20,79,0,0,0,2,4,7,83,4,0,1,17,9,25,48,0,1,2,19,29,49,100,100,100,48,0,4,48,28,1,4,67,47,0,3,50,30,1,4,65,77,0,1,22,86,0,6,8,0,0,1,0,5,9,85,0,0,1,1,7,8,83,0,0,11,28,36,25,0,0,2,7,14,77,0,0,6,13,27,54,81,1,9,9,81,3,4,12,81,2,6,11,0,0,69,31,69,0,10,21,90,0,1,0,3,0,0,0,6,21,0,3,1,3,13,1,4,11,1,0,1,12,4,1,6,18,0,0,30,68,1,1,0,0,0,0,0,0,100,0,0,4,3,47,24,22,4,2,27,31,25,8,3,7.400000000000001,7.717423189747674,1.25,0.5,12.21808510638298,4.895443630230568,2.21505376344086,0.9307484408375618
NZL,New Zealand,6,2021-02-10,2021-02-08,100,0,0,0,0,4,100,677979.907826459,100,0,0,100,1,5,94,0,2,98,0,7,93,0,9,91,0,4,96,1,4,95,1,0,99,1,1,98,0,0,100,0,5,95,0,10,90,0,1,99,1,2,97,100,0,0,0,95,0,0,5,98,0,1,1,93,0,3,4,91,0,3,6,96,0,0,4,96,0,3,1,100,0,0,0,99,0,0,1,100,0,0,0,95,0,1,4,90,0,2,8,99,0,1,0,98,0,0,2,0,0,2,98,98,0,1,1,0,3,22,75,78,0,2,20,98,0,2,0,98,0,2,0,100,0,0,5,1,0,94,0,0,0,100,0,100,0,0,0,0,100,0,0,0,0,0,0,58,27,14,1,0,5,36,52,7,100,0,5,46,33,16,0,5,56,33,6,0,7,16,52,25,0,3,73,21,3,99,0,1,99,0,1,99,1,0,99,1,0,99,0,1,99,1,0,99,1,0,99,1,0,99,1,0,0,86,0,7,7,86,0,9,5,86,0,13,1,86,0,13,1,86,0,6,8,86,0,8,6,86,0,14,0,86,0,14,0,86,0,13,1,0,73,0,16,11,73,0,19,8,73,0,26,1,73,0,26,1,73,0,17,10,73,0,18,9,73,0,26,1,73,0,27,0,73,0,27,0,0,100,0,0,100,0,100,0,100,0,0,100,0,0,100,0,0,100,0,0,100,0,100,0,0,98,0,2,0,98,0,1,1,98,0,2,0,98,0,0,2,98,0,2,0,98,0,2,0,98,0,2,0,0,0,17,26,35,22,0,2,81,17,0,2,89,9,0,2,80,18,0,2,80,18,0,2,52,46,0,2,98,0,0,2,93,5,0,2,82,16,0,2,89,9,0,2,73,25,40,0,0,60,0,0,5,95,0,0,0,100,0,0,0,100,0,0,0,100,0,0,0,100,0,0,0,100,0,0,0,100,0,0,0,100,0,0,0,100,0,0,0,100,0,0,0,100,0,0,0,100,0,0,0,100,0,0,0,100,0,0,0,100,0,0,0,100,0,0,0,100,0,0,0,100,0,0,0,100,0,0,0,0,1,34,65,0,1,69,30,0,2,55,43,0,2,61,37,0,2,28,70,0,3,6,91,0,0,63,37,37,0,30,9,9,15,0,0,0,5,36,59,0,0,100,0,0,1,21,78,0,0,1,1,4,4,86,4,0,0,17,14,37,32,0,0,4,11,34,51,100,100,100,66,0,4,30,31,0,7,62,45,2,4,49,39,0,4,57,72,0,2,26,94,0,2,4,0,0,2,0,0,4,94,0,0,0,1,3,9,87,0,1,7,20,38,34,0,1,2,0,5,92,0,0,1,7,21,71,92,1,5,2,92,3,1,4,92,2,2,4,0,1,33,66,34,1,8,57,92,0,0,0,2,0,1,0,5,59,0,5,3,3,4,2,0,6,1,0,1,4,1,2,5,4,0,2,40,57,0,1,0,0,0,0,0,0,0,100,0,0,4,46,25,25,0,3,23,29,28,15,2,6.38888888888889,8.872554436137444,2,0,12.157303370786517,5.215577359316151,2,1.0619131671036408
NZL,New Zealand,-99,2021-02-11,2021-02-10,100,3,27612.318085718427,2,19742.14058277213,9,88,801646.7076454508,0,0,5,95,0,10,90,0,6,94,0,16,84,1,17,82,0,16,84,0,5,95,0,5,95,0,9,91,0,3,97,0,10,90,0,13,87,2,3,95,2,15,83,95,1,3,1,90,1,3,6,94,1,2,3,84,1,2,13,83,1,5,11,84,1,6,9,95,0,1,4,95,0,3,2,91,0,3,6,97,0,1,2,90,1,3,6,87,1,3,9,97,1,1,1,85,1,4,10,12,0,4,84,97,0,2,1,17,5,28,50,72,0,2,26,98,0,1,1,98,0,2,0,100,0,0,24,1,3,72,20,0,1,78,1,100,0,0,0,0,100,0,0,0,0,21,0,27,28,19,5,38,2,23,29,8,100,38,3,30,21,8,38,2,30,24,6,38,4,14,23,21,38,4,35,19,4,95,4,1,95,5,0,95,3,2,95,5,0,95,4,1,95,4,1,95,5,0,95,5,0,95,3,2,0,83,0,12,5,83,0,12,5,83,0,16,1,83,0,15,2,83,0,8,9,83,0,14,3,83,0,17,0,83,0,17,0,83,0,14,3,0,77,1,16,6,77,1,19,3,77,1,22,0,77,1,21,1,77,1,12,10,77,1,13,9,77,1,21,1,77,1,22,0,77,1,21,1,0,100,0,0,100,0,100,0,100,0,0,100,0,0,100,0,0,100,0,0,100,0,100,0,0,97,0,3,0,97,0,1,2,97,0,2,1,97,0,2,1,97,0,3,0,97,0,2,1,97,0,2,1,45,2,12,11,20,10,50,3,37,10,50,3,47,0,50,3,46,1,50,3,44,3,50,3,33,14,50,3,46,1,50,3,47,0,50,3,45,2,50,3,39,8,50,3,26,21,100,0,0,0,100,0,0,0,0,0,0,97,3,0,0,97,2,1,0,97,2,1,0,97,2,1,0,97,2,1,0,97,3,0,0,100,0,0,0,100,0,0,0,100,0,0,0,100,0,0,0,100,0,0,0,100,0,0,0,100,0,0,0,100,0,0,0,100,0,0,0,100,0,0,0,100,0,0,0,100,0,0,0,53,4,21,22,53,4,35,8,53,4,28,15,53,4,27,16,53,3,16,28,53,3,7,37,59,0,26,15,74,0,12,3,5,6,62,1,0,6,7,24,62,1,37,0,69,1,5,25,69,0,0,3,1,4,22,1,69,0,5,9,6,11,74,2,1,3,10,10,100,100,100,79,2,5,14,66,4,6,24,73,3,6,18,74,3,3,20,84,3,2,11,93,2,2,3,86,2,0,0,0,1,11,86,1,0,0,0,2,11,92,1,0,1,3,3,92,0,0,0,1,7,92,1,0,0,2,5,100,0,0,0,100,0,0,0,100,0,0,0,96,0,1,3,97,0,1,2,100,0,0,0,0,0,0,0,0,99,0,0,0,0,0,0,0,1,0,0,0,0,0,0,0,0,100,0,0,0,0,0,100,0,0,0,0,0,0,0,0,100,0,0,0,0,100,0,0,0,0,0,0,4.416666666666667,4.024034933105967,2.6666666666666665,2.0816659994661326,0,0,0,0
NZL,New Zealand,1,2021-02-11,2021-02-07,100,0,0,0,0,9,100,890135.4222573714,97,1,0,99,0,10,90,0,4,96,0,26,74,0,29,71,0,19,81,0,11,89,0,1,99,0,9,91,0,1,99,0,9,91,0,27,73,0,4,96,0,16,84,100,0,0,0,90,0,4,6,96,0,1,3,74,0,1,25,71,0,5,24,81,0,4,15,89,0,5,6,99,0,1,0,91,0,4,5,99,0,0,1,91,0,4,5,73,0,2,25,96,0,3,1,84,0,2,14,0,0,6,94,94,0,5,1,0,0,29,71,71,0,2,27,98,0,2,0,98,0,1,1,100,0,0,2,0,4,94,0,0,0,100,0,100,0,0,0,0,100,0,0,0,0,0,0,39,37,14,10,0,0,37,53,10,100,0,1,47,42,10,0,1,47,43,9,0,2,10,61,27,0,0,67,28,5,90,2,8,90,5,5,90,8,2,90,7,3,90,2,8,90,6,4,90,8,2,90,9,1,90,7,3,0,86,0,6,8,86,0,9,5,86,0,10,4,86,0,11,3,86,0,5,9,86,0,9,5,86,0,14,0,86,0,14,0,86,0,13,1,0,63,0,18,19,63,0,25,12,63,0,36,1,63,0,35,2,63,0,22,15,63,0,12,25,63,0,35,2,63,0,37,0,63,0,34,3,0,100,0,0,100,0,100,0,100,0,0,100,0,0,100,0,0,100,0,0,100,0,100,0,0,93,0,7,0,93,0,2,5,93,0,2,5,93,0,5,2,93,0,5,2,93,0,7,0,93,0,2,5,0,0,14,24,36,26,0,3,72,25,0,3,97,0,0,3,96,1,0,3,96,1,0,3,95,2,0,3,97,0,0,3,93,4,0,3,95,2,0,3,91,6,0,3,37,60,34,0,2,64,3,0,10,87,0,0,0,96,0,2,2,96,0,1,3,96,1,0,3,96,0,2,2,96,0,1,3,96,0,1,3,100,0,0,0,100,0,0,0,100,0,0,0,100,0,0,0,100,0,0,0,100,0,0,0,100,0,0,0,100,0,0,0,100,0,0,0,100,0,0,0,100,0,0,0,100,0,0,0,0,1,58,41,0,2,78,20,0,0,67,33,0,2,76,22,0,2,55,43,0,3,25,72,0,0,76,24,24,0,25,18,12,21,0,0,1,16,38,45,0,0,100,0,0,1,14,85,0,0,1,2,8,10,76,3,0,0,8,8,40,44,0,0,2,13,28,57,100,100,100,42,0,1,57,22,0,3,75,33,0,2,65,24,1,0,75,45,0,1,54,75,0,15,10,0,0,2,3,12,22,61,0,0,3,6,19,22,50,0,3,8,19,32,38,0,0,3,7,18,72,0,0,9,23,30,38,68,2,17,13,68,3,2,27,68,2,9,21,0,0,71,29,71,0,12,17,88,0,1,0,2,1,1,0,7,17,0,4,16,1,4,3,2,7,2,0,3,4,2,5,1,29,0,0,33,66,0,1,0,0,100,0,0,0,0,0,0,2,8,43,38,9,2,3,9,16,39,22,9,3.6333333333333337,4.250490167812021,1.5,0.8366600265340757,11.865168539325843,5.103343403272628,3.793478260869566,1.4716219912859765
NZL,New Zealand,2,2021-02-11,2021-02-09,100,0,0,0,0,4,100,876549.4390299369,97,0,0,100,0,9,91,0,3,97,0,22,78,0,12,88,0,18,82,0,9,91,0,2,98,0,8,92,0,1,99,0,9,91,0,26,74,0,1,99,0,11,89,100,0,0,0,91,1,5,3,97,0,0,3,78,2,3,17,88,2,3,7,82,2,3,13,91,1,6,2,98,0,0,2,92,2,2,4,99,0,0,1,91,2,1,6,74,2,5,19,99,1,0,0,89,2,5,4,0,0,3,97,97,0,1,2,0,1,34,65,66,0,1,33,99,0,1,0,99,0,1,0,100,0,0,2,1,1,96,0,0,0,99,1,100,0,0,0,0,100,0,0,0,0,0,0,36,31,23,10,0,0,28,63,9,100,0,1,45,47,7,0,1,39,49,11,0,1,6,58,35,0,3,56,36,5,90,4,6,90,8,2,90,8,2,90,10,0,90,4,6,90,7,3,90,9,1,90,10,0,90,7,3,0,77,0,9,14,77,0,17,6,77,0,20,3,77,0,22,1,77,0,6,17,77,0,15,8,77,0,22,1,77,0,23,0,77,0,20,3,0,69,1,10,20,69,1,20,10,69,1,30,0,69,1,28,2,69,1,17,13,69,1,8,22,69,1,25,5,69,1,30,0,69,1,30,0,0,100,0,0,100,0,100,0,100,0,0,100,0,0,100,0,0,100,0,0,100,0,100,0,0,95,0,5,0,95,0,3,2,95,0,1,4,95,0,4,1,95,0,3,2,95,0,4,1,95,0,5,0,0,1,22,28,28,21,0,5,67,28,0,5,95,0,0,5,95,0,0,5,94,1,0,5,88,7,0,5,95,0,0,5,84,11,0,5,90,5,0,5,80,15,0,5,45,50,30,0,5,65,3,0,10,87,0,0,0,99,0,0,1,99,0,0,1,99,0,0,1,99,0,0,1,99,0,0,1,99,0,0,1,100,0,0,0,100,0,0,0,100,0,0,0,100,0,0,0,100,0,0,0,100,0,0,0,100,0,0,0,100,0,0,0,100,0,0,0,100,0,0,0,100,0,0,0,100,0,0,0,0,1,56,43,0,1,68,31,0,1,63,36,0,0,76,24,0,1,36,63,0,1,12,87,0,0,76,24,24,0,28,17,11,20,0,2,2,7,26,63,0,0,100,0,0,2,15,83,0,0,2,2,7,8,77,4,0,0,14,11,29,46,0,1,6,12,26,55,100,100,100,44,1,2,53,32,2,2,64,37,2,2,59,24,1,2,73,64,1,1,34,88,0,7,5,0,0,0,1,9,15,75,0,0,0,2,11,22,65,0,2,13,25,37,23,0,0,3,8,15,74,0,0,11,14,24,51,75,0,19,6,75,1,2,22,75,1,6,18,0,0,71,29,71,0,20,9,80,0,2,0,2,1,0,2,13,9,0,12,2,7,12,0,3,8,3,0,5,6,9,4,2,18,0,0,27,73,0,0,0,0,0,100,0,0,0,0,0,2,2,56,26,14,2,0,22,38,24,12,2,3.6153846153846154,4.875524491258013,1.3333333333333333,0.5773502691896257,12.316847826086956,6.189486287573562,3.0760869565217392,1.302859877533781
NZL,New Zealand,3,2021-02-11,2021-02-09,100,0,0,0,0,0,100,838593.1722090757,98,0,1,99,0,6,94,0,2,98,0,14,86,0,9,91,0,17,83,0,2,98,0,4,96,0,3,97,0,3,97,0,6,94,0,20,80,0,2,98,0,9,91,99,0,1,0,94,0,5,1,98,0,1,1,86,0,3,11,91,0,3,6,83,0,10,7,98,0,1,1,96,0,4,0,97,0,1,2,97,0,1,2,94,0,2,4,80,0,4,16,98,0,2,0,91,0,3,6,0,0,0,100,100,0,0,0,0,1,42,57,58,0,5,37,95,0,5,0,95,0,5,0,100,0,0,6,0,2,92,0,0,0,100,0,100,0,0,0,0,100,0,0,0,0,0,0,42,27,19,12,0,1,27,63,9,100,0,0,36,48,16,0,0,43,44,13,0,1,7,51,41,0,0,59,37,4,88,8,4,88,7,5,88,11,1,88,9,3,88,7,5,88,12,0,88,11,1,88,12,0,88,7,5,0,81,0,7,12,81,0,15,4,81,0,19,0,81,0,16,3,81,0,8,11,81,0,13,6,81,0,19,0,81,0,19,0,81,0,18,1,0,73,1,17,9,73,1,22,4,73,1,26,0,73,1,26,0,73,1,13,13,73,1,9,17,73,1,25,1,73,1,26,0,73,1,25,1,0,100,0,0,100,0,100,0,100,0,0,100,0,0,100,0,0,100,0,0,100,0,100,0,0,99,0,1,0,99,0,1,0,99,0,1,0,99,0,1,0,99,0,0,1,99,0,0,1,99,0,1,0,0,0,23,26,33,18,0,3,69,28,0,3,95,2,0,3,94,3,0,3,90,7,0,3,88,9,0,3,96,1,0,3,89,8,0,3,96,1,0,3,78,19,0,3,54,43,32,0,1,67,2,0,20,78,0,0,0,98,0,1,1,98,0,2,0,98,0,1,1,98,0,0,2,98,0,1,1,98,0,0,2,100,0,0,0,100,0,0,0,100,0,0,0,100,0,0,0,100,0,0,0,100,0,0,0,100,0,0,0,100,0,0,0,100,0,0,0,100,0,0,0,100,0,0,0,100,0,0,0,0,1,58,41,0,2,74,24,0,4,60,36,0,1,80,19,0,3,38,59,0,4,18,78,0,0,81,19,19,0,32,9,17,23,0,0,1,1,34,64,0,0,100,0,0,0,32,68,0,0,3,3,1,11,79,3,0,0,7,12,40,41,0,1,2,12,35,50,100,100,100,42,0,4,54,26,0,6,68,40,0,3,57,20,0,3,77,62,0,2,36,82,0,7,11,0,0,1,0,10,11,78,0,0,0,2,9,15,74,0,0,15,29,29,27,0,0,4,3,17,76,0,0,5,15,24,56,80,1,15,4,80,4,4,12,80,3,5,12,0,0,71,29,71,0,9,20,91,0,3,0,1,0,1,1,3,20,0,4,5,4,7,1,4,11,3,1,4,8,5,2,3,18,0,0,31,66,0,3,0,0,0,0,100,0,0,0,0,1,3,60,23,13,1,1,11,27,40,13,7,4.463414634146342,4.626540613544908,0,0,11.988505747126437,6.581323562496294,3.2421052631578946,1.4492535824515322
NZL,New Zealand,4,2021-02-11,2021-02-10,100,0,0,0,0,0,100,700272.8496155959,96,0,1,99,0,7,93,0,0,100,0,14,86,0,13,87,0,15,85,0,6,94,0,0,100,0,3,97,0,0,100,0,3,97,0,11,89,0,1,99,0,3,97,99,0,1,0,93,0,0,7,100,0,0,0,86,0,2,12,87,0,4,9,85,0,3,12,94,0,3,3,100,0,0,0,97,0,2,1,100,0,0,0,97,0,2,1,89,0,2,9,99,0,1,0,97,0,1,2,0,0,0,100,100,0,0,0,0,1,30,69,70,1,2,27,98,0,2,0,98,0,2,0,100,0,0,4,0,4,92,0,0,0,100,0,100,0,0,0,0,100,0,0,0,0,0,0,52,24,19,5,0,1,28,60,11,100,0,1,47,43,9,0,1,42,46,11,0,1,15,51,33,0,0,60,34,6,95,2,3,95,4,1,95,2,3,95,5,0,95,2,3,95,5,0,95,5,0,95,5,0,95,5,0,0,81,0,8,11,81,0,14,5,81,0,17,2,81,0,19,0,81,0,6,13,81,0,12,7,81,0,19,0,81,0,19,0,81,0,18,1,0,76,0,11,13,76,0,18,6,76,0,24,0,76,0,23,1,76,0,10,14,76,0,15,9,76,0,24,0,76,0,24,0,76,0,24,0,0,100,0,0,100,0,100,0,100,0,0,100,0,0,100,0,0,100,0,0,100,0,100,0,0,95,0,5,0,95,0,2,3,95,0,2,3,95,0,5,0,95,0,3,2,95,0,5,0,95,0,5,0,0,0,24,26,33,17,0,4,69,27,0,4,95,1,0,4,93,3,0,4,86,10,0,4,75,21,0,4,93,3,0,4,90,6,0,4,93,3,0,4,75,21,0,4,54,42,35,0,1,64,1,0,14,85,0,0,0,96,2,0,2,96,2,0,2,96,2,0,2,96,2,0,2,96,1,1,2,96,1,1,2,100,0,0,0,100,0,0,0,100,0,0,0,100,0,0,0,100,0,0,0,100,0,0,0,100,0,0,0,100,0,0,0,100,0,0,0,100,0,0,0,100,0,0,0,100,0,0,0,0,1,60,39,0,2,78,20,0,3,64,33,0,2,76,22,0,5,32,63,0,4,13,83,0,1,80,19,20,0,31,18,9,22,0,0,1,9,28,62,0,0,100,0,0,0,22,78,0,0,2,0,5,5,83,5,0,0,9,11,32,48,0,0,5,12,40,43,100,100,100,40,0,5,55,22,0,7,71,36,0,4,60,24,0,7,69,68,0,2,30,87,0,3,10,0,0,0,2,5,7,86,0,0,2,3,5,11,79,0,1,16,27,34,22,0,0,5,3,22,70,0,0,6,24,24,46,70,0,23,7,70,3,6,21,70,2,9,19,0,0,74,26,74,0,10,16,90,0,4,0,2,1,0,0,3,16,0,3,6,1,9,4,4,13,5,0,4,6,11,0,4,14,0,2,34,64,0,0,0,0,0,0,0,100,0,0,0,0,0,60,32,8,0,1,12,20,36,23,8,4.90625,6.228754211899685,0,0,11.663157894736843,5.266535310517883,3.0408163265306123,1.4208924692654374
NZL,New Zealand,5,2021-02-11,2021-02-10,100,0,0,0,0,6,100,549527.9299931029,94,0,0,100,0,10,90,0,2,98,0,19,81,0,14,86,0,20,80,0,4,96,0,2,98,0,2,98,0,1,99,0,6,94,0,11,89,0,0,100,0,10,90,100,0,0,0,90,0,2,8,98,0,1,1,81,0,5,14,86,0,4,10,80,0,6,14,96,0,3,1,98,0,1,1,98,0,1,1,99,0,0,1,94,0,3,3,89,0,5,6,100,0,0,0,90,0,5,5,0,0,4,96,96,0,3,1,0,0,30,70,70,1,2,27,98,0,2,0,98,0,2,0,100,0,0,3,1,0,96,0,0,0,100,0,100,0,0,0,0,100,0,0,0,0,0,0,49,24,19,8,0,3,35,56,6,100,0,2,35,54,9,0,3,41,45,11,0,2,20,48,30,0,0,59,37,4,92,3,5,92,7,1,92,5,3,92,8,0,92,6,2,92,8,0,92,8,0,92,8,0,92,6,2,0,81,0,12,7,81,0,13,6,81,0,16,3,81,0,18,1,81,0,8,11,81,0,13,6,81,0,19,0,81,0,19,0,81,0,18,1,0,76,0,14,10,76,0,15,9,76,0,24,0,76,0,24,0,76,0,12,12,76,0,13,11,76,0,22,2,76,0,24,0,76,0,24,0,0,100,0,0,100,0,100,0,100,0,0,100,0,0,100,0,0,100,0,0,100,0,100,0,0,94,0,6,0,94,0,4,2,94,0,4,2,94,0,5,1,94,0,5,1,94,0,4,2,94,0,3,3,0,0,24,28,31,17,0,3,78,19,0,3,94,3,0,3,94,3,0,3,91,6,0,3,63,34,0,3,94,3,0,3,90,7,0,3,89,8,0,3,82,15,0,3,59,38,36,2,3,59,5,1,15,79,0,0,0,100,0,0,0,100,0,0,0,100,0,0,0,100,0,0,0,100,0,0,0,100,0,0,0,100,0,0,0,100,0,0,0,100,0,0,0,100,0,0,0,100,0,0,0,100,0,0,0,100,0,0,0,100,0,0,0,100,0,0,0,100,0,0,0,100,0,0,0,100,0,0,0,0,1,53,46,0,1,82,17,0,3,63,34,0,0,71,29,0,2,22,76,0,3,8,89,0,0,87,13,13,0,33,17,15,22,0,1,2,3,31,63,0,1,99,0,0,0,31,69,0,0,1,0,4,8,83,4,0,0,12,14,30,44,0,0,1,15,31,53,100,100,100,47,0,1,52,18,1,5,76,37,0,3,60,29,0,5,66,78,0,1,21,92,0,4,4,0,0,1,1,4,9,85,0,0,1,1,6,8,84,0,0,8,39,24,29,0,0,1,6,14,79,0,0,5,15,24,56,80,3,13,4,80,7,4,9,80,7,6,7,0,0,65,35,65,0,14,21,86,0,1,0,3,1,0,1,8,21,0,4,5,4,11,1,3,14,4,0,4,5,1,3,7,13,0,1,32,67,0,0,0,0,0,0,0,0,100,0,0,5,2,44,25,24,5,2,23,27,29,11,3,5.5675675675675675,4.746580877856189,1.5,0.5773502691896257,12.329787234042554,5.966552466989682,2.225806451612903,1.1046249831667692
NZL,New Zealand,6,2021-02-11,2021-02-10,100,0,0,0,0,5,100,666366.4981454974,97,0,0,100,0,9,91,0,3,97,0,11,89,0,11,89,0,12,88,0,6,94,0,0,100,0,1,99,0,0,100,0,4,96,0,8,92,0,1,99,1,3,96,100,0,0,0,91,0,4,5,97,0,1,2,89,0,2,9,89,0,4,7,88,0,1,11,94,1,3,2,100,0,0,0,99,0,0,1,100,0,0,0,96,0,1,3,92,0,2,6,99,0,1,0,97,0,1,2,0,0,3,97,97,0,2,1,0,4,20,76,80,0,2,18,98,0,2,0,98,0,2,0,100,0,0,6,0,2,92,0,0,0,100,0,100,0,0,0,0,100,0,0,0,0,0,0,58,26,12,4,0,6,36,44,14,100,0,6,44,35,15,0,4,60,24,12,0,9,18,43,30,0,4,76,12,8,96,3,1,96,3,1,96,3,1,96,4,0,96,3,1,96,4,0,96,4,0,96,4,0,96,2,2,0,88,0,7,5,88,0,9,3,88,0,11,1,88,0,11,1,88,0,5,7,88,0,8,4,88,0,12,0,88,0,12,0,88,0,10,2,0,74,0,15,11,74,0,19,7,74,0,22,4,74,0,25,1,74,0,15,11,74,0,15,11,74,0,26,0,74,0,26,0,74,0,26,0,0,100,0,0,100,0,100,0,100,0,0,100,0,0,100,0,0,100,0,0,100,0,100,0,0,94,0,6,0,94,0,5,1,94,0,4,2,94,0,5,1,94,0,5,1,94,0,6,0,94,0,4,2,0,0,17,20,43,20,0,2,86,12,0,2,93,5,0,2,87,11,0,2,84,14,0,2,44,54,0,2,98,0,0,2,92,6,0,2,86,12,0,2,86,12,0,2,73,25,41,0,0,59,2,0,5,93,0,0,0,98,0,1,1,98,0,1,1,98,1,0,1,98,1,0,1,98,1,0,1,98,0,1,1,100,0,0,0,100,0,0,0,100,0,0,0,100,0,0,0,100,0,0,0,100,0,0,0,100,0,0,0,100,0,0,0,100,0,0,0,100,0,0,0,100,0,0,0,100,0,0,0,0,4,39,57,0,2,83,15,0,2,65,33,0,4,69,27,0,3,29,68,0,5,9,86,0,0,69,31,31,0,30,16,6,17,0,0,1,6,32,61,0,0,100,0,0,1,20,79,0,0,3,1,4,3,87,2,0,0,22,14,31,33,0,1,8,12,28,51,100,100,100,61,1,5,33,17,0,12,71,35,2,6,57,31,1,8,60,71,2,2,25,91,0,2,7,0,0,2,0,1,5,92,0,0,0,1,4,10,85,0,2,13,27,23,35,0,1,4,2,4,89,0,0,3,10,21,66,87,1,8,4,87,6,2,5,87,5,3,5,0,0,38,62,38,0,13,49,87,0,0,0,2,0,1,0,10,49,0,5,4,4,3,1,0,9,0,0,6,6,3,1,2,7,0,1,40,58,0,1,0,0,0,0,0,0,0,100,0,1,5,47,24,23,1,2,25,35,25,12,0,6.1923076923076925,7.740900365044008,1.6666666666666667,0.5773502691896257,13.28888888888889,4.788198142118783,2.0434782608695654,0.9711559157565948
NZL,New Zealand,7,2021-02-11,2021-02-06,100,1,4258.58282204255,1,4258.58282204255,0,98,625638.4562673802,95,3,2,95,3,13,84,3,4,93,2,13,85,3,10,87,2,17,81,3,4,93,4,6,90,1,2,97,3,1,96,4,4,92,3,4,93,4,2,94,4,8,88,98,1,0,1,87,1,2,10,96,0,0,4,87,1,2,10,90,1,3,6,83,1,2,14,96,0,0,4,94,0,0,6,98,1,0,1,99,1,0,0,96,0,3,1,96,0,1,3,98,0,1,1,92,0,4,4,0,2,0,98,100,0,0,0,0,2,18,80,82,0,2,16,98,0,2,0,98,0,2,0,100,0,0,4,0,2,94,0,0,0,100,0,100,0,0,0,0,100,0,0,0,0,0,0,66,30,2,2,0,11,40,39,10,100,0,9,46,40,5,0,6,54,37,3,0,10,20,45,25,0,3,77,18,2,98,2,0,98,2,0,98,1,1,98,1,1,98,2,0,98,2,0,98,2,0,98,2,0,98,1,1,0,98,0,1,1,98,0,2,0,98,0,1,1,98,0,1,1,98,0,1,1,98,0,0,2,98,0,2,0,98,0,2,0,98,0,2,0,0,70,1,18,11,70,1,21,8,70,1,29,0,70,1,29,0,70,1,11,18,70,1,14,15,70,1,28,1,70,1,29,0,70,1,28,1,0,100,0,0,100,0,100,0,100,0,0,100,0,0,100,0,0,100,0,0,100,0,100,0,0,98,0,2,0,98,0,0,2,98,0,1,1,98,0,1,1,98,0,2,0,98,0,1,1,98,0,2,0,0,0,17,26,37,20,0,0,90,10,0,0,88,12,0,0,87,13,0,0,77,23,0,0,50,50,0,0,95,5,0,0,95,5,0,0,72,28,0,0,89,11,0,0,81,19,45,2,2,51,4,2,4,90,0,0,0,98,1,1,0,98,1,1,0,98,2,0,0,98,2,0,0,98,1,1,0,98,2,0,0,100,0,0,0,100,0,0,0,100,0,0,0,100,0,0,0,100,0,0,0,100,0,0,0,100,0,0,0,100,0,0,0,100,0,0,0,100,0,0,0,100,0,0,0,100,0,0,0,0,2,13,85,0,2,56,42,0,1,47,52,0,1,63,36,0,1,30,69,0,3,6,91,0,0,61,39,39,0,32,14,7,8,0,1,0,7,39,53,0,1,99,0,0,0,16,84,0,0,1,2,6,2,85,4,0,0,26,24,34,16,0,3,0,20,29,48,100,100,100,87,0,1,12,44,0,5,51,53,0,3,44,37,0,5,58,70,0,2,28,94,1,0,5,0,0,1,0,0,6,93,0,0,0,0,5,7,88,0,3,12,30,31,24,0,1,0,1,10,88,0,0,2,7,20,71,91,4,3,2,91,5,1,3,91,3,4,2,0,1,11,88,12,1,5,82,95,0,1,0,0,0,1,0,3,84,0,0,0,1,0,0,1,4,2,0,0,0,1,1,1,5,0,6,43,51,0,0,0,0,0,0,0,0,0,0,100,3,3,49,34,11,3,3,25,32,27,7,3,7.029411764705882,6.868837377331119,0,0,12.067415730337078,4.785864016248526,1.741573033707865,1.0716182525809066
NZL,New Zealand,-99,2021-02-12,2021-02-12,111,1,10809.4875775974,1,10809.4875775974,10,96,633391.4217147621,0,1,3,107,1,10,100,1,3,107,1,21,89,1,19,91,1,18,92,1,7,103,1,3,107,1,7,103,1,4,106,1,6,104,1,20,90,1,2,108,0,22,89,108,0,2,1,101,0,5,5,108,0,0,3,90,0,5,16,92,0,4,15,93,1,5,12,104,0,3,4,108,0,0,3,104,0,4,3,107,0,2,2,105,0,3,3,91,0,7,13,109,0,1,1,89,0,9,13,15,0,4,92,108,0,1,2,21,1,23,66,89,1,0,21,111,0,0,0,111,0,0,0,111,0,0,24,1,7,79,25,2,0,84,0,111,0,0,0,0,111,0,0,0,0,28,0,33,30,14,6,44,2,17,39,9,111,44,2,29,27,9,44,2,27,30,8,44,2,7,38,20,44,0,38,23,6,105,2,4,105,5,1,105,3,3,105,5,1,105,5,1,105,5,1,105,5,1,105,5,1,105,6,0,0,99,0,7,5,99,0,9,3,99,0,11,1,99,0,12,0,99,0,3,9,99,0,5,7,99,0,9,3,99,0,12,0,99,0,10,2,0,83,0,16,12,83,0,21,7,83,0,28,0,83,0,27,1,83,0,10,18,83,0,18,10,83,0,27,1,83,0,28,0,83,0,28,0,0,111,0,0,111,0,111,0,111,0,0,111,0,0,111,0,0,111,0,0,111,0,111,0,0,108,0,3,0,108,0,2,1,108,0,1,2,108,0,2,1,108,0,2,1,108,0,3,0,108,0,3,0,48,0,11,19,22,11,51,4,43,13,51,4,55,1,51,4,55,1,51,4,53,3,51,4,43,13,51,4,55,1,51,4,53,3,51,4,54,2,51,4,48,8,51,4,30,26,111,0,0,0,111,0,0,0,0,0,0,105,1,2,3,105,0,4,2,105,1,1,4,105,1,2,3,105,2,2,2,105,2,1,3,111,0,0,0,111,0,0,0,111,0,0,0,111,0,0,0,111,0,0,0,111,0,0,0,111,0,0,0,111,0,0,0,111,0,0,0,111,0,0,0,111,0,0,0,111,0,0,0,57,2,34,18,57,1,44,9,57,3,33,18,57,1,40,13,57,2,22,30,57,2,9,43,65,1,31,14,80,1,8,8,3,11,70,0,0,3,8,30,70,1,40,0,80,0,7,24,80,0,1,2,0,2,25,1,80,0,7,2,10,12,82,1,5,5,7,11,111,111,111,80,2,3,26,69,2,4,36,80,0,3,28,73,0,2,36,90,0,0,21,103,0,4,4,90,0,2,0,2,4,13,90,0,2,0,3,1,15,95,0,5,2,5,4,95,0,2,0,1,13,95,0,2,1,6,7,108,1,0,2,108,1,1,1,108,0,1,2,98,0,7,6,105,0,1,5,111,0,0,0,0,0,0,0,0,107,0,1,0,0,0,0,0,0,0,0,0,0,2,0,0,1,111,0,0,0,0,0,111,0,0,0,0,0,0,0,0,111,0,0,0,0,111,0,0,0,0,0,0,5.026315789473684,5.916019672249803,3,2,0,0,0,0
NZL,New Zealand,1,2021-02-12,2021-02-08,100,3,19633.005324537142,1,6507.50963533992,7,100,860255.4745606167,99,1,3,96,0,10,90,0,4,96,0,24,76,0,29,71,0,20,80,0,8,92,0,2,98,0,9,91,0,1,99,0,8,92,0,26,74,0,4,96,0,14,86,97,0,1,2,90,0,6,4,96,0,1,3,76,0,1,23,71,0,5,24,80,0,5,15,92,0,6,2,98,0,1,1,91,0,4,5,99,0,0,1,92,0,3,5,74,0,4,22,96,0,3,1,86,0,3,11,0,0,4,96,96,0,4,0,0,0,33,67,67,0,4,29,96,0,4,0,96,0,3,1,100,0,0,4,0,3,93,0,0,0,100,0,100,0,0,0,0,100,0,0,0,0,0,0,43,33,17,7,0,0,41,49,10,100,0,1,50,38,11,0,1,48,41,10,0,2,8,63,27,0,0,68,27,5,93,3,4,93,4,3,93,6,1,93,6,1,93,2,5,93,5,2,93,7,0,93,7,0,93,5,2,0,83,0,7,10,83,0,11,6,83,0,14,3,83,0,15,2,83,0,5,12,83,0,9,8,83,0,17,0,83,0,17,0,83,0,16,1,0,67,0,14,19,67,0,23,10,67,0,32,1,67,0,31,2,67,0,15,18,67,0,12,21,67,0,30,3,67,0,33,0,67,0,31,2,0,100,0,0,100,0,100,0,100,0,0,100,0,0,100,0,0,100,0,0,100,0,100,0,0,95,0,5,0,95,0,2,3,95,0,2,3,95,0,3,2,95,0,4,1,95,0,5,0,95,0,1,4,0,0,12,24,39,25,0,6,71,23,0,6,94,0,0,6,94,0,0,6,92,2,0,6,90,4,0,6,94,0,0,6,91,3,0,6,93,1,0,6,90,4,0,6,32,62,43,0,3,54,1,0,9,90,0,0,0,97,0,1,2,97,0,0,3,97,0,0,3,97,0,1,2,97,0,0,3,97,0,0,3,100,0,0,0,100,0,0,0,100,0,0,0,100,0,0,0,100,0,0,0,100,0,0,0,100,0,0,0,100,0,0,0,100,0,0,0,100,0,0,0,100,0,0,0,100,0,0,0,0,1,58,41,0,2,80,18,0,0,63,37,0,2,75,23,0,2,53,45,0,4,24,72,0,0,78,22,22,0,24,20,13,21,0,0,1,15,42,42,0,0,100,0,0,1,22,77,0,0,3,2,6,8,76,5,0,0,7,10,42,41,0,0,3,13,32,52,100,100,100,42,0,1,57,20,0,5,75,37,0,1,62,25,1,0,74,47,0,1,52,76,0,13,11,0,0,3,1,13,26,57,0,0,3,3,19,26,49,0,2,11,18,31,38,0,0,2,8,21,69,0,0,9,18,32,41,73,1,15,11,73,2,2,23,73,1,6,20,0,0,70,30,70,0,15,15,85,0,2,1,1,2,1,0,8,15,0,6,17,1,4,1,0,4,3,0,1,6,2,5,2,33,0,1,43,54,2,0,0,0,100,0,0,0,0,0,0,1,7,47,39,6,1,1,9,21,35,20,13,4.633333333333334,5.566140575295849,1.7500000000000002,0.9574271077563381,11.401063829787233,5.51963250063974,3.5744680851063833,1.484611832995215
NZL,New Zealand,2,2021-02-12,2021-02-11,100,0,0,0,0,3,100,775308.4361572877,99,0,0,100,0,6,94,0,1,99,0,23,77,0,16,84,0,15,85,0,9,91,0,2,98,0,5,95,0,2,98,0,3,97,0,24,76,0,0,100,0,18,82,100,0,0,0,94,0,3,3,99,0,0,1,77,0,5,18,84,0,5,11,85,0,2,13,91,0,7,2,98,0,0,2,95,0,3,2,98,0,1,1,97,0,0,3,76,0,7,17,100,0,0,0,82,1,9,8,0,0,2,98,98,0,2,0,0,0,33,67,67,0,3,30,97,0,3,0,97,0,3,0,100,0,0,3,0,1,96,0,0,0,100,0,100,0,0,0,0,100,0,0,0,0,0,0,42,30,19,9,0,0,23,67,10,100,0,1,38,52,9,0,1,36,52,11,0,1,9,59,31,0,2,49,44,5,91,4,5,91,5,4,91,6,3,91,9,0,91,7,2,91,7,2,91,9,0,91,8,1,91,7,2,0,81,0,10,9,81,0,16,3,81,0,15,4,81,0,17,2,81,0,6,13,81,0,14,5,81,0,19,0,81,0,19,0,81,0,16,3,0,70,0,8,22,70,0,22,8,70,0,30,0,70,0,29,1,70,0,14,16,70,0,13,17,70,0,27,3,70,0,30,0,70,0,30,0,0,100,0,0,100,0,100,0,100,0,0,100,0,0,100,0,0,100,0,0,100,0,100,0,0,93,1,6,0,93,1,2,4,93,1,2,4,93,1,5,1,93,1,4,2,93,1,4,2,93,1,5,1,0,1,18,29,33,19,0,4,69,27,0,4,95,1,0,4,96,0,0,4,93,3,0,4,93,3,0,4,95,1,0,4,87,9,0,4,93,3,0,4,78,18,0,4,42,54,34,0,3,63,1,0,14,85,0,0,0,99,0,0,1,99,0,0,1,99,0,0,1,99,0,0,1,99,0,0,1,99,0,1,0,100,0,0,0,100,0,0,0,100,0,0,0,100,0,0,0,100,0,0,0,100,0,0,0,100,0,0,0,100,0,0,0,100,0,0,0,100,0,0,0,100,0,0,0,100,0,0,0,0,0,53,47,0,1,71,28,0,1,69,30,0,0,73,27,0,1,37,62,0,1,11,88,0,0,71,29,29,0,33,11,5,22,0,2,3,9,29,57,0,0,100,0,0,2,21,77,0,0,2,2,6,9,78,3,0,0,14,14,28,44,0,1,9,14,31,45,100,100,100,47,0,3,50,29,1,2,68,31,1,1,67,27,0,1,72,63,0,0,37,89,0,6,5,0,0,0,2,9,18,71,0,0,0,3,11,26,60,0,1,17,20,36,26,0,1,3,7,19,70,0,0,13,20,28,39,67,0,18,15,67,2,0,31,67,2,8,23,0,0,71,29,71,0,17,12,83,0,3,1,2,0,0,2,9,12,0,4,6,5,6,0,3,10,2,0,3,8,7,3,3,28,0,0,33,67,0,0,0,0,0,100,0,0,0,0,0,1,0,61,24,14,1,0,22,33,21,18,5,2.872340425531915,2.4637989513950744,1.5,0.7071067811865476,12.379310344827585,5.686052661353255,3.09375,1.330438194533547
NZL,New Zealand,3,2021-02-12,2021-02-10,100,0,0,0,0,3,100,654766.1145072469,100,0,0,100,0,4,96,0,3,97,0,18,82,0,4,96,0,12,88,0,0,100,0,1,99,0,3,97,0,3,97,0,7,93,0,13,87,0,1,99,0,11,89,100,0,0,0,96,0,2,2,97,0,1,2,82,1,1,16,96,1,3,0,88,1,2,9,100,0,0,0,99,0,1,0,97,1,0,2,97,1,1,1,93,1,2,4,87,0,2,11,99,0,1,0,89,0,2,9,0,0,2,98,98,0,0,2,0,1,34,65,66,0,1,33,99,0,1,0,99,0,1,0,100,0,0,2,1,0,97,0,0,0,100,0,100,0,0,0,0,100,0,0,0,0,0,0,51,25,18,6,0,2,30,59,9,100,0,1,46,45,8,0,0,50,40,10,0,2,12,51,35,0,0,67,31,2,94,2,4,94,4,2,94,4,2,94,4,2,94,4,2,94,6,0,94,6,0,94,6,0,94,4,2,0,82,0,10,8,82,0,13,5,82,0,18,0,82,0,16,2,82,0,5,13,82,0,12,6,82,0,18,0,82,0,18,0,82,0,17,1,0,75,0,17,8,75,0,21,4,75,0,25,0,75,0,25,0,75,0,16,9,75,0,7,18,75,0,23,2,75,0,25,0,75,0,23,2,0,100,0,0,100,0,100,0,100,0,0,100,0,0,100,0,0,100,0,0,100,0,100,0,0,98,0,2,0,98,0,1,1,98,0,1,1,98,0,2,0,98,0,2,0,98,0,1,1,98,0,1,1,0,0,17,25,33,25,0,2,82,16,0,2,97,1,0,2,98,0,0,2,93,5,0,2,88,10,0,2,97,1,0,2,91,7,0,2,96,2,0,2,80,18,0,2,44,54,25,0,2,73,0,0,18,82,0,0,0,100,0,0,0,100,0,0,0,100,0,0,0,100,0,0,0,100,0,0,0,100,0,0,0,100,0,0,0,100,0,0,0,100,0,0,0,100,0,0,0,100,0,0,0,100,0,0,0,100,0,0,0,100,0,0,0,100,0,0,0,100,0,0,0,100,0,0,0,100,0,0,0,0,2,60,38,0,2,79,19,0,4,62,34,0,3,79,18,0,3,42,55,0,4,18,78,0,0,81,19,19,1,25,16,11,28,0,0,1,3,33,63,0,0,100,0,0,3,26,71,0,0,1,1,3,7,85,3,0,0,5,10,29,56,0,1,1,10,28,60,100,100,100,40,0,4,56,21,0,3,76,38,0,1,61,21,0,3,76,58,0,1,41,82,0,8,10,0,0,2,2,6,9,81,0,0,0,1,6,16,77,0,0,11,24,35,30,0,0,3,4,15,78,0,0,4,17,28,51,79,0,18,3,79,1,5,15,79,1,5,15,0,0,72,28,72,0,11,17,89,0,2,1,1,0,1,2,4,17,0,2,1,3,8,1,8,13,3,0,3,14,6,1,1,19,0,0,25,75,0,0,0,0,0,0,100,0,0,0,0,0,4,52,31,13,0,0,13,24,41,18,4,5.454545454545454,6.9511280968042755,1,1.4142135623730951,12.544943820224718,5.800490011353176,3.177083333333333,1.3992087362932302
NZL,New Zealand,4,2021-02-12,2021-02-12,116,0,0,0,0,5,116,511505.2794348564,112,0,0,116,0,8,108,0,0,116,0,19,97,0,10,106,0,12,104,0,3,113,0,3,113,1,3,112,0,1,115,1,3,112,0,11,105,0,0,116,0,6,110,116,0,0,0,108,0,4,4,116,0,0,0,97,0,5,14,106,0,4,6,104,0,5,7,113,0,3,0,113,0,3,0,113,0,0,3,115,0,1,0,113,0,1,2,105,0,6,5,116,0,0,0,110,0,4,2,0,0,5,111,111,0,3,2,0,1,36,79,80,0,4,32,112,0,4,0,112,0,4,0,116,0,0,5,0,1,110,0,0,0,116,0,116,0,0,0,0,116,0,0,0,0,0,0,57,27,25,7,0,2,31,75,8,116,0,1,49,58,8,0,1,50,56,9,0,0,10,67,39,0,0,71,41,4,109,1,6,109,6,1,109,5,2,109,6,1,109,4,3,109,6,1,109,7,0,109,7,0,109,6,1,0,91,0,15,10,91,0,19,6,91,0,21,4,91,0,23,2,91,0,7,18,91,0,18,7,91,0,24,1,91,0,24,1,91,0,22,3,0,89,0,12,15,89,0,21,6,89,0,26,1,89,0,25,2,89,0,12,15,89,0,12,15,89,0,26,1,89,0,27,0,89,0,26,1,0,116,0,0,116,0,116,0,116,0,0,116,0,0,116,0,0,116,0,0,116,0,116,0,0,109,0,7,0,109,0,5,2,109,0,3,4,109,0,6,1,109,0,6,1,109,0,5,2,109,0,5,2,0,0,24,30,31,31,0,1,89,26,0,1,111,4,0,1,111,4,0,1,108,7,0,1,93,22,0,1,112,3,0,1,106,9,0,1,108,7,0,1,97,18,0,1,62,53,42,0,0,74,2,0,15,99,0,0,0,115,0,0,1,115,0,1,0,115,0,0,1,115,0,0,1,115,0,1,0,115,0,0,1,116,0,0,0,116,0,0,0,116,0,0,0,116,0,0,0,116,0,0,0,116,0,0,0,116,0,0,0,116,0,0,0,116,0,0,0,116,0,0,0,116,0,0,0,116,0,0,0,0,0,78,38,0,0,100,16,0,0,78,38,0,0,97,19,0,0,54,62,0,1,19,96,0,1,94,21,22,0,25,26,14,29,0,0,0,6,33,77,0,1,115,0,0,0,26,90,0,0,4,2,3,6,100,1,0,0,7,18,30,61,0,0,3,13,30,70,116,116,116,38,0,6,72,16,0,8,92,38,0,1,77,19,0,3,94,62,1,3,50,97,0,8,11,0,0,1,1,3,14,97,0,0,1,0,9,15,91,0,0,14,38,36,28,0,0,0,6,19,91,0,0,5,12,34,65,99,2,11,4,99,5,0,12,99,1,5,11,0,0,94,22,94,1,9,12,107,0,2,0,2,0,0,0,5,13,0,3,4,9,12,0,8,17,4,1,1,9,8,2,5,20,0,0,41,74,1,0,0,0,0,0,0,116,0,0,0,2,3,59,28,24,2,1,17,34,23,30,9,5,6.506407098647712,1,0,14.273584905660377,5.109343483812721,2.893805309734513,1.3387282868614465
NZL,New Zealand,5,2021-02-12,2021-02-11,100,0,0,0,0,7,100,366647.21293774416,97,0,0,100,0,6,94,0,2,98,0,18,82,0,9,91,0,16,84,0,8,92,0,0,100,0,4,96,0,1,99,0,3,97,0,10,90,0,2,98,0,7,93,100,0,0,0,94,0,2,4,98,0,0,2,82,0,3,15,91,0,2,7,84,0,2,14,92,0,3,5,100,0,0,0,96,0,2,2,99,0,0,1,97,0,1,2,90,0,1,9,98,0,0,2,93,0,0,7,0,0,3,97,97,0,3,0,0,2,27,71,73,0,0,27,100,0,0,0,100,0,0,0,100,0,0,2,3,0,95,0,0,0,100,0,100,0,0,0,0,100,0,0,0,0,0,0,55,32,11,2,0,1,32,60,7,100,0,0,45,49,6,0,2,43,46,9,0,1,18,52,29,0,1,60,34,5,98,0,2,98,2,0,98,1,1,98,2,0,98,2,0,98,2,0,98,2,0,98,2,0,98,2,0,0,89,0,4,7,89,0,6,5,89,0,9,2,89,0,9,2,89,0,4,7,89,0,8,3,89,0,9,2,89,0,11,0,89,0,11,0,0,68,0,16,16,68,0,23,9,68,0,32,0,68,0,30,2,68,0,16,16,68,0,12,20,68,0,31,1,68,0,32,0,68,0,31,1,0,100,0,0,100,0,100,0,100,0,0,100,0,0,100,0,0,100,0,0,100,0,100,0,0,97,0,3,0,97,0,3,0,97,0,1,2,97,0,3,0,97,0,1,2,97,0,2,1,97,0,3,0,0,1,19,27,28,25,0,1,81,18,0,1,95,4,0,1,95,4,0,1,91,8,0,1,62,37,0,1,99,0,0,1,88,11,0,1,94,5,0,1,82,17,0,1,64,35,31,0,0,69,2,0,10,88,0,0,0,100,0,0,0,100,0,0,0,100,0,0,0,100,0,0,0,100,0,0,0,100,0,0,0,100,0,0,0,100,0,0,0,100,0,0,0,100,0,0,0,100,0,0,0,100,0,0,0,100,0,0,0,100,0,0,0,100,0,0,0,100,0,0,0,100,0,0,0,100,0,0,0,0,2,61,37,0,1,84,15,0,1,75,24,0,0,81,19,0,2,43,55,0,5,11,84,0,0,82,18,18,0,24,19,17,22,0,2,0,4,28,66,0,0,99,1,0,3,34,63,0,0,3,0,6,9,81,1,0,0,8,9,32,51,0,0,3,10,31,56,100,100,100,39,1,5,55,16,1,8,75,25,0,4,71,19,2,5,74,57,1,5,37,89,0,5,6,0,0,1,1,3,4,91,0,0,1,1,4,11,83,0,2,13,29,31,25,0,0,1,6,11,82,0,0,6,14,25,55,80,0,14,6,80,4,3,13,80,4,10,6,0,1,86,13,87,0,5,8,95,0,1,0,1,0,0,1,2,9,0,8,5,6,12,0,3,16,9,0,3,1,5,1,2,20,0,2,29,67,0,2,0,0,0,0,0,0,100,0,0,2,3,51,22,22,2,3,21,22,36,11,5,6,6.759953379792623,3,1.4142135623730951,13.425531914893615,5.7351760511496215,2.4893617021276597,1.1523205278687043
NZL,New Zealand,6,2021-02-12,2021-02-11,100,0,0,0,0,4,100,482310.45383515465,97,0,0,100,0,9,91,0,3,97,0,7,93,0,14,86,0,9,91,0,2,98,0,2,98,0,1,99,0,1,99,0,1,99,0,5,95,0,0,100,0,5,95,100,0,0,0,91,0,5,4,97,0,2,1,93,0,3,4,86,0,7,7,91,0,3,6,98,0,2,0,98,0,1,1,99,0,1,0,99,0,1,0,99,0,0,1,95,0,1,4,100,0,0,0,95,0,3,2,0,0,3,97,97,0,2,1,0,2,21,77,79,0,2,19,98,0,2,0,98,0,2,0,100,0,0,4,0,2,94,0,2,0,98,0,100,0,0,0,0,100,0,0,0,0,0,0,66,20,9,5,0,3,29,51,17,100,0,5,38,40,17,0,2,47,39,12,0,3,18,47,32,0,2,67,27,4,95,2,3,95,5,0,95,3,2,95,3,2,95,2,3,95,4,1,95,5,0,95,5,0,95,4,1,0,91,0,4,5,91,0,6,3,91,0,7,2,91,0,9,0,91,0,4,5,91,0,5,4,91,0,9,0,91,0,9,0,91,0,9,0,0,80,0,11,9,80,0,14,6,80,0,19,1,80,0,19,1,80,0,9,11,80,0,11,9,80,0,17,3,80,0,20,0,80,0,19,1,0,100,0,0,100,0,100,0,100,0,0,100,0,0,100,0,0,100,0,0,100,0,100,0,0,95,0,5,0,95,0,2,3,95,0,3,2,95,0,3,2,95,0,5,0,95,0,3,2,95,0,5,0,0,0,20,23,30,27,0,2,79,19,0,2,92,6,0,2,86,12,0,2,89,9,0,2,54,44,0,2,97,1,0,2,87,11,0,2,87,11,0,2,90,8,0,2,65,33,51,0,1,48,3,0,6,91,0,0,0,98,0,1,1,98,0,1,1,98,0,0,2,98,0,0,2,98,0,0,2,98,0,0,2,100,0,0,0,100,0,0,0,100,0,0,0,100,0,0,0,100,0,0,0,100,0,0,0,100,0,0,0,100,0,0,0,100,0,0,0,100,0,0,0,100,0,0,0,100,0,0,0,0,3,35,62,0,3,82,15,0,1,67,32,0,1,68,31,0,4,32,64,0,4,10,86,0,0,74,26,26,0,38,12,7,17,0,0,1,1,33,65,0,0,100,0,0,1,22,77,0,0,0,1,8,7,80,4,0,0,22,14,32,32,0,0,3,12,32,53,100,100,100,65,0,3,32,18,0,8,74,33,0,1,66,32,0,3,65,68,0,2,30,90,0,2,8,0,0,1,0,1,8,90,0,0,0,1,2,7,90,0,0,8,25,33,34,0,0,1,1,11,87,0,0,2,9,24,65,89,1,9,1,89,6,2,3,89,4,6,1,0,2,41,57,43,0,9,48,91,0,1,0,1,0,0,0,7,50,0,3,4,1,4,2,0,6,1,0,1,8,4,2,3,11,0,1,49,50,0,0,0,0,0,0,0,0,0,100,0,2,4,49,22,23,2,2,26,26,32,8,4,8.067241379310344,10.865363348257397,1,1,13.322916666666664,4.968309659954076,1.9111111111111114,1.0455302879501978
NZL,New Zealand,7,2021-02-12,2021-02-07,100,1,4258.58282204255,1,4258.58282204255,0,99,607225.1720444396,93,4,2,94,3,16,81,4,4,92,2,14,84,3,10,87,3,17,80,4,5,91,5,7,88,2,2,96,3,2,95,5,3,92,4,5,91,5,2,93,5,6,89,98,1,0,1,84,1,3,12,96,0,0,4,86,1,3,10,90,1,3,6,83,1,2,14,95,0,0,5,93,0,0,7,98,1,0,1,98,1,1,0,97,0,2,1,95,0,1,4,98,0,1,1,94,0,3,3,0,1,0,99,100,0,0,0,0,2,16,82,84,0,1,15,99,0,1,0,99,0,1,0,100,0,0,3,0,3,94,0,0,0,100,0,100,0,0,0,0,100,0,0,0,0,0,0,69,25,2,4,0,13,39,38,10,100,0,8,48,37,7,0,10,51,34,5,0,12,21,40,27,0,4,78,16,2,96,3,1,96,4,0,96,2,2,96,3,1,96,4,0,96,4,0,96,4,0,96,4,0,96,3,1,0,98,0,0,2,98,0,2,0,98,0,1,1,98,0,1,1,98,0,1,1,98,0,1,1,98,0,2,0,98,0,2,0,98,0,2,0,0,75,1,16,8,75,1,18,6,75,1,24,0,75,1,24,0,75,1,10,14,75,1,10,14,75,1,23,1,75,1,24,0,75,1,23,1,0,100,0,0,100,0,100,0,100,0,0,100,0,0,100,0,0,100,0,0,100,0,100,0,0,97,0,3,0,97,0,1,2,97,0,1,2,97,0,2,1,97,0,3,0,97,0,2,1,97,0,3,0,0,0,17,27,36,20,0,0,91,9,0,0,88,12,0,0,85,15,0,0,78,22,0,0,49,51,0,0,96,4,0,0,96,4,0,0,71,29,0,0,88,12,0,0,81,19,51,2,2,45,6,3,4,87,0,0,0,97,1,1,1,97,2,1,0,97,3,0,0,97,3,0,0,97,2,1,0,97,3,0,0,100,0,0,0,100,0,0,0,100,0,0,0,100,0,0,0,100,0,0,0,100,0,0,0,100,0,0,0,100,0,0,0,100,0,0,0,100,0,0,0,100,0,0,0,100,0,0,0,0,5,14,81,0,3,59,38,0,2,45,53,0,2,63,35,0,2,26,72,0,4,5,91,0,0,59,41,41,0,36,12,4,7,0,1,0,8,35,56,0,2,98,0,0,0,16,84,0,0,1,2,6,4,83,4,0,0,30,20,35,15,0,3,1,17,31,48,100,100,100,86,0,1,13,41,0,5,54,55,0,3,42,37,0,4,59,74,0,1,25,95,1,0,4,0,0,1,0,1,5,93,0,0,0,0,6,7,87,0,3,13,31,30,23,0,1,0,1,11,87,0,0,2,6,23,69,92,4,2,2,92,4,1,3,92,3,3,2,0,1,11,88,12,1,3,84,97,0,0,0,0,0,1,0,2,86,0,0,0,1,0,0,1,4,2,0,0,0,0,1,1,4,0,3,47,50,0,0,0,0,0,0,0,0,0,0,100,4,3,43,36,14,4,3,26,36,23,7,1,7.457142857142856,7.155182643054067,0,0,12.068181818181818,4.3517613148327445,1.6781609195402298,0.8825735738955022
NZL,New Zealand,-99,2021-02-13,2021-02-12,100,1,5154.16761833496,1,5154.16761833496,8,84,523790.676798555,0,3,2,95,3,10,87,3,7,90,4,14,82,3,17,80,3,20,77,3,8,89,3,2,95,3,5,92,4,1,95,3,4,93,3,14,83,3,0,97,1,10,89,98,0,0,2,90,0,5,5,93,0,4,3,86,0,3,11,83,0,9,8,80,0,3,17,92,0,3,5,98,0,0,2,95,0,2,3,99,0,0,1,96,0,1,3,86,0,3,11,100,0,0,0,90,1,3,6,15,1,4,80,96,0,2,2,15,2,27,56,73,1,1,25,99,0,1,0,99,0,1,0,100,0,0,22,1,5,72,20,1,0,77,2,100,0,0,0,0,100,0,0,0,0,25,1,35,18,14,7,37,5,17,30,11,100,37,5,27,21,10,37,5,22,27,9,37,5,12,32,14,37,4,40,14,5,93,5,2,93,5,2,93,6,1,93,7,0,93,1,6,93,6,1,93,7,0,93,6,1,93,6,1,0,87,0,7,6,87,0,8,5,87,0,12,1,87,0,13,0,87,0,3,10,87,0,10,3,87,0,13,0,87,0,13,0,87,0,11,2,0,85,2,12,1,85,2,11,2,85,2,13,0,85,2,13,0,85,2,8,5,85,2,6,7,85,2,13,0,85,2,13,0,85,2,12,1,0,100,0,0,100,0,100,0,100,0,0,100,0,0,100,0,0,100,0,0,100,0,100,0,0,98,0,2,0,98,0,2,0,98,0,2,0,98,0,1,1,98,0,1,1,98,0,1,1,98,0,2,0,40,1,14,11,23,11,41,2,42,15,41,2,54,3,41,2,54,3,41,2,50,7,41,2,34,23,41,2,57,0,41,2,56,1,41,2,52,5,41,2,49,8,41,2,35,22,100,0,0,0,100,0,0,0,0,0,0,96,1,1,2,96,1,0,3,96,1,1,2,96,1,0,3,96,1,1,2,96,1,1,2,100,0,0,0,100,0,0,0,100,0,0,0,100,0,0,0,100,0,0,0,100,0,0,0,100,0,0,0,100,0,0,0,100,0,0,0,100,0,0,0,100,0,0,0,100,0,0,0,46,1,23,30,46,1,37,16,46,2,34,18,46,1,34,19,46,2,21,31,46,2,6,46,50,1,33,16,67,1,10,10,2,10,54,1,1,3,15,26,54,2,44,0,62,1,5,32,62,0,0,1,4,4,24,5,62,0,9,7,10,12,64,1,3,9,12,11,100,100,100,80,1,1,18,65,1,3,31,68,0,2,30,69,1,2,28,81,0,2,17,94,0,2,4,72,0,3,0,3,4,18,72,0,1,0,4,3,20,75,0,3,7,10,5,75,0,1,0,7,17,75,0,1,5,5,14,96,0,2,2,96,0,2,2,96,0,2,2,82,0,9,9,91,0,5,4,97,0,1,0,1,0,0,0,1,91,0,0,0,2,0,0,0,2,0,0,1,0,1,0,2,1,100,0,0,0,0,0,100,0,0,0,0,0,0,0,0,100,0,0,0,0,100,0,0,0,0,0,0,6.290322580645161,7.577130276417746,2,0.8164965809277259,0,0,0,0
NZL,New Zealand,1,2021-02-13,2021-02-10,100,3,19633.005324537142,1,6507.50963533992,6,100,817215.9024300067,99,1,3,96,0,12,88,0,3,97,0,26,74,0,28,72,0,18,82,0,7,93,0,2,98,0,9,91,0,0,100,0,8,92,0,26,74,0,3,97,0,16,84,97,0,1,2,88,0,6,6,97,0,0,3,74,0,0,26,72,0,5,23,82,0,6,12,93,0,6,1,98,0,1,1,91,0,4,5,100,0,0,0,92,0,2,6,74,0,3,23,97,0,2,1,84,0,1,15,0,0,4,96,96,0,3,1,0,0,32,68,68,0,4,28,96,0,4,0,96,0,3,1,100,0,0,4,0,4,92,0,0,1,98,1,99,0,1,0,0,99,0,1,0,0,1,0,44,33,17,5,1,0,40,47,12,100,1,0,49,42,8,1,1,43,46,9,1,1,8,58,32,1,0,62,33,4,95,2,3,95,3,2,95,5,0,95,4,1,95,2,3,95,5,0,95,5,0,95,5,0,95,4,1,0,83,0,8,9,83,0,13,4,83,0,14,3,83,0,14,3,83,0,5,12,83,0,8,9,83,0,17,0,83,0,17,0,83,0,15,2,0,67,0,16,17,67,0,22,11,67,0,32,1,67,0,31,2,67,0,15,18,67,0,14,19,67,0,28,5,67,0,33,0,67,0,30,3,0,100,0,0,100,0,100,0,100,0,0,100,0,0,100,0,0,100,0,0,100,0,100,0,0,96,0,4,0,96,0,2,2,96,0,2,2,96,0,2,2,96,0,4,0,96,0,4,0,96,0,0,4,0,0,14,20,35,31,0,7,72,21,0,7,93,0,0,7,93,0,0,7,91,2,0,7,89,4,0,7,93,0,0,7,90,3,0,7,92,1,0,7,88,5,0,7,29,64,42,0,2,56,1,0,12,87,0,0,0,96,0,1,3,96,0,1,3,96,0,1,3,96,0,2,2,96,0,1,3,96,0,1,3,100,0,0,0,100,0,0,0,100,0,0,0,100,0,0,0,100,0,0,0,100,0,0,0,100,0,0,0,100,0,0,0,100,0,0,0,100,0,0,0,100,0,0,0,100,0,0,0,0,0,60,40,0,1,79,20,0,0,58,42,0,1,75,24,0,0,54,46,0,2,24,74,0,0,78,22,22,0,30,18,10,20,0,0,1,14,40,45,0,1,98,1,0,1,20,79,0,0,2,1,4,8,79,6,0,0,8,12,41,39,0,0,5,13,32,50,100,100,100,40,0,1,59,21,0,5,74,42,0,1,57,25,0,0,75,46,0,0,54,76,0,10,14,0,0,4,1,11,30,54,0,0,4,5,16,26,49,0,2,12,17,33,36,0,0,3,8,22,67,0,0,9,18,31,42,73,1,15,11,73,3,3,21,73,2,5,20,0,0,70,30,70,0,14,16,86,0,2,1,0,2,1,0,8,16,0,7,14,1,6,2,0,5,2,0,1,4,2,2,1,37,0,1,42,53,3,1,0,0,100,0,0,0,0,0,0,1,5,44,38,12,1,0,8,23,36,17,15,4.065573770491803,4.5492448181319665,1.5,1,11.475531914893617,5.4073165521050655,3.5833333333333335,1.4339248065631591
NZL,New Zealand,2,2021-02-13,2021-02-12,100,0,0,0,0,9,100,726139.359535242,95,0,0,100,0,6,94,0,0,100,0,22,78,0,11,89,0,17,83,0,6,94,0,3,97,0,7,93,0,1,99,0,5,95,0,18,82,0,2,98,0,16,84,100,0,0,0,94,0,2,4,100,0,0,0,78,0,5,17,89,0,3,8,83,0,3,14,94,0,5,1,97,0,2,1,93,0,3,4,99,0,1,0,95,0,2,3,82,0,4,14,98,0,2,0,84,0,5,11,0,0,3,97,97,0,2,1,0,1,30,69,70,0,1,29,99,0,1,0,99,0,1,0,100,0,0,2,0,2,96,0,0,0,100,0,100,0,0,0,0,100,0,0,0,0,0,0,46,32,14,8,0,1,24,62,13,100,0,1,51,39,9,0,1,48,40,11,0,1,11,59,29,0,0,60,36,4,92,2,6,92,4,4,92,6,2,92,6,2,92,3,5,92,4,4,92,8,0,92,8,0,92,7,1,0,86,0,8,6,86,0,9,5,86,0,11,3,86,0,13,1,86,0,5,9,86,0,9,5,86,0,14,0,86,0,14,0,86,0,13,1,0,68,0,14,18,68,0,25,7,68,0,31,1,68,0,31,1,68,0,14,18,68,0,15,17,68,0,31,1,68,0,32,0,68,0,31,1,0,100,0,0,100,0,100,0,100,0,0,100,0,0,100,0,0,100,0,0,100,0,100,0,0,94,0,6,0,94,0,3,3,94,0,4,2,94,0,4,2,94,0,5,1,94,0,5,1,94,0,4,2,0,0,18,26,38,18,0,4,68,28,0,4,94,2,0,4,96,0,0,4,92,4,0,4,90,6,0,4,95,1,0,4,87,9,0,4,94,2,0,4,75,21,0,4,46,50,37,0,2,61,3,1,17,79,0,0,0,98,0,0,2,98,0,0,2,98,0,0,2,98,0,0,2,98,0,0,2,98,0,0,2,100,0,0,0,100,0,0,0,100,0,0,0,100,0,0,0,100,0,0,0,100,0,0,0,100,0,0,0,100,0,0,0,100,0,0,0,100,0,0,0,100,0,0,0,100,0,0,0,0,1,52,47,0,2,83,15,0,3,74,23,0,1,73,26,0,4,41,55,0,4,18,78,0,0,68,32,32,0,27,13,7,21,0,0,2,7,37,54,0,0,99,1,0,0,20,80,0,0,2,4,3,11,79,1,0,0,9,15,27,49,0,0,7,15,24,54,100,100,100,48,0,2,50,17,0,3,80,26,0,1,73,27,0,3,70,59,0,1,40,82,0,9,9,0,0,2,4,7,16,71,0,0,1,6,9,19,65,0,0,17,21,39,23,0,1,3,6,25,65,0,0,8,22,33,37,70,0,12,18,70,2,4,24,70,2,6,22,0,0,80,20,80,0,7,13,93,0,3,0,0,0,0,0,4,13,0,5,11,7,5,0,4,14,2,0,2,7,4,1,3,22,0,0,34,65,1,0,0,0,0,100,0,0,0,0,0,3,1,49,33,14,3,0,16,31,33,10,7,3.909090909090909,4.333848291622488,3,0,12.26086956521739,5.834474213280677,3.208333333333333,1.5211952825719972
NZL,New Zealand,3,2021-02-13,2021-02-12,100,2,12350.99335196261,2,12350.99335196261,7,100,530233.2500561748,97,1,2,97,1,9,90,1,4,95,1,14,85,1,8,91,1,13,86,1,8,91,0,1,99,1,7,92,1,2,97,1,3,96,1,15,84,1,0,99,1,7,92,98,0,2,0,91,0,5,4,96,0,0,4,86,1,0,13,92,1,4,3,87,1,4,8,92,0,5,3,99,0,0,1,93,1,2,4,98,1,1,0,97,1,2,0,85,0,5,10,100,0,0,0,93,0,0,7,0,0,5,95,95,0,3,2,0,2,33,65,67,1,2,30,98,0,2,0,98,1,1,0,99,0,1,5,2,0,93,0,0,0,100,0,100,0,0,0,0,100,0,0,0,0,0,0,48,29,13,10,0,2,41,48,9,100,0,2,43,48,7,0,1,43,45,11,0,1,12,54,33,0,1,66,29,4,90,4,6,90,8,2,90,7,3,90,9,1,90,6,4,90,8,2,90,10,0,90,10,0,90,9,1,0,87,0,5,8,87,0,7,6,87,0,11,2,87,0,11,2,87,0,2,11,87,0,11,2,87,0,12,1,87,0,13,0,87,0,12,1,0,71,0,18,11,71,0,23,6,71,0,28,1,71,0,28,1,71,0,13,16,71,0,9,20,71,0,26,3,71,0,29,0,71,0,28,1,0,100,0,0,100,0,100,0,100,0,0,100,0,0,100,0,0,100,0,0,100,0,100,0,0,94,0,6,0,94,0,1,5,94,0,3,3,94,0,4,2,94,0,5,1,94,0,5,1,94,0,4,2,0,0,15,26,36,23,0,5,76,19,0,5,94,1,0,5,95,0,0,5,88,7,0,5,81,14,0,5,94,1,0,5,86,9,0,5,90,5,0,5,70,25,0,5,47,48,33,0,0,67,1,1,20,78,0,0,0,100,0,0,0,100,0,0,0,100,0,0,0,100,0,0,0,100,0,0,0,100,0,0,0,100,0,0,0,100,0,0,0,100,0,0,0,100,0,0,0,100,0,0,0,100,0,0,0,100,0,0,0,100,0,0,0,100,0,0,0,100,0,0,0,100,0,0,0,100,0,0,0,0,1,61,38,0,0,83,17,0,3,67,30,0,2,76,22,0,2,45,53,0,2,15,83,0,0,78,22,22,1,33,12,10,22,0,0,2,6,32,60,0,0,100,0,0,4,21,75,0,0,4,2,5,5,84,0,0,0,6,10,23,61,0,0,7,13,22,58,100,100,100,39,2,4,55,17,2,6,75,33,1,4,62,24,2,8,66,55,0,1,44,85,0,9,6,0,0,0,2,8,9,81,0,0,1,1,10,19,69,0,2,15,24,32,27,0,0,2,8,13,77,0,0,8,17,34,41,75,0,20,5,75,0,5,20,75,0,9,16,0,0,73,27,73,0,9,18,91,0,1,1,2,0,0,2,3,18,0,3,3,6,8,2,5,9,8,0,3,14,6,0,1,14,0,3,32,65,0,0,0,0,0,0,100,0,0,0,0,1,3,47,34,15,1,0,7,23,41,23,5,3.194444444444445,2.925937646483792,1.2,0.8366600265340757,13.145348837209303,5.466941439270261,3.4591836734693877,1.4864915266155299
NZL,New Zealand,4,2021-02-13,2021-02-13,114,1,3483.8117423687,0,0,5,114,510016.37005255313,114,0,1,113,0,10,104,0,3,111,0,16,98,0,8,106,0,20,94,0,3,111,0,1,113,0,2,112,0,0,114,0,3,111,0,18,96,0,1,113,0,6,108,113,0,0,1,104,0,3,7,111,0,0,3,98,0,2,14,106,0,3,5,94,0,6,14,111,0,2,1,113,0,1,0,112,0,0,2,114,0,0,0,111,0,1,2,96,0,5,13,113,0,0,1,108,0,1,5,0,0,4,110,110,0,4,0,0,1,41,72,73,0,2,39,112,0,1,1,112,0,2,0,114,0,0,3,2,0,109,0,0,0,114,0,114,0,0,0,0,114,0,0,0,0,0,0,57,40,12,5,0,0,38,63,13,114,0,1,48,55,10,0,0,49,56,9,0,2,15,55,42,0,2,68,40,4,109,3,2,109,3,2,109,3,2,109,4,1,109,4,1,109,3,2,109,5,0,109,5,0,109,3,2,0,102,0,3,9,102,0,6,6,102,0,9,3,102,0,10,2,102,0,4,8,102,0,8,4,102,0,11,1,102,0,12,0,102,0,11,1,0,74,0,19,21,74,0,30,10,74,0,39,1,74,0,39,1,74,0,18,22,74,0,17,23,74,0,38,2,74,0,40,0,74,0,40,0,0,114,0,0,114,0,114,0,114,0,0,114,0,0,114,0,0,114,0,0,114,0,114,0,0,108,0,6,0,108,0,3,3,108,0,2,4,108,0,4,2,108,0,5,1,108,0,3,3,108,0,3,3,0,0,25,27,39,23,0,5,78,31,0,5,109,0,0,5,104,5,0,5,99,10,0,5,85,24,0,5,109,0,0,5,104,5,0,5,102,7,0,5,90,19,0,5,61,48,36,0,2,76,0,0,11,103,0,0,0,114,0,0,0,114,0,0,0,114,0,0,0,114,0,0,0,114,0,0,0,114,0,0,0,114,0,0,0,114,0,0,0,114,0,0,0,114,0,0,0,114,0,0,0,114,0,0,0,114,0,0,0,114,0,0,0,114,0,0,0,114,0,0,0,114,0,0,0,114,0,0,0,0,1,56,57,0,0,91,23,0,1,80,33,0,0,89,25,0,2,47,65,0,2,18,94,0,0,88,26,26,0,32,20,11,25,0,0,0,7,30,77,0,1,112,1,0,1,31,82,0,0,1,2,5,10,95,1,0,0,15,11,22,66,0,0,4,14,36,60,114,114,114,58,0,6,50,23,0,4,87,34,0,3,77,25,0,4,85,67,0,1,46,96,0,8,10,0,0,0,1,5,9,99,0,0,0,2,6,12,94,0,1,13,25,36,39,0,0,2,6,12,94,0,0,3,15,37,59,96,0,12,6,96,0,2,16,96,0,2,16,0,0,93,21,93,0,7,14,107,0,0,1,1,0,0,0,5,14,0,2,2,2,13,1,7,15,3,1,3,16,12,3,3,17,0,1,36,77,0,0,0,0,0,0,0,114,0,0,0,0,3,63,30,18,0,0,13,26,38,29,8,4.833333333333333,6.588669752362085,1.3333333333333333,0.5773502691896257,12.98165137614679,6.097937798621316,3.2181818181818183,1.4613165999094706
NZL,New Zealand,5,2021-02-13,2021-02-12,100,0,0,0,0,4,100,330706.12696531706,98,1,0,99,0,11,89,1,1,98,1,15,84,1,17,82,1,14,85,1,7,92,0,1,99,1,2,97,1,2,97,1,5,94,1,10,89,1,1,98,1,7,92,100,0,0,0,89,1,4,6,99,0,0,1,85,0,3,12,83,0,4,13,86,1,0,13,93,0,1,6,99,1,0,0,98,0,0,2,98,0,0,2,95,0,0,5,90,0,6,4,99,0,0,1,93,0,1,6,0,0,2,98,98,0,2,0,0,2,33,65,67,0,2,31,98,0,2,0,98,0,2,0,100,0,0,4,2,2,92,0,0,0,100,0,100,0,0,0,0,100,0,0,0,0,0,1,57,30,7,5,0,5,29,57,9,100,0,4,35,51,10,0,4,43,48,5,0,5,14,61,20,0,3,57,39,1,95,3,2,95,4,1,95,2,3,95,3,2,95,3,2,95,4,1,95,4,1,95,5,0,95,5,0,0,93,0,7,0,93,0,4,3,93,0,6,1,93,0,7,0,93,0,2,5,93,0,4,3,93,0,7,0,93,0,7,0,93,0,7,0,0,70,0,13,17,70,0,19,11,70,0,30,0,70,0,27,3,70,0,17,13,70,0,9,21,70,0,30,0,70,0,30,0,70,0,29,1,0,100,0,0,100,0,100,0,100,0,0,100,0,0,100,0,0,100,0,0,100,0,100,0,0,96,0,4,0,96,0,3,1,96,0,3,1,96,0,3,1,96,0,4,0,96,0,2,2,96,0,3,1,0,0,18,22,35,25,0,2,75,23,0,2,96,2,0,2,91,7,0,2,89,9,0,2,59,39,0,2,98,0,0,2,91,7,0,2,92,6,0,2,78,20,0,2,65,33,31,0,0,69,2,0,10,88,0,0,0,98,1,1,0,98,1,0,1,98,1,0,1,98,0,1,1,98,1,0,1,98,1,0,1,100,0,0,0,100,0,0,0,100,0,0,0,100,0,0,0,100,0,0,0,100,0,0,0,100,0,0,0,100,0,0,0,100,0,0,0,100,0,0,0,100,0,0,0,100,0,0,0,0,3,48,49,0,3,76,21,0,5,68,27,0,1,80,19,0,3,40,57,0,5,9,86,0,0,75,25,25,0,26,21,9,19,0,0,0,3,28,69,0,0,100,0,0,1,28,71,0,0,0,0,2,4,92,2,0,2,8,15,24,51,0,1,3,7,35,54,100,100,100,52,2,4,42,24,2,6,68,32,1,4,63,20,2,5,73,60,1,3,36,91,1,4,4,0,0,1,0,4,9,86,0,0,0,0,6,12,82,0,0,8,20,36,36,0,1,0,2,13,84,0,1,0,10,29,60,90,1,5,4,90,2,2,6,90,1,4,5,0,1,79,20,80,2,4,14,96,0,1,0,0,0,0,0,3,17,0,9,2,3,13,2,2,13,1,0,5,4,6,2,9,12,0,0,30,69,1,0,0,0,0,0,0,0,100,0,0,2,2,43,28,25,2,1,23,24,32,13,5,5.75,7.983173592379199,2,1.4142135623730951,12.617021276595745,5.012042236043759,2.3655913978494625,1.3003757503503024
NZL,New Zealand,6,2021-02-13,2021-02-12,100,0,0,0,0,1,100,461811.4617721496,95,0,0,100,0,7,93,0,3,97,0,11,89,0,10,90,0,13,87,0,1,99,0,2,98,0,4,96,0,1,99,0,0,100,0,8,92,0,0,100,0,2,98,100,0,0,0,93,0,4,3,97,1,1,1,89,1,3,7,90,0,4,6,87,1,4,8,99,0,1,0,98,0,1,1,96,0,2,2,99,1,0,0,100,0,0,0,92,1,3,4,100,0,0,0,98,0,0,2,0,0,1,99,99,0,0,1,0,3,19,78,81,0,1,18,99,0,1,0,99,0,1,0,100,0,0,4,2,1,93,0,3,0,97,0,100,0,0,0,0,100,0,0,0,0,0,0,58,29,8,5,0,5,38,50,7,100,0,6,46,35,13,0,6,47,37,10,0,4,21,41,34,0,0,71,24,5,95,2,3,95,3,2,95,2,3,95,5,0,95,3,2,95,4,1,95,5,0,95,5,0,95,5,0,0,92,0,3,5,92,0,7,1,92,0,6,2,92,0,7,1,92,0,3,5,92,0,4,4,92,0,8,0,92,0,8,0,92,0,8,0,0,71,0,11,18,71,0,23,6,71,0,29,0,71,0,28,1,71,0,11,18,71,0,18,11,71,0,28,1,71,0,29,0,71,0,28,1,0,100,0,0,100,0,100,0,100,0,0,100,0,0,100,0,0,100,0,0,100,0,100,0,0,95,0,5,0,95,0,1,4,95,0,5,0,95,0,3,2,95,0,4,1,95,0,3,2,95,0,5,0,0,0,18,31,31,20,0,2,87,11,0,2,92,6,0,2,90,8,0,2,85,13,0,2,48,50,0,2,96,2,0,2,89,9,0,2,80,18,0,2,89,9,0,2,71,27,51,2,3,44,4,2,3,91,0,0,0,99,0,0,1,99,0,1,0,99,0,1,0,99,0,0,1,99,0,0,1,99,0,0,1,100,0,0,0,100,0,0,0,100,0,0,0,100,0,0,0,100,0,0,0,100,0,0,0,100,0,0,0,100,0,0,0,100,0,0,0,100,0,0,0,100,0,0,0,100,0,0,0,0,2,29,69,0,0,75,25,0,1,59,40,0,0,66,34,0,2,45,53,0,3,13,84,0,2,69,29,31,0,29,14,8,18,0,0,1,1,33,65,0,0,99,1,0,0,21,79,0,0,0,2,4,8,79,7,0,0,21,15,26,38,0,3,2,9,33,53,100,100,100,71,0,1,28,25,1,7,67,41,1,3,55,34,1,2,63,55,1,4,40,87,0,5,8,0,1,1,0,3,7,88,0,0,0,1,4,7,88,0,1,13,27,35,24,0,0,1,1,8,90,0,0,2,11,17,70,87,2,5,6,87,4,0,9,87,3,4,6,0,3,34,63,37,0,10,53,90,0,2,0,0,0,0,0,8,56,0,3,3,1,3,0,2,10,2,0,0,4,3,2,4,7,0,1,47,52,0,0,0,0,0,0,0,0,0,100,0,4,8,50,19,19,4,3,18,28,29,15,3,8.633333333333333,11.27855252798145,0,0,12.708333333333332,5.265411798094122,2.077777777777778,1.0936772090991342
NZL,New Zealand,7,2021-02-13,2021-02-08,100,1,4258.58282204255,1,4258.58282204255,0,100,609104.8417991623,95,2,3,95,1,15,84,2,4,94,1,15,84,1,12,87,2,20,78,2,3,95,3,6,91,1,3,96,1,3,96,3,4,93,2,4,94,3,2,95,3,7,90,97,1,0,2,85,1,3,11,96,0,1,3,85,1,4,10,88,1,3,8,80,1,3,16,97,0,0,3,94,0,0,6,97,1,0,2,97,1,1,1,96,0,2,2,96,0,1,3,98,0,1,1,93,0,4,3,0,0,0,100,100,0,0,0,0,0,16,84,84,0,1,15,99,0,1,0,99,0,1,0,100,0,0,1,0,4,95,0,0,0,100,0,100,0,0,0,0,100,0,0,0,0,0,0,66,29,2,3,0,12,37,43,8,100,0,7,47,39,7,0,11,51,33,5,0,13,16,43,28,0,3,82,14,1,97,2,1,97,3,0,97,1,2,97,2,1,97,3,0,97,3,0,97,3,0,97,3,0,97,3,0,0,98,0,0,2,98,0,2,0,98,0,1,1,98,0,1,1,98,0,1,1,98,0,1,1,98,0,2,0,98,0,2,0,98,0,2,0,0,71,1,16,12,71,1,20,8,71,1,27,1,71,1,28,0,71,1,11,17,71,1,16,12,71,1,27,1,71,1,28,0,71,1,28,0,0,100,0,0,100,0,100,0,100,0,0,100,0,0,100,0,0,100,0,0,100,0,100,0,0,96,1,3,0,96,1,1,2,96,1,1,2,96,1,2,1,96,1,3,0,96,1,2,1,96,1,3,0,0,0,13,21,43,23,0,0,90,10,0,0,90,10,0,0,90,10,0,0,83,17,0,0,45,55,0,0,97,3,0,0,96,4,0,0,77,23,0,0,85,15,0,0,82,18,52,2,1,45,5,4,4,87,0,0,0,96,1,1,2,96,2,2,0,96,3,0,1,96,3,0,1,96,2,1,1,96,3,0,1,100,0,0,0,100,0,0,0,100,0,0,0,100,0,0,0,100,0,0,0,100,0,0,0,100,0,0,0,100,0,0,0,100,0,0,0,100,0,0,0,100,0,0,0,100,0,0,0,0,6,14,80,0,2,58,40,0,3,44,53,0,2,68,30,0,2,32,66,0,7,4,89,0,1,69,30,31,0,39,14,3,13,0,0,0,9,37,54,0,1,99,0,0,1,18,81,0,0,1,2,4,7,82,4,0,0,24,18,37,21,0,1,3,18,27,51,100,100,100,86,0,1,13,42,1,5,52,56,2,2,40,32,2,4,62,68,0,3,29,96,0,0,4,0,0,1,0,1,3,95,0,0,0,0,4,5,91,0,1,14,21,31,33,0,0,1,0,10,89,0,0,0,9,16,75,91,2,4,3,91,3,1,5,91,2,3,4,0,4,11,85,15,1,4,80,96,0,0,0,0,0,1,0,3,85,1,0,0,1,0,0,2,4,2,0,0,0,0,2,1,2,0,4,49,46,0,1,0,0,0,0,0,0,0,0,100,4,4,44,30,18,4,4,26,36,22,7,1,7.717948717948718,7.518218986844094,0,0,12.516483516483518,4.33169876187324,1.7093023255813953,0.8522120568713406
NZL,New Zealand,-99,2021-02-14,2021-02-14,189,1,7041.77728508521,1,7041.77728508521,2,157,750403.3426490378,0,2,1,186,2,18,169,3,9,177,3,41,145,3,21,165,2,36,151,1,16,172,3,1,185,2,12,175,3,5,181,3,6,180,3,33,153,2,5,182,3,26,160,188,0,0,1,171,1,9,8,180,0,2,7,148,2,6,33,168,1,4,16,153,2,12,22,173,1,8,7,188,0,1,0,177,2,2,8,184,0,1,4,183,1,2,3,156,3,10,20,184,1,3,1,163,3,7,16,32,0,2,155,187,0,2,0,37,2,46,104,143,1,3,42,186,0,3,0,186,1,2,0,188,0,1,46,1,8,134,44,1,0,143,1,189,0,0,0,0,189,0,0,0,0,48,1,55,43,27,15,73,4,33,61,18,189,73,6,42,52,16,73,4,43,54,15,73,5,17,54,40,73,4,60,38,14,174,7,8,174,11,4,174,13,2,174,13,2,174,9,6,174,12,3,174,14,1,174,14,1,174,11,4,0,163,0,12,14,163,0,17,9,163,0,22,4,163,0,23,3,163,0,8,18,163,0,15,11,163,0,22,4,163,0,25,1,163,0,25,1,0,155,3,20,11,155,3,23,8,155,3,30,1,155,3,29,2,155,3,16,15,155,3,22,9,155,3,31,0,155,3,31,0,155,3,29,2,0,189,0,0,189,0,189,0,189,0,0,189,0,0,189,0,0,189,0,0,189,0,189,0,0,184,0,5,0,184,0,5,0,184,0,4,1,184,0,2,3,184,0,5,0,184,0,4,1,184,0,4,1,79,1,37,25,30,17,82,7,86,14,82,7,98,2,82,7,93,7,82,7,87,13,82,7,73,27,82,7,98,2,82,7,94,6,82,7,84,16,82,7,89,11,82,7,59,41,189,0,0,0,189,0,0,0,0,0,0,183,0,2,4,183,0,1,5,183,0,1,5,183,0,2,4,183,0,1,5,183,0,1,5,189,0,0,0,189,0,0,0,189,0,0,0,189,0,0,0,189,0,0,0,189,0,0,0,189,0,0,0,189,0,0,0,189,0,0,0,189,0,0,0,189,0,0,0,189,0,0,0,89,1,40,59,89,3,61,36,89,4,56,40,89,6,62,32,89,7,36,57,89,6,13,81,99,1,54,35,135,0,28,6,7,13,104,2,1,8,25,49,104,2,83,0,122,0,12,55,122,0,1,5,7,5,44,5,122,0,9,15,21,22,132,0,8,15,15,19,189,189,189,153,1,6,29,132,1,6,50,137,1,4,47,132,2,5,50,158,1,2,28,176,0,6,7,142,1,0,3,1,4,38,142,0,1,2,8,2,34,154,1,8,10,9,7,154,0,0,0,11,24,154,0,2,9,10,14,178,1,7,3,178,2,3,6,178,2,2,7,160,1,13,15,174,0,8,7,187,0,0,1,0,0,0,0,1,181,0,0,0,2,1,0,0,0,0,0,2,0,0,0,0,3,189,0,0,0,0,0,189,0,0,0,0,0,0,0,0,189,0,0,0,0,189,0,0,0,0,0,0,5.568627450980392,8.085183738074935,1,0,0,0,0,0
NZL,New Zealand,1,2021-02-14,2021-02-12,100,0,0,0,0,3,100,546357.8486281664,100,0,0,100,0,11,89,0,1,99,0,26,74,0,19,81,0,17,83,0,8,92,0,3,97,0,11,89,0,1,99,0,5,95,0,25,75,0,1,99,0,22,78,100,0,0,0,89,0,6,5,99,0,0,1,74,0,0,26,81,0,8,11,83,0,3,14,92,0,4,4,97,0,1,2,89,0,3,8,99,0,1,0,95,0,2,3,75,0,3,22,99,0,1,0,78,1,6,15,0,0,3,97,97,0,2,1,0,0,25,75,75,0,3,22,97,0,3,0,97,0,3,0,100,0,0,3,0,5,92,0,0,1,98,1,99,0,1,0,0,99,0,1,0,0,1,0,47,36,15,1,1,0,38,52,9,100,1,0,56,38,5,1,0,51,43,5,1,0,13,53,33,1,0,67,31,1,99,0,1,99,1,0,99,1,0,99,1,0,99,1,0,99,1,0,99,1,0,99,1,0,99,1,0,0,85,0,5,10,85,0,11,4,85,0,11,4,85,0,9,6,85,0,5,10,85,0,6,9,85,0,15,0,85,0,15,0,85,0,13,2,0,64,0,15,21,64,0,25,11,64,0,35,1,64,0,35,1,64,0,14,22,64,0,16,20,64,0,30,6,64,0,36,0,64,0,31,5,0,100,0,0,100,0,100,0,100,0,0,100,0,0,100,0,0,100,0,0,100,0,100,0,0,95,0,5,0,95,0,3,2,95,0,4,1,95,0,2,3,95,0,5,0,95,0,5,0,95,0,3,2,0,0,13,25,30,32,0,5,67,28,0,5,95,0,0,5,95,0,0,5,95,0,0,5,92,3,0,5,95,0,0,5,88,7,0,5,94,1,0,5,90,5,0,5,35,60,34,0,3,63,0,0,14,86,0,0,0,95,0,0,5,95,0,1,4,95,0,1,4,95,0,3,2,95,0,2,3,95,0,1,4,100,0,0,0,100,0,0,0,100,0,0,0,100,0,0,0,100,0,0,0,100,0,0,0,100,0,0,0,100,0,0,0,100,0,0,0,100,0,0,0,100,0,0,0,100,0,0,0,0,2,56,42,0,1,73,26,0,2,65,33,0,0,83,17,0,2,45,53,0,3,17,80,0,0,80,20,20,0,45,13,8,14,0,0,2,10,42,46,0,1,98,1,0,0,15,85,0,0,0,3,4,12,76,5,0,0,9,13,46,32,0,0,8,13,34,45,100,100,100,44,0,6,50,27,0,8,65,35,0,3,62,17,0,3,80,55,0,1,44,83,0,9,8,0,0,3,5,11,25,56,0,0,6,8,14,23,49,0,1,13,19,34,33,0,0,3,10,22,65,0,0,11,22,25,42,67,0,23,10,67,4,1,28,67,4,4,25,0,0,69,31,69,0,11,20,89,0,0,0,2,2,0,1,6,20,0,6,12,2,8,1,1,4,2,0,2,9,1,3,2,27,0,1,34,62,2,1,0,0,100,0,0,0,0,0,0,0,1,48,37,14,0,1,11,28,38,14,8,4.456140350877193,5.961394178493689,1,0,11.146739130434783,5.565068665333839,3.3333333333333335,1.4498416521560313
NZL,New Zealand,2,2021-02-14,2021-02-14,118,0,0,0,0,7,118,465006.8287356563,114,0,1,117,0,16,102,0,7,111,0,31,87,0,22,96,0,16,102,0,7,111,0,1,117,0,8,110,0,2,116,0,4,114,0,22,96,0,5,113,0,18,100,117,0,1,0,102,2,5,9,111,2,0,5,87,3,1,27,96,2,2,18,102,0,2,14,111,2,1,4,117,0,0,1,110,0,2,6,116,0,1,1,114,0,1,3,96,2,2,18,113,0,5,0,100,3,6,9,0,0,4,114,114,0,4,0,0,2,46,70,72,0,1,45,117,0,1,0,117,0,1,0,118,0,0,3,0,3,112,0,0,0,115,3,118,0,0,0,0,118,0,0,0,0,0,0,56,39,17,6,0,1,29,72,16,118,0,1,54,55,8,0,1,50,58,9,0,0,12,75,31,0,1,75,36,6,112,4,2,112,5,1,112,4,2,112,5,1,112,4,2,112,5,1,112,6,0,112,6,0,112,4,2,0,101,0,10,7,101,0,14,3,101,0,16,1,101,0,16,1,101,0,3,14,101,0,11,6,101,0,16,1,101,0,17,0,101,0,17,0,0,79,0,17,22,79,0,30,9,79,0,39,0,79,0,39,0,79,0,17,22,79,0,19,20,79,0,33,6,79,0,39,0,79,0,38,1,0,118,0,0,118,0,118,0,118,0,0,118,0,0,118,0,0,118,0,0,118,0,118,0,0,115,0,3,0,115,0,0,3,115,0,2,1,115,0,1,2,115,0,3,0,115,0,3,0,115,0,2,1,0,0,26,26,40,26,0,2,81,35,0,2,114,2,0,2,115,1,0,2,110,6,0,2,109,7,0,2,116,0,0,2,107,9,0,2,113,3,0,2,99,17,0,2,54,62,40,0,3,75,3,0,25,90,0,0,0,115,1,1,1,115,2,0,1,115,2,0,1,115,1,1,1,115,2,0,1,115,2,0,1,118,0,0,0,118,0,0,0,118,0,0,0,118,0,0,0,118,0,0,0,118,0,0,0,118,0,0,0,118,0,0,0,118,0,0,0,118,0,0,0,118,0,0,0,118,0,0,0,0,1,56,61,0,3,84,31,0,1,76,41,0,2,81,35,0,3,49,66,0,6,14,98,0,0,83,35,35,0,40,15,13,15,0,1,0,9,45,63,0,0,117,1,0,1,28,89,0,0,1,2,6,15,90,4,0,0,14,15,34,55,0,0,8,23,41,46,118,118,118,62,1,6,49,34,1,5,78,42,1,7,68,37,0,4,77,69,0,2,47,104,0,11,3,0,0,1,3,13,17,84,0,0,1,4,16,23,74,0,0,13,35,46,24,0,0,9,9,27,73,0,1,17,25,33,42,76,0,31,11,76,2,2,38,76,1,10,31,0,0,79,39,79,0,17,22,101,0,2,0,1,3,1,2,8,22,0,5,5,9,11,1,8,11,4,0,4,6,4,2,1,25,0,0,37,81,0,0,0,0,0,118,0,0,0,0,0,3,3,67,31,14,3,2,20,26,44,21,2,6.125,7.7182529481371995,2.5,0.7071067811865476,11.96,6.180647542159643,3.2612612612612613,1.3994265819951965
NZL,New Zealand,3,2021-02-14,2021-02-14,103,0,0,0,0,6,103,373077.84103764757,102,0,1,102,0,8,95,0,2,101,0,24,79,0,19,84,0,11,92,0,9,94,0,0,103,0,5,98,0,2,101,0,3,100,0,24,79,0,1,102,0,14,89,102,0,1,0,95,0,2,6,101,0,2,0,79,0,4,20,84,0,6,13,92,0,3,8,94,0,4,5,103,0,0,0,98,0,2,3,101,0,0,2,100,0,3,0,79,0,6,18,102,0,0,1,89,0,3,11,0,0,4,99,99,0,4,0,0,0,41,62,62,0,1,40,102,0,1,0,102,0,1,0,103,0,0,1,1,2,99,0,0,0,103,0,103,0,0,0,0,103,0,0,0,0,0,0,39,33,23,8,0,1,23,75,4,103,0,2,45,48,8,0,2,42,54,5,0,2,13,59,29,0,0,61,41,1,95,1,7,95,5,3,95,8,0,95,7,1,95,3,5,95,6,2,95,7,1,95,8,0,95,8,0,0,80,0,10,13,80,0,16,7,80,0,23,0,80,0,23,0,80,0,4,19,80,0,20,3,80,0,23,0,80,0,23,0,80,0,22,1,0,70,0,15,18,70,0,23,10,70,0,33,0,70,0,33,0,70,0,16,17,70,0,15,18,70,0,31,2,70,0,33,0,70,0,32,1,0,103,0,0,103,0,103,0,103,0,0,103,0,0,103,0,0,103,0,0,103,0,103,0,0,103,0,0,0,103,0,0,0,103,0,0,0,103,0,0,0,103,0,0,0,103,0,0,0,103,0,0,0,0,0,32,23,30,18,0,4,68,31,0,4,98,1,0,4,95,4,0,4,96,3,0,4,85,14,0,4,98,1,0,4,89,10,0,4,96,3,0,4,80,19,0,4,54,45,36,0,1,66,1,0,19,83,0,0,0,101,1,0,1,101,1,0,1,101,1,0,1,101,1,0,1,101,0,1,1,101,1,0,1,103,0,0,0,103,0,0,0,103,0,0,0,103,0,0,0,103,0,0,0,103,0,0,0,103,0,0,0,103,0,0,0,103,0,0,0,103,0,0,0,103,0,0,0,103,0,0,0,0,3,40,60,0,2,69,32,0,4,52,47,0,2,65,36,0,4,34,65,0,4,11,88,0,0,69,34,34,0,33,17,6,13,0,0,2,4,34,63,0,0,102,1,0,0,23,80,0,0,1,3,8,14,75,2,0,1,18,13,24,47,0,1,10,24,36,32,103,103,103,63,2,6,32,34,2,1,66,51,2,0,50,38,1,0,64,69,1,1,32,92,0,7,4,0,0,3,1,7,14,78,0,0,2,2,16,17,66,0,1,24,27,33,18,0,0,3,7,30,63,0,0,13,24,30,36,66,3,27,7,66,2,10,25,66,0,15,22,0,0,76,27,76,0,8,19,95,0,2,0,0,0,0,2,4,19,0,5,3,7,9,1,8,11,2,0,3,6,7,1,4,17,0,1,35,66,0,1,0,0,0,0,103,0,0,0,0,1,1,54,34,13,1,0,11,20,41,24,6,5,6.782329983125268,1.666666666666667,1.1547005383792515,12.195402298850574,5.011241039391178,3.585858585858586,1.4286435768216992
NZL,New Zealand,4,2021-02-14,2021-02-14,129,1,2785.7640880007802,1,2785.7640880007802,10,129,441439.24441975064,128,0,2,127,0,10,119,0,3,126,0,13,116,0,12,117,0,12,117,0,4,125,0,2,127,0,4,125,0,1,128,0,5,124,0,17,112,0,1,128,0,5,124,127,0,1,1,119,0,7,3,126,0,1,2,116,0,4,9,117,0,6,6,117,0,3,9,125,0,2,2,127,0,2,0,125,0,1,3,128,0,0,1,124,0,2,3,112,0,3,14,128,0,0,1,124,0,0,5,0,0,5,124,124,0,3,2,0,1,38,90,91,0,6,32,123,0,6,0,123,0,6,0,129,0,0,7,2,2,118,0,0,0,129,0,129,0,0,0,0,129,0,0,0,0,0,0,57,30,35,7,0,3,36,74,16,129,0,1,52,58,18,0,1,58,59,11,0,3,19,68,39,0,0,71,51,7,122,6,1,122,7,0,122,7,0,122,7,0,122,4,3,122,5,2,122,7,0,122,6,1,122,6,1,0,94,0,23,12,94,0,24,11,94,0,31,4,94,0,32,3,94,0,12,23,94,0,17,18,94,0,34,1,94,0,35,0,94,0,33,2,0,99,0,19,11,99,0,25,5,99,0,28,2,99,0,30,0,99,0,17,13,99,0,12,18,99,0,28,2,99,0,30,0,99,0,27,3,0,129,0,0,129,0,129,0,129,0,0,129,0,0,129,0,0,129,0,0,129,0,129,0,0,123,0,6,0,123,0,1,5,123,0,2,4,123,0,2,4,123,0,6,0,123,0,6,0,123,0,5,1,0,0,30,30,48,21,0,3,93,33,0,3,119,7,0,3,123,3,0,3,118,8,0,3,99,27,0,3,123,3,0,3,112,14,0,3,120,6,0,3,106,20,0,3,75,51,45,0,0,84,1,0,24,104,0,0,0,127,1,0,1,127,1,0,1,127,0,1,1,127,1,0,1,127,0,1,1,127,1,1,0,129,0,0,0,129,0,0,0,129,0,0,0,129,0,0,0,129,0,0,0,129,0,0,0,129,0,0,0,129,0,0,0,129,0,0,0,129,0,0,0,129,0,0,0,129,0,0,0,0,3,52,74,0,2,93,34,0,2,65,62,0,0,83,46,0,3,51,75,0,4,19,106,0,0,87,42,42,0,38,13,14,22,0,1,0,8,40,80,0,0,128,1,0,1,18,110,0,0,2,4,11,17,93,2,0,0,16,21,35,57,0,0,9,16,47,57,129,129,129,77,0,12,40,36,1,6,86,64,1,0,64,46,2,3,78,78,1,0,50,110,1,10,8,0,0,1,4,5,8,111,0,1,0,0,16,10,102,0,0,14,45,37,33,0,1,1,8,19,100,0,1,8,29,26,65,92,1,27,9,92,8,6,23,92,7,11,19,0,0,98,31,98,0,11,20,118,0,2,0,0,0,2,0,7,20,0,6,9,4,9,2,6,15,5,0,5,8,7,2,5,26,0,1,44,82,1,1,0,0,0,0,0,129,0,0,0,1,6,69,33,20,1,3,15,31,47,27,5,5.7894736842105265,7.777854545896741,2,1.7320508075688772,12.90625,5.456845956483726,3.040650406504065,1.4676756128829942
NZL,New Zealand,5,2021-02-14,2021-02-14,160,0,0,0,0,1,159,424445.4534099726,156,0,0,160,0,16,144,0,5,155,0,17,143,0,17,143,0,21,139,0,6,154,0,3,157,0,4,156,0,0,160,0,5,155,0,13,147,1,1,158,0,4,156,160,0,0,0,144,0,7,9,155,0,1,4,143,0,6,11,143,0,5,12,139,0,5,16,154,0,2,4,157,0,2,1,156,0,3,1,160,0,0,0,155,0,1,4,147,0,2,11,159,0,1,0,156,0,3,1,0,1,1,158,159,0,1,0,0,2,53,105,107,1,3,49,157,0,3,0,157,0,3,0,160,0,0,6,4,3,147,0,1,1,158,0,159,0,1,0,0,159,0,0,1,0,1,0,78,47,26,8,1,8,45,89,17,160,1,9,67,67,16,1,7,66,71,15,1,8,28,74,49,1,4,98,53,4,152,3,5,152,6,2,152,7,1,152,7,1,152,5,3,152,7,1,152,8,0,152,7,1,152,7,1,0,134,0,15,11,134,0,14,12,134,0,24,2,134,0,22,4,134,0,9,17,134,0,12,14,134,0,26,0,134,0,26,0,134,0,26,0,0,113,0,23,24,113,0,33,14,113,0,44,3,113,0,45,2,113,0,23,24,113,0,21,26,113,0,46,1,113,0,47,0,113,0,44,3,0,160,0,0,160,0,160,0,160,0,0,160,0,0,160,0,0,160,0,0,160,0,160,0,0,154,0,6,0,154,0,0,6,154,0,3,3,154,0,2,4,154,0,6,0,154,0,5,1,154,0,6,0,0,2,42,41,45,30,0,5,123,32,0,5,145,10,0,5,142,13,0,5,134,21,0,5,98,57,0,5,153,2,0,5,139,16,0,5,142,13,0,5,130,25,0,5,103,52,55,1,2,102,3,0,20,137,0,0,0,157,0,0,3,157,0,1,2,157,0,1,2,157,0,1,2,157,0,2,1,157,0,0,3,160,0,0,0,160,0,0,0,160,0,0,0,160,0,0,0,160,0,0,0,160,0,0,0,160,0,0,0,160,0,0,0,160,0,0,0,160,0,0,0,160,0,0,0,160,0,0,0,0,7,57,96,0,5,101,54,0,7,73,80,0,3,109,48,0,8,55,97,0,10,12,138,0,0,107,53,53,0,51,22,9,25,0,0,1,9,48,102,0,0,160,0,0,1,42,117,0,0,6,5,13,24,104,8,0,1,21,28,52,58,0,0,18,31,55,56,160,160,160,103,0,15,42,59,1,10,90,87,0,5,68,51,1,15,93,105,1,3,51,148,0,6,6,0,2,2,1,6,15,134,0,0,2,2,9,20,127,0,2,31,51,47,29,0,1,6,11,27,115,0,0,14,33,38,75,113,1,35,11,113,10,11,26,113,10,23,14,0,0,110,50,110,0,18,32,142,0,7,0,2,0,0,2,7,32,0,10,6,7,16,1,0,22,7,2,4,12,3,6,11,21,0,2,52,106,0,0,0,0,0,0,0,0,160,0,0,3,9,67,49,32,3,3,26,35,60,26,7,3.9782608695652173,5.491363443059302,1,0,11.258741258741258,5.5242274161422404,2.4133333333333336,1.2754084313139327
NZL,New Zealand,6,2021-02-14,2021-02-14,104,1,3658.55503256841,1,3658.55503256841,2,104,343064.4783399882,99,0,1,103,0,7,97,0,3,101,0,9,95,0,7,97,0,9,95,0,1,103,0,0,104,0,2,102,0,0,104,0,2,102,0,9,95,0,1,103,0,3,101,103,0,1,0,97,0,1,6,101,0,0,3,95,0,0,9,97,0,0,7,95,0,2,7,103,0,0,1,104,0,0,0,102,0,1,1,104,0,0,0,102,0,1,1,95,0,3,6,103,0,1,0,101,0,2,1,0,0,2,102,102,0,1,1,0,2,22,80,82,1,0,21,104,0,0,0,104,0,0,0,104,0,0,3,1,1,99,0,0,1,103,0,103,0,0,0,1,103,0,0,1,0,1,0,62,23,13,5,1,3,31,61,8,104,1,4,36,52,11,1,2,41,53,7,1,6,11,61,25,1,2,65,31,5,99,4,1,99,5,0,99,3,2,99,5,0,99,4,1,99,3,2,99,5,0,99,4,1,99,4,1,0,91,0,7,6,91,0,10,3,91,0,12,1,91,0,11,2,91,0,5,8,91,0,9,4,91,0,13,0,91,0,13,0,91,0,13,0,0,81,0,14,9,81,0,20,3,81,0,23,0,81,0,23,0,81,0,11,12,81,0,12,11,81,0,23,0,81,0,23,0,81,0,22,1,0,104,0,0,104,0,104,0,104,0,0,104,0,0,104,0,0,104,0,0,104,0,104,0,0,101,0,3,0,101,0,0,3,101,0,1,2,101,0,1,2,101,0,2,1,101,0,3,0,101,0,3,0,0,2,19,26,35,22,0,1,73,30,0,1,97,6,0,1,94,9,0,1,90,13,0,1,61,42,0,1,102,1,0,1,92,11,0,1,86,17,0,1,88,15,0,1,73,30,44,2,0,58,3,3,6,92,0,0,0,103,0,0,1,103,0,0,1,103,0,0,1,103,0,0,1,103,0,0,1,103,0,0,1,104,0,0,0,104,0,0,0,104,0,0,0,104,0,0,0,104,0,0,0,104,0,0,0,104,0,0,0,104,0,0,0,104,0,0,0,104,0,0,0,104,0,0,0,104,0,0,0,0,2,20,82,0,3,58,43,0,4,48,52,0,4,57,43,0,4,31,69,0,6,8,90,0,0,59,45,45,0,32,14,2,11,0,2,0,8,35,59,0,2,102,0,0,0,26,78,0,0,2,1,5,7,81,8,0,0,17,19,40,28,0,2,8,13,35,46,104,104,104,84,2,3,15,46,1,5,52,56,1,2,45,47,0,4,53,73,0,3,28,96,1,1,6,0,1,1,0,0,6,96,0,0,0,0,3,11,90,0,1,19,28,35,21,0,0,0,1,10,93,0,0,0,8,24,72,96,0,5,3,96,1,2,5,96,0,5,3,0,1,34,69,35,0,12,57,92,0,1,0,2,0,0,1,8,58,0,0,2,1,8,1,2,5,1,0,0,6,0,5,5,10,0,2,42,60,0,0,0,0,0,0,0,0,0,104,0,2,7,43,23,29,2,3,26,26,34,8,5,6.32,8.102057351891144,0.5,0.7071067811865476,11.989473684210527,4.860817584767528,2.117021276595745,1.1900698721578107
NZL,New Zealand,7,2021-02-14,2021-02-11,100,1,4258.58282204255,1,4258.58282204255,1,100,475432.4723917183,94,1,3,96,0,12,88,1,3,96,0,18,82,0,12,88,1,17,82,1,5,94,2,2,96,1,2,97,0,3,97,2,3,95,1,7,92,2,2,96,2,4,94,97,1,1,1,88,1,3,8,97,0,1,2,82,1,3,14,88,1,2,9,83,1,3,13,95,0,0,5,98,0,0,2,98,1,0,1,97,1,1,1,97,0,2,1,93,0,2,5,98,0,1,1,96,0,1,3,0,0,1,99,99,0,1,0,0,3,13,84,87,0,0,13,100,0,0,0,100,0,0,0,100,0,0,3,0,3,94,0,1,0,99,0,100,0,0,0,0,100,0,0,0,0,0,0,68,23,6,3,0,12,34,50,4,100,0,6,47,41,6,0,12,44,39,5,0,14,10,55,21,0,2,76,22,0,97,1,2,97,2,1,97,2,1,97,3,0,97,2,1,97,2,1,97,3,0,97,3,0,97,3,0,0,94,0,2,4,94,0,5,1,94,0,4,2,94,0,6,0,94,0,1,5,94,0,5,1,94,0,6,0,94,0,6,0,94,0,6,0,0,77,1,9,13,77,1,16,6,77,1,21,1,77,1,22,0,77,1,8,14,77,1,17,5,77,1,21,1,77,1,22,0,77,1,21,1,0,100,0,0,100,0,100,0,100,0,0,100,0,0,100,0,0,100,0,0,100,0,100,0,0,96,1,3,0,96,1,1,2,96,1,1,2,96,1,1,2,96,1,3,0,96,1,3,0,96,1,3,0,0,1,12,18,46,23,0,1,95,4,0,1,91,8,0,1,85,14,0,1,85,14,0,1,45,54,0,1,96,3,0,1,91,8,0,1,75,24,0,1,92,7,0,1,76,23,50,4,0,46,5,6,2,87,0,0,0,97,1,0,2,97,1,2,0,97,2,0,1,97,2,0,1,97,1,1,1,97,2,0,1,100,0,0,0,100,0,0,0,100,0,0,0,100,0,0,0,100,0,0,0,100,0,0,0,100,0,0,0,100,0,0,0,100,0,0,0,100,0,0,0,100,0,0,0,100,0,0,0,0,6,12,82,0,2,48,50,0,4,34,62,0,2,64,34,0,4,33,63,0,9,5,86,0,2,67,31,33,0,35,11,3,18,0,0,0,7,39,54,0,1,99,0,0,1,23,76,0,0,1,3,3,9,76,8,0,0,21,21,35,23,0,1,5,18,31,45,100,100,100,88,0,0,12,52,1,4,43,66,2,1,31,36,2,3,59,67,0,2,31,95,0,1,4,0,0,2,0,2,4,92,0,0,0,1,2,12,85,0,2,9,25,36,28,0,0,1,1,6,92,0,0,0,7,16,77,93,0,3,4,93,1,1,5,93,1,1,5,0,3,9,88,12,0,3,85,97,0,0,0,0,0,0,0,3,88,1,1,0,0,1,0,1,2,1,0,0,0,0,2,2,1,0,4,46,49,0,1,0,0,0,0,0,0,0,0,100,3,4,46,22,25,3,4,27,36,25,5,0,7.5405405405405395,9.063340672409051,1,0,12.847826086956522,4.736890023032095,1.7045454545454544,0.7452391563847047
NZL,New Zealand,-99,2021-02-15,2021-02-15,176,2,5926.40035427116,0,0,14,154,655585.1278687499,0,2,3,171,2,17,157,2,8,166,1,33,142,2,18,156,1,29,146,2,8,166,2,8,166,2,6,168,2,4,170,1,12,163,2,25,149,2,2,172,2,13,161,173,1,0,2,159,0,6,11,168,0,3,5,143,0,13,20,158,0,5,13,147,0,11,18,168,0,4,4,168,0,4,4,170,0,1,5,172,1,0,3,164,0,7,5,151,0,8,17,174,0,1,1,163,1,8,4,22,0,8,146,169,0,2,5,30,4,43,99,133,3,3,37,173,0,3,0,173,0,3,0,176,0,0,42,5,6,123,33,1,2,138,2,174,0,2,0,0,174,0,2,0,0,43,0,59,37,26,11,60,8,34,51,23,176,60,4,47,45,20,60,5,50,46,15,60,7,19,45,45,60,6,61,39,10,167,7,2,167,9,0,167,9,0,167,8,1,167,6,3,167,9,0,167,9,0,167,7,2,167,6,3,0,153,0,12,11,153,0,15,8,153,0,19,4,153,0,20,3,153,0,6,17,153,0,17,6,153,0,22,1,153,0,23,0,153,0,18,5,0,140,2,15,19,140,2,29,5,140,2,32,2,140,2,34,0,140,2,17,17,140,2,25,9,140,2,30,4,140,2,34,0,140,2,33,1,0,176,0,0,176,0,176,0,176,0,0,176,0,0,176,0,0,176,0,0,176,0,176,0,0,170,0,6,0,170,0,2,4,170,0,3,3,170,0,5,1,170,0,5,1,170,0,6,0,170,0,3,3,65,1,38,25,28,19,70,2,78,26,70,2,97,7,70,2,97,7,70,2,90,14,70,2,79,25,70,2,103,1,70,2,98,6,70,2,96,8,70,2,91,13,70,2,62,42,176,0,0,0,176,0,0,0,0,0,0,170,2,0,4,170,1,2,3,170,2,1,3,170,1,2,3,170,2,2,2,170,3,2,1,176,0,0,0,176,0,0,0,176,0,0,0,176,0,0,0,176,0,0,0,176,0,0,0,176,0,0,0,176,0,0,0,176,0,0,0,176,0,0,0,176,0,0,0,176,0,0,0,82,4,33,57,82,4,63,27,82,5,41,48,82,2,53,39,82,4,25,65,82,8,11,75,93,3,39,41,137,1,19,7,5,7,107,1,1,3,19,45,107,2,67,0,121,0,16,39,121,0,6,3,4,8,32,2,121,0,12,15,18,10,126,0,6,15,13,16,176,176,176,145,1,9,21,116,1,15,44,136,0,9,31,126,1,9,40,152,1,4,19,165,1,8,2,133,0,0,0,3,9,31,133,1,1,0,2,7,32,138,0,8,10,7,13,138,0,1,3,9,25,138,0,3,6,12,17,171,0,5,0,171,1,1,3,171,0,2,3,149,0,13,14,162,0,7,7,175,0,0,0,0,0,0,0,1,166,0,2,0,0,1,1,0,1,0,0,0,1,0,0,0,4,176,0,0,0,0,0,176,0,0,0,0,0,0,0,0,176,0,0,0,0,176,0,0,0,0,0,0,5.142857142857143,6.757711644237764,1.8333333333333333,1.7224014243685086,0,0,0,0
NZL,New Zealand,1,2021-02-15,2021-02-14,100,0,0,0,0,9,100,392864.6885237475,100,0,1,99,0,8,92,0,0,100,0,21,79,0,12,88,0,18,82,0,7,93,0,2,98,0,9,91,0,1,99,0,4,96,0,28,72,0,3,97,0,13,87,99,0,1,0,92,0,5,3,100,0,0,0,79,0,2,19,88,1,5,6,82,0,3,15,93,0,2,5,98,0,1,1,91,0,2,7,99,0,1,0,96,0,1,3,72,1,6,21,97,0,1,2,87,0,5,8,0,0,6,94,94,0,3,3,0,2,21,77,79,0,1,20,99,0,1,0,99,0,1,0,100,0,0,3,1,6,90,0,0,0,100,0,100,0,0,0,0,100,0,0,0,0,0,0,50,26,18,6,0,1,40,53,6,100,0,1,46,41,12,0,1,52,38,9,0,1,11,55,33,0,1,61,33,5,94,2,4,94,6,0,94,6,0,94,3,3,94,4,2,94,3,3,94,6,0,94,6,0,94,6,0,0,82,0,6,12,82,0,11,7,82,0,14,4,82,0,14,4,82,0,2,16,82,0,15,3,82,0,16,2,82,0,18,0,82,0,18,0,0,74,1,9,16,74,1,16,9,74,1,24,1,74,1,24,1,74,1,11,14,74,1,10,15,74,1,22,3,74,1,25,0,74,1,22,3,0,100,0,0,100,0,100,0,100,0,0,100,0,0,100,0,0,100,0,0,100,0,100,0,0,95,0,5,0,95,0,5,0,95,0,2,3,95,0,4,1,95,0,5,0,95,0,5,0,95,0,3,2,0,1,13,24,33,29,0,7,75,18,0,7,93,0,0,7,93,0,0,7,93,0,0,7,90,3,0,7,93,0,0,7,85,8,0,7,92,1,0,7,85,8,0,7,30,63,29,0,1,70,0,0,12,88,0,0,0,94,0,0,6,94,0,3,3,94,0,1,5,94,0,2,4,94,0,2,4,94,0,1,5,100,0,0,0,100,0,0,0,100,0,0,0,100,0,0,0,100,0,0,0,100,0,0,0,100,0,0,0,100,0,0,0,100,0,0,0,100,0,0,0,100,0,0,0,100,0,0,0,0,2,54,44,0,1,69,30,0,1,53,46,0,1,75,24,0,2,39,59,0,0,23,77,0,0,73,27,27,0,33,14,11,15,0,0,3,10,40,47,0,0,100,0,0,1,17,82,0,0,3,5,13,16,61,2,0,0,7,15,37,41,0,0,10,20,31,39,100,100,100,46,0,11,43,31,0,13,56,47,0,4,49,25,0,7,68,61,0,2,37,77,0,15,8,0,0,2,7,16,15,60,0,0,4,8,17,16,55,0,1,8,22,41,28,0,1,3,9,15,72,0,0,12,16,22,50,72,1,19,8,72,4,2,22,72,4,5,19,0,0,74,26,74,0,10,16,90,0,2,0,2,2,0,0,4,16,0,4,9,3,6,1,2,5,4,0,2,9,1,7,1,30,0,0,29,69,0,2,0,0,100,0,0,0,0,0,0,0,2,44,38,16,0,1,13,20,36,22,8,5.0212765957446805,7.628577170037866,1.6,0.5477225575051661,12.786516853932584,4.851128992570041,3.724489795918368,1.3831132687989776
NZL,New Zealand,2,2021-02-15,2021-02-14,100,0,0,0,0,3,100,452514.78093447513,99,0,0,100,0,14,86,0,0,100,0,25,75,0,14,86,0,14,86,0,8,92,0,4,96,0,8,92,0,1,99,0,4,96,0,23,77,0,1,99,0,17,83,100,0,0,0,86,0,7,7,100,0,0,0,75,1,6,18,86,1,4,9,86,0,6,8,92,0,7,1,96,0,4,0,92,0,6,2,99,0,1,0,96,0,1,3,77,0,4,19,99,0,1,0,83,0,7,10,0,0,3,97,97,0,3,0,0,0,42,58,58,0,1,41,99,0,0,1,99,0,1,0,100,0,0,1,0,4,95,0,0,0,100,0,100,0,0,0,0,100,0,0,0,0,0,0,44,31,20,5,0,0,36,57,7,100,0,0,39,50,11,0,0,37,57,6,0,0,11,64,25,0,0,58,40,2,95,1,4,95,4,1,95,3,2,95,4,1,95,3,2,95,5,0,95,5,0,95,5,0,95,5,0,0,80,0,7,13,80,0,14,6,80,0,16,4,80,0,19,1,80,0,5,15,80,0,11,9,80,0,20,0,80,0,20,0,80,0,19,1,0,69,0,17,14,69,0,23,8,69,0,30,1,69,0,29,2,69,0,12,19,69,0,12,19,69,0,30,1,69,0,31,0,69,0,29,2,0,100,0,0,100,0,100,0,100,0,0,100,0,0,100,0,0,100,0,0,100,0,100,0,0,93,0,7,0,93,0,5,2,93,0,6,1,93,0,5,2,93,0,6,1,93,0,7,0,93,0,5,2,0,0,15,27,33,25,0,1,71,28,0,1,99,0,0,1,99,0,0,1,98,1,0,1,93,6,0,1,98,1,0,1,93,6,0,1,95,4,0,1,86,13,0,1,47,52,33,0,2,65,1,0,16,83,0,0,0,96,1,0,3,96,1,0,3,96,1,0,3,96,1,0,3,96,1,1,2,96,1,0,3,100,0,0,0,100,0,0,0,100,0,0,0,100,0,0,0,100,0,0,0,100,0,0,0,100,0,0,0,100,0,0,0,100,0,0,0,100,0,0,0,100,0,0,0,100,0,0,0,0,0,38,62,0,0,47,53,0,0,38,62,0,0,51,49,0,0,20,80,0,0,9,91,0,0,52,48,48,0,28,10,7,7,0,0,0,5,37,58,0,1,99,0,0,0,17,83,0,0,6,3,13,20,54,4,0,0,14,9,40,37,0,0,10,26,39,25,100,100,100,62,0,10,28,53,0,19,28,62,0,6,32,49,0,6,45,80,0,3,17,91,0,5,4,0,0,2,2,7,12,77,0,0,0,4,7,24,65,0,1,12,25,44,18,0,0,4,6,21,69,0,0,8,22,34,36,70,0,20,10,70,2,4,24,70,2,8,20,0,0,74,26,74,0,9,17,91,0,2,0,0,2,0,0,5,17,0,2,5,10,8,4,5,9,2,0,2,13,1,2,0,20,0,3,33,62,1,1,0,0,0,100,0,0,0,0,0,1,2,53,37,7,1,0,27,20,36,13,3,4.586206896551724,6.774654733893113,1,0,12.75531914893617,5.82852859613586,3.0625,1.4202483103872698
NZL,New Zealand,3,2021-02-15,2021-02-14,100,1,1898.70150506853,0,0,4,100,408063.9263440559,100,0,1,99,0,14,86,0,3,97,0,20,80,0,21,79,0,17,83,0,8,92,0,2,98,0,6,94,0,0,100,0,6,94,0,16,84,0,0,100,0,5,95,99,0,1,0,86,0,6,8,97,0,1,2,80,0,9,11,79,0,2,19,83,0,4,13,92,0,5,3,98,0,1,1,94,0,2,4,100,0,0,0,94,0,4,2,84,0,7,9,100,0,0,0,95,0,1,4,0,0,3,97,97,0,2,1,0,1,23,76,77,0,2,21,98,0,2,0,98,1,1,0,99,0,1,3,0,5,92,0,0,0,100,0,100,0,0,0,0,100,0,0,0,0,0,0,40,36,15,9,0,1,23,67,9,100,0,0,39,51,10,0,0,39,53,8,0,0,9,55,36,0,0,48,46,6,91,6,3,91,5,4,91,9,0,91,8,1,91,4,5,91,7,2,91,8,1,91,9,0,91,9,0,0,85,0,7,8,85,0,9,6,85,0,15,0,85,0,15,0,85,0,7,8,85,0,12,3,85,0,15,0,85,0,15,0,85,0,13,2,0,64,0,15,21,64,0,30,6,64,0,36,0,64,0,36,0,64,0,17,19,64,0,17,19,64,0,35,1,64,0,36,0,64,0,34,2,0,100,0,0,100,0,100,0,100,0,0,100,0,0,100,0,0,100,0,0,100,0,100,0,0,100,0,0,0,100,0,0,0,100,0,0,0,100,0,0,0,100,0,0,0,100,0,0,0,100,0,0,0,0,0,13,24,42,21,0,2,75,23,0,2,98,0,0,2,95,3,0,2,95,3,0,2,81,17,0,2,97,1,0,2,89,9,0,2,93,5,0,2,75,23,0,2,51,47,35,0,0,65,0,0,13,87,0,0,0,95,0,1,4,95,0,2,3,95,0,0,5,95,0,0,5,95,0,1,4,95,0,1,4,100,0,0,0,100,0,0,0,100,0,0,0,100,0,0,0,100,0,0,0,100,0,0,0,100,0,0,0,100,0,0,0,100,0,0,0,100,0,0,0,100,0,0,0,100,0,0,0,0,0,46,54,0,0,68,32,0,1,40,59,0,0,53,47,0,1,18,81,0,2,7,91,0,0,54,46,46,0,26,10,8,10,0,0,1,3,28,68,0,0,100,0,0,0,24,76,0,0,3,4,7,15,70,1,0,0,16,14,35,35,0,0,7,22,31,40,100,100,100,54,0,10,36,32,0,9,59,60,0,2,38,47,0,3,50,82,0,0,18,93,0,5,2,0,0,1,2,10,12,75,0,0,0,6,8,16,70,0,0,10,30,33,27,0,0,4,5,16,75,0,0,9,17,28,46,74,1,21,4,74,2,10,14,74,3,8,15,0,0,85,15,85,1,4,10,96,0,2,0,0,0,0,2,0,11,0,5,2,5,9,3,5,8,6,0,2,9,6,3,4,22,0,3,35,59,1,2,0,0,0,0,100,0,0,0,0,0,2,55,28,15,0,0,13,22,44,16,5,4.130434782608695,6.083159616340376,1.5,0.7071067811865476,13.157303370786517,5.538909632615788,3.525773195876289,1.6651625515318482
NZL,New Zealand,4,2021-02-15,2021-02-15,115,0,0,0,0,9,115,430074.98428959795,113,0,3,112,0,5,110,0,2,113,0,18,97,0,7,108,0,12,103,0,8,107,0,0,115,0,1,114,0,1,114,0,5,110,0,13,102,0,2,113,0,11,104,112,0,3,0,110,0,2,3,113,0,0,2,97,0,6,12,108,0,3,4,103,0,4,8,107,0,5,3,115,0,0,0,114,0,1,0,114,0,1,0,110,0,2,3,102,0,4,9,113,0,1,1,104,0,4,7,0,0,5,110,110,0,4,1,0,0,35,80,80,0,1,34,114,0,0,1,114,0,1,0,115,0,0,1,0,3,111,0,0,0,115,0,115,0,0,0,0,115,0,0,0,0,0,0,58,37,15,5,0,1,44,59,11,115,0,1,53,46,15,0,0,64,39,12,0,1,14,63,37,0,1,73,34,7,110,2,3,110,1,4,110,3,2,110,5,0,110,1,4,110,4,1,110,4,1,110,5,0,110,5,0,0,100,0,6,9,100,0,9,6,100,0,13,2,100,0,11,4,100,0,4,11,100,0,9,6,100,0,15,0,100,0,15,0,100,0,15,0,0,78,0,23,14,78,0,30,7,78,0,37,0,78,0,35,2,78,0,18,19,78,0,18,19,78,0,35,2,78,0,37,0,78,0,34,3,0,115,0,0,115,0,115,0,115,0,0,115,0,0,115,0,0,115,0,0,115,0,115,0,0,111,0,4,0,111,0,1,3,111,0,1,3,111,0,2,2,111,0,3,1,111,0,2,2,111,0,3,1,0,0,28,28,34,25,0,2,90,23,0,2,108,5,0,2,111,2,0,2,102,11,0,2,81,32,0,2,110,3,0,2,105,8,0,2,108,5,0,2,88,25,0,2,59,54,38,0,0,77,1,0,16,98,0,0,0,112,0,0,3,112,0,1,2,112,0,0,3,112,0,1,2,112,0,0,3,112,0,0,3,115,0,0,0,115,0,0,0,115,0,0,0,115,0,0,0,115,0,0,0,115,0,0,0,115,0,0,0,115,0,0,0,115,0,0,0,115,0,0,0,115,0,0,0,115,0,0,0,0,1,58,56,0,0,77,38,0,1,50,64,0,1,73,41,0,3,28,84,0,3,10,102,0,0,59,56,56,0,20,17,10,12,0,0,2,6,27,80,0,0,115,0,0,1,27,87,0,0,3,6,12,16,75,3,0,0,13,23,34,45,0,0,7,28,45,35,115,115,115,57,1,12,45,38,2,16,59,65,2,4,44,42,1,8,64,87,1,2,25,105,0,5,5,0,0,0,2,8,12,93,0,0,0,4,6,21,84,0,0,21,42,29,23,0,0,2,13,21,79,0,0,7,25,32,51,83,0,25,7,83,2,8,22,83,2,9,21,0,0,92,23,92,0,5,18,110,1,1,0,0,0,1,0,2,18,1,4,3,7,12,1,0,19,4,0,7,9,7,3,4,16,0,2,37,76,0,0,0,0,0,0,0,115,0,0,0,1,2,57,30,25,1,0,14,20,51,19,10,4.972972972972973,7.209124181998217,2,2,12.182692307692308,5.608184766074108,3.263157894736842,1.427000267154581
NZL,New Zealand,5,2021-02-15,2021-02-15,136,2,4029.9233814070103,2,4029.9233814070103,6,136,428385.4006945906,133,0,2,134,0,8,128,0,3,133,0,20,116,0,12,124,0,18,118,0,4,132,0,1,135,0,0,136,0,0,136,0,6,130,0,15,121,0,1,135,0,8,128,134,0,0,2,128,0,2,6,133,0,2,1,116,0,5,15,124,0,4,8,118,0,8,10,132,0,3,1,135,0,1,0,136,0,0,0,136,0,0,0,130,0,3,3,121,0,5,10,135,0,0,1,128,0,2,6,0,0,5,131,131,0,4,1,0,0,35,101,101,2,0,33,136,0,0,0,136,0,0,0,136,0,0,2,3,2,129,0,0,0,135,1,136,0,0,0,0,136,0,0,0,0,0,0,74,40,16,6,0,2,50,70,14,136,0,2,59,57,18,0,5,58,63,10,0,4,22,73,37,0,1,91,38,6,130,3,3,130,6,0,130,4,2,130,3,3,130,6,0,130,4,2,130,5,1,130,6,0,130,5,1,0,120,0,11,5,120,0,12,4,120,0,14,2,120,0,15,1,120,0,6,10,120,0,9,7,120,0,16,0,120,0,16,0,120,0,16,0,0,96,0,15,25,96,0,25,15,96,0,39,1,96,0,39,1,96,0,24,16,96,0,24,16,96,0,37,3,96,0,40,0,96,0,37,3,0,136,0,0,136,0,136,0,136,0,0,136,0,0,136,0,0,136,0,0,136,0,136,0,0,131,0,5,0,131,0,3,2,131,0,3,2,131,0,4,1,131,0,4,1,131,0,4,1,131,0,3,2,0,0,31,38,42,25,0,2,107,27,0,2,126,8,0,2,124,10,0,2,116,18,0,2,75,59,0,2,131,3,0,2,122,12,0,2,116,18,0,2,100,34,0,2,86,48,51,1,2,82,2,1,14,119,0,0,0,134,1,0,1,134,1,0,1,134,0,0,2,134,1,0,1,134,1,0,1,134,1,0,1,136,0,0,0,136,0,0,0,136,0,0,0,136,0,0,0,136,0,0,0,136,0,0,0,136,0,0,0,136,0,0,0,136,0,0,0,136,0,0,0,136,0,0,0,136,0,0,0,0,3,59,74,0,1,83,52,0,2,56,78,0,2,83,51,0,3,34,99,0,4,10,122,0,0,85,51,51,0,45,14,14,12,0,0,1,5,42,88,0,0,136,0,0,3,35,98,0,0,6,9,17,20,80,4,0,1,17,29,46,43,0,5,12,32,50,37,136,136,136,77,0,17,42,53,3,19,61,80,3,5,48,53,3,12,68,102,1,1,32,126,0,8,2,0,1,1,0,2,14,118,0,0,0,0,7,17,112,0,1,18,39,51,27,0,0,3,3,25,105,0,0,9,20,28,79,107,0,27,2,107,7,9,13,107,4,16,9,0,1,91,44,92,0,12,32,124,2,0,1,1,0,0,2,6,33,0,6,7,1,12,0,6,20,3,0,0,12,3,3,6,24,0,1,49,86,0,0,0,0,0,0,0,0,136,0,0,1,6,66,36,27,1,4,27,31,45,23,5,5.975,7.187908293865862,1.2,0.44721359549995793,12.693548387096774,5.526252820258227,2.2777777777777777,1.0402991022884822
NZL,New Zealand,6,2021-02-15,2021-02-15,103,1,3721.4062125580404,0,0,1,103,382283.51292925933,100,0,4,99,0,10,93,0,5,98,0,11,92,0,14,89,0,11,92,0,2,101,0,1,102,0,0,103,0,1,102,0,2,101,0,8,95,0,1,102,0,8,95,99,0,2,2,93,0,2,8,98,0,1,4,92,0,4,7,89,1,3,10,92,0,3,8,101,0,1,1,102,0,0,1,103,0,0,0,102,0,0,1,101,0,1,1,95,0,4,4,102,0,1,0,95,0,1,7,0,0,1,102,102,0,0,1,0,4,22,77,81,0,1,21,102,0,1,0,102,1,0,0,102,0,1,5,4,2,92,0,1,1,101,0,102,0,1,0,0,102,0,0,0,1,1,0,63,28,7,4,1,6,35,48,13,103,1,4,44,46,8,1,4,51,40,7,1,6,19,44,33,1,0,69,30,3,99,2,2,99,2,2,99,3,1,99,4,0,99,2,2,99,4,0,99,4,0,99,4,0,99,4,0,0,96,0,3,4,96,0,4,3,96,0,7,0,96,0,7,0,96,0,1,6,96,0,3,4,96,0,7,0,96,0,7,0,96,0,7,0,0,75,0,11,17,75,0,23,5,75,0,28,0,75,0,27,1,75,0,18,10,75,0,17,11,75,0,28,0,75,0,28,0,75,0,28,0,0,102,0,1,102,1,102,1,102,1,0,102,1,0,102,1,0,102,1,0,102,1,102,1,0,102,0,1,0,102,0,1,0,102,0,1,0,102,0,1,0,102,0,1,0,102,0,1,0,102,0,0,1,0,1,25,22,31,24,0,0,84,19,0,0,95,8,0,0,87,16,0,0,88,15,0,0,47,56,0,0,98,5,0,0,94,9,0,0,80,23,0,0,88,15,0,0,75,28,41,1,1,60,3,2,6,92,0,0,0,101,0,1,1,101,0,1,1,101,0,1,1,101,0,1,1,101,0,1,1,101,0,1,1,103,0,0,0,103,0,0,0,103,0,0,0,103,0,0,0,103,0,0,0,103,0,0,0,103,0,0,0,103,0,0,0,103,0,0,0,103,0,0,0,103,0,0,0,103,0,0,0,0,2,27,74,0,1,64,38,0,1,36,66,0,1,45,57,0,2,17,84,0,4,6,93,0,1,51,51,52,0,34,5,6,6,0,1,0,7,30,65,0,0,103,0,0,1,20,82,0,0,8,11,4,8,67,5,0,0,24,25,36,18,0,2,9,32,34,26,103,103,103,76,0,11,16,39,2,24,38,67,1,9,26,58,1,10,34,86,0,4,13,97,0,4,2,0,0,2,2,2,9,88,0,0,0,3,6,10,84,0,2,16,25,31,29,0,1,1,3,21,77,0,0,5,7,26,65,91,2,9,1,91,4,3,5,91,1,7,4,0,1,37,65,38,1,16,48,87,0,2,0,1,0,0,1,12,50,0,5,3,3,4,0,3,11,2,0,3,3,0,0,2,14,0,1,41,61,0,0,0,0,0,0,0,0,0,103,0,1,8,40,22,32,1,5,24,24,26,16,7,5.457142857142857,6.302860495058419,0,0,12.614583333333334,5.458686542743577,2.053763440860215,1.0871341603325437
NZL,New Zealand,7,2021-02-15,2021-02-12,100,0,0,0,0,2,100,416077.78093185154,95,0,2,98,0,6,94,0,1,99,0,15,85,0,8,92,0,16,84,0,3,97,0,2,98,0,1,99,0,1,99,0,1,99,0,5,95,0,0,100,0,4,96,98,0,1,1,94,0,2,4,99,0,1,0,85,0,1,14,92,0,0,8,84,0,4,12,97,0,0,3,98,0,0,2,99,0,0,1,99,0,0,1,99,0,0,1,95,0,2,3,100,0,0,0,96,0,2,2,0,0,2,98,98,0,2,0,0,5,9,86,91,0,0,9,100,0,0,0,100,0,0,0,100,0,0,5,0,1,94,0,3,0,97,0,100,0,0,0,0,100,0,0,0,0,0,0,67,23,8,2,0,11,31,53,5,100,0,9,41,44,6,0,11,42,43,4,0,14,10,58,18,0,2,71,25,2,98,0,2,98,1,1,98,1,1,98,2,0,98,1,1,98,1,1,98,2,0,98,2,0,98,2,0,0,92,0,4,4,92,0,5,3,92,0,6,2,92,0,7,1,92,0,2,6,92,0,7,1,92,0,8,0,92,0,8,0,92,0,8,0,0,77,0,10,13,77,0,17,6,77,0,22,1,77,0,23,0,77,0,9,14,77,0,19,4,77,0,22,1,77,0,23,0,77,0,22,1,0,100,0,0,100,0,100,0,100,0,0,100,0,0,100,0,0,100,0,0,100,0,100,0,0,96,1,3,0,96,1,1,2,96,1,2,1,96,1,0,3,96,1,3,0,96,1,3,0,96,1,3,0,0,2,12,17,47,22,0,2,92,6,0,2,94,4,0,2,84,14,0,2,88,10,0,2,47,51,0,2,95,3,0,2,89,9,0,2,79,19,0,2,90,8,0,2,71,27,41,4,0,55,4,5,4,87,0,0,0,99,0,0,1,99,0,1,0,99,0,0,1,99,0,0,1,99,0,0,1,99,0,0,1,100,0,0,0,100,0,0,0,100,0,0,0,100,0,0,0,100,0,0,0,100,0,0,0,100,0,0,0,100,0,0,0,100,0,0,0,100,0,0,0,100,0,0,0,100,0,0,0,0,5,12,83,0,1,44,55,0,3,32,65,0,2,55,43,0,4,30,66,0,8,4,88,0,2,58,40,42,0,29,10,1,18,0,0,1,5,38,56,0,0,100,0,0,3,22,75,0,0,3,4,3,8,73,9,0,0,21,25,31,23,0,4,5,17,31,43,100,100,100,88,0,0,12,56,2,7,35,68,3,2,27,45,3,5,47,70,1,3,26,96,0,1,3,0,1,2,0,1,6,90,0,0,0,1,3,12,84,0,1,8,23,44,24,0,0,1,1,2,96,0,0,0,7,14,79,93,0,3,4,93,1,1,5,93,1,1,5,0,3,14,83,17,0,3,80,97,0,0,0,0,0,0,0,3,83,1,1,0,0,1,1,1,2,1,0,1,1,0,1,2,4,0,5,39,55,0,1,0,0,0,0,0,0,0,0,100,3,7,48,16,26,3,7,24,32,28,5,1,7.483870967741934,8.566877952291742,1,0,12.662921348314606,4.607167884307903,1.6511627906976745,0.8083016597702954
NZL,New Zealand,-99,2021-02-16,2021-02-16,150,0,0,0,0,13,130,711818.1023210124,0,5,2,143,5,15,130,3,5,142,5,23,122,5,22,123,5,27,118,5,11,134,5,4,141,5,5,140,5,3,142,4,13,133,4,20,126,4,6,140,4,14,132,148,0,2,0,135,0,4,11,145,0,4,1,127,0,3,20,128,0,4,18,123,0,8,19,139,0,3,8,146,0,0,4,145,0,1,4,147,0,1,2,137,0,3,10,130,1,2,17,144,0,2,4,136,0,6,8,20,0,5,125,146,0,4,0,28,3,44,75,106,1,8,35,142,0,6,2,142,1,7,0,149,0,1,40,1,8,101,30,0,1,118,1,149,0,0,1,0,150,0,0,0,0,35,0,48,36,26,5,55,5,32,51,7,150,55,6,34,44,11,55,3,37,45,10,55,4,13,51,27,55,5,54,32,4,146,0,4,146,3,1,146,4,0,146,3,1,146,3,1,146,4,0,146,4,0,146,4,0,146,4,0,0,127,0,10,13,127,0,20,3,127,0,23,0,127,0,22,1,127,0,15,8,127,0,14,9,127,0,21,2,127,0,23,0,127,0,19,4,0,116,0,16,18,116,0,27,7,116,0,33,1,116,0,32,2,116,0,19,15,116,0,18,16,116,0,31,3,116,0,34,0,116,0,30,4,0,150,0,0,150,0,150,0,150,0,0,150,0,0,150,0,0,150,0,0,150,0,150,0,0,149,0,1,0,149,0,0,1,149,0,1,0,149,0,1,0,149,0,1,0,149,0,1,0,149,0,1,0,59,1,30,23,21,16,63,3,65,19,63,3,82,2,63,3,79,5,63,3,74,10,63,3,61,23,63,3,82,2,63,3,78,6,63,3,77,7,63,3,69,15,63,3,49,35,150,0,0,0,150,0,0,0,0,0,0,142,4,1,3,142,3,1,4,142,4,0,4,142,4,1,3,142,4,0,4,142,4,1,3,150,0,0,0,150,0,0,0,150,0,0,0,150,0,0,0,150,0,0,0,150,0,0,0,150,0,0,0,150,0,0,0,150,0,0,0,150,0,0,0,150,0,0,0,150,0,0,0,70,2,25,53,70,2,58,20,70,4,31,45,70,3,40,37,70,4,18,58,70,5,4,71,84,0,35,31,115,0,17,10,5,3,87,0,0,3,15,45,87,1,62,0,102,1,11,36,102,0,3,7,5,6,26,1,102,0,12,12,19,5,109,0,8,10,12,11,150,150,150,126,0,10,14,95,3,17,35,121,3,4,22,113,1,9,27,134,1,7,8,147,1,2,0,115,0,1,1,2,4,27,115,0,1,0,3,7,24,121,1,6,7,11,4,121,0,3,1,7,18,121,0,5,0,11,13,145,0,3,2,145,0,2,3,145,0,1,4,123,1,13,13,137,0,2,11,148,0,0,0,0,0,0,0,2,141,0,0,1,0,1,1,0,2,0,0,0,1,1,0,1,1,150,0,0,0,0,0,150,0,0,0,0,0,0,0,0,150,0,0,0,0,150,0,0,0,0,0,0,8.04,10.348932706480669,3,1.8257418583505538,0,0,0,0
NZL,New Zealand,1,2021-02-16,2021-02-15,100,1,6462.48178228679,0,0,15,100,399972.2150943927,98,0,1,99,0,11,89,0,3,97,0,25,75,0,23,77,0,22,78,0,13,87,0,3,97,0,8,92,0,1,99,0,4,96,0,29,71,0,7,93,0,15,85,99,0,1,0,89,0,5,6,97,0,1,2,75,0,2,23,77,1,9,13,78,0,8,14,87,0,7,6,97,0,2,1,92,0,5,3,99,0,1,0,96,0,0,4,71,2,5,22,93,0,2,5,85,0,7,8,0,0,8,92,92,0,5,3,0,2,22,76,78,0,0,22,100,0,0,0,100,0,0,0,100,0,0,2,0,7,91,0,0,0,100,0,100,0,0,0,0,100,0,0,0,0,0,0,41,28,26,5,0,1,39,51,9,100,0,1,44,47,8,0,1,50,44,5,0,1,11,60,28,0,1,60,37,2,95,3,2,95,3,2,95,4,1,95,3,2,95,2,3,95,3,2,95,5,0,95,5,0,95,4,1,0,74,0,10,16,74,0,15,11,74,0,20,6,74,0,25,1,74,0,10,16,74,0,12,14,74,0,21,5,74,0,26,0,74,0,25,1,0,72,1,12,15,72,1,19,8,72,1,25,2,72,1,26,1,72,1,13,14,72,1,7,20,72,1,25,2,72,1,26,1,72,1,25,2,0,100,0,0,100,0,100,0,100,0,0,100,0,0,100,0,0,100,0,0,100,0,100,0,0,91,0,9,0,91,0,4,5,91,0,2,7,91,0,7,2,91,0,9,0,91,0,9,0,91,0,7,2,0,1,12,27,29,31,0,6,78,16,0,6,94,0,0,6,94,0,0,6,94,0,0,6,92,2,0,6,94,0,0,6,89,5,0,6,94,0,0,6,88,6,0,6,25,69,25,0,2,73,1,0,12,87,0,0,0,93,1,0,6,93,1,3,3,93,1,0,6,93,0,2,5,93,1,1,5,93,1,0,6,100,0,0,0,100,0,0,0,100,0,0,0,100,0,0,0,100,0,0,0,100,0,0,0,100,0,0,0,100,0,0,0,100,0,0,0,100,0,0,0,100,0,0,0,100,0,0,0,0,2,53,45,0,0,70,30,0,1,47,52,0,2,66,32,0,2,42,56,0,1,19,80,0,0,59,41,41,0,24,11,13,11,0,0,0,9,36,55,0,0,99,1,0,1,16,83,0,0,3,6,16,11,62,2,0,0,10,15,38,37,0,1,8,25,34,32,100,100,100,47,2,12,39,30,2,14,54,53,2,5,40,34,2,5,59,58,0,5,37,81,0,13,6,0,0,2,6,16,15,61,0,0,3,6,16,19,56,0,1,8,30,34,27,0,1,0,9,18,72,0,0,8,19,32,41,73,1,17,9,73,4,4,19,73,4,5,18,0,0,72,28,72,0,10,18,90,0,1,0,1,1,1,0,6,18,0,5,11,2,5,1,3,8,5,0,2,4,1,4,0,31,0,1,24,70,3,2,0,0,100,0,0,0,0,0,0,1,3,46,36,14,1,1,9,21,33,26,9,5.310344827586207,7.579304454853278,1.875,0.83452296039628,12.473118279569892,5.0181007100154815,3.8947368421052633,1.372012686891022
NZL,New Zealand,2,2021-02-16,2021-02-15,100,0,0,0,0,8,100,527060.1838176103,98,0,0,100,0,9,91,0,4,96,0,24,76,0,18,82,0,17,83,0,8,92,0,1,99,0,8,92,0,2,98,0,4,96,0,18,82,0,0,100,0,10,90,100,0,0,0,91,0,3,6,96,0,2,2,76,1,2,21,82,1,4,13,83,0,6,11,92,0,2,6,99,0,1,0,92,0,4,4,98,0,0,2,96,0,1,3,82,0,5,13,100,0,0,0,90,0,4,6,0,0,3,97,97,0,1,2,0,0,40,60,60,0,2,38,98,0,1,1,98,0,2,0,100,0,0,2,0,3,95,0,0,0,100,0,100,0,0,0,0,100,0,0,0,0,0,0,44,27,22,7,0,1,30,60,9,100,0,0,36,50,14,0,0,39,51,10,0,0,8,62,30,0,0,57,38,5,93,3,4,93,6,1,93,4,3,93,7,0,93,5,2,93,6,1,93,7,0,93,7,0,93,7,0,0,78,0,9,13,78,0,16,6,78,0,18,4,78,0,20,2,78,0,5,17,78,0,15,7,78,0,20,2,78,0,21,1,78,0,22,0,0,73,0,12,15,73,0,23,4,73,0,26,1,73,0,26,1,73,0,10,17,73,0,9,18,73,0,26,1,73,0,27,0,73,0,26,1,0,100,0,0,100,0,100,0,100,0,0,100,0,0,100,0,0,100,0,0,100,0,100,0,0,92,0,8,0,92,0,5,3,92,0,6,2,92,0,8,0,92,0,5,3,92,0,8,0,92,0,5,3,0,0,15,26,35,24,0,3,66,31,0,3,97,0,0,3,97,0,0,3,96,1,0,3,91,6,0,3,96,1,0,3,90,7,0,3,95,2,0,3,84,13,0,3,46,51,44,0,2,54,1,0,17,82,0,0,0,97,0,0,3,97,0,0,3,97,0,0,3,97,0,2,1,97,0,0,3,97,0,0,3,100,0,0,0,100,0,0,0,100,0,0,0,100,0,0,0,100,0,0,0,100,0,0,0,100,0,0,0,100,0,0,0,100,0,0,0,100,0,0,0,100,0,0,0,100,0,0,0,0,0,46,54,0,1,64,35,0,0,43,57,0,1,56,43,0,0,17,83,0,0,12,88,0,0,54,46,46,0,30,8,11,5,0,0,2,6,38,54,0,2,98,0,0,1,19,80,0,0,7,6,12,17,56,2,0,0,17,13,36,34,0,0,14,21,39,26,100,100,100,54,0,11,35,36,0,21,43,57,0,8,35,44,0,4,52,83,0,2,15,88,0,7,5,0,0,3,1,10,13,73,0,0,1,5,10,20,64,0,2,12,32,38,16,0,0,3,5,25,67,0,0,4,25,30,41,71,0,15,14,71,4,5,20,71,3,7,19,0,0,76,24,76,0,6,18,94,0,1,0,0,2,0,0,3,18,0,5,4,11,8,2,4,8,2,0,2,7,5,5,2,17,0,1,43,54,0,2,0,0,0,100,0,0,0,0,0,1,5,48,32,14,1,0,18,26,33,15,7,4.019230769230769,5.835961485094404,2.6666666666666665,2.0816659994661326,11.489583333333334,5.959503320291163,3.0903225806451613,1.4408681347601455
NZL,New Zealand,3,2021-02-16,2021-02-15,100,1,3461.92460604349,1,3461.92460604349,9,100,399442.3004064624,97,1,1,98,1,7,92,1,3,96,1,14,85,0,18,82,1,16,83,1,8,91,1,2,97,1,5,94,1,0,99,1,0,99,1,8,91,1,2,97,1,8,91,99,0,1,0,93,0,5,2,97,0,1,2,86,0,3,11,82,0,7,11,84,0,3,13,92,0,5,3,98,0,1,1,95,0,3,2,100,0,0,0,100,0,0,0,92,0,3,5,98,0,1,1,92,0,1,7,0,0,5,95,95,0,4,1,0,1,36,63,64,0,3,33,97,0,2,1,97,0,3,0,100,0,0,4,0,2,94,0,0,0,100,0,100,0,0,0,0,100,0,0,0,0,0,0,41,26,18,15,0,0,23,66,11,100,0,1,36,50,13,0,1,36,49,14,0,1,8,55,36,0,2,46,44,8,85,4,11,85,7,8,85,10,5,85,10,5,85,7,8,85,14,1,85,14,1,85,14,1,85,13,2,0,82,0,11,7,82,0,13,5,82,0,17,1,82,0,18,0,82,0,3,15,82,0,11,7,82,0,18,0,82,0,18,0,82,0,18,0,0,74,1,15,10,74,1,17,8,74,1,23,2,74,1,25,0,74,1,14,11,74,1,9,16,74,1,24,1,74,1,25,0,74,1,23,2,0,100,0,0,100,0,100,0,100,0,0,100,0,0,100,0,0,100,0,0,100,0,100,0,0,92,0,8,0,92,0,3,5,92,0,1,7,92,0,7,1,92,0,7,1,92,0,5,3,92,0,5,3,0,0,20,27,28,25,0,2,72,26,0,2,98,0,0,2,96,2,0,2,90,8,0,2,85,13,0,2,97,1,0,2,92,6,0,2,94,4,0,2,81,17,0,2,46,52,33,0,2,65,2,0,26,72,0,0,0,98,0,1,1,98,0,1,1,98,0,2,0,98,0,1,1,98,0,2,0,98,0,2,0,100,0,0,0,100,0,0,0,100,0,0,0,100,0,0,0,100,0,0,0,100,0,0,0,100,0,0,0,100,0,0,0,100,0,0,0,100,0,0,0,100,0,0,0,100,0,0,0,0,1,43,56,0,1,59,40,0,1,43,56,0,1,56,43,0,1,23,76,0,3,10,87,0,0,54,46,46,0,25,11,8,10,0,1,2,3,29,65,0,0,100,0,0,2,21,77,0,0,9,7,12,12,56,4,0,0,14,16,43,27,0,1,12,27,33,27,100,100,100,57,0,11,32,41,1,14,44,57,1,6,36,44,1,10,45,77,1,1,21,90,0,8,2,0,0,0,1,7,12,80,0,0,1,2,7,15,75,0,0,10,30,35,25,0,0,4,5,17,74,0,0,7,20,34,39,73,0,21,6,73,2,9,16,73,3,9,15,0,0,71,29,71,0,12,17,88,0,1,0,2,0,3,1,5,17,0,4,4,4,11,1,4,7,4,0,3,6,7,3,2,23,0,1,33,63,1,2,0,0,0,0,100,0,0,0,0,2,3,48,33,14,2,1,20,17,40,17,3,4.82051282051282,5.981866434975286,1.8000000000000003,0.8366600265340757,13.638297872340424,5.6603717037219825,3.3263157894736843,1.4978147576226826
NZL,New Zealand,4,2021-02-16,2021-02-16,115,0,0,0,0,12,115,464744.0644865436,110,0,1,114,0,6,109,0,0,115,0,17,98,0,18,97,0,12,103,0,6,109,0,2,113,0,2,113,0,2,113,0,0,115,0,14,101,0,1,114,0,10,105,114,0,1,0,109,0,1,5,115,0,0,0,98,0,4,13,97,0,5,13,103,0,3,9,109,0,4,2,113,0,1,1,113,0,0,2,113,0,0,2,115,0,0,0,101,0,4,10,114,0,1,0,105,0,5,5,0,0,7,108,108,0,5,2,0,0,35,80,80,0,4,31,111,0,3,1,111,0,4,0,115,0,0,4,1,4,106,0,1,0,114,0,115,0,0,0,0,115,0,0,0,0,0,0,46,38,19,12,0,1,32,70,12,115,0,1,40,62,12,0,1,48,58,8,0,1,16,65,33,0,0,72,38,5,103,4,8,103,8,4,103,7,5,103,12,0,103,7,5,103,9,3,103,12,0,103,11,1,103,12,0,0,96,0,11,8,96,0,16,3,96,0,17,2,96,0,19,0,96,0,7,12,96,0,13,6,96,0,19,0,96,0,19,0,96,0,18,1,0,77,2,17,19,77,2,27,9,77,2,36,0,77,2,34,2,77,2,21,15,77,2,22,14,77,2,33,3,77,2,36,0,77,2,34,2,0,115,0,0,115,0,115,0,115,0,0,115,0,0,115,0,0,115,0,0,115,0,115,0,0,108,0,7,0,108,0,5,2,108,0,2,5,108,0,5,2,108,0,7,0,108,0,6,1,108,0,4,3,0,0,29,27,41,18,0,3,82,30,0,3,110,2,0,3,111,1,0,3,99,13,0,3,83,29,0,3,112,0,0,3,107,5,0,3,107,5,0,3,94,18,0,3,62,50,35,0,0,80,2,0,18,95,0,0,0,111,1,1,2,111,1,0,3,111,1,0,3,111,1,0,3,111,0,1,3,111,1,0,3,115,0,0,0,115,0,0,0,115,0,0,0,115,0,0,0,115,0,0,0,115,0,0,0,115,0,0,0,115,0,0,0,115,0,0,0,115,0,0,0,115,0,0,0,115,0,0,0,0,0,54,61,0,0,71,44,0,3,34,78,0,0,60,55,0,3,19,93,0,3,7,105,0,0,55,60,60,0,28,12,5,10,0,0,0,1,28,86,0,0,115,0,0,0,22,93,0,0,11,9,12,11,68,4,0,0,16,23,42,34,0,0,15,37,32,31,115,115,115,61,2,10,42,44,2,26,43,81,1,4,29,55,2,8,50,96,0,2,17,108,0,4,3,0,0,1,2,6,15,91,0,0,1,1,6,22,85,0,0,17,32,36,30,0,0,6,9,23,77,0,0,12,24,34,45,79,2,29,5,79,7,6,23,79,5,10,21,0,0,82,33,82,0,12,21,103,0,1,0,3,0,0,1,7,21,0,1,7,9,12,1,2,12,3,0,6,10,6,0,1,24,0,2,34,76,1,2,0,0,0,0,0,115,0,0,0,1,2,54,38,20,1,1,16,36,40,14,7,5.222222222222222,6.983385766780808,1.7142857142857142,1.2535663410560174,11.822429906542055,5.2715202850149,2.9375,1.2540475011478374
NZL,New Zealand,5,2021-02-16,2021-02-16,127,1,1725.00333521977,1,1725.00333521977,6,127,379394.44538614876,120,2,2,123,1,14,112,1,4,122,1,14,112,1,13,113,1,12,114,1,6,120,0,0,127,1,0,126,1,0,126,1,2,124,1,15,111,1,1,125,1,10,116,125,0,1,1,113,1,8,5,123,0,1,3,113,0,5,9,114,0,5,8,115,0,4,8,121,0,3,3,127,0,0,0,127,0,0,0,127,0,0,0,125,0,1,1,112,1,4,10,126,0,1,0,117,1,3,6,0,0,4,123,123,0,3,1,0,1,43,83,84,0,3,40,124,0,2,1,124,0,3,0,127,0,0,4,1,3,119,0,0,0,127,0,127,0,0,0,0,127,0,0,0,0,0,0,70,37,18,2,0,5,29,83,10,127,0,4,52,61,10,0,4,54,62,7,0,4,18,74,31,0,0,81,42,4,125,1,1,125,0,2,125,2,0,125,1,1,125,1,1,125,2,0,125,2,0,125,2,0,125,1,1,0,109,0,9,9,109,0,12,6,109,0,16,2,109,0,17,1,109,0,6,12,109,0,11,7,109,0,17,1,109,0,18,0,109,0,18,0,0,90,0,21,16,90,0,25,12,90,0,37,0,90,0,36,1,90,0,18,19,90,0,22,15,90,0,36,1,90,0,37,0,90,0,35,2,0,127,0,0,127,0,127,0,127,0,0,127,0,0,127,0,0,127,0,0,127,0,127,0,0,125,0,2,0,125,0,0,2,125,0,1,1,125,0,1,1,125,0,2,0,125,0,2,0,125,0,2,0,0,1,26,24,47,29,0,5,98,24,0,5,118,4,0,5,110,12,0,5,114,8,0,5,88,34,0,5,120,2,0,5,115,7,0,5,116,6,0,5,101,21,0,5,66,56,40,1,1,85,4,1,11,111,0,0,0,124,1,0,2,124,1,0,2,124,1,0,2,124,0,0,3,124,1,0,2,124,1,0,2,127,0,0,0,127,0,0,0,127,0,0,0,127,0,0,0,127,0,0,0,127,0,0,0,127,0,0,0,127,0,0,0,127,0,0,0,127,0,0,0,127,0,0,0,127,0,0,0,0,3,49,75,0,3,75,49,0,5,47,75,0,3,71,53,0,4,21,102,0,5,10,112,0,0,70,57,57,0,26,21,13,10,0,0,0,2,39,86,0,0,126,1,0,6,33,88,0,0,10,7,19,14,70,7,0,0,23,25,41,38,0,0,17,37,41,32,127,127,127,78,1,16,32,52,1,23,51,80,1,3,43,56,2,9,60,106,0,5,16,117,0,9,1,0,1,2,0,2,11,111,0,0,1,2,8,16,100,0,2,23,28,41,33,0,0,6,5,22,94,0,0,13,9,35,70,105,0,18,4,105,5,5,12,105,4,7,11,0,0,78,49,78,0,19,30,108,1,0,2,3,0,0,4,9,30,0,6,3,4,8,1,3,26,7,0,2,9,4,3,5,16,0,3,36,85,0,3,0,0,0,0,0,0,127,0,0,4,4,54,26,39,4,2,19,34,36,25,7,7.75,9.844300707021114,1.5,1,12.415254237288135,5.222119737251872,2.5555555555555554,1.3547136384290202
NZL,New Zealand,6,2021-02-16,2021-02-15,100,0,0,0,0,5,100,394763.7925082425,94,0,0,100,0,8,92,0,1,99,1,9,90,0,11,89,0,7,93,0,0,100,0,1,99,0,2,98,0,1,99,0,4,96,0,5,95,0,0,100,0,5,95,100,0,0,0,92,0,4,4,99,0,0,1,91,0,1,8,89,0,1,10,93,0,0,7,100,0,0,0,99,0,0,1,98,0,0,2,99,0,0,1,96,0,1,3,95,0,1,4,100,0,0,0,95,0,1,4,0,0,3,97,97,0,2,1,0,1,29,70,71,0,1,28,99,0,1,0,99,0,1,0,100,0,0,2,4,1,93,0,1,0,99,0,100,0,0,0,0,100,0,0,0,0,0,0,60,27,10,3,0,5,27,61,7,100,0,4,42,49,5,0,5,50,40,5,0,7,18,54,21,0,3,66,29,2,97,2,1,97,2,1,97,1,2,97,2,1,97,2,1,97,1,2,97,3,0,97,2,1,97,2,1,0,90,0,4,6,90,0,9,1,90,0,10,0,90,0,10,0,90,0,3,7,90,0,7,3,90,0,10,0,90,0,10,0,90,0,10,0,0,73,1,15,11,73,1,21,5,73,1,26,0,73,1,25,1,73,1,10,16,73,1,11,15,73,1,26,0,73,1,26,0,73,1,25,1,0,100,0,0,100,0,100,0,100,0,0,100,0,0,100,0,0,100,0,0,100,0,100,0,0,98,0,2,0,98,0,0,2,98,0,1,1,98,0,1,1,98,0,1,1,98,0,1,1,98,0,2,0,0,1,13,36,29,21,0,0,82,18,0,0,87,13,0,0,87,13,0,0,81,19,0,0,48,52,0,0,97,3,0,0,90,10,0,0,79,21,0,0,87,13,0,0,72,28,44,3,1,52,5,3,6,86,0,0,0,99,0,0,1,99,0,1,0,99,0,0,1,99,0,1,0,99,0,0,1,99,0,0,1,100,0,0,0,100,0,0,0,100,0,0,0,100,0,0,0,100,0,0,0,100,0,0,0,100,0,0,0,100,0,0,0,100,0,0,0,100,0,0,0,100,0,0,0,100,0,0,0,0,5,22,73,0,4,57,39,0,4,29,67,0,2,44,54,0,5,14,81,0,6,6,88,0,3,48,49,52,0,30,4,7,7,0,1,0,3,29,67,0,0,100,0,0,3,17,80,0,0,5,8,9,8,65,5,0,0,26,16,40,18,0,1,15,22,31,31,100,100,100,78,0,5,17,43,2,13,42,71,3,4,22,56,1,10,33,86,0,3,11,94,0,5,1,0,0,3,1,3,6,87,0,0,1,0,7,8,84,0,4,12,34,30,20,0,0,1,5,13,81,0,0,5,12,17,66,83,0,13,4,83,5,5,7,83,5,6,6,0,0,39,61,39,0,18,43,82,0,1,0,0,0,1,0,16,43,0,6,2,4,8,0,1,10,3,1,3,0,2,1,4,12,0,1,41,58,0,0,0,0,0,0,0,0,0,100,0,3,7,38,30,22,3,3,20,26,27,15,6,7.038461538461538,7.758766753709093,2,0,13.352272727272727,5.071987011675401,2.134831460674157,1.188878494020492
NZL,New Zealand,7,2021-02-16,2021-02-14,100,0,0,0,0,2,100,378550.0152404931,94,0,1,99,0,7,93,0,1,99,0,12,88,1,7,92,0,17,83,0,2,98,0,2,98,0,1,99,0,1,99,0,0,100,0,3,97,1,0,99,1,3,96,99,0,1,0,93,0,1,6,99,0,1,0,88,0,1,11,93,0,0,7,83,0,4,13,98,0,0,2,98,0,0,2,99,0,0,1,99,0,0,1,100,0,0,0,97,0,1,2,100,0,0,0,97,0,1,2,0,0,2,98,98,0,2,0,0,6,11,83,89,0,1,10,99,0,0,1,99,0,1,0,100,0,0,7,0,0,93,0,4,0,96,0,100,0,0,0,0,100,0,0,0,0,0,0,69,18,10,3,0,10,32,52,6,100,0,8,41,46,5,0,9,43,45,3,0,12,14,54,20,0,3,67,28,2,97,0,3,97,2,1,97,2,1,97,3,0,97,2,1,97,2,1,97,3,0,97,3,0,97,3,0,0,90,0,5,5,90,0,8,2,90,0,9,1,90,0,9,1,90,0,2,8,90,0,9,1,90,0,10,0,90,0,10,0,90,0,10,0,0,82,0,10,8,82,0,14,4,82,0,17,1,82,0,18,0,82,0,9,9,82,0,12,6,82,0,18,0,82,0,18,0,82,0,17,1,0,100,0,0,100,0,100,0,100,0,0,100,0,0,100,0,0,100,0,0,100,0,100,0,0,97,0,3,0,97,0,1,2,97,0,3,0,97,0,1,2,97,0,3,0,97,0,3,0,97,0,3,0,0,3,13,20,43,21,0,2,91,7,0,2,94,4,0,2,86,12,0,2,84,14,0,2,50,48,0,2,92,6,0,2,93,5,0,2,76,22,0,2,92,6,0,2,71,27,40,4,0,56,4,4,3,89,0,0,0,100,0,0,0,100,0,0,0,100,0,0,0,100,0,0,0,100,0,0,0,100,0,0,0,100,0,0,0,100,0,0,0,100,0,0,0,100,0,0,0,100,0,0,0,100,0,0,0,100,0,0,0,100,0,0,0,100,0,0,0,100,0,0,0,100,0,0,0,100,0,0,0,0,3,13,84,0,1,43,56,0,2,31,67,0,2,46,52,0,3,19,78,0,5,6,89,0,1,47,52,53,0,22,10,1,14,0,1,1,3,42,53,0,1,99,0,0,4,23,73,0,0,3,6,4,11,67,9,0,0,30,23,30,17,0,6,8,20,29,37,100,100,100,87,0,1,12,57,1,9,33,69,1,4,26,54,1,7,38,81,1,1,17,94,0,3,3,0,1,3,0,0,9,87,0,0,0,0,3,16,81,0,1,6,25,44,24,0,0,0,1,5,94,0,0,0,8,16,76,92,1,2,5,92,2,2,4,92,1,2,5,0,0,16,84,16,0,2,82,98,0,0,0,0,0,0,0,2,82,0,2,0,0,2,1,1,2,1,0,1,1,0,0,2,5,0,6,37,56,1,0,0,0,0,0,0,0,0,0,100,3,7,45,24,21,3,6,24,28,31,6,2,8.266666666666667,10.251773045415737,1,0,12.094444444444445,4.711266942632743,1.627906976744186,0.8408190912354729
NZL,New Zealand,-99,2021-02-17,2021-02-17,121,1,6084.64348540349,0,0,5,102,606737.7314738003,0,1,1,119,1,11,109,2,4,115,1,17,103,1,19,101,1,16,104,1,11,109,1,3,117,2,7,112,2,2,117,1,5,115,1,21,99,2,1,118,1,9,111,120,0,1,0,110,1,5,5,117,0,1,3,104,0,3,14,102,0,7,12,105,0,3,13,110,1,2,8,118,0,2,1,114,0,3,4,119,0,0,2,116,0,2,3,100,0,7,14,120,0,0,1,112,0,4,5,17,2,5,97,116,0,2,3,21,0,27,73,94,0,1,26,120,0,1,0,120,0,1,0,121,0,0,24,2,7,88,28,4,0,88,1,121,0,0,0,0,121,0,0,0,0,33,1,40,25,16,6,42,1,28,34,16,121,42,0,32,35,12,42,2,30,34,13,42,4,12,32,31,42,1,42,28,8,116,2,3,116,5,0,116,4,1,116,5,0,116,4,1,116,4,1,116,5,0,116,4,1,116,4,1,0,106,0,7,8,106,0,10,5,106,0,13,2,106,0,11,4,106,0,7,8,106,0,8,7,106,0,15,0,106,0,14,1,106,0,15,0,0,99,1,12,9,99,1,16,5,99,1,21,0,99,1,21,0,99,1,6,15,99,1,13,8,99,1,21,0,99,1,21,0,99,1,21,0,0,121,0,0,121,0,121,0,121,0,0,121,0,0,121,0,0,121,0,0,121,0,121,0,0,118,0,3,0,118,0,1,2,118,0,0,3,118,0,1,2,118,0,3,0,118,0,2,1,118,0,3,0,45,1,15,21,21,18,50,2,57,12,50,2,66,3,50,2,68,1,50,2,61,8,50,2,51,18,50,2,68,1,50,2,63,6,50,2,64,5,50,2,56,13,50,2,41,28,121,0,0,0,121,0,0,0,0,0,0,117,0,1,3,117,0,0,4,117,0,0,4,117,0,2,2,117,0,0,4,117,0,0,4,121,0,0,0,121,0,0,0,121,0,0,0,121,0,0,0,121,0,0,0,121,0,0,0,121,0,0,0,121,0,0,0,121,0,0,0,121,0,0,0,121,0,0,0,121,0,0,0,56,4,35,26,56,3,41,21,56,5,31,29,56,6,32,27,56,6,11,48,56,6,8,51,63,1,24,33,97,0,7,8,3,6,68,0,0,4,12,37,68,1,52,0,79,1,8,33,79,0,4,5,8,5,19,1,79,0,16,4,11,11,86,1,5,12,9,8,121,121,121,87,1,9,24,83,0,10,28,91,1,3,26,91,0,4,26,111,0,1,9,114,0,6,1,92,0,0,0,0,0,29,92,0,0,0,1,2,26,97,0,4,7,6,7,97,0,2,0,6,16,97,0,2,2,10,10,118,1,1,1,118,1,0,2,118,1,1,1,100,0,10,11,110,0,7,4,119,1,0,0,0,0,0,0,1,112,0,0,0,0,0,0,1,4,1,0,0,1,0,0,1,1,121,0,0,0,0,0,121,0,0,0,0,0,0,0,0,121,0,0,0,0,121,0,0,0,0,0,0,5.774358974358974,7.616903568577552,0.75,0.5,0,0,0,0
NZL,New Zealand,1,2021-02-17,2021-02-15,100,2,11491.59975895937,0,0,15,99,481307.1737979257,96,0,2,98,0,14,86,0,4,96,0,29,71,0,26,74,0,23,77,0,18,82,0,3,97,0,11,89,0,2,98,0,3,97,0,32,68,0,6,94,0,20,80,98,0,1,1,86,1,6,7,96,0,1,3,71,0,4,25,74,0,9,17,77,0,8,15,82,1,9,8,97,0,2,1,89,0,5,6,98,0,0,2,97,0,1,2,68,1,6,25,94,0,2,4,80,1,9,10,0,1,8,91,92,0,6,2,0,1,27,72,73,0,4,23,96,0,3,1,96,1,3,0,99,0,1,5,0,9,86,0,0,1,99,0,99,0,0,1,0,100,0,0,0,0,1,0,37,32,26,4,1,0,38,50,11,100,1,0,44,48,7,1,0,42,50,7,1,0,15,56,28,1,0,57,39,3,96,2,2,96,2,2,96,3,1,96,2,2,96,1,3,96,3,1,96,4,0,96,4,0,96,3,1,0,74,0,13,13,74,0,17,9,74,0,21,5,74,0,24,2,74,0,11,15,74,0,9,17,74,0,22,4,74,0,26,0,74,0,24,2,0,68,1,20,11,68,1,21,10,68,1,29,2,68,1,31,0,68,1,13,18,68,1,9,22,68,1,27,4,68,1,30,1,68,1,30,1,0,100,0,0,100,0,100,0,100,0,0,100,0,0,100,0,0,100,0,0,100,0,100,0,0,92,0,8,0,92,0,2,6,92,0,2,6,92,0,6,2,92,0,7,1,92,0,7,1,92,0,6,2,0,0,15,23,31,31,0,3,71,26,0,3,96,1,0,3,97,0,0,3,97,0,0,3,94,3,0,3,96,1,0,3,93,4,0,3,97,0,0,3,94,3,0,3,31,66,25,0,2,73,3,0,15,82,0,0,0,91,2,0,7,91,2,2,5,91,2,1,6,91,0,4,5,91,2,2,5,91,2,2,5,100,0,0,0,100,0,0,0,100,0,0,0,100,0,0,0,100,0,0,0,100,0,0,0,100,0,0,0,100,0,0,0,100,0,0,0,100,0,0,0,100,0,0,0,100,0,0,0,0,2,54,44,0,0,75,25,0,3,53,44,0,3,70,27,0,2,40,58,0,3,13,84,0,0,55,45,45,0,24,10,11,10,0,0,0,7,30,63,0,0,99,1,0,0,17,83,0,0,5,7,12,15,58,3,0,0,14,11,43,32,0,1,8,22,44,25,100,100,100,46,2,12,40,25,2,19,54,47,2,5,46,30,2,6,62,60,0,6,34,87,0,9,4,0,0,2,5,16,15,62,0,0,3,8,13,20,56,0,0,9,30,35,26,0,0,2,10,20,68,0,0,10,17,37,36,73,0,16,11,73,2,3,22,73,2,6,19,0,0,68,32,68,0,11,21,89,0,0,1,1,2,3,0,4,21,0,5,11,2,7,0,1,10,2,0,3,4,3,2,1,28,0,2,22,72,3,1,0,0,100,0,0,0,0,0,0,3,3,53,28,13,3,1,6,16,33,27,14,4.619047619047619,6.033317632860562,1.875,0.9910312089651149,11.853260869565217,5.39104775004703,4.075268817204301,1.5268364504808838
NZL,New Zealand,2,2021-02-17,2021-02-16,100,0,0,0,0,11,100,556491.6750292632,93,0,0,100,0,19,81,0,3,97,0,33,67,0,19,81,0,19,81,0,12,88,0,5,95,0,6,94,0,2,98,0,9,91,0,24,76,0,2,98,0,14,86,100,0,0,0,81,0,7,12,97,0,2,1,67,0,7,26,81,0,9,10,81,0,6,13,88,0,7,5,95,0,3,2,94,0,3,3,98,0,1,1,91,0,4,5,76,0,7,17,98,0,2,0,86,0,4,10,0,0,7,93,93,0,6,1,0,0,43,57,57,0,5,38,95,0,5,0,95,0,5,0,100,0,0,5,0,1,94,0,0,0,100,0,100,0,0,0,0,100,0,0,0,0,0,0,44,29,18,9,0,0,31,60,9,100,0,1,44,45,10,0,0,46,44,10,0,1,12,57,30,0,0,58,38,4,91,2,7,91,5,4,91,5,4,91,8,1,91,4,5,91,8,1,91,9,0,91,8,1,91,7,2,0,82,0,6,12,82,0,11,7,82,0,15,3,82,0,17,1,82,0,8,10,82,0,11,7,82,0,18,0,82,0,18,0,82,0,18,0,0,71,0,13,16,71,0,25,4,71,0,26,3,71,0,28,1,71,0,14,15,71,0,12,17,71,0,29,0,71,0,29,0,71,0,24,5,0,100,0,0,100,0,100,0,100,0,0,100,0,0,100,0,0,100,0,0,100,0,100,0,0,90,0,10,0,90,0,8,2,90,0,3,7,90,0,6,4,90,0,9,1,90,0,10,0,90,0,7,3,0,0,23,22,30,25,0,2,73,25,0,2,96,2,0,2,97,1,0,2,98,0,0,2,92,6,0,2,98,0,0,2,86,12,0,2,96,2,0,2,85,13,0,2,43,55,36,0,3,61,5,0,10,85,0,0,0,99,0,0,1,99,0,1,0,99,0,0,1,99,0,0,1,99,0,1,0,99,0,0,1,100,0,0,0,100,0,0,0,100,0,0,0,100,0,0,0,100,0,0,0,100,0,0,0,100,0,0,0,100,0,0,0,100,0,0,0,100,0,0,0,100,0,0,0,100,0,0,0,0,0,50,50,0,1,63,36,0,0,44,56,0,0,67,33,0,0,26,74,0,1,14,85,0,0,61,39,39,0,31,10,9,11,0,0,1,8,32,59,0,1,99,0,0,1,18,81,0,0,8,2,13,20,50,7,0,0,12,20,45,23,0,0,5,34,37,24,100,100,100,50,0,8,42,37,0,12,51,56,0,6,38,33,0,5,62,74,0,1,25,86,0,10,4,0,0,0,3,9,25,63,0,0,2,4,18,21,55,0,1,14,28,33,24,0,0,4,5,19,72,0,0,10,21,32,37,69,1,21,9,69,2,5,24,69,0,8,23,0,0,74,26,74,0,11,15,89,0,1,0,1,0,0,0,9,15,1,2,6,4,9,4,5,8,3,0,3,13,6,5,1,15,0,0,33,65,0,2,0,0,0,100,0,0,0,0,0,4,1,62,19,14,4,0,21,25,34,15,1,5.0508474576271185,7.120692839240602,1.5714285714285716,0.5345224838248488,12.141176470588235,6.112346874460373,3.0106382978723403,1.4553917615517722
NZL,New Zealand,3,2021-02-17,2021-02-16,100,0,0,0,0,3,100,531850.1011395359,99,0,1,99,0,9,91,0,1,99,0,17,83,0,13,87,0,17,83,0,7,93,0,2,98,0,3,97,0,0,100,0,4,96,0,16,84,0,2,98,0,14,86,99,0,1,0,91,0,6,3,99,0,0,1,83,1,4,12,87,1,6,6,83,1,5,11,93,0,4,3,98,1,1,0,97,1,1,1,100,0,0,0,96,0,2,2,84,1,3,12,98,0,1,1,86,1,4,9,0,0,2,98,98,0,2,0,0,2,39,59,61,0,4,35,96,0,3,1,96,0,4,0,100,0,0,6,0,3,91,0,0,0,100,0,100,0,0,0,0,100,0,0,0,0,0,0,49,32,12,7,0,1,27,61,11,100,0,2,38,51,9,0,2,42,48,8,0,2,13,61,24,0,2,53,39,6,93,1,6,93,2,5,93,2,5,93,4,3,93,3,4,93,6,1,93,6,1,93,6,1,93,6,1,0,88,0,9,3,88,0,9,3,88,0,12,0,88,0,12,0,88,0,3,9,88,0,9,3,88,0,11,1,88,0,12,0,88,0,11,1,0,68,1,19,12,68,1,22,9,68,1,30,1,68,1,30,1,68,1,19,12,68,1,12,19,68,1,31,0,68,1,31,0,68,1,28,3,0,100,0,0,100,0,100,0,100,0,0,100,0,0,100,0,0,100,0,0,100,0,100,0,0,94,0,6,0,94,0,1,5,94,0,2,4,94,0,5,1,94,0,5,1,94,0,4,2,94,0,3,3,0,0,13,32,32,23,0,3,77,20,0,3,96,1,0,3,96,1,0,3,89,8,0,3,87,10,0,3,95,2,0,3,90,7,0,3,92,5,0,3,79,18,0,3,40,57,38,0,0,62,1,0,24,75,0,0,0,97,0,0,3,97,0,1,2,97,0,1,2,97,0,1,2,97,0,1,2,97,0,1,2,100,0,0,0,100,0,0,0,100,0,0,0,100,0,0,0,100,0,0,0,100,0,0,0,100,0,0,0,100,0,0,0,100,0,0,0,100,0,0,0,100,0,0,0,100,0,0,0,0,0,54,46,0,1,67,32,0,1,49,50,0,1,57,42,0,1,29,70,0,2,11,87,0,0,59,41,41,0,22,10,9,18,0,0,0,8,24,68,0,1,99,0,0,1,18,81,0,0,7,10,12,13,57,1,0,0,14,11,36,39,0,0,9,22,36,33,100,100,100,46,0,14,40,33,1,19,47,51,1,9,39,43,1,8,48,71,1,3,25,89,0,8,3,0,0,0,1,8,12,79,0,0,1,3,9,11,76,0,0,6,41,24,29,0,0,3,5,18,74,0,0,7,13,34,46,80,0,16,4,80,1,5,14,80,1,11,8,0,0,73,27,73,0,10,17,90,0,1,0,1,0,0,2,6,17,0,6,4,3,6,1,3,12,3,0,3,7,9,3,3,20,0,2,38,58,2,0,0,0,0,0,100,0,0,0,0,1,2,50,32,15,1,1,19,16,36,25,2,4.111111111111111,4.946174932677418,1.5,0.7071067811865476,13.213483146067418,5.6134414782579105,3.3298969072164954,1.5459735975304263
NZL,New Zealand,4,2021-02-17,2021-02-17,106,0,0,0,0,9,106,490975.1243047485,104,0,0,106,0,8,98,0,3,103,0,21,85,0,12,94,0,10,96,0,4,102,0,1,105,0,4,102,0,1,105,0,3,103,0,10,96,0,1,105,0,9,97,106,0,0,0,98,0,4,4,103,0,2,1,85,0,2,19,94,0,1,11,96,0,1,9,102,0,2,2,105,0,1,0,102,0,2,2,105,0,1,0,103,0,1,2,96,0,4,6,105,0,0,1,97,0,2,7,0,0,4,102,102,0,3,1,0,1,40,65,66,1,6,33,100,0,5,1,100,0,6,0,106,0,0,8,2,4,92,0,0,0,106,0,106,0,0,0,0,106,0,0,0,0,0,0,57,35,11,3,0,0,34,64,8,106,0,0,49,50,7,0,0,47,52,7,0,1,13,63,29,0,0,69,33,4,103,3,0,103,3,0,103,2,1,103,3,0,103,2,1,103,3,0,103,3,0,103,3,0,103,2,1,0,95,0,4,7,95,0,9,2,95,0,10,1,95,0,11,0,95,0,4,7,95,0,4,7,95,0,11,0,95,0,11,0,95,0,11,0,0,71,0,11,24,71,0,25,10,71,0,34,1,71,0,34,1,71,0,21,14,71,0,15,20,71,0,31,4,71,0,35,0,71,0,32,3,0,106,0,0,106,0,106,0,106,0,0,106,0,0,106,0,0,106,0,0,106,0,106,0,0,103,0,3,0,103,0,1,2,103,0,2,1,103,0,2,1,103,0,2,1,103,0,3,0,103,0,2,1,0,0,13,29,34,30,0,4,81,21,0,4,97,5,0,4,99,3,0,4,94,8,0,4,78,24,0,4,101,1,0,4,93,9,0,4,95,7,0,4,83,19,0,4,57,45,42,0,0,64,2,0,8,96,0,0,0,102,2,0,2,102,2,0,2,102,2,0,2,102,2,1,1,102,0,2,2,102,2,0,2,106,0,0,0,106,0,0,0,106,0,0,0,106,0,0,0,106,0,0,0,106,0,0,0,106,0,0,0,106,0,0,0,106,0,0,0,106,0,0,0,106,0,0,0,106,0,0,0,0,0,56,50,0,2,65,39,0,1,46,59,0,1,74,31,0,2,29,75,0,2,9,95,0,1,70,35,36,0,30,13,8,19,0,1,1,4,29,71,0,1,105,0,0,2,30,74,0,0,5,10,7,17,64,3,0,0,17,15,37,37,0,1,6,29,29,41,106,106,106,50,1,15,40,41,0,19,46,60,0,4,42,32,2,9,63,77,0,3,26,97,0,9,0,0,0,2,0,4,13,87,0,0,0,2,6,13,85,0,0,11,28,41,26,0,0,0,4,21,81,0,0,4,19,28,55,83,0,18,5,83,6,4,13,83,4,7,12,0,0,74,32,74,0,11,21,95,0,1,0,2,0,1,2,5,21,0,6,4,8,11,1,2,14,5,0,4,8,2,1,7,12,0,1,40,65,0,0,0,0,0,0,0,106,0,0,0,2,1,47,32,24,2,1,13,22,43,21,4,5.055555555555555,6.108282173501083,2.25,1.2583057392117916,12.948979591836734,4.604731875914574,2.9,1.2909944487358056
NZL,New Zealand,5,2021-02-17,2021-02-17,124,0,0,0,0,7,123,463382.3732818173,119,0,0,124,0,7,117,0,0,124,0,13,111,0,15,109,0,8,116,0,4,120,0,0,124,0,3,121,0,0,124,0,3,121,0,13,111,0,1,123,0,2,122,124,0,0,0,117,0,4,3,124,0,0,0,111,0,5,8,109,0,4,11,116,0,2,6,120,0,2,2,124,0,0,0,121,0,3,0,124,0,0,0,121,0,0,3,111,1,3,9,123,0,0,1,122,0,1,1,0,1,4,119,120,0,3,1,0,2,32,90,92,0,4,28,120,0,4,0,120,0,4,0,124,0,0,6,0,2,116,0,0,0,124,0,124,0,0,0,0,124,0,0,0,0,0,0,63,32,23,6,0,7,34,69,14,124,0,6,54,50,14,0,5,54,54,11,0,6,22,61,35,0,0,74,42,8,118,2,4,118,3,3,118,4,2,118,5,1,118,2,4,118,6,0,118,6,0,118,6,0,118,3,3,0,101,0,11,12,101,0,17,6,101,0,23,0,101,0,22,1,101,0,9,14,101,0,16,7,101,0,23,0,101,0,23,0,101,0,22,1,0,92,0,16,16,92,0,27,5,92,0,32,0,92,0,32,0,92,0,16,16,92,0,21,11,92,0,32,0,92,0,32,0,92,0,29,3,0,124,0,0,124,0,124,0,124,0,0,124,0,0,124,0,0,124,0,0,124,0,124,0,0,122,0,2,0,122,0,2,0,122,0,1,1,122,0,2,0,122,0,1,1,122,0,0,2,122,0,0,2,0,0,22,33,46,23,0,3,100,21,0,3,114,7,0,3,112,9,0,3,112,9,0,3,74,47,0,3,119,2,0,3,108,13,0,3,108,13,0,3,98,23,0,3,83,38,41,0,2,81,3,0,14,107,0,0,0,122,1,0,1,122,1,0,1,122,1,0,1,122,1,0,1,122,1,0,1,122,1,0,1,124,0,0,0,124,0,0,0,124,0,0,0,124,0,0,0,124,0,0,0,124,0,0,0,124,0,0,0,124,0,0,0,124,0,0,0,124,0,0,0,124,0,0,0,124,0,0,0,0,0,61,63,0,3,84,37,0,3,55,66,0,0,74,50,0,3,25,96,0,3,6,115,0,0,72,52,52,0,38,7,12,15,0,2,0,8,32,82,0,2,122,0,0,3,25,96,0,0,9,7,13,12,75,8,0,0,25,22,40,37,0,1,13,23,44,43,124,124,124,63,2,17,42,40,1,22,61,69,1,9,45,50,1,12,61,99,1,3,21,118,1,4,1,0,0,0,3,2,16,103,0,0,1,0,9,14,100,0,1,17,27,41,38,0,0,0,6,14,104,0,0,5,20,31,68,99,1,20,4,99,6,3,16,99,5,6,14,0,0,87,37,87,0,16,21,108,1,0,1,1,1,0,1,11,21,0,5,3,4,15,1,2,22,8,0,2,5,4,7,6,19,0,2,41,81,0,0,0,0,0,0,0,0,124,0,0,3,2,55,35,29,3,0,26,32,26,30,7,5.916666666666667,7.256031973468694,1.75,1.5,13.236842105263158,5.275259724477017,2.6134453781512605,1.4088656556075498
NZL,New Zealand,6,2021-02-17,2021-02-16,100,0,0,0,0,11,100,494402.07218353933,94,0,0,100,0,2,98,0,2,98,0,12,88,0,8,92,0,8,92,0,1,99,0,3,97,0,1,99,0,0,100,0,2,98,0,5,95,0,1,99,0,3,97,100,0,0,0,98,0,0,2,98,0,0,2,88,0,3,9,92,0,1,7,92,1,1,6,99,0,0,1,97,0,2,1,99,0,0,1,100,0,0,0,98,0,0,2,95,0,2,3,99,0,1,0,97,0,1,2,0,0,4,96,96,0,3,1,0,1,21,78,79,0,2,19,98,0,2,0,98,0,2,0,100,0,0,3,4,1,92,0,0,0,100,0,100,0,0,0,0,100,0,0,0,0,0,0,64,22,9,5,0,5,29,62,4,100,0,5,34,54,7,0,3,47,45,5,0,6,16,57,21,0,2,63,32,3,95,3,2,95,4,1,95,4,1,95,3,2,95,3,2,95,4,1,95,5,0,95,5,0,95,4,1,0,91,0,4,5,91,0,8,1,91,0,8,1,91,0,8,1,91,0,4,5,91,0,5,4,91,0,8,1,91,0,9,0,91,0,9,0,0,78,1,9,12,78,1,18,3,78,1,21,0,78,1,20,1,78,1,9,12,78,1,8,13,78,1,21,0,78,1,21,0,78,1,19,2,0,100,0,0,100,0,100,0,100,0,0,100,0,0,100,0,0,100,0,0,100,0,100,0,0,98,0,2,0,98,0,1,1,98,0,0,2,98,0,1,1,98,0,1,1,98,0,1,1,98,0,2,0,0,0,13,21,44,22,0,1,83,16,0,1,93,6,0,1,90,9,0,1,85,14,0,1,55,44,0,1,96,3,0,1,96,3,0,1,84,15,0,1,83,16,0,1,67,32,32,1,1,66,1,1,7,91,0,0,0,99,0,0,1,99,0,1,0,99,0,0,1,99,0,1,0,99,0,0,1,99,0,0,1,100,0,0,0,100,0,0,0,100,0,0,0,100,0,0,0,100,0,0,0,100,0,0,0,100,0,0,0,100,0,0,0,100,0,0,0,100,0,0,0,100,0,0,0,100,0,0,0,0,3,26,71,0,3,70,27,0,6,38,56,0,1,50,49,0,4,12,84,0,4,9,87,0,0,49,51,51,0,30,6,8,5,0,0,1,3,32,64,0,0,100,0,0,3,22,75,0,0,8,5,18,10,56,3,0,0,27,20,34,19,0,1,9,29,28,33,100,100,100,74,0,6,20,30,1,22,47,62,1,4,33,50,1,9,40,88,0,5,7,91,0,4,5,0,0,2,0,3,10,85,0,0,1,0,4,11,84,0,2,15,29,37,17,0,0,0,6,6,88,0,0,2,11,17,70,87,3,8,2,87,6,4,3,87,4,6,3,0,0,31,69,31,0,18,51,82,0,3,0,2,0,0,0,13,51,0,2,3,1,6,0,0,10,3,1,2,2,2,0,9,8,0,1,32,67,0,0,0,0,0,0,0,0,0,100,0,0,6,37,34,23,0,5,21,21,37,13,3,3.3333333333333335,3.6239941133138354,2.75,1.2583057392117916,12.7032967032967,5.143484563545754,2.130434782608696,1.159929813188767
NZL,New Zealand,7,2021-02-17,2021-02-14,100,0,0,0,0,3,100,403728.6963118675,94,0,0,100,0,7,93,0,2,98,0,11,89,1,8,91,0,17,83,0,2,98,0,3,97,0,1,99,0,1,99,0,0,100,0,2,98,1,0,99,1,4,95,100,0,0,0,93,0,1,6,98,0,1,1,89,0,1,10,92,0,0,8,83,0,3,14,98,0,1,1,97,0,0,3,99,0,0,1,99,0,0,1,100,0,0,0,98,0,1,1,100,0,0,0,96,0,2,2,0,0,3,97,97,0,2,1,0,5,13,82,87,0,1,12,99,0,0,1,99,0,1,0,100,0,0,6,0,0,94,0,4,0,96,0,100,0,0,0,0,100,0,0,0,0,0,0,68,19,11,2,0,12,37,46,5,100,0,10,44,42,4,0,10,47,41,2,0,14,15,51,20,0,4,68,26,2,98,0,2,98,2,0,98,1,1,98,2,0,98,2,0,98,2,0,98,2,0,98,2,0,98,2,0,0,89,0,6,5,89,0,8,3,89,0,10,1,89,0,9,2,89,0,2,9,89,0,10,1,89,0,11,0,89,0,11,0,89,0,11,0,0,81,0,13,6,81,0,16,3,81,0,18,1,81,0,19,0,81,0,7,12,81,0,14,5,81,0,19,0,81,0,19,0,81,0,18,1,0,100,0,0,100,0,100,0,100,0,0,100,0,0,100,0,0,100,0,0,100,0,100,0,0,97,0,3,0,97,0,1,2,97,0,3,0,97,0,1,2,97,0,3,0,97,0,3,0,97,0,3,0,0,2,12,22,39,25,0,1,92,7,0,1,95,4,0,1,87,12,0,1,84,15,0,1,51,48,0,1,92,7,0,1,95,4,0,1,77,22,0,1,90,9,0,1,72,27,39,4,0,57,4,4,3,89,0,0,0,100,0,0,0,100,0,0,0,100,0,0,0,100,0,0,0,100,0,0,0,100,0,0,0,100,0,0,0,100,0,0,0,100,0,0,0,100,0,0,0,100,0,0,0,100,0,0,0,100,0,0,0,100,0,0,0,100,0,0,0,100,0,0,0,100,0,0,0,100,0,0,0,0,3,15,82,0,1,50,49,0,2,35,63,0,3,43,54,0,3,14,83,0,6,8,86,0,0,48,52,52,0,25,10,2,11,0,1,1,2,39,57,0,1,99,0,0,5,17,78,0,0,3,6,4,12,67,8,0,0,31,24,27,18,0,6,7,23,25,39,100,100,100,85,0,2,13,50,1,13,36,65,1,5,29,57,1,8,34,86,1,2,11,92,0,5,3,0,2,2,0,1,8,87,0,0,0,0,4,15,81,0,1,7,22,49,21,0,0,0,0,6,94,0,0,0,8,15,77,92,1,2,5,92,2,2,4,92,1,2,5,0,0,17,83,17,0,3,80,97,0,0,1,0,0,0,1,1,80,0,1,1,0,2,1,1,3,1,0,1,1,0,0,2,6,0,7,36,56,1,0,0,0,0,0,0,0,0,0,100,3,8,46,29,14,3,6,21,29,33,6,2,8.137931034482758,10.013291659200622,1,0,11.71195652173913,3.907750607609918,1.6395348837209303,0.8389459871511663
NZL,New Zealand,-99,2021-02-18,2021-02-18,108,1,6771.82084743886,0,0,5,88,624308.1706420192,0,2,1,105,1,16,91,2,5,101,1,19,88,0,19,89,1,19,88,2,7,99,2,3,103,2,4,102,2,1,105,2,5,101,1,12,95,2,2,104,1,20,87,107,0,0,1,92,0,7,9,103,0,3,2,89,0,6,13,89,1,7,11,89,0,3,16,101,1,5,1,105,0,1,2,104,0,1,3,107,0,0,1,103,0,4,1,96,1,8,3,106,0,0,2,88,0,8,12,19,1,3,85,105,0,3,0,26,4,27,51,81,2,3,22,105,0,3,0,105,0,3,0,108,0,0,37,2,9,60,32,3,1,72,0,107,1,0,0,0,107,0,0,0,1,34,3,30,24,8,9,41,5,21,32,9,108,41,6,27,22,12,41,4,29,21,13,41,5,15,27,20,41,3,39,19,6,100,3,5,100,5,3,100,5,3,100,6,2,100,3,5,100,4,4,100,7,1,100,8,0,100,7,1,0,101,0,5,2,101,0,4,3,101,0,6,1,101,0,5,2,101,0,2,5,101,0,6,1,101,0,6,1,101,0,5,2,101,0,6,1,0,84,0,13,11,84,0,17,7,84,0,21,3,84,0,23,1,84,0,15,9,84,0,13,11,84,0,22,2,84,0,23,1,84,0,20,4,0,107,1,0,107,1,107,1,107,1,0,107,0,1,107,1,0,107,1,0,107,1,107,1,0,101,0,6,1,101,0,4,3,101,0,2,5,101,0,2,5,101,0,5,2,101,0,5,2,101,0,4,3,44,2,21,10,20,11,47,0,47,14,47,0,58,3,47,0,58,3,47,0,56,5,47,0,43,18,47,0,60,1,47,0,59,2,47,0,55,6,47,0,48,13,47,0,38,23,108,0,0,0,108,0,0,0,0,0,0,100,3,2,3,100,1,4,3,100,3,1,4,100,3,4,1,100,1,4,3,100,3,1,4,108,0,0,0,108,0,0,0,108,0,0,0,108,0,0,0,108,0,0,0,108,0,0,0,108,0,0,0,108,0,0,0,108,0,0,0,108,0,0,0,108,0,0,0,108,0,0,0,48,0,30,30,48,1,43,16,48,0,32,28,48,1,41,18,48,0,19,41,48,0,11,49,53,0,34,21,74,0,13,9,3,9,61,1,2,4,12,28,61,2,44,1,72,1,8,27,72,0,4,3,5,2,18,4,72,1,10,7,11,7,74,2,4,9,12,7,108,108,108,81,0,10,17,69,0,12,27,78,1,5,24,71,0,6,31,90,0,6,12,97,0,8,3,82,0,0,0,1,4,21,82,0,0,1,0,4,21,87,0,6,3,4,8,87,0,1,0,8,12,87,0,3,4,3,11,102,1,3,2,102,1,1,4,102,1,1,4,89,0,10,9,99,0,4,5,106,0,0,0,0,0,0,0,2,100,0,1,0,0,1,0,0,2,0,0,0,0,1,0,0,3,108,0,0,0,0,0,108,0,0,0,0,0,0,0,0,108,0,0,0,0,108,0,0,0,0,0,0,4.973684210526316,7.2689150910080444,2,0,0,0,0,0
NZL,New Zealand,1,2021-02-18,2021-02-16,100,1,5029.11797667258,0,0,18,99,558918.1294049408,95,0,1,99,0,17,83,0,2,98,0,25,75,0,25,75,0,22,78,0,16,84,0,2,98,0,9,91,0,3,97,0,2,98,0,28,72,0,3,97,0,19,81,99,0,0,1,83,1,5,11,98,0,1,1,75,0,3,22,75,0,5,20,78,0,4,18,84,1,7,8,98,0,1,1,91,0,2,7,97,0,0,3,98,0,1,1,72,0,6,22,97,0,1,2,81,1,5,13,0,1,9,90,91,0,6,3,0,0,31,69,69,0,6,25,94,0,5,1,94,1,5,0,99,0,1,6,0,6,88,0,0,1,99,0,99,0,0,1,0,100,0,0,0,0,1,0,38,33,25,3,1,0,38,50,11,100,1,0,44,44,11,1,0,43,46,10,1,0,16,51,32,1,0,63,30,6,97,1,2,97,2,1,97,2,1,97,2,1,97,1,2,97,2,1,97,3,0,97,2,1,97,3,0,0,75,0,12,13,75,0,17,8,75,0,21,4,75,0,22,3,75,0,7,18,75,0,9,16,75,0,23,2,75,0,25,0,75,0,23,2,0,67,1,17,15,67,1,23,9,67,1,30,2,67,1,32,0,67,1,12,20,67,1,13,19,67,1,26,6,67,1,31,1,67,1,31,1,0,100,0,0,100,0,100,0,100,0,0,100,0,0,100,0,0,100,0,0,100,0,100,0,0,93,0,7,0,93,0,3,4,93,0,2,5,93,0,5,2,93,0,6,1,93,0,6,1,93,0,6,1,0,0,13,28,36,23,0,3,75,22,0,3,96,1,0,3,97,0,0,3,96,1,0,3,94,3,0,3,96,1,0,3,90,7,0,3,95,2,0,3,94,3,0,3,32,65,24,0,2,74,4,0,13,83,0,0,0,94,1,0,5,94,1,1,4,94,1,1,4,94,0,3,3,94,1,2,3,94,1,2,3,100,0,0,0,100,0,0,0,100,0,0,0,100,0,0,0,100,0,0,0,100,0,0,0,100,0,0,0,100,0,0,0,100,0,0,0,100,0,0,0,100,0,0,0,100,0,0,0,0,1,53,46,0,0,80,20,0,3,57,40,0,3,71,26,0,2,44,54,0,4,15,81,0,0,62,38,38,0,32,11,10,9,0,0,0,7,38,55,0,0,99,1,0,0,17,83,0,0,6,7,10,20,54,3,0,0,16,10,41,33,0,0,6,19,47,28,100,100,100,47,0,9,44,20,0,16,64,43,0,4,53,29,0,7,64,56,0,6,38,85,0,7,8,0,0,3,4,15,12,66,0,0,3,8,16,16,57,0,0,12,22,38,28,0,0,4,8,20,68,0,0,10,18,35,37,72,0,17,11,72,1,0,27,72,1,7,20,0,0,65,35,65,0,14,21,86,0,1,1,1,2,3,0,6,21,0,6,11,2,7,1,1,6,0,0,4,6,3,3,2,27,0,1,20,76,3,0,0,0,100,0,0,0,0,0,0,4,3,51,27,15,4,0,9,13,39,22,13,4.80327868852459,5.824716508498211,2,0.8660254037844386,12.105555555555556,5.087158565659203,3.75,1.6078447795620183
NZL,New Zealand,2,2021-02-18,2021-02-17,100,0,0,0,0,13,100,638548.3061373525,96,0,1,99,0,18,82,0,3,97,0,23,77,0,23,77,0,14,86,0,12,88,0,2,98,0,6,94,0,2,98,0,5,95,0,19,81,0,3,97,0,15,85,99,1,0,0,82,1,4,13,97,0,2,1,77,2,5,16,77,3,5,15,86,2,3,9,88,2,5,5,98,0,1,1,94,2,3,1,98,1,0,1,95,1,2,2,81,0,5,14,97,1,2,0,85,2,3,10,0,0,7,93,93,0,6,1,0,0,38,62,62,0,4,34,96,0,4,0,96,0,4,0,100,0,0,4,0,3,93,0,0,1,99,0,99,0,0,1,0,100,0,0,0,0,1,0,44,31,14,10,1,0,35,54,10,100,1,1,40,46,12,1,1,46,36,16,1,0,10,53,36,1,1,53,38,7,90,1,9,90,5,5,90,7,3,90,7,3,90,6,4,90,10,0,90,9,1,90,10,0,90,10,0,0,86,0,7,7,86,0,9,5,86,0,12,2,86,0,13,1,86,0,6,8,86,0,9,5,86,0,13,1,86,0,14,0,86,0,13,1,0,69,0,14,17,69,0,24,7,69,0,30,1,69,0,30,1,69,0,12,19,69,0,14,17,69,0,30,1,69,0,31,0,69,0,29,2,0,100,0,0,100,0,100,0,100,0,0,100,0,0,100,0,0,100,0,0,100,0,100,0,0,94,0,6,0,94,0,5,1,94,0,3,3,94,0,4,2,94,0,6,0,94,0,5,1,94,0,5,1,0,0,21,24,29,26,0,0,71,29,0,0,98,2,0,0,100,0,0,0,99,1,0,0,94,6,0,0,100,0,0,0,90,10,0,0,99,1,0,0,85,15,0,0,46,54,32,0,4,64,3,0,17,80,0,0,0,97,1,0,2,97,1,1,1,97,1,0,2,97,1,0,2,97,1,1,1,97,1,0,2,100,0,0,0,100,0,0,0,100,0,0,0,100,0,0,0,100,0,0,0,100,0,0,0,100,0,0,0,100,0,0,0,100,0,0,0,100,0,0,0,100,0,0,0,100,0,0,0,0,1,52,47,0,0,69,31,0,1,50,49,0,1,72,27,0,1,28,71,0,3,16,81,0,0,70,30,30,0,37,12,8,13,0,0,0,7,31,62,0,0,100,0,0,0,19,81,0,0,7,8,16,14,50,5,0,0,9,15,39,37,0,0,8,29,35,28,100,100,100,48,0,10,42,31,0,14,55,50,0,9,41,28,0,8,64,72,0,2,26,84,0,11,5,0,1,2,1,9,16,71,0,1,2,7,13,18,59,0,1,19,29,25,26,0,2,5,6,21,66,0,1,9,21,27,42,70,1,18,11,70,2,4,24,70,0,10,20,0,2,67,31,69,1,12,18,88,0,0,0,1,1,0,2,8,21,0,1,5,3,10,2,2,10,1,0,5,7,5,3,2,23,0,1,31,66,0,2,0,0,0,100,0,0,0,0,0,3,2,61,23,11,3,1,18,26,34,11,7,5.381818181818182,7.3597778476208076,1.8571428571428572,1.0690449676496976,12.104395604395604,6.6141752167079595,3.229166666666666,1.3256908162731147
NZL,New Zealand,3,2021-02-18,2021-02-17,100,0,0,0,0,4,100,592991.0607148284,100,0,1,99,0,12,88,0,2,98,0,23,77,0,19,81,0,22,78,0,8,92,0,5,95,0,4,96,0,0,100,0,4,96,0,22,78,0,1,99,0,13,87,99,0,1,0,88,0,5,7,98,0,1,1,77,1,7,15,81,1,8,10,78,1,4,17,92,0,6,2,95,1,2,2,96,1,1,2,100,0,0,0,96,0,3,1,78,1,5,16,99,0,1,0,87,1,6,6,0,0,3,97,97,0,2,1,0,2,36,62,64,0,5,31,95,0,4,1,95,0,5,0,100,0,0,7,0,2,91,0,0,0,100,0,100,0,0,0,0,100,0,0,0,0,0,0,46,29,18,7,0,2,27,63,8,100,0,2,35,51,12,0,2,38,53,7,0,1,13,60,26,0,1,58,39,2,93,1,6,93,4,3,93,5,2,93,7,0,93,1,6,93,5,2,93,6,1,93,7,0,93,7,0,0,82,0,7,11,82,0,9,9,82,0,15,3,82,0,17,1,82,0,4,14,82,0,11,7,82,0,17,1,82,0,18,0,82,0,16,2,0,71,0,16,13,71,0,22,7,71,0,29,0,71,0,28,1,71,0,16,13,71,0,9,20,71,0,29,0,71,0,29,0,71,0,26,3,0,100,0,0,100,0,100,0,100,0,0,100,0,0,100,0,0,100,0,0,100,0,100,0,0,95,0,5,0,95,0,1,4,95,0,1,4,95,0,3,2,95,0,4,1,95,0,3,2,95,0,5,0,0,0,17,35,34,14,0,5,78,17,0,5,92,3,0,5,91,4,0,5,89,6,0,5,80,15,0,5,90,5,0,5,87,8,0,5,92,3,0,5,76,19,0,5,44,51,36,0,2,62,0,0,18,82,0,0,0,98,0,1,1,98,0,0,2,98,0,0,2,98,0,0,2,98,0,0,2,98,0,0,2,100,0,0,0,100,0,0,0,100,0,0,0,100,0,0,0,100,0,0,0,100,0,0,0,100,0,0,0,100,0,0,0,100,0,0,0,100,0,0,0,100,0,0,0,100,0,0,0,0,1,54,45,0,1,72,27,0,1,47,52,0,1,65,34,0,2,34,64,0,5,6,89,0,0,74,26,26,0,29,16,9,20,0,0,0,9,29,62,0,0,100,0,0,0,17,83,0,0,10,8,9,13,58,2,0,1,8,22,35,34,0,0,7,22,40,31,100,100,100,46,0,13,41,28,1,15,56,53,1,4,42,35,0,2,63,66,2,0,32,94,0,5,1,0,0,1,2,7,16,74,0,0,0,4,12,17,67,0,0,15,29,38,18,0,0,4,10,21,65,0,0,11,18,34,37,71,2,20,7,71,6,4,19,71,5,10,14,0,0,71,29,71,0,14,15,86,0,1,0,1,1,0,4,7,15,0,3,7,10,7,1,4,12,6,0,1,8,3,2,2,19,0,2,36,62,0,0,0,0,0,0,100,0,0,0,0,0,1,46,36,17,0,0,11,19,40,23,7,4.204081632653061,5.204083299986394,1.5,0.7071067811865476,13.03370786516854,5.2254826619223484,3.4343434343434343,1.4368447302365321
NZL,New Zealand,4,2021-02-18,2021-02-17,100,0,0,0,0,11,100,548464.7436396235,98,1,2,97,0,6,94,1,0,99,1,14,85,1,10,89,1,11,88,0,5,95,1,2,97,1,3,96,1,1,98,1,2,97,1,6,93,1,1,98,1,8,91,98,0,0,2,94,0,1,5,100,0,0,0,86,0,4,10,90,0,4,6,89,0,2,9,95,0,4,1,98,0,1,1,97,0,2,1,99,0,1,0,98,0,0,2,94,0,4,2,99,0,0,1,92,0,1,7,0,0,6,94,94,0,5,1,0,0,36,64,64,0,4,32,96,0,4,0,96,0,4,0,100,0,0,4,0,1,95,0,0,0,100,0,100,0,0,0,0,100,0,0,0,0,0,0,47,28,17,8,0,0,33,58,9,100,0,0,43,48,9,0,1,40,51,8,0,1,13,61,25,0,0,59,36,5,92,3,5,92,4,4,92,8,0,92,7,1,92,5,3,92,7,1,92,7,1,92,7,1,92,8,0,0,83,0,7,10,83,0,12,5,83,0,16,1,83,0,17,0,83,0,3,14,83,0,8,9,83,0,17,0,83,0,17,0,83,0,17,0,0,72,0,13,15,72,0,22,6,72,0,28,0,72,0,28,0,72,0,13,15,72,0,14,14,72,0,28,0,72,0,28,0,72,0,25,3,0,100,0,0,100,0,100,0,100,0,0,100,0,0,100,0,0,100,0,0,100,0,100,0,0,99,0,1,0,99,0,0,1,99,0,0,1,99,0,1,0,99,0,1,0,99,0,1,0,99,0,0,1,0,2,21,25,31,21,0,3,79,18,0,3,93,4,0,3,94,3,0,3,89,8,0,3,75,22,0,3,94,3,0,3,89,8,0,3,88,9,0,3,78,19,0,3,58,39,39,0,1,60,2,0,14,84,0,0,0,99,1,0,0,99,1,0,0,99,1,0,0,99,0,1,0,99,1,0,0,99,1,0,0,100,0,0,0,100,0,0,0,100,0,0,0,100,0,0,0,100,0,0,0,100,0,0,0,100,0,0,0,100,0,0,0,100,0,0,0,100,0,0,0,100,0,0,0,100,0,0,0,0,1,54,45,0,0,70,30,0,1,58,41,0,0,65,35,0,1,23,76,0,4,8,88,0,0,61,39,39,0,25,16,7,13,0,0,0,1,29,70,0,0,100,0,0,0,22,78,0,0,6,12,19,10,48,5,0,0,19,21,21,39,0,1,5,16,45,33,100,100,100,46,2,13,39,30,1,22,47,42,2,13,43,35,3,11,51,77,1,1,21,92,0,6,2,0,1,0,0,6,7,86,0,0,0,0,7,16,77,0,1,18,24,30,27,0,0,2,5,14,79,0,0,8,17,26,49,75,1,18,6,75,4,7,14,75,2,8,15,0,0,75,25,75,0,10,15,90,0,2,0,1,1,1,1,4,15,0,6,3,5,12,1,4,14,2,0,0,7,3,6,3,19,0,0,38,61,0,1,0,0,0,0,0,100,0,0,0,2,2,47,33,16,2,2,19,21,31,21,4,3.9354838709677415,5.118173397290403,1.8333333333333333,1.1690451944500122,12.25,5.444119842565468,2.6875,1.3788820796114816
NZL,New Zealand,5,2021-02-18,2021-02-17,100,0,0,0,0,2,100,477965.5402988193,98,0,0,100,0,9,91,0,3,97,0,13,87,0,10,90,0,17,83,0,2,98,0,2,98,0,2,98,0,2,98,0,1,99,0,9,91,0,1,99,0,4,96,100,0,0,0,91,1,1,7,97,0,2,1,87,1,1,11,90,0,4,6,83,0,5,12,98,0,1,1,98,0,2,0,98,0,1,1,98,1,1,0,99,0,0,1,91,0,4,5,99,0,1,0,96,1,0,3,0,0,2,98,98,0,2,0,0,3,34,63,66,0,4,30,96,0,3,1,96,0,4,0,100,0,0,7,1,1,91,0,0,0,100,0,100,0,0,0,0,100,0,0,0,0,0,0,59,25,12,4,0,4,31,55,10,100,0,4,40,46,10,0,2,42,46,10,0,3,14,51,32,0,1,60,36,3,96,3,1,96,4,0,96,1,3,96,4,0,96,2,2,96,4,0,96,4,0,96,4,0,96,3,1,0,88,0,4,8,88,0,10,2,88,0,9,3,88,0,12,0,88,0,3,9,88,0,8,4,88,0,12,0,88,0,12,0,88,0,11,1,0,75,0,10,15,75,0,15,10,75,0,23,2,75,0,24,1,75,0,12,13,75,0,14,11,75,0,25,0,75,0,25,0,75,0,25,0,0,100,0,0,100,0,100,0,100,0,0,100,0,0,100,0,0,100,0,0,100,0,100,0,0,92,0,8,0,92,0,4,4,92,0,4,4,92,0,4,4,92,0,6,2,92,0,8,0,92,0,5,3,0,1,21,18,37,23,0,1,83,16,0,1,92,7,0,1,94,5,0,1,81,18,0,1,58,41,0,1,95,4,0,1,92,7,0,1,88,11,0,1,75,24,0,1,67,32,35,3,2,60,1,3,11,85,0,0,0,99,0,1,0,99,1,0,0,99,1,0,0,99,1,0,0,99,1,0,0,99,1,0,0,100,0,0,0,100,0,0,0,100,0,0,0,100,0,0,0,100,0,0,0,100,0,0,0,100,0,0,0,100,0,0,0,100,0,0,0,100,0,0,0,100,0,0,0,100,0,0,0,0,3,49,48,0,1,74,25,0,2,51,47,0,1,71,28,0,2,23,75,0,3,9,88,0,0,70,30,30,0,31,13,9,17,0,1,2,5,26,66,0,0,100,0,0,1,17,82,0,0,6,4,18,8,60,4,0,0,11,17,36,36,0,2,4,28,36,30,100,100,100,51,1,12,36,26,3,15,56,49,3,5,43,29,4,7,60,77,1,1,21,91,0,7,2,0,1,0,2,5,7,85,0,0,0,1,3,18,78,0,0,20,26,27,27,0,0,0,3,13,84,0,0,3,11,30,56,86,1,11,2,86,6,3,5,86,3,7,4,0,1,66,33,67,0,9,24,91,1,2,1,2,0,0,0,3,25,0,2,4,2,6,1,1,11,4,0,2,9,5,3,7,18,0,3,35,61,0,1,0,0,0,0,0,0,100,0,0,1,3,49,25,22,1,2,13,30,23,22,9,6.482758620689655,8.513102043552683,1,0,12.34020618556701,5.334413818816272,2.536082474226804,1.1907792937654236
NZL,New Zealand,6,2021-02-18,2021-02-17,100,0,0,0,0,3,100,491001.98875346204,91,1,3,96,1,3,96,1,2,97,1,8,91,1,8,91,1,8,91,1,1,98,1,5,94,1,4,95,1,1,98,1,4,95,1,9,90,1,0,99,1,6,93,97,0,0,3,97,0,1,2,98,0,0,2,92,0,3,5,92,0,2,6,92,1,1,6,99,0,0,1,95,0,3,2,96,0,1,3,99,0,0,1,96,0,2,2,91,0,3,6,100,0,0,0,94,0,3,3,0,0,1,99,99,0,0,1,0,2,20,78,80,0,1,19,99,0,1,0,99,0,1,0,100,0,0,3,2,0,95,0,0,0,100,0,100,0,0,0,0,100,0,0,0,0,0,0,63,18,13,6,0,4,34,52,10,100,0,5,42,39,14,0,2,47,38,13,0,5,16,53,26,0,1,69,25,5,94,3,3,94,4,2,94,6,0,94,5,1,94,4,2,94,6,0,94,6,0,94,6,0,94,6,0,0,87,0,5,8,87,0,11,2,87,0,11,2,87,0,12,1,87,0,6,7,87,0,10,3,87,0,11,2,87,0,13,0,87,0,13,0,0,82,0,9,9,82,0,14,4,82,0,18,0,82,0,18,0,82,0,8,10,82,0,8,10,82,0,17,1,82,0,18,0,82,0,17,1,0,100,0,0,100,0,100,0,100,0,0,100,0,0,100,0,0,100,0,0,100,0,100,0,0,98,0,2,0,98,0,2,0,98,0,1,1,98,0,0,2,98,0,2,0,98,0,0,2,98,0,2,0,0,1,21,18,38,22,0,2,71,27,0,2,90,8,0,2,89,9,0,2,89,9,0,2,45,53,0,2,94,4,0,2,90,8,0,2,86,12,0,2,87,11,0,2,76,22,37,0,0,63,4,0,6,90,0,0,0,100,0,0,0,100,0,0,0,100,0,0,0,100,0,0,0,100,0,0,0,100,0,0,0,100,0,0,0,100,0,0,0,100,0,0,0,100,0,0,0,100,0,0,0,100,0,0,0,100,0,0,0,100,0,0,0,100,0,0,0,100,0,0,0,100,0,0,0,100,0,0,0,0,4,30,66,0,1,71,28,0,3,50,47,0,2,63,35,0,4,21,75,0,5,8,87,0,0,62,38,38,0,40,8,4,10,0,0,0,3,25,72,0,0,100,0,0,1,26,73,0,0,9,4,9,21,51,6,0,0,20,21,38,21,0,1,8,23,30,38,100,100,100,70,1,7,22,29,1,16,54,50,1,8,41,37,2,8,53,79,0,5,16,92,0,5,3,0,1,2,1,3,8,85,0,0,0,0,7,8,85,0,0,12,27,33,28,0,1,2,2,15,80,0,0,3,8,23,66,89,2,6,3,89,3,5,3,89,1,7,3,0,0,36,64,36,0,11,53,89,0,2,0,0,1,0,0,8,53,0,5,4,2,5,1,0,8,3,0,1,3,2,1,3,9,0,2,34,64,0,0,0,0,0,0,0,0,0,100,0,3,8,40,29,20,3,8,21,18,33,12,5,2.1923076923076925,2.514266982947209,3,0,12.065934065934066,4.90985901087959,2.125,1.1823656396170883
NZL,New Zealand,7,2021-02-18,2021-02-15,100,0,0,0,0,2,99,428303.9979851724,96,1,0,99,1,6,93,1,3,96,1,11,88,2,5,93,0,21,79,1,3,96,0,2,98,1,1,98,1,1,98,1,0,99,1,2,97,2,0,98,2,4,94,100,0,0,0,94,0,1,5,97,0,1,2,89,0,3,8,95,0,0,5,79,0,7,14,97,0,2,1,98,0,1,1,99,0,0,1,99,0,0,1,100,0,0,0,98,0,0,2,100,0,0,0,96,0,2,2,0,1,2,97,98,0,1,1,0,3,14,83,86,0,1,13,99,0,0,1,99,0,1,0,100,0,0,4,2,0,94,0,2,0,98,0,100,0,0,0,0,100,0,0,0,0,0,0,67,20,11,2,0,11,29,50,10,100,0,9,45,42,4,0,9,44,42,5,0,12,14,47,27,0,2,69,26,3,98,1,1,98,2,0,98,1,1,98,2,0,98,1,1,98,2,0,98,2,0,98,2,0,98,2,0,0,89,0,5,6,89,0,7,4,89,0,11,0,89,0,9,2,89,0,3,8,89,0,9,2,89,0,11,0,89,0,11,0,89,0,11,0,0,80,0,11,9,80,0,16,4,80,0,19,1,80,0,19,1,80,0,8,12,80,0,14,6,80,0,20,0,80,0,20,0,80,0,18,2,0,100,0,0,100,0,100,0,100,0,0,100,0,0,100,0,0,100,0,0,100,0,100,0,0,98,0,2,0,98,0,0,2,98,0,2,0,98,0,1,1,98,0,2,0,98,0,2,0,98,0,2,0,0,3,8,23,36,30,0,0,89,11,0,0,95,5,0,0,91,9,0,0,86,14,0,0,47,53,0,0,95,5,0,0,95,5,0,0,73,27,0,0,88,12,0,0,80,20,37,2,0,61,2,3,2,93,0,0,0,100,0,0,0,100,0,0,0,100,0,0,0,100,0,0,0,100,0,0,0,100,0,0,0,100,0,0,0,100,0,0,0,100,0,0,0,100,0,0,0,100,0,0,0,100,0,0,0,100,0,0,0,100,0,0,0,100,0,0,0,100,0,0,0,100,0,0,0,100,0,0,0,0,6,17,77,0,1,56,43,0,4,36,60,0,4,46,50,0,3,16,81,0,6,7,87,0,0,54,46,46,0,27,14,3,10,0,1,0,2,37,60,0,1,99,0,0,6,19,75,0,1,1,5,6,13,67,7,0,0,29,26,23,22,0,6,7,25,27,35,100,100,100,83,0,3,14,44,1,12,43,64,1,5,30,54,1,13,32,84,1,4,11,93,0,6,1,0,2,1,0,1,9,87,0,1,0,0,3,10,86,0,0,10,22,43,25,0,1,0,0,7,92,0,0,0,9,18,73,91,2,2,5,91,3,2,4,91,2,2,5,0,0,15,85,15,1,3,81,97,0,0,1,1,0,0,1,0,82,0,2,1,0,1,0,1,3,0,0,0,0,0,0,3,7,0,4,36,59,1,0,0,0,0,0,0,0,0,0,100,2,4,51,30,13,2,2,23,32,33,6,2,7.482758620689654,9.916150929724887,1,0,11.794736842105262,4.04265471081346,1.7252747252747254,0.8036850414868041
NZL,New Zealand,-99,2021-02-19,2021-02-19,107,0,0,0,0,4,89,620905.260524478,0,2,1,104,2,12,93,3,1,103,1,20,86,3,18,86,1,17,89,2,7,98,0,2,105,2,3,102,3,4,100,3,1,103,1,18,88,1,2,104,1,7,99,106,0,0,1,95,0,4,8,106,0,1,0,87,1,5,14,89,1,3,14,90,1,2,14,100,0,1,6,105,0,0,2,104,0,1,2,103,0,1,3,106,0,1,0,89,1,6,11,105,0,1,1,100,0,3,4,17,1,4,85,104,0,2,1,23,2,22,60,85,0,2,20,105,0,2,0,105,0,2,0,107,0,0,27,2,7,71,26,1,0,80,0,107,0,0,0,0,107,0,0,0,0,26,1,36,23,11,10,38,3,17,34,15,107,38,2,21,31,15,38,6,19,28,16,38,4,8,25,32,38,4,36,21,8,97,3,7,97,7,3,97,7,3,97,8,2,97,5,5,97,10,0,97,9,1,97,10,0,97,8,2,0,96,0,6,5,96,0,10,1,96,0,10,1,96,0,11,0,96,0,5,6,96,0,9,2,96,0,11,0,96,0,11,0,96,0,10,1,0,84,0,12,11,84,0,17,6,84,0,22,1,84,0,20,3,84,0,13,10,84,0,14,9,84,0,22,1,84,0,23,0,84,0,21,2,0,107,0,0,107,0,107,0,107,0,0,107,0,0,107,0,0,107,0,0,107,0,107,0,0,102,0,5,0,102,0,4,1,102,0,4,1,102,0,3,2,102,0,4,1,102,0,3,2,102,0,1,4,39,1,18,13,16,20,44,6,44,13,44,6,55,2,44,6,51,6,44,6,50,7,44,6,40,17,44,6,55,2,44,6,52,5,44,6,50,7,44,6,49,8,44,6,33,24,107,0,0,0,107,0,0,0,0,0,0,102,0,0,5,102,0,1,4,102,0,1,4,102,0,2,3,102,0,0,5,102,0,0,5,107,0,0,0,107,0,0,0,107,0,0,0,107,0,0,0,107,0,0,0,107,0,0,0,107,0,0,0,107,0,0,0,107,0,0,0,107,0,0,0,107,0,0,0,107,0,0,0,50,2,25,30,50,2,43,12,50,2,25,30,50,1,31,25,50,2,22,33,50,3,6,48,58,1,26,22,81,0,10,8,3,5,60,1,1,6,16,23,60,0,47,0,70,0,6,31,70,0,3,1,3,2,24,4,70,0,8,7,6,16,71,0,1,10,8,17,107,107,107,82,1,3,21,66,0,7,34,82,0,2,23,77,2,2,26,85,1,0,21,101,1,4,1,75,0,1,1,3,3,24,75,0,0,2,0,6,24,78,1,5,11,8,4,78,0,0,3,6,20,78,0,0,7,8,14,102,0,3,2,102,2,0,3,102,2,0,3,88,0,8,11,96,0,5,6,105,1,1,0,0,0,0,0,0,100,0,1,0,2,2,0,0,0,0,0,0,0,0,0,0,2,107,0,0,0,0,0,107,0,0,0,0,0,0,0,0,107,0,0,0,0,107,0,0,0,0,0,0,3.882352941176471,4.2248522002647615,0.9999999999999999,0,0,0,0,0
NZL,New Zealand,1,2021-02-19,2021-02-17,100,2,14573.41948278383,0,0,9,99,682584.161415539,93,0,2,98,0,17,83,0,0,100,0,23,77,0,21,79,0,13,87,0,14,86,0,1,99,0,8,92,0,2,98,0,3,97,0,26,74,0,5,95,0,20,80,98,0,0,2,83,0,3,14,100,0,0,0,77,0,4,19,79,0,1,20,87,0,3,10,86,0,7,7,99,0,0,1,92,0,4,4,98,0,0,2,97,0,1,2,74,0,6,20,95,0,3,2,80,0,4,16,0,1,5,94,95,0,3,2,0,0,34,66,66,0,6,28,94,0,6,0,94,1,5,0,99,0,1,6,0,5,89,0,0,0,100,0,100,0,0,0,0,100,0,0,0,0,0,0,40,28,26,6,0,1,38,53,8,100,0,1,46,41,12,0,1,40,47,12,0,0,10,60,30,0,1,63,28,8,94,1,5,94,3,3,94,5,1,94,5,1,94,2,4,94,4,2,94,6,0,94,5,1,94,6,0,0,74,0,13,13,74,0,19,7,74,0,23,3,74,0,24,2,74,0,8,18,74,0,14,12,74,0,22,4,74,0,26,0,74,0,24,2,0,72,1,13,14,72,1,16,11,72,1,26,1,72,1,26,1,72,1,11,16,72,1,7,20,72,1,20,7,72,1,27,0,72,1,26,1,0,100,0,0,100,0,100,0,100,0,0,100,0,0,100,0,0,100,0,0,100,0,100,0,0,95,0,5,0,95,0,5,0,95,0,2,3,95,0,4,1,95,0,5,0,95,0,5,0,95,0,4,1,0,0,17,23,40,20,0,4,70,26,0,4,95,1,0,4,95,1,0,4,94,2,0,4,94,2,0,4,94,2,0,4,88,8,0,4,92,4,0,4,87,9,0,4,38,58,33,0,1,66,6,0,8,86,0,0,0,95,2,0,3,95,2,1,2,95,2,1,2,95,1,4,0,95,1,2,2,95,2,2,1,100,0,0,0,100,0,0,0,100,0,0,0,100,0,0,0,100,0,0,0,100,0,0,0,100,0,0,0,100,0,0,0,100,0,0,0,100,0,0,0,100,0,0,0,100,0,0,0,0,2,52,46,0,1,77,22,0,4,58,38,0,3,74,23,0,3,46,51,0,6,12,82,0,0,74,26,26,0,37,13,12,12,0,0,2,10,40,48,0,0,100,0,0,0,15,85,0,0,6,8,11,16,56,3,0,0,15,15,30,40,0,0,4,26,36,34,100,100,100,48,0,5,47,23,0,11,66,42,0,2,56,26,0,4,70,54,0,2,44,88,0,5,7,0,0,4,4,14,16,62,0,0,4,6,18,17,55,0,0,12,22,33,33,0,0,3,5,22,70,0,0,8,20,32,40,72,0,17,11,72,0,0,28,72,0,9,19,0,0,60,40,60,0,17,23,83,0,1,1,0,2,2,0,11,23,0,8,9,3,4,1,0,3,0,1,4,9,4,3,1,27,0,2,27,68,1,2,0,0,100,0,0,0,0,0,0,6,1,46,29,18,6,0,8,13,47,13,13,4.781818181818182,5.489690368017156,1.8000000000000003,0.8366600265340757,12.306818181818182,4.96275311649671,3.7173913043478257,1.5920550473428072
NZL,New Zealand,2,2021-02-19,2021-02-18,100,0,0,0,0,18,100,737315.8331140681,99,0,1,99,0,9,91,0,4,96,0,22,78,0,25,75,0,21,79,0,14,86,0,0,100,0,8,92,0,1,99,0,6,94,0,25,75,0,2,98,0,12,88,99,1,0,0,91,1,2,6,96,0,3,1,78,2,2,18,75,2,5,18,79,2,4,15,86,2,6,6,100,0,0,0,92,2,2,4,99,1,0,0,94,1,1,4,75,0,5,20,98,1,1,0,88,1,1,10,0,0,9,91,91,0,8,1,0,0,34,66,66,0,5,29,95,0,5,0,95,0,5,0,100,0,0,5,1,6,88,0,0,1,99,0,99,0,0,1,0,100,0,0,0,0,1,0,45,29,18,7,1,0,38,54,7,100,1,1,41,47,10,1,1,43,38,17,1,0,8,59,32,1,1,57,36,5,93,2,5,93,4,3,93,4,3,93,6,1,93,4,3,93,7,0,93,6,1,93,7,0,93,6,1,0,82,0,7,11,82,0,11,7,82,0,16,2,82,0,16,2,82,0,7,11,82,0,10,8,82,0,17,1,82,0,18,0,82,0,17,1,0,71,0,12,17,71,0,23,6,71,0,29,0,71,0,29,0,71,0,14,15,71,0,12,17,71,0,25,4,71,0,29,0,71,0,28,1,0,100,0,0,100,0,100,0,100,0,0,100,0,0,100,0,0,100,0,0,100,0,100,0,0,95,0,5,0,95,0,4,1,95,0,3,2,95,0,5,0,95,0,4,1,95,0,4,1,95,0,3,2,0,0,16,33,26,25,0,2,75,23,0,2,97,1,0,2,98,0,0,2,96,2,0,2,89,9,0,2,98,0,0,2,94,4,0,2,98,0,0,2,82,16,0,2,42,56,31,0,4,65,1,0,18,81,0,0,0,94,3,0,3,94,2,1,3,94,3,0,3,94,2,1,3,94,3,0,3,94,3,0,3,100,0,0,0,100,0,0,0,100,0,0,0,100,0,0,0,100,0,0,0,100,0,0,0,100,0,0,0,100,0,0,0,100,0,0,0,100,0,0,0,100,0,0,0,100,0,0,0,0,1,56,43,0,0,65,35,0,1,57,42,0,1,74,25,0,1,33,66,0,2,16,82,0,0,71,29,29,0,32,18,6,15,0,0,0,5,33,62,0,0,100,0,0,1,19,80,0,0,9,9,13,14,51,4,0,0,14,13,33,40,0,0,10,16,42,32,100,100,100,44,0,11,45,35,0,13,52,43,0,7,50,26,0,6,68,67,0,4,29,84,0,14,2,0,1,4,0,13,12,70,0,1,3,7,10,19,60,0,1,11,33,31,24,0,2,3,9,17,69,0,1,13,18,24,44,69,0,19,12,69,2,4,25,69,2,8,21,0,2,70,28,72,0,12,16,88,0,1,0,2,1,1,1,6,18,0,5,6,5,9,1,2,12,4,0,4,8,2,3,3,18,0,1,31,66,1,1,0,0,0,100,0,0,0,0,0,1,4,54,27,14,1,1,19,27,32,15,5,4.709090909090909,6.5480354058883705,2.125,1.246423454758225,12.324175824175825,6.205451736790099,3.442105263157895,1.506834002870272
NZL,New Zealand,3,2021-02-19,2021-02-18,100,1,4294.09520863453,1,4294.09520863453,10,100,638745.0171645307,100,0,2,98,0,13,87,0,2,98,0,21,79,0,20,80,0,13,87,0,6,94,0,3,97,0,2,98,0,2,98,0,6,94,0,21,79,0,3,97,0,10,90,98,0,2,0,87,0,7,6,98,0,1,1,79,0,7,14,80,0,10,10,87,0,3,10,94,0,6,0,97,0,1,2,98,0,1,1,98,0,2,0,94,0,3,3,79,0,4,17,97,0,2,1,90,0,4,6,0,0,5,95,95,0,1,4,0,0,43,57,57,0,5,38,95,0,5,0,95,0,5,0,100,0,0,5,1,3,91,0,0,0,100,0,100,0,0,0,0,100,0,0,0,0,0,0,46,28,17,9,0,1,25,60,14,100,0,1,38,46,15,0,1,34,51,14,0,0,10,56,34,0,2,61,32,5,91,1,8,91,6,3,91,8,1,91,6,3,91,6,3,91,8,1,91,8,1,91,9,0,91,7,2,0,83,0,5,12,83,0,13,4,83,0,13,4,83,0,16,1,83,0,3,14,83,0,9,8,83,0,17,0,83,0,17,0,83,0,17,0,0,72,0,18,10,72,0,23,5,72,0,28,0,72,0,28,0,72,0,18,10,72,0,11,17,72,0,28,0,72,0,28,0,72,0,24,4,0,100,0,0,100,0,100,0,100,0,0,100,0,0,100,0,0,100,0,0,100,0,100,0,0,95,0,5,0,95,0,1,4,95,0,1,4,95,0,1,4,95,0,4,1,95,0,4,1,95,0,4,1,0,0,23,29,34,14,0,3,78,19,0,3,96,1,0,3,92,5,0,3,92,5,0,3,84,13,0,3,93,4,0,3,85,12,0,3,92,5,0,3,83,14,0,3,45,52,34,0,3,63,0,0,21,79,0,0,0,97,0,1,2,97,0,1,2,97,0,1,2,97,0,1,2,97,0,0,3,97,0,0,3,100,0,0,0,100,0,0,0,100,0,0,0,100,0,0,0,100,0,0,0,100,0,0,0,100,0,0,0,100,0,0,0,100,0,0,0,100,0,0,0,100,0,0,0,100,0,0,0,0,2,55,43,0,0,81,19,0,1,53,46,0,1,75,24,0,2,32,66,0,4,11,85,0,0,73,27,27,0,30,10,9,24,0,0,0,5,27,68,0,0,100,0,0,2,21,77,0,0,6,10,9,16,55,4,0,1,9,20,33,37,0,1,9,22,39,29,100,100,100,45,0,13,42,19,0,18,63,47,0,5,48,25,0,3,72,68,0,2,30,89,1,8,2,0,0,0,1,4,16,79,0,0,0,2,4,25,69,0,0,14,29,40,17,0,0,1,6,22,71,0,0,5,18,35,42,77,1,11,11,77,2,2,19,77,2,5,16,0,0,78,22,78,0,10,12,90,0,2,0,1,0,1,1,5,12,0,3,8,10,17,2,4,6,3,0,1,8,4,3,5,14,0,0,34,65,0,1,0,0,0,0,100,0,0,0,0,0,4,53,24,19,0,3,19,23,33,16,6,4.1345238095238095,5.3038468333019,2.25,1.5,12.771739130434783,5.146434295041301,3.135416666666666,1.3735838001885254
NZL,New Zealand,4,2021-02-19,2021-02-18,100,1,5575.9184518575,0,0,10,100,555828.004024103,100,1,3,96,2,11,87,2,1,97,2,21,77,1,13,86,1,14,85,2,6,92,2,1,97,0,3,97,1,1,98,1,2,97,1,14,85,2,1,97,1,11,88,97,0,2,1,89,0,5,6,99,0,0,1,79,0,7,14,87,0,6,7,86,0,2,12,94,0,4,2,99,0,1,0,97,0,2,1,99,0,0,1,98,0,0,2,86,0,6,8,99,0,1,0,89,0,6,5,0,0,6,94,94,0,6,0,0,0,30,70,70,0,5,25,95,0,5,0,95,0,5,0,100,0,0,5,0,4,91,0,1,0,99,0,100,0,0,0,0,100,0,0,0,0,0,0,42,27,18,13,0,3,32,53,12,100,0,1,40,45,14,0,2,37,47,14,0,2,16,49,33,0,0,51,40,9,87,5,8,87,9,4,87,10,3,87,11,2,87,5,8,87,11,2,87,11,2,87,10,3,87,9,4,0,82,0,12,6,82,0,13,5,82,0,15,3,82,0,18,0,82,0,6,12,82,0,10,8,82,0,18,0,82,0,18,0,82,0,17,1,0,73,1,13,13,73,1,20,6,73,1,25,1,73,1,26,0,73,1,13,13,73,1,15,11,73,1,25,1,73,1,26,0,73,1,25,1,0,100,0,0,100,0,100,0,100,0,0,100,0,0,100,0,0,100,0,0,100,0,100,0,0,93,0,7,0,93,0,2,5,93,0,3,4,93,0,3,4,93,0,3,4,93,0,4,3,93,0,3,4,0,0,34,17,30,19,0,2,82,16,0,2,96,2,0,2,94,4,0,2,89,9,0,2,66,32,0,2,97,1,0,2,91,7,0,2,90,8,0,2,79,19,0,2,56,42,39,2,0,59,0,2,15,83,0,0,0,96,3,1,0,96,4,0,0,96,4,0,0,96,4,0,0,96,3,0,1,96,3,1,0,100,0,0,0,100,0,0,0,100,0,0,0,100,0,0,0,100,0,0,0,100,0,0,0,100,0,0,0,100,0,0,0,100,0,0,0,100,0,0,0,100,0,0,0,100,0,0,0,0,1,53,46,0,2,77,21,0,2,59,39,0,0,71,29,0,3,31,66,0,7,9,84,0,0,68,32,32,0,24,14,16,14,0,1,0,5,30,64,0,1,99,0,0,0,24,76,0,0,7,9,11,8,62,3,0,0,9,19,27,45,0,0,4,26,41,29,100,100,100,47,0,11,42,23,0,14,63,41,0,6,53,29,0,5,66,69,0,3,28,91,0,5,4,0,0,1,1,6,17,75,0,0,1,0,9,19,71,0,0,13,28,31,28,0,0,5,4,22,69,0,0,8,19,27,46,73,2,20,5,73,6,8,13,73,4,10,13,0,1,72,27,73,0,5,22,95,0,1,0,1,0,0,1,2,23,0,4,6,5,13,1,4,8,2,0,3,9,4,2,1,15,0,0,39,60,0,1,0,0,0,0,0,100,0,0,0,0,4,53,28,15,0,4,11,26,26,30,3,5.55,6.613699845096212,1.6666666666666667,0.8164965809277259,12.11340206185567,5.619675792583208,3.1875,1.4676332540594237
NZL,New Zealand,5,2021-02-19,2021-02-18,100,1,2129.46693366308,1,2129.46693366308,6,100,411963.36691453523,97,0,1,99,0,7,93,0,5,95,0,12,88,0,9,91,0,15,85,0,1,99,0,0,100,0,1,99,0,0,100,0,4,96,0,9,91,0,1,99,0,12,88,99,1,0,0,93,1,2,4,95,1,1,3,88,1,5,6,91,1,1,7,85,1,4,10,99,0,0,1,100,0,0,0,99,0,1,0,100,0,0,0,96,0,0,4,91,1,3,5,99,1,0,0,88,1,3,8,0,0,3,97,97,0,2,1,0,1,28,71,72,0,2,26,98,0,2,0,98,0,2,0,100,0,0,3,3,1,93,0,0,0,99,1,100,0,0,0,0,100,0,0,0,0,0,0,51,26,17,6,0,2,23,69,6,100,0,2,34,52,12,0,2,40,50,8,0,2,11,63,24,0,0,65,31,4,94,2,4,94,5,1,94,5,1,94,6,0,94,5,1,94,6,0,94,6,0,94,6,0,94,5,1,0,83,0,8,9,83,0,16,1,83,0,17,0,83,0,16,1,83,0,8,9,83,0,10,7,83,0,16,1,83,0,16,1,83,0,16,1,0,74,0,17,9,74,0,20,6,74,0,26,0,74,0,26,0,74,0,17,9,74,0,12,14,74,0,26,0,74,0,25,1,74,0,22,4,0,100,0,0,100,0,100,0,100,0,0,100,0,0,100,0,0,100,0,0,100,0,100,0,0,99,0,1,0,99,0,0,1,99,0,0,1,99,0,0,1,99,0,0,1,99,0,1,0,99,0,1,0,0,1,23,20,30,26,0,1,77,22,0,1,96,3,0,1,92,7,0,1,87,12,0,1,65,34,0,1,98,1,0,1,89,10,0,1,85,14,0,1,76,23,0,1,67,32,31,4,0,65,1,2,11,86,0,0,0,99,0,1,0,99,1,0,0,99,1,0,0,99,1,0,0,99,0,0,1,99,0,0,1,100,0,0,0,100,0,0,0,100,0,0,0,100,0,0,0,100,0,0,0,100,0,0,0,100,0,0,0,100,0,0,0,100,0,0,0,100,0,0,0,100,0,0,0,100,0,0,0,0,3,42,55,0,0,78,22,0,0,55,45,0,0,67,33,0,0,35,65,0,0,11,89,0,1,71,28,29,0,29,20,7,15,0,1,1,1,26,71,0,1,99,0,0,0,28,72,0,0,4,6,14,13,59,4,0,0,15,14,28,43,0,1,8,18,32,41,100,100,100,58,1,8,33,22,1,20,57,45,2,6,47,33,1,10,56,65,2,1,32,89,1,5,5,0,0,2,1,11,5,81,0,0,1,0,7,11,81,0,2,6,26,45,21,0,0,1,5,17,77,0,0,3,14,39,44,83,1,10,6,83,3,4,10,83,0,8,9,0,0,66,34,66,0,11,23,89,0,0,0,3,0,0,1,7,23,0,5,3,5,9,1,3,12,5,0,5,3,4,2,4,16,0,3,30,67,0,0,0,0,0,0,0,0,100,0,0,1,6,39,37,17,1,1,18,26,36,14,4,5.3125,6.995101973016777,2,1,12.391304347826088,4.88090363129645,2.4583333333333335,1.3291601358251257
NZL,New Zealand,6,2021-02-19,2021-02-18,100,0,0,0,0,4,100,539320.7363767405,90,1,2,97,1,6,93,1,3,96,1,11,88,1,12,87,1,11,88,1,4,95,1,2,97,1,2,97,1,1,98,1,2,97,1,4,95,1,1,98,2,6,92,98,0,0,2,94,0,3,3,97,0,1,2,89,0,4,7,88,0,5,7,89,0,2,9,96,0,0,4,98,0,1,1,98,0,2,0,99,0,0,1,98,0,2,0,96,0,0,4,99,0,1,0,94,0,1,5,0,0,1,99,99,0,0,1,0,3,20,77,80,0,2,18,98,0,2,0,98,0,2,0,100,0,0,5,0,0,95,0,0,1,98,1,99,1,0,0,0,99,0,0,1,0,1,0,67,11,15,6,1,8,28,55,8,100,1,7,42,39,11,1,7,46,35,11,1,6,17,50,26,1,4,70,20,5,94,4,2,94,5,1,94,6,0,94,5,1,94,3,3,94,6,0,94,6,0,94,6,0,94,6,0,0,85,0,7,8,85,0,14,1,85,0,13,2,85,0,14,1,85,0,7,8,85,0,10,5,85,0,14,1,85,0,15,0,85,0,14,1,0,89,0,6,5,89,0,9,2,89,0,11,0,89,0,11,0,89,0,5,6,89,0,7,4,89,0,9,2,89,0,11,0,89,0,10,1,0,100,0,0,100,0,100,0,100,0,0,100,0,0,100,0,0,100,0,0,100,0,100,0,0,98,0,2,0,98,0,2,0,98,0,1,1,98,0,1,1,98,0,2,0,98,0,1,1,98,0,2,0,0,0,20,23,34,23,0,1,71,28,0,1,93,6,0,1,94,5,0,1,90,9,0,1,44,55,0,1,96,3,0,1,90,9,0,1,82,17,0,1,85,14,0,1,80,19,39,0,0,61,6,0,6,88,0,0,0,100,0,0,0,100,0,0,0,100,0,0,0,100,0,0,0,100,0,0,0,100,0,0,0,100,0,0,0,100,0,0,0,100,0,0,0,100,0,0,0,100,0,0,0,100,0,0,0,100,0,0,0,100,0,0,0,100,0,0,0,100,0,0,0,100,0,0,0,100,0,0,0,0,5,28,67,0,1,65,34,0,3,50,47,0,2,63,35,0,5,25,70,0,7,6,87,0,0,63,37,37,0,31,12,8,12,0,1,0,3,23,73,0,2,98,0,0,0,23,77,0,0,12,10,10,17,48,3,0,0,21,19,33,27,0,2,7,21,24,46,100,100,100,72,1,9,18,35,0,15,50,50,0,10,40,37,2,11,50,75,0,8,17,94,0,5,1,0,1,2,2,4,10,81,0,0,0,1,5,9,85,0,0,13,23,28,36,0,0,2,1,12,85,0,0,4,9,17,70,87,1,7,5,87,3,5,5,87,1,7,5,0,0,34,66,34,1,14,51,86,0,1,1,0,0,0,0,12,52,0,5,5,1,3,1,3,9,1,0,1,2,0,3,2,12,0,0,36,64,0,0,0,0,0,0,0,0,0,100,0,5,4,43,25,23,5,4,28,16,29,15,3,3.6000000000000005,3.3280417769261126,4,0,12.47191011235955,5.220348925207903,2.2,1.3171300090249851
NZL,New Zealand,7,2021-02-19,2021-02-15,100,0,0,0,0,3,99,458503.84305057395,95,2,0,98,1,8,91,1,3,96,1,12,87,3,5,92,1,18,81,2,3,95,1,2,97,2,1,97,2,2,96,1,1,98,2,4,94,2,0,98,2,4,94,100,0,0,0,92,0,1,7,97,0,1,2,88,0,4,8,95,0,0,5,82,0,7,11,97,0,2,1,98,0,1,1,99,0,0,1,98,0,0,2,99,0,0,1,96,0,1,3,100,0,0,0,96,0,2,2,0,1,3,96,97,0,2,1,0,5,17,78,83,0,2,15,98,0,1,1,98,0,2,0,100,0,0,7,2,0,91,0,2,0,98,0,100,0,0,0,0,100,0,0,0,0,0,0,67,18,12,3,0,10,30,50,10,100,0,9,47,38,6,0,9,47,37,7,0,13,14,44,29,0,3,70,23,4,97,1,2,97,2,1,97,2,1,97,3,0,97,1,2,97,3,0,97,3,0,97,3,0,97,3,0,0,88,0,4,8,88,0,8,4,88,0,12,0,88,0,10,2,88,0,2,10,88,0,9,3,88,0,12,0,88,0,12,0,88,0,12,0,0,82,0,11,7,82,0,16,2,82,0,17,1,82,0,17,1,82,0,7,11,82,0,12,6,82,0,18,0,82,0,18,0,82,0,16,2,0,100,0,0,100,0,100,0,100,0,0,100,0,0,100,0,0,100,0,0,100,0,100,0,0,98,0,2,0,98,0,0,2,98,0,2,0,98,0,1,1,98,0,2,0,98,0,2,0,98,0,2,0,0,3,10,20,35,32,0,0,87,13,0,0,94,6,0,0,91,9,0,0,86,14,0,0,50,50,0,0,95,5,0,0,93,7,0,0,75,25,0,0,88,12,0,0,79,21,40,2,0,58,3,3,2,92,0,0,0,100,0,0,0,100,0,0,0,100,0,0,0,100,0,0,0,100,0,0,0,100,0,0,0,100,0,0,0,100,0,0,0,100,0,0,0,100,0,0,0,100,0,0,0,100,0,0,0,100,0,0,0,100,0,0,0,100,0,0,0,100,0,0,0,100,0,0,0,100,0,0,0,0,7,18,75,0,1,57,42,0,5,34,61,0,4,49,47,0,3,17,80,0,7,7,86,0,0,56,44,44,0,29,14,5,8,0,1,0,1,39,59,0,1,98,1,0,7,20,73,0,2,1,7,6,15,62,7,0,0,27,24,25,24,0,5,8,21,30,36,100,100,100,82,1,4,13,43,1,12,44,66,0,5,29,51,0,13,36,83,0,4,13,93,0,6,1,0,2,1,0,1,8,88,0,1,0,0,4,11,84,0,0,9,23,38,30,0,1,1,0,8,90,0,0,1,7,19,73,92,2,3,3,92,3,3,2,92,2,3,3,0,0,14,86,14,1,4,81,96,0,0,1,1,0,0,1,1,82,0,2,1,0,2,0,1,4,0,0,0,0,0,0,3,5,0,4,38,57,1,0,0,0,0,0,0,0,0,0,100,3,8,49,30,10,3,5,22,31,32,5,2,6.903225806451613,9.771914990453261,1,0,11.824468085106384,4.174105690585085,1.7586206896551726,0.8207415427721915
NZL,New Zealand,-99,2021-02-20,2021-02-19,100,0,0,0,0,5,77,561804.5346390324,0,2,1,97,3,15,82,4,6,90,3,18,79,4,15,81,3,19,78,3,6,91,4,5,91,4,3,93,3,2,95,4,9,87,4,12,84,3,3,94,3,6,91,99,0,0,1,85,0,6,9,94,0,4,2,82,1,5,12,85,0,7,8,81,0,6,13,94,0,4,2,95,0,2,3,97,1,2,0,98,0,0,2,91,0,3,6,88,0,6,6,97,0,0,3,94,0,3,3,21,2,5,72,97,0,1,2,26,2,24,48,76,2,2,20,98,0,2,0,98,0,1,1,100,0,0,34,2,2,62,29,0,0,71,0,100,0,0,0,0,100,0,0,0,0,31,1,31,17,15,5,46,5,10,28,11,100,46,5,17,20,12,46,5,16,24,9,46,8,4,24,18,46,5,26,17,6,95,3,2,95,4,1,95,4,1,95,4,1,95,3,2,95,5,0,95,4,1,95,5,0,95,4,1,0,87,1,8,4,87,1,8,4,87,1,11,1,87,1,11,1,87,1,5,7,87,1,8,4,87,1,10,2,87,1,12,0,87,1,11,1,0,83,0,14,3,83,0,12,5,83,0,16,1,83,0,15,2,83,0,13,4,83,0,8,9,83,0,16,1,83,0,17,0,83,0,14,3,0,100,0,0,100,0,100,0,100,0,0,100,0,0,100,0,0,100,0,0,100,0,100,0,0,97,0,3,0,97,0,3,0,97,0,2,1,97,0,2,1,97,0,3,0,97,0,2,1,97,0,3,0,47,3,15,10,11,14,49,2,35,14,49,2,41,8,49,2,47,2,49,2,43,6,49,2,40,9,49,2,47,2,49,2,44,5,49,2,45,4,49,2,42,7,49,2,29,20,100,0,0,0,100,0,0,0,0,0,0,99,0,1,0,99,0,1,0,99,0,0,1,99,0,1,0,99,0,0,1,99,0,0,1,100,0,0,0,100,0,0,0,100,0,0,0,100,0,0,0,100,0,0,0,100,0,0,0,100,0,0,0,100,0,0,0,100,0,0,0,100,0,0,0,100,0,0,0,100,0,0,0,52,4,17,27,52,2,36,10,52,2,22,24,52,2,27,19,52,1,17,30,52,4,4,40,58,0,23,19,77,0,9,4,4,6,61,1,1,1,8,28,61,2,37,0,68,2,6,24,68,0,7,1,3,2,15,4,68,1,11,9,3,8,71,1,8,11,4,5,100,100,100,84,1,2,13,67,2,5,26,81,2,1,16,75,2,3,20,86,1,2,11,98,0,1,1,76,0,0,1,2,3,18,76,0,1,0,0,4,19,78,1,3,6,9,3,78,1,2,1,4,14,78,0,3,3,8,8,95,1,3,1,95,2,1,2,95,2,1,2,84,0,6,10,90,1,5,4,100,0,0,0,0,0,0,0,0,97,0,0,0,0,1,0,0,0,0,0,0,0,0,0,0,2,100,0,0,0,0,0,100,0,0,0,0,0,0,0,0,100,0,0,0,0,100,0,0,0,0,0,0,4.466666666666667,6.1010645387298705,1,0,0,0,0,0
NZL,New Zealand,1,2021-02-20,2021-02-18,100,1,9544.30150611125,0,0,6,100,764170.8858641158,97,0,1,99,0,15,85,0,1,99,0,25,75,0,28,72,0,16,84,0,11,89,0,2,98,0,11,89,0,1,99,0,4,96,0,31,69,0,5,95,0,18,82,99,0,0,1,85,0,4,11,99,0,0,1,75,0,3,22,72,0,5,23,84,0,4,12,89,0,6,5,98,0,0,2,89,0,5,6,99,0,0,1,96,0,2,2,69,0,8,23,95,0,3,2,82,0,4,14,0,0,4,96,96,0,3,1,0,0,39,61,61,0,9,30,91,0,9,0,91,1,7,1,99,0,1,9,0,3,88,0,0,0,100,0,100,0,0,0,0,100,0,0,0,0,0,0,41,31,19,9,0,1,42,48,9,100,0,1,46,42,11,0,1,48,43,8,0,0,8,57,35,0,1,69,23,7,91,0,9,91,2,7,91,6,3,91,8,1,91,4,5,91,8,1,91,9,0,91,8,1,91,9,0,0,81,0,11,8,81,0,13,6,81,0,16,3,81,0,19,0,81,0,7,12,81,0,10,9,81,0,15,4,81,0,19,0,81,0,17,2,0,69,0,14,17,69,0,17,14,69,0,30,1,69,0,30,1,69,0,15,16,69,0,9,22,69,0,28,3,69,0,31,0,69,0,29,2,0,100,0,0,100,0,100,0,100,0,0,100,0,0,100,0,0,100,0,0,100,0,100,0,0,93,0,7,0,93,0,4,3,93,0,3,4,93,0,5,2,93,0,6,1,93,0,6,1,93,0,7,0,0,0,19,24,37,20,0,3,71,26,0,3,97,0,0,3,96,1,0,3,94,3,0,3,96,1,0,3,96,1,0,3,90,7,0,3,94,3,0,3,89,8,0,3,35,62,36,0,2,62,3,0,9,88,0,0,0,97,1,0,2,97,1,0,2,97,1,0,2,97,1,2,0,97,0,1,2,97,1,0,2,100,0,0,0,100,0,0,0,100,0,0,0,100,0,0,0,100,0,0,0,100,0,0,0,100,0,0,0,100,0,0,0,100,0,0,0,100,0,0,0,100,0,0,0,100,0,0,0,0,2,51,47,0,1,77,22,0,2,70,28,0,1,76,23,0,2,47,51,0,4,13,83,0,0,80,20,20,0,37,16,15,12,0,0,2,10,44,44,0,0,100,0,0,0,16,84,0,0,3,11,14,13,56,3,0,0,15,18,31,36,0,0,5,25,32,38,100,100,100,49,0,7,44,23,0,9,68,30,0,3,67,24,0,6,70,53,0,3,44,87,0,7,6,0,0,2,3,12,21,62,0,0,3,7,17,20,53,0,1,12,23,28,36,0,0,0,6,20,74,0,0,4,18,34,44,78,0,14,8,78,0,0,22,78,0,8,14,0,0,59,41,59,0,14,27,86,0,0,1,1,1,1,0,10,27,0,6,10,2,5,1,1,4,0,1,4,5,2,4,0,28,0,1,33,63,1,2,0,0,100,0,0,0,0,0,0,3,1,51,29,16,3,0,12,15,45,13,12,4.016949152542373,4.3330785640463,1.5,0.5773502691896257,11.533333333333333,5.3004133822251935,3.4468085106382973,1.5562363012419207
NZL,New Zealand,2,2021-02-20,2021-02-19,100,2,9514.97395981069,1,5163.43977829575,13,100,681082.2282172478,100,0,2,98,0,13,87,0,3,97,0,22,78,0,20,80,0,21,79,0,13,87,0,1,99,0,6,94,0,1,99,0,3,97,0,26,74,0,2,98,0,13,87,98,1,1,0,87,0,6,7,97,0,2,1,78,0,5,17,80,0,6,14,79,0,6,15,87,0,7,6,99,0,0,1,94,0,2,4,99,0,1,0,97,0,0,3,74,0,6,20,98,0,2,0,87,0,3,10,0,0,7,93,93,0,6,1,0,0,45,55,55,0,8,37,92,0,6,2,92,0,8,0,100,0,0,8,0,2,90,0,0,0,100,0,100,0,0,0,0,100,0,0,0,0,0,0,46,25,22,7,0,0,33,60,7,100,0,1,46,41,12,0,2,43,41,14,0,0,8,64,28,0,0,57,36,7,93,5,2,93,6,1,93,4,3,93,4,3,93,6,1,93,6,1,93,7,0,93,7,0,93,6,1,0,78,0,11,11,78,0,15,7,78,0,21,1,78,0,19,3,78,0,5,17,78,0,12,10,78,0,22,0,78,0,22,0,78,0,22,0,0,75,0,7,18,75,0,19,6,75,0,23,2,75,0,23,2,75,0,10,15,75,0,8,17,75,0,23,2,75,0,25,0,75,0,24,1,0,100,0,0,100,0,100,0,100,0,0,100,0,0,100,0,0,100,0,0,100,0,100,0,0,94,0,6,0,94,0,4,2,94,0,2,4,94,0,6,0,94,0,5,1,94,0,5,1,94,0,5,1,0,0,20,28,33,19,0,3,75,22,0,3,96,1,0,3,96,1,0,3,95,2,0,3,87,10,0,3,95,2,0,3,90,7,0,3,95,2,0,3,80,17,0,3,40,57,28,0,3,69,0,0,13,87,0,0,0,98,0,0,2,98,0,0,2,98,0,0,2,98,0,1,1,98,0,0,2,98,0,0,2,100,0,0,0,100,0,0,0,100,0,0,0,100,0,0,0,100,0,0,0,100,0,0,0,100,0,0,0,100,0,0,0,100,0,0,0,100,0,0,0,100,0,0,0,100,0,0,0,0,1,56,43,0,0,71,29,0,0,60,40,0,0,72,28,0,0,35,65,0,2,14,84,0,0,68,32,32,0,36,15,9,8,0,1,1,6,28,64,0,1,99,0,0,1,26,73,0,0,7,8,11,20,51,3,0,0,8,14,37,41,0,0,8,11,41,40,100,100,100,44,1,9,46,29,1,9,61,40,1,3,56,28,1,4,67,65,1,2,32,86,0,12,2,0,0,2,2,12,19,65,0,0,5,3,8,19,65,0,0,10,28,28,34,0,0,2,3,18,77,0,0,9,15,33,43,76,0,14,10,76,1,3,20,76,1,4,19,0,0,78,22,78,0,10,12,90,0,0,0,2,0,0,1,7,12,0,4,7,8,8,1,5,13,5,1,1,11,5,2,3,14,0,2,28,70,0,0,0,0,0,100,0,0,0,0,0,0,2,63,22,13,0,0,19,34,24,20,3,5.2631578947368425,7.3715822971672615,2,1.0954451150103321,12.642857142857142,5.682959769876234,3.1530612244897958,1.4384416024418922
NZL,New Zealand,3,2021-02-20,2021-02-19,100,1,3927.0018912351893,1,3927.0018912351893,17,100,611173.7789500445,100,0,2,98,0,10,90,0,0,100,0,17,83,0,19,81,0,12,88,0,5,95,0,1,99,0,2,98,0,2,98,0,3,97,0,15,85,0,3,97,0,11,89,98,0,2,0,90,0,5,5,100,0,0,0,83,0,6,11,81,0,6,13,88,0,4,8,95,0,3,2,99,0,1,0,98,0,1,1,98,0,2,0,97,0,0,3,85,0,7,8,97,0,2,1,89,0,2,9,0,0,8,92,92,0,5,3,0,0,28,72,72,0,4,24,96,0,4,0,96,0,4,0,100,0,0,4,1,3,92,0,0,0,100,0,100,0,0,0,0,100,0,0,0,0,0,0,51,27,14,8,0,0,30,62,8,100,0,0,41,48,11,0,0,38,50,12,0,0,16,54,30,0,0,61,34,5,92,5,3,92,7,1,92,8,0,92,7,1,92,5,3,92,7,1,92,8,0,92,8,0,92,7,1,0,86,0,8,6,86,0,13,1,86,0,14,0,86,0,14,0,86,0,4,10,86,0,11,3,86,0,13,1,86,0,14,0,86,0,13,1,0,73,1,16,10,73,1,21,5,73,1,26,0,73,1,25,1,73,1,13,13,73,1,10,16,73,1,26,0,73,1,26,0,73,1,24,2,0,100,0,0,100,0,100,0,100,0,0,100,0,0,100,0,0,100,0,0,100,0,100,0,0,100,0,0,0,100,0,0,0,100,0,0,0,100,0,0,0,100,0,0,0,100,0,0,0,100,0,0,0,0,0,15,25,38,22,0,3,65,32,0,3,95,2,0,3,96,1,0,3,90,7,0,3,82,15,0,3,97,0,0,3,90,7,0,3,95,2,0,3,75,22,0,3,56,41,37,0,1,62,0,0,14,86,0,0,0,97,0,0,3,97,0,1,2,97,0,1,2,97,0,1,2,97,0,0,3,97,0,0,3,100,0,0,0,100,0,0,0,100,0,0,0,100,0,0,0,100,0,0,0,100,0,0,0,100,0,0,0,100,0,0,0,100,0,0,0,100,0,0,0,100,0,0,0,100,0,0,0,0,0,51,49,0,0,84,16,0,2,67,31,0,1,74,25,0,1,45,54,0,3,16,81,0,0,75,25,25,0,22,19,8,26,0,0,0,6,27,67,0,0,100,0,0,0,24,76,0,0,1,8,9,18,61,3,0,0,13,15,26,46,0,1,8,12,34,45,100,100,100,49,0,6,45,16,0,9,75,33,0,6,61,26,0,2,72,55,0,4,41,84,0,10,6,0,0,0,3,6,11,80,0,0,0,3,4,14,79,0,0,10,29,37,24,0,0,3,5,18,74,0,0,8,13,31,48,79,0,15,6,79,2,2,17,79,3,4,14,0,0,82,18,82,0,8,10,92,0,1,0,1,0,1,1,4,10,0,3,2,6,19,3,1,16,6,0,1,10,4,1,3,15,0,0,37,61,0,2,0,0,0,0,100,0,0,0,0,0,2,64,22,12,0,2,18,24,28,23,5,3.56625,2.790078289040356,2.125,0.83452296039628,13.578947368421055,5.489988852774059,3.154639175257732,1.3869946991725117
NZL,New Zealand,4,2021-02-20,2021-02-19,100,0,0,0,0,5,99,604914.4731134711,100,0,2,98,0,7,93,0,2,98,1,13,86,0,11,89,0,12,88,0,3,97,0,0,100,0,4,96,0,1,99,0,4,96,0,12,88,0,1,99,0,8,92,98,1,0,1,93,0,3,4,98,0,0,2,87,0,1,12,89,0,5,6,88,0,2,10,97,0,3,0,100,0,0,0,96,0,3,1,99,0,1,0,96,0,3,1,88,0,3,9,99,0,1,0,92,0,4,4,0,1,4,95,96,0,3,1,0,0,34,66,66,0,4,30,96,0,4,0,96,0,4,0,100,0,0,4,1,4,91,0,1,0,99,0,100,0,0,0,0,100,0,0,0,0,0,0,46,29,14,11,0,3,23,63,11,100,0,1,33,50,16,0,2,32,50,16,0,3,10,51,36,0,0,53,38,9,89,5,6,89,7,4,89,8,3,89,9,2,89,8,3,89,10,1,89,11,0,89,10,1,89,8,3,0,86,0,11,3,86,0,12,2,86,0,12,2,86,0,14,0,86,0,4,10,86,0,12,2,86,0,14,0,86,0,13,1,86,0,11,3,0,71,0,12,17,71,0,22,7,71,0,28,1,71,0,29,0,71,0,13,16,71,0,17,12,71,0,27,2,71,0,29,0,71,0,28,1,0,100,0,0,100,0,100,0,100,0,0,100,0,0,100,0,0,100,0,0,100,0,100,0,0,94,0,6,0,94,0,5,1,94,0,3,3,94,0,5,1,94,0,3,3,94,0,5,1,94,0,4,2,0,1,24,24,30,21,0,4,78,18,0,4,91,5,0,4,94,2,0,4,87,9,0,4,67,29,0,4,95,1,0,4,90,6,0,4,89,7,0,4,74,22,0,4,51,45,39,0,0,61,0,0,15,85,0,0,0,96,1,1,2,96,0,2,2,96,1,0,3,96,1,1,2,96,0,1,3,96,0,1,3,100,0,0,0,100,0,0,0,100,0,0,0,100,0,0,0,100,0,0,0,100,0,0,0,100,0,0,0,100,0,0,0,100,0,0,0,100,0,0,0,100,0,0,0,100,0,0,0,0,3,46,51,0,0,78,22,0,4,59,37,0,2,64,34,0,4,34,62,0,7,11,82,0,0,71,29,29,0,34,17,8,12,0,0,1,5,30,64,0,0,99,1,0,0,27,73,0,0,3,12,15,13,55,2,0,0,8,19,35,38,0,2,4,18,40,36,100,100,100,54,0,9,37,22,0,14,64,41,0,3,56,36,0,2,62,66,0,4,30,89,0,9,2,0,0,2,0,8,9,81,0,0,0,1,10,14,75,0,0,10,26,34,30,0,0,4,7,15,74,0,0,9,16,28,47,75,2,20,3,75,5,7,13,75,3,9,13,0,1,78,21,79,0,7,14,93,1,1,0,0,0,0,0,5,15,0,4,6,2,12,0,1,15,7,0,0,6,5,4,6,17,0,1,39,60,0,0,0,0,0,0,0,100,0,0,0,0,2,50,32,16,0,1,15,25,30,20,9,4.794117647058823,5.860910115304546,1.3333333333333333,0.5773502691896257,11.91578947368421,5.591907446603295,3.020618556701031,1.567770321210581
NZL,New Zealand,5,2021-02-20,2021-02-19,100,0,0,0,0,5,100,486339.71694238286,98,0,1,99,0,10,90,0,5,95,0,12,88,0,9,91,0,16,84,0,5,95,0,2,98,0,2,98,0,0,100,0,6,94,0,13,87,0,0,100,0,12,88,99,0,1,0,90,1,1,8,95,1,0,4,88,0,4,8,91,0,1,8,84,0,3,13,95,0,0,5,98,0,0,2,98,0,2,0,100,0,0,0,94,0,3,3,87,1,3,9,100,0,0,0,88,1,2,9,0,0,5,95,95,0,4,1,0,2,21,77,79,1,3,17,97,0,3,0,97,0,3,0,100,0,0,6,1,0,93,0,1,0,99,0,100,0,0,0,0,100,0,0,0,0,0,0,63,19,7,11,0,1,21,72,6,100,0,2,40,45,13,0,1,50,41,8,0,1,11,58,30,0,1,65,30,4,89,5,6,89,8,3,89,7,4,89,11,0,89,9,2,89,11,0,89,11,0,89,11,0,89,11,0,0,93,0,4,3,93,0,7,0,93,0,7,0,93,0,7,0,93,0,3,4,93,0,7,0,93,0,7,0,93,0,7,0,93,0,6,1,0,81,0,9,10,81,0,12,7,81,0,18,1,81,0,19,0,81,0,11,8,81,0,12,7,81,0,19,0,81,0,19,0,81,0,17,2,0,100,0,0,100,0,100,0,100,0,0,100,0,0,100,0,0,100,0,0,100,0,100,0,0,95,0,5,0,95,0,3,2,95,0,2,3,95,0,4,1,95,0,3,2,95,0,5,0,95,0,4,1,0,1,20,18,32,29,0,0,79,21,0,0,97,3,0,0,94,6,0,0,89,11,0,0,60,40,0,0,96,4,0,0,88,12,0,0,88,12,0,0,78,22,0,0,67,33,40,0,0,60,2,0,16,82,0,0,0,100,0,0,0,100,0,0,0,100,0,0,0,100,0,0,0,100,0,0,0,100,0,0,0,100,0,0,0,100,0,0,0,100,0,0,0,100,0,0,0,100,0,0,0,100,0,0,0,100,0,0,0,100,0,0,0,100,0,0,0,100,0,0,0,100,0,0,0,100,0,0,0,0,3,46,51,0,0,73,27,0,0,64,36,0,1,74,25,0,1,39,60,0,2,9,89,0,1,70,29,30,0,33,19,9,9,0,0,1,4,27,68,0,0,100,0,0,0,26,74,0,0,4,5,10,13,60,8,0,0,14,16,29,41,0,0,8,14,31,47,100,100,100,54,1,7,38,27,2,15,56,36,3,5,56,26,2,7,65,61,1,2,36,91,1,4,4,0,0,1,1,5,5,88,0,0,0,1,7,10,82,0,1,9,25,39,26,0,0,1,3,12,84,0,0,2,10,21,67,88,0,8,4,88,1,2,9,88,0,5,7,0,0,68,32,68,0,10,22,90,0,0,0,1,0,0,1,8,22,0,4,2,2,6,1,3,15,7,0,2,4,7,4,7,14,0,1,39,60,0,0,0,0,0,0,0,0,100,0,0,2,4,44,29,21,2,2,21,23,35,11,6,5.888888888888889,7.700752385422305,1,0,12.41304347826087,4.948420047360757,2.276595744680851,1.1768762674125526
NZL,New Zealand,6,2021-02-20,2021-02-19,100,0,0,0,0,7,99,542696.4138564026,89,1,1,98,1,14,85,0,3,97,1,19,80,0,15,85,0,15,85,0,5,95,0,5,95,1,4,95,0,0,100,1,2,97,0,12,88,0,3,97,1,3,96,99,0,0,1,86,0,5,9,97,0,1,2,81,0,7,12,85,0,7,8,85,0,4,11,95,0,1,4,95,0,0,5,96,0,3,1,100,0,0,0,98,0,1,1,88,0,3,9,97,0,1,2,97,0,0,3,0,1,4,95,96,0,1,3,0,2,21,77,79,0,2,19,98,0,2,0,98,1,1,0,99,0,1,4,1,0,95,0,1,1,98,0,99,1,0,0,0,99,0,0,1,0,1,0,71,21,5,2,1,7,42,47,3,100,1,5,43,41,10,1,8,50,36,5,1,5,15,56,23,1,5,70,23,1,98,2,0,98,2,0,98,2,0,98,0,2,98,1,1,98,2,0,98,2,0,98,2,0,98,2,0,0,95,0,1,4,95,0,3,2,95,0,4,1,95,0,4,1,95,0,0,5,95,0,2,3,95,0,5,0,95,0,5,0,95,0,5,0,0,79,0,11,10,79,0,17,4,79,0,20,1,79,0,21,0,79,0,12,9,79,0,13,8,79,0,20,1,79,0,21,0,79,0,21,0,0,100,0,0,100,0,100,0,100,0,0,100,0,0,100,0,0,100,0,0,100,0,100,0,0,98,0,2,0,98,0,1,1,98,0,1,1,98,0,2,0,98,0,2,0,98,0,2,0,98,0,1,1,0,1,14,22,37,26,0,2,75,23,0,2,88,10,0,2,92,6,0,2,88,10,0,2,53,45,0,2,98,0,0,2,89,9,0,2,78,20,0,2,86,12,0,2,71,27,44,2,0,54,9,2,7,82,0,0,0,100,0,0,0,100,0,0,0,100,0,0,0,100,0,0,0,100,0,0,0,100,0,0,0,100,0,0,0,100,0,0,0,100,0,0,0,100,0,0,0,100,0,0,0,100,0,0,0,100,0,0,0,100,0,0,0,100,0,0,0,100,0,0,0,100,0,0,0,100,0,0,0,0,2,21,77,0,0,67,33,0,2,49,49,0,1,60,39,0,3,32,65,0,4,11,85,0,0,75,25,25,0,45,13,7,10,0,4,0,4,28,64,0,3,97,0,0,2,22,76,0,0,9,7,12,14,57,1,0,0,23,16,33,28,0,2,4,18,37,39,100,100,100,79,0,3,18,33,3,15,49,51,2,5,42,40,1,6,53,68,1,6,25,89,0,10,1,0,0,1,1,3,8,87,0,1,0,2,1,11,85,0,1,5,27,39,28,0,0,0,3,8,89,0,0,3,7,23,67,90,1,5,4,90,2,3,5,90,1,5,4,0,2,36,62,38,1,6,55,94,0,0,1,0,1,0,0,4,58,0,5,4,0,5,3,3,7,1,0,3,2,1,1,0,7,0,0,38,62,0,0,0,0,0,0,0,0,0,100,0,9,4,35,29,23,9,4,18,16,32,18,3,6.128205128205129,8.088912122481995,2.5,2.1213203435596424,12.08421052631579,4.746024445819211,2.2325581395348837,1.1342208375553384
NZL,New Zealand,7,2021-02-20,2021-02-16,100,0,0,0,0,3,99,479738.9291891692,97,2,0,98,1,8,91,1,5,94,1,13,86,3,6,91,1,18,81,2,3,95,1,2,97,2,1,97,2,2,96,1,1,98,2,5,93,2,0,98,2,4,94,100,0,0,0,92,0,0,8,95,0,0,5,87,0,4,9,94,0,1,5,82,0,6,12,97,0,2,1,98,0,1,1,99,0,0,1,98,0,0,2,99,0,0,1,95,0,1,4,100,0,0,0,96,0,1,3,0,1,3,96,97,0,2,1,0,2,16,82,84,0,2,14,98,0,2,0,98,0,2,0,100,0,0,4,2,0,94,0,0,0,99,1,100,0,0,0,0,100,0,0,0,0,0,0,64,19,13,4,0,9,33,48,10,100,0,10,47,36,7,0,8,50,34,8,0,11,15,47,27,0,3,68,24,5,96,1,3,96,2,2,96,2,2,96,3,1,96,2,2,96,4,0,96,3,1,96,4,0,96,4,0,0,87,0,3,10,87,0,9,4,87,0,13,0,87,0,11,2,87,0,3,10,87,0,9,4,87,0,13,0,87,0,13,0,87,0,13,0,0,81,0,12,7,81,0,17,2,81,0,19,0,81,0,18,1,81,0,9,10,81,0,12,7,81,0,19,0,81,0,19,0,81,0,17,2,0,100,0,0,100,0,100,0,100,0,0,100,0,0,100,0,0,100,0,0,100,0,100,0,0,98,0,2,0,98,0,0,2,98,0,2,0,98,0,1,1,98,0,1,1,98,0,1,1,98,0,2,0,0,2,14,20,31,33,0,0,87,13,0,0,92,8,0,0,88,12,0,0,86,14,0,0,51,49,0,0,95,5,0,0,93,7,0,0,71,29,0,0,88,12,0,0,78,22,41,1,0,58,1,2,4,93,0,0,0,100,0,0,0,100,0,0,0,100,0,0,0,100,0,0,0,100,0,0,0,100,0,0,0,100,0,0,0,100,0,0,0,100,0,0,0,100,0,0,0,100,0,0,0,100,0,0,0,100,0,0,0,100,0,0,0,100,0,0,0,100,0,0,0,100,0,0,0,100,0,0,0,0,6,19,75,0,2,58,40,0,4,38,58,0,3,55,42,0,2,26,72,0,6,8,86,0,1,64,35,36,0,34,12,8,10,0,1,0,2,43,54,0,1,98,1,0,4,24,72,0,2,3,4,6,14,64,7,0,0,26,25,24,25,0,5,6,21,34,34,100,100,100,81,1,5,13,42,1,12,45,62,0,5,33,45,0,11,44,74,0,6,20,92,0,5,3,0,2,2,1,2,7,86,0,1,0,0,4,11,84,0,0,11,23,35,31,0,1,1,1,7,90,0,0,2,6,20,72,92,3,2,3,92,3,4,1,92,1,5,2,0,0,15,85,15,1,5,79,95,0,0,1,2,0,0,1,1,80,0,2,1,1,3,0,0,4,0,0,0,0,0,0,3,6,0,4,40,55,1,0,0,0,0,0,0,0,0,0,100,1,9,48,28,14,1,4,21,33,35,5,1,7.242424242424242,10.155141256496334,1,0,11.627659574468085,4.181330864311366,1.752808988764045,0.8157664950607731
NZL,New Zealand,-99,2021-02-21,2021-02-21,109,1,10228.9805233038,1,10228.9805233038,7,94,687146.6519506786,0,1,3,105,1,18,90,1,3,105,1,21,87,1,22,86,1,23,85,1,10,98,1,2,106,1,5,103,1,3,105,1,9,99,1,21,87,1,2,106,1,11,97,106,1,1,1,91,2,3,13,106,1,1,1,88,2,3,16,87,1,8,13,86,2,4,17,99,2,3,5,107,1,0,1,104,1,0,4,106,1,2,0,100,0,3,6,88,2,2,17,107,0,0,2,98,2,2,7,15,0,4,90,106,0,2,1,19,0,30,60,79,1,3,26,106,0,3,0,106,1,2,0,108,1,0,25,1,6,77,22,4,1,80,2,109,0,0,0,0,109,0,0,0,0,25,0,32,33,10,9,38,1,26,31,13,109,38,2,31,27,11,38,1,28,31,11,38,3,12,31,25,38,1,41,23,6,101,4,4,101,7,1,101,6,2,101,8,0,101,6,2,101,6,2,101,8,0,101,7,1,101,6,2,0,101,0,4,4,101,0,5,3,101,0,7,1,101,0,7,1,101,0,4,4,101,0,2,6,101,0,8,0,101,0,8,0,101,0,8,0,0,79,0,20,10,79,0,23,7,79,0,29,1,79,0,30,0,79,0,16,14,79,0,14,16,79,0,27,3,79,0,30,0,79,0,26,4,0,109,0,0,109,0,109,0,109,0,0,109,0,0,109,0,0,109,0,0,109,0,109,0,0,105,0,4,0,105,0,2,2,105,0,3,1,105,0,3,1,105,0,4,0,105,0,4,0,105,0,2,2,39,2,21,21,10,16,45,3,50,11,45,3,59,2,45,3,58,3,45,3,51,10,45,3,45,16,45,3,60,1,45,3,56,5,45,3,58,3,45,3,51,10,45,3,30,31,109,0,0,0,109,0,0,0,0,0,0,104,2,1,2,104,0,3,2,104,2,1,2,104,3,1,1,104,3,0,2,104,2,1,2,109,0,0,0,109,0,0,0,109,0,0,0,109,0,0,0,109,0,0,0,109,0,0,0,109,0,0,0,109,0,0,0,109,0,0,0,109,0,0,0,109,0,0,0,109,0,0,0,50,2,29,28,50,0,40,19,50,2,35,22,50,2,38,19,50,2,26,31,50,3,10,46,59,0,33,17,76,0,19,6,4,4,62,0,1,5,14,27,62,0,47,0,69,0,8,32,69,0,3,4,7,4,21,1,69,0,9,12,14,5,71,2,2,15,9,10,109,109,109,84,1,7,17,74,2,9,24,78,3,6,22,76,1,7,25,88,2,5,14,101,1,7,0,79,0,1,0,6,3,20,79,0,1,2,3,3,21,88,0,4,8,4,5,88,0,1,1,5,14,88,0,4,5,3,9,102,0,6,1,102,0,2,5,102,0,3,4,92,1,6,10,99,0,6,4,106,0,1,0,0,1,0,1,0,100,0,0,0,2,1,0,0,2,0,0,0,1,0,1,0,2,109,0,0,0,0,0,109,0,0,0,0,0,0,0,0,109,0,0,0,0,109,0,0,0,0,0,0,5.073170731707317,6.805843973756815,2,1,0,0,0,0
NZL,New Zealand,1,2021-02-21,2021-02-19,100,2,12671.778127176338,1,3127.4766210650896,6,100,730839.0512461616,97,0,2,98,0,14,86,0,3,97,0,27,73,0,27,73,0,16,84,0,12,88,0,3,97,0,13,87,0,0,100,0,7,93,0,28,72,0,1,99,0,18,82,98,0,1,1,86,0,5,9,97,0,0,3,73,0,2,25,73,0,7,20,84,0,4,12,88,0,8,4,97,0,1,2,87,0,3,10,100,0,0,0,93,0,2,5,72,0,6,22,99,0,1,0,82,0,5,13,0,0,5,95,95,0,4,1,0,0,39,61,61,0,8,31,92,0,8,0,92,0,7,1,100,0,0,8,0,3,89,0,0,1,99,0,99,0,1,0,0,99,0,0,1,0,1,0,46,33,10,10,1,1,45,45,8,100,1,1,44,44,10,1,1,50,41,7,1,0,10,56,33,1,1,61,32,5,90,0,10,90,2,8,90,6,4,90,8,2,90,5,5,90,9,1,90,10,0,90,9,1,90,10,0,0,90,0,4,6,90,0,8,2,90,0,8,2,90,0,8,2,90,0,6,4,90,0,7,3,90,0,9,1,90,0,10,0,90,0,9,1,0,67,0,15,18,67,0,20,13,67,0,31,2,67,0,32,1,67,0,16,17,67,0,11,22,67,0,30,3,67,0,33,0,67,0,31,2,0,100,0,0,100,0,100,0,100,0,0,100,0,0,100,0,0,100,0,0,100,0,100,0,0,92,0,8,0,92,0,3,5,92,0,3,5,92,0,6,2,92,0,7,1,92,0,6,2,92,0,8,0,0,0,21,20,37,22,0,3,72,25,0,3,97,0,0,3,96,1,0,3,95,2,0,3,96,1,0,3,96,1,0,3,91,6,0,3,95,2,0,3,89,8,0,3,33,64,37,0,4,59,3,0,13,84,0,0,0,97,0,0,3,97,0,0,3,97,0,1,2,97,0,2,1,97,0,0,3,97,0,0,3,100,0,0,0,100,0,0,0,100,0,0,0,100,0,0,0,100,0,0,0,100,0,0,0,100,0,0,0,100,0,0,0,100,0,0,0,100,0,0,0,100,0,0,0,100,0,0,0,0,2,59,39,0,1,71,28,0,1,71,28,0,0,75,25,0,1,52,47,0,2,19,79,0,0,78,22,22,0,29,15,15,19,0,0,3,13,45,39,0,0,99,1,0,0,15,85,0,0,3,10,16,16,52,3,0,0,9,19,35,37,0,1,6,18,31,44,100,100,100,41,1,12,46,29,0,11,60,29,0,7,64,25,0,5,70,48,0,4,48,81,0,11,8,0,0,1,5,16,21,57,0,0,3,7,18,20,52,0,3,11,23,32,31,0,0,0,8,15,77,0,0,5,20,29,46,75,0,16,9,75,2,1,22,75,2,6,17,0,0,62,38,62,0,14,24,86,0,1,1,2,1,0,0,9,24,0,4,16,2,6,0,2,5,0,1,4,4,4,3,1,24,0,3,34,61,0,2,0,0,100,0,0,0,0,0,0,3,1,51,32,13,3,0,12,16,37,17,15,3.65,4.185629167212944,1.2,0.44721359549995787,11.423529411764706,5.585645869182038,3.6847826086956523,1.5185978772082
NZL,New Zealand,2,2021-02-21,2021-02-20,100,2,9514.97395981069,1,5163.43977829575,9,100,645788.4272713796,99,0,3,97,0,15,85,0,4,96,0,23,77,0,20,80,0,20,80,0,9,91,0,1,99,0,9,91,0,2,98,0,2,98,0,23,77,0,2,98,0,16,84,97,1,2,0,85,0,8,7,96,0,1,3,77,0,3,20,80,0,7,13,80,0,4,16,91,0,7,2,99,0,0,1,91,0,5,4,98,0,2,0,98,0,1,1,77,0,5,18,98,0,1,1,84,0,3,13,0,0,5,95,95,0,5,0,0,0,37,63,63,0,6,31,94,0,4,2,94,0,6,0,100,0,0,6,0,0,94,0,1,1,98,0,99,0,1,0,0,99,0,0,0,1,1,0,43,28,21,7,1,0,37,56,6,100,1,1,49,42,7,1,1,41,48,9,1,0,12,57,30,1,0,60,36,3,93,5,2,93,7,0,93,4,3,93,3,4,93,5,2,93,5,2,93,7,0,93,7,0,93,7,0,0,79,0,13,8,79,0,16,5,79,0,20,1,79,0,20,1,79,0,4,17,79,0,8,13,79,0,21,0,79,0,21,0,79,0,21,0,0,72,0,8,20,72,0,19,9,72,0,26,2,72,0,25,3,72,0,11,17,72,0,9,19,72,0,27,1,72,0,28,0,72,0,26,2,0,99,0,1,99,1,99,1,99,1,0,99,1,0,99,0,1,99,0,1,99,1,99,1,0,94,0,6,0,94,0,4,2,94,0,2,4,94,0,5,1,94,0,4,2,94,0,6,0,94,0,5,1,0,0,19,25,34,22,0,2,76,22,0,2,98,0,0,2,98,0,0,2,96,2,0,2,90,8,0,2,97,1,0,2,90,8,0,2,95,3,0,2,84,14,0,2,38,60,30,0,7,63,1,0,12,87,0,0,0,100,0,0,0,100,0,0,0,100,0,0,0,100,0,0,0,100,0,0,0,100,0,0,0,100,0,0,0,100,0,0,0,100,0,0,0,100,0,0,0,100,0,0,0,100,0,0,0,100,0,0,0,100,0,0,0,100,0,0,0,100,0,0,0,100,0,0,0,100,0,0,0,0,2,43,55,0,1,76,23,0,2,59,39,0,1,69,30,0,2,46,52,0,3,14,83,0,0,64,36,36,0,27,13,10,14,0,0,3,9,23,65,0,0,100,0,0,0,23,77,0,0,4,6,11,24,55,0,0,0,6,15,42,37,0,0,6,14,37,43,100,100,100,57,0,4,39,24,0,6,70,41,0,3,56,31,0,4,65,54,0,2,44,86,0,12,2,0,0,1,3,7,13,76,0,0,2,3,13,15,67,0,1,11,24,32,32,0,1,2,3,16,78,0,1,7,10,35,47,83,0,9,8,83,0,3,14,83,0,3,14,0,1,72,27,73,0,13,14,87,0,0,1,2,0,0,2,8,15,0,1,6,8,7,2,9,15,3,2,0,7,5,1,4,15,0,2,30,67,0,1,0,0,0,100,0,0,0,0,0,1,2,63,25,9,1,0,19,28,32,16,4,6.453703703703703,8.274915788500719,1.8000000000000003,0.8366600265340757,12.455555555555556,5.601787658309534,3.3333333333333335,1.4485322274754842
NZL,New Zealand,3,2021-02-21,2021-02-20,100,1,3927.0018912351893,1,3927.0018912351893,11,100,560473.3045873693,98,0,1,99,0,4,96,0,1,99,0,16,84,0,9,91,0,15,85,0,4,96,0,3,97,0,4,96,0,0,100,0,8,92,0,17,83,0,1,99,0,10,90,99,0,1,0,96,0,3,1,99,0,0,1,84,1,3,12,91,1,3,5,85,1,3,11,96,0,4,0,97,0,2,1,96,0,1,3,100,0,0,0,92,1,4,3,83,1,5,11,99,0,1,0,90,1,2,7,0,0,8,92,92,0,8,0,0,0,33,67,67,0,6,27,94,0,6,0,94,0,6,0,100,0,0,6,0,2,92,0,0,0,99,1,100,0,0,0,0,100,0,0,0,0,0,0,50,23,19,8,0,1,29,64,6,100,0,1,38,50,11,0,2,40,50,8,0,0,13,56,31,0,1,57,38,4,92,2,6,92,4,4,92,7,1,92,8,0,92,4,4,92,7,1,92,8,0,92,8,0,92,8,0,0,81,0,10,9,81,0,14,5,81,0,16,3,81,0,18,1,81,0,6,13,81,0,9,10,81,0,17,2,81,0,19,0,81,0,19,0,0,77,0,11,12,77,0,20,3,77,0,21,2,77,0,22,1,77,0,9,14,77,0,10,13,77,0,23,0,77,0,23,0,77,0,23,0,0,100,0,0,100,0,100,0,100,0,0,100,0,0,100,0,0,100,0,0,100,0,100,0,0,94,0,6,0,94,0,3,3,94,0,0,6,94,0,4,2,94,0,6,0,94,0,6,0,94,0,5,1,0,0,22,19,39,20,0,3,68,29,0,3,94,3,0,3,97,0,0,3,89,8,0,3,81,16,0,3,97,0,0,3,90,7,0,3,94,3,0,3,75,22,0,3,53,44,34,0,1,65,2,0,11,87,0,0,0,98,1,0,1,98,1,0,1,98,1,0,1,98,1,0,1,98,0,1,1,98,1,0,1,100,0,0,0,100,0,0,0,100,0,0,0,100,0,0,0,100,0,0,0,100,0,0,0,100,0,0,0,100,0,0,0,100,0,0,0,100,0,0,0,100,0,0,0,100,0,0,0,0,2,46,52,0,3,81,16,0,3,63,34,0,2,78,20,0,3,45,52,0,3,9,88,0,0,77,23,23,0,33,19,7,18,0,0,0,5,28,67,0,0,100,0,0,0,28,72,0,0,5,5,8,14,63,5,0,0,9,21,31,39,0,0,7,16,35,42,100,100,100,54,0,6,40,19,1,9,71,37,1,2,60,22,1,1,76,55,0,2,43,91,0,2,7,0,0,0,2,6,10,82,0,0,1,1,6,14,78,0,0,11,27,30,32,0,0,2,3,11,84,0,0,4,13,37,46,83,0,11,6,83,1,4,12,83,1,4,12,0,0,83,17,83,0,10,7,90,1,1,0,2,0,1,1,4,7,0,3,2,8,9,3,3,15,9,0,2,12,3,1,4,19,0,3,33,61,0,3,0,0,0,0,100,0,0,0,0,1,1,55,31,12,1,0,15,15,36,25,8,5,5.632248416238601,1.375,0.7440238091428449,12.797872340425531,5.8742737592473135,3.536082474226804,1.399864991035617
NZL,New Zealand,4,2021-02-21,2021-02-20,100,0,0,0,0,4,100,555560.9828545805,99,0,0,100,0,3,97,0,5,95,0,20,80,0,9,91,0,13,87,0,3,97,0,1,99,0,2,98,0,1,99,0,2,98,0,11,89,0,1,99,0,12,88,100,0,0,0,97,0,2,1,95,0,2,3,80,1,6,13,91,0,1,8,87,0,5,8,97,0,3,0,99,0,0,1,98,0,0,2,99,0,1,0,98,0,1,1,89,1,3,7,99,0,1,0,88,2,4,6,0,0,3,97,97,0,3,0,0,1,26,73,74,0,2,24,98,0,2,0,98,0,2,0,100,0,0,3,1,2,94,0,0,1,99,0,99,0,1,0,0,99,0,0,1,0,1,0,50,29,15,5,1,1,24,66,8,100,1,1,38,48,12,1,2,33,53,11,1,1,13,56,29,1,0,55,42,2,95,2,3,95,2,3,95,2,3,95,2,3,95,2,3,95,2,3,95,5,0,95,4,1,95,5,0,0,85,0,8,7,85,0,9,6,85,0,14,1,85,0,14,1,85,0,5,10,85,0,9,6,85,0,15,0,85,0,15,0,85,0,15,0,0,71,0,16,13,71,0,24,5,71,0,28,1,71,0,28,1,71,0,16,13,71,0,11,18,71,0,27,2,71,0,29,0,71,0,25,4,0,100,0,0,100,0,100,0,100,0,0,100,0,0,100,0,0,100,0,0,100,0,100,0,0,95,0,5,0,95,0,1,4,95,0,1,4,95,0,2,3,95,0,5,0,95,0,4,1,95,0,4,1,0,1,22,25,28,24,0,4,79,17,0,4,92,4,0,4,93,3,0,4,86,10,0,4,77,19,0,4,95,1,0,4,90,6,0,4,93,3,0,4,77,19,0,4,44,52,32,0,1,67,1,1,12,86,0,0,0,98,1,1,0,98,0,1,1,98,1,0,1,98,1,1,0,98,0,2,0,98,0,0,2,100,0,0,0,100,0,0,0,100,0,0,0,100,0,0,0,100,0,0,0,100,0,0,0,100,0,0,0,100,0,0,0,100,0,0,0,100,0,0,0,100,0,0,0,100,0,0,0,0,5,39,56,0,4,70,26,0,2,59,39,0,4,64,32,0,6,28,66,0,6,10,84,0,0,65,35,35,0,29,14,8,14,0,1,0,6,26,67,0,0,100,0,0,3,26,71,0,0,6,8,10,13,59,4,0,0,18,17,26,39,0,1,12,13,31,43,100,100,100,61,0,6,33,30,1,11,58,41,1,5,53,36,0,6,58,72,1,3,24,90,0,8,2,0,0,3,2,5,12,78,0,0,2,2,4,15,77,0,0,10,27,32,31,0,0,4,3,19,74,0,0,8,14,28,50,78,1,19,2,78,3,3,16,78,2,7,13,0,1,71,28,72,0,7,21,93,0,0,0,2,0,0,0,5,22,0,3,6,4,15,0,7,13,4,0,2,5,3,1,2,13,0,4,31,65,0,0,0,0,0,0,0,100,0,0,0,0,7,48,27,18,0,3,13,24,28,24,8,3.728571428571428,5.582723951861588,1.3333333333333333,0.5773502691896257,12.79891304347826,5.393860868550332,2.881720430107527,1.4130560649635413
NZL,New Zealand,5,2021-02-21,2021-02-20,100,0,0,0,0,3,100,474777.6808942161,96,1,1,98,1,14,85,1,4,95,1,13,86,1,11,88,1,13,86,1,4,95,1,0,99,1,0,99,1,0,99,1,1,98,1,11,88,1,0,99,1,7,92,99,0,0,1,86,0,4,10,96,0,1,3,87,0,1,12,89,0,0,11,87,0,0,13,96,0,0,4,100,0,0,0,100,0,0,0,100,0,0,0,99,0,1,0,89,0,1,10,100,0,0,0,93,0,1,6,0,0,3,97,97,0,3,0,0,2,25,73,75,1,6,18,94,0,5,1,94,0,6,0,100,0,0,9,1,2,88,0,3,0,97,0,100,0,0,0,0,100,0,0,0,0,0,0,51,28,14,7,0,3,29,58,10,100,0,5,31,49,15,0,3,36,43,18,0,4,9,55,32,0,1,63,29,7,93,1,6,93,4,3,93,5,2,93,6,1,93,5,2,93,6,1,93,7,0,93,7,0,93,7,0,0,86,0,5,9,86,0,10,4,86,0,12,2,86,0,13,1,86,0,5,9,86,0,7,7,86,0,13,1,86,0,14,0,86,0,13,1,0,72,0,20,8,72,0,23,5,72,0,27,1,72,0,28,0,72,0,19,9,72,0,12,16,72,0,28,0,72,0,28,0,72,0,27,1,0,100,0,0,100,0,100,0,100,0,0,100,0,0,100,0,0,100,0,0,100,0,100,0,0,95,0,5,0,95,0,2,3,95,0,3,2,95,0,5,0,95,0,4,1,95,0,4,1,95,0,4,1,0,0,19,19,32,30,0,1,78,21,0,1,94,5,0,1,93,6,0,1,90,9,0,1,60,39,0,1,98,1,0,1,93,6,0,1,92,7,0,1,83,16,0,1,60,39,33,0,1,66,3,0,17,80,0,0,0,98,0,0,2,98,0,0,2,98,0,0,2,98,0,0,2,98,0,0,2,98,0,1,1,100,0,0,0,100,0,0,0,100,0,0,0,100,0,0,0,100,0,0,0,100,0,0,0,100,0,0,0,100,0,0,0,100,0,0,0,100,0,0,0,100,0,0,0,100,0,0,0,0,1,38,61,0,1,77,22,0,2,55,43,0,0,78,22,0,2,33,65,0,2,11,87,0,0,77,23,23,0,34,19,9,15,0,1,1,7,24,67,0,1,99,0,0,1,21,78,0,0,7,2,14,12,62,3,0,0,13,22,33,32,0,0,7,18,35,40,100,100,100,62,0,3,35,23,0,10,67,45,1,6,48,22,0,6,72,67,0,4,29,89,0,8,3,0,0,1,1,0,7,91,0,0,1,2,5,10,82,0,0,9,23,32,36,0,0,4,4,10,82,0,0,4,16,16,64,80,2,11,7,80,6,1,13,80,5,6,9,0,1,64,35,65,0,10,25,90,0,2,0,0,0,0,1,7,26,0,0,3,4,8,3,4,10,3,0,1,7,4,3,7,17,0,3,30,65,0,2,0,0,0,0,0,0,100,0,0,2,5,42,32,19,2,2,22,21,34,14,5,5.363636363636363,5.851379013842495,1,0,11.873684210526315,5.028095754904904,2.393617021276596,1.28864424135695
NZL,New Zealand,6,2021-02-21,2021-02-20,100,1,3606.98316101886,1,3606.98316101886,8,100,510252.67513819714,94,1,4,95,1,12,87,0,2,98,1,13,86,0,10,90,0,13,87,0,4,96,0,4,96,1,2,97,0,0,100,1,4,95,0,12,88,0,2,98,0,6,94,96,0,1,3,88,1,2,9,98,0,0,2,87,1,4,8,90,0,2,8,87,0,4,9,96,1,2,1,96,0,0,4,98,0,1,1,100,0,0,0,96,1,1,2,88,1,5,6,98,0,0,2,94,0,2,4,0,0,4,96,96,0,2,2,0,1,21,78,79,0,1,20,99,0,1,0,99,0,1,0,100,0,0,2,0,0,98,0,5,0,94,1,100,0,0,0,0,100,0,0,0,0,0,0,61,28,7,4,0,8,38,46,8,100,0,8,39,45,8,0,8,43,41,8,0,8,16,50,26,0,0,71,25,4,96,3,1,96,4,0,96,3,1,96,3,1,96,3,1,96,4,0,96,4,0,96,4,0,96,2,2,0,93,0,4,3,93,0,3,4,93,0,5,2,93,0,7,0,93,0,3,4,93,0,5,2,93,0,7,0,93,0,7,0,93,0,7,0,0,72,0,14,14,72,0,22,6,72,0,28,0,72,0,28,0,72,0,14,14,72,0,20,8,72,0,28,0,72,0,28,0,72,0,26,2,0,100,0,0,100,0,100,0,100,0,0,100,0,0,100,0,0,100,0,0,100,0,100,0,0,97,0,3,0,97,0,1,2,97,0,2,1,97,0,2,1,97,0,3,0,97,0,3,0,97,0,3,0,0,0,13,29,26,32,0,2,75,23,0,2,90,8,0,2,86,12,0,2,88,10,0,2,55,43,0,2,93,5,0,2,87,11,0,2,80,18,0,2,86,12,0,2,67,31,39,1,1,59,6,1,5,88,0,0,0,100,0,0,0,100,0,0,0,100,0,0,0,100,0,0,0,100,0,0,0,100,0,0,0,100,0,0,0,100,0,0,0,100,0,0,0,100,0,0,0,100,0,0,0,100,0,0,0,100,0,0,0,100,0,0,0,100,0,0,0,100,0,0,0,100,0,0,0,100,0,0,0,0,2,25,73,0,3,64,33,0,1,51,48,0,3,63,34,0,4,32,64,0,6,13,81,0,1,67,32,33,0,41,12,8,6,0,2,0,4,28,66,0,1,99,0,0,2,23,75,0,0,9,5,8,11,64,3,0,1,18,27,33,21,0,0,4,21,31,44,100,100,100,75,3,2,20,36,4,16,44,49,4,7,40,37,1,12,50,68,1,3,28,87,1,8,4,0,0,0,0,5,7,88,0,1,0,1,5,14,79,0,2,10,20,31,37,0,1,1,3,10,85,0,0,3,9,27,61,88,1,8,3,88,5,3,4,88,4,5,3,0,1,30,69,31,0,11,58,89,0,0,0,0,2,1,1,7,59,0,7,6,0,2,1,2,6,3,0,3,3,1,0,1,6,0,1,34,65,0,0,0,0,0,0,0,0,0,100,0,3,8,38,32,19,3,5,14,23,32,20,3,6.25,9.472893659580174,2.3333333333333335,0.5773502691896257,11.75,5.030433694811486,2.303370786516854,1.2649514397975778
NZL,New Zealand,7,2021-02-21,2021-02-17,100,0,0,0,0,4,99,510572.46782455343,98,3,0,97,3,7,90,2,6,92,2,16,82,3,7,90,1,20,79,3,3,94,2,3,95,3,0,97,3,1,96,2,2,96,3,6,91,3,0,97,3,5,92,100,0,0,0,93,0,0,7,94,0,0,6,84,0,4,12,93,0,1,6,80,0,5,15,97,0,2,1,97,0,1,2,100,0,0,0,99,0,0,1,98,0,0,2,94,0,1,5,100,0,0,0,95,0,1,4,0,1,4,95,96,0,2,2,0,3,18,79,82,0,2,16,98,0,2,0,98,0,2,0,100,0,0,5,3,0,92,0,0,0,99,1,100,0,0,0,0,100,0,0,0,0,0,0,64,20,13,3,0,10,35,44,11,100,0,9,47,34,10,0,8,51,31,10,0,12,16,42,30,0,2,71,22,5,97,1,2,97,1,2,97,1,2,97,2,1,97,1,2,97,3,0,97,2,1,97,3,0,97,3,0,0,87,0,5,8,87,0,10,3,87,0,13,0,87,0,12,1,87,0,5,8,87,0,6,7,87,0,13,0,87,0,13,0,87,0,13,0,0,80,0,11,9,80,0,16,4,80,0,20,0,80,0,19,1,80,0,11,9,80,0,12,8,80,0,20,0,80,0,20,0,80,0,18,2,0,100,0,0,100,0,100,0,100,0,0,100,0,0,100,0,0,100,0,0,100,0,100,0,0,98,0,2,0,98,0,0,2,98,0,2,0,98,0,1,1,98,0,1,1,98,0,1,1,98,0,2,0,0,3,13,20,32,32,0,0,87,13,0,0,91,9,0,0,88,12,0,0,91,9,0,0,50,50,0,0,98,2,0,0,93,7,0,0,70,30,0,0,88,12,0,0,76,24,40,1,0,59,2,2,4,92,0,0,0,100,0,0,0,100,0,0,0,100,0,0,0,100,0,0,0,100,0,0,0,100,0,0,0,100,0,0,0,100,0,0,0,100,0,0,0,100,0,0,0,100,0,0,0,100,0,0,0,100,0,0,0,100,0,0,0,100,0,0,0,100,0,0,0,100,0,0,0,100,0,0,0,0,5,21,74,0,1,57,42,0,4,32,64,0,3,56,41,0,2,27,71,0,6,6,88,0,1,62,37,38,0,33,10,8,11,0,1,0,1,48,50,0,0,99,1,0,3,26,71,0,2,3,3,5,16,65,6,0,0,25,27,25,23,0,3,5,19,39,34,100,100,100,79,1,5,15,43,1,11,45,68,0,5,27,44,0,11,45,73,0,7,20,94,0,4,2,0,2,1,1,2,7,87,0,1,0,1,4,11,83,0,1,12,22,34,31,0,1,1,1,7,90,0,0,2,4,23,71,94,2,2,2,94,2,2,2,94,1,4,1,0,1,16,83,17,1,6,76,94,0,0,0,4,0,0,1,1,78,0,2,0,3,2,0,2,4,1,0,0,0,0,0,3,5,0,4,38,57,1,0,0,0,0,0,0,0,0,0,100,2,8,46,28,16,2,3,26,31,33,5,0,6.228571428571429,8.931391151391797,0.75,0.5,12.117021276595745,4.216854004879369,1.7777777777777777,0.7611017705396577
NZL,New Zealand,-99,2021-02-22,2021-02-22,105,0,0,0,0,7,81,639535.007736471,0,4,0,101,1,22,82,3,8,94,3,18,84,2,18,85,4,23,78,3,5,97,3,2,100,3,4,98,2,2,101,2,4,99,3,15,87,3,1,101,2,12,91,105,0,0,0,83,2,6,14,97,2,4,2,87,2,2,14,87,1,6,11,82,1,7,15,100,0,2,3,103,0,1,1,101,1,0,3,103,0,2,0,101,0,1,3,90,0,4,11,104,0,0,1,93,0,5,7,22,2,4,77,101,0,4,0,23,3,30,49,75,1,5,24,100,0,5,0,100,0,4,1,105,0,0,34,0,5,66,26,4,2,72,1,103,1,1,0,0,104,1,0,0,0,33,1,32,15,10,14,43,1,20,32,9,17,43,3,23,26,10,43,1,24,26,11,43,1,11,29,21,43,1,30,25,6,93,6,6,93,5,7,93,5,7,93,9,3,93,6,6,93,9,3,93,11,1,93,9,3,93,11,1,0,95,1,6,3,95,1,7,2,95,1,9,0,95,1,9,0,95,1,7,2,95,1,6,3,95,1,9,0,95,1,9,0,95,1,6,3,0,91,0,8,6,91,0,11,3,91,0,13,1,91,0,14,0,91,0,5,9,91,0,6,8,91,0,14,0,91,0,14,0,91,0,14,0,0,105,0,0,105,0,105,0,105,0,0,105,0,0,105,0,0,105,0,0,105,0,105,0,0,98,0,7,0,98,0,5,2,98,0,4,3,98,0,6,1,98,0,6,1,98,0,5,2,98,0,5,2,44,1,19,14,14,13,48,5,40,12,48,5,51,1,48,5,50,2,48,5,49,3,48,5,44,8,48,5,49,3,48,5,46,6,48,5,48,4,48,5,46,6,48,5,30,22,105,0,0,0,105,0,0,0,0,0,0,100,2,2,1,100,3,0,2,100,3,1,1,100,2,2,1,100,3,1,1,100,2,2,1,105,0,0,0,105,0,0,0,105,0,0,0,105,0,0,0,105,0,0,0,105,0,0,0,105,0,0,0,105,0,0,0,105,0,0,0,105,0,0,0,105,0,0,0,105,0,0,0,53,6,23,23,53,3,39,10,53,4,28,20,53,3,31,18,53,3,16,33,53,4,8,40,57,2,28,18,77,1,11,5,5,6,63,0,0,1,11,30,63,0,42,0,76,0,11,18,76,0,1,2,9,4,12,1,76,0,6,3,8,12,79,0,3,8,5,10,17,105,105,83,0,7,15,67,0,15,23,78,1,9,17,75,0,8,22,90,0,3,12,97,0,6,2,84,0,0,0,3,4,14,84,0,0,0,4,5,12,86,0,4,5,5,5,86,0,0,3,3,13,86,0,0,6,3,10,101,0,3,1,101,0,1,3,101,0,1,3,90,0,8,7,98,0,3,4,105,0,0,0,0,0,0,0,0,100,0,0,0,1,1,1,1,0,0,0,0,0,0,0,1,0,105,0,0,0,0,0,105,0,0,0,0,0,0,0,0,105,0,0,0,0,105,0,0,0,0,0,0,4,5.54163129586901,2,1,0,0,0,0
NZL,New Zealand,1,2021-02-22,2021-02-20,100,1,3127.4766210650896,1,3127.4766210650896,5,100,682646.3143302676,99,0,3,97,0,12,88,0,2,98,0,35,65,0,24,76,0,25,75,0,13,87,0,3,97,0,17,83,0,1,99,0,7,93,0,27,73,0,2,98,0,22,78,97,0,3,0,88,0,4,8,98,0,0,2,65,0,2,33,76,0,7,17,75,0,6,19,87,0,10,3,97,0,1,2,83,0,7,10,99,0,1,0,93,0,2,5,73,0,4,23,98,0,2,0,78,0,6,16,0,0,4,96,96,0,4,0,0,0,36,64,64,0,11,25,89,0,10,1,89,0,10,1,100,0,0,11,0,3,86,0,0,1,99,0,99,0,1,0,0,99,0,0,1,0,1,0,46,36,10,7,1,1,43,47,8,69,1,0,40,50,9,1,0,47,45,7,1,0,9,57,33,1,0,56,39,4,93,0,7,93,2,5,93,4,3,93,5,2,93,5,2,93,7,0,93,7,0,93,6,1,93,7,0,0,90,0,4,6,90,0,7,3,90,0,9,1,90,0,7,3,90,0,4,6,90,0,6,4,90,0,9,1,90,0,10,0,90,0,9,1,0,64,0,15,21,64,0,25,11,64,0,34,2,64,0,34,2,64,0,15,21,64,0,11,25,64,0,33,3,64,0,36,0,64,0,34,2,0,100,0,0,100,0,100,0,100,0,0,100,0,0,100,0,0,100,0,0,100,0,100,0,0,94,0,6,0,94,0,1,5,94,0,2,4,94,0,4,2,94,0,5,1,94,0,5,1,94,0,6,0,0,0,17,26,35,22,0,5,76,19,0,5,95,0,0,5,95,0,0,5,93,2,0,5,94,1,0,5,95,0,0,5,92,3,0,5,95,0,0,5,90,5,0,5,27,68,34,0,5,61,1,0,15,84,0,0,0,97,0,0,3,97,0,0,3,97,0,1,2,97,0,2,1,97,0,0,3,97,0,0,3,100,0,0,0,100,0,0,0,100,0,0,0,100,0,0,0,100,0,0,0,100,0,0,0,100,0,0,0,100,0,0,0,100,0,0,0,100,0,0,0,100,0,0,0,100,0,0,0,0,1,64,35,0,0,71,29,0,0,80,20,0,0,78,22,0,0,58,42,0,0,22,78,0,0,78,22,22,0,25,14,19,20,0,0,1,9,45,45,0,0,99,1,0,1,10,89,0,0,1,10,11,21,53,4,0,0,3,17,40,40,0,1,3,12,38,46,69,100,100,36,2,12,50,29,0,10,61,20,0,7,73,22,0,5,73,42,0,4,54,78,0,14,8,0,0,0,5,13,25,57,0,0,2,6,16,23,53,0,3,11,23,33,30,0,0,0,10,17,73,0,0,4,19,33,44,77,0,17,6,77,3,2,18,77,3,5,15,0,0,72,28,72,0,10,18,90,0,1,0,2,0,0,0,7,18,0,5,18,1,7,2,2,5,1,0,5,4,3,2,1,26,0,3,33,64,0,0,0,0,100,0,0,0,0,0,0,1,5,55,28,11,1,0,17,18,33,19,12,3.6885245901639343,4.279957101056651,1.25,0.5,11.958333333333334,5.5813849024878115,3.4615384615384617,1.5224811059414558
NZL,New Zealand,2,2021-02-22,2021-02-21,100,0,0,0,0,10,100,661929.9613988902,99,0,1,99,0,9,91,0,2,98,0,23,77,0,18,82,0,16,84,0,9,91,0,2,98,0,8,92,0,1,99,0,4,96,0,26,74,0,2,98,0,17,83,99,0,1,0,91,0,4,5,98,0,0,2,77,1,3,19,82,0,4,14,84,0,2,14,91,0,5,4,98,0,1,1,92,1,2,5,99,0,1,0,96,0,1,3,74,1,3,22,98,0,1,1,83,0,2,15,0,0,6,94,94,0,6,0,0,0,31,69,69,0,3,28,97,0,2,1,97,0,3,0,100,0,0,3,1,2,94,0,0,0,99,1,100,0,0,0,0,100,0,0,0,0,0,0,44,26,26,4,0,0,39,50,11,37,0,1,49,38,12,0,0,47,43,10,0,1,13,53,33,0,0,64,32,4,96,1,3,96,3,1,96,4,0,96,4,0,96,1,3,96,3,1,96,4,0,96,4,0,96,2,2,0,74,0,13,13,74,0,22,4,74,0,25,1,74,0,26,0,74,0,9,17,74,0,15,11,74,0,25,1,74,0,26,0,74,0,22,4,0,74,0,7,19,74,0,17,9,74,0,26,0,74,0,24,2,74,0,12,14,74,0,9,17,74,0,24,2,74,0,26,0,74,0,25,1,0,100,0,0,100,0,100,0,100,0,0,100,0,0,100,0,0,100,0,0,100,0,100,0,0,99,0,1,0,99,0,1,0,99,0,0,1,99,0,1,0,99,0,1,0,99,0,1,0,99,0,1,0,0,0,17,25,35,23,0,4,71,25,0,4,96,0,0,4,95,1,0,4,95,1,0,4,93,3,0,4,96,0,0,4,89,7,0,4,94,2,0,4,84,12,0,4,36,60,34,0,6,60,1,0,15,84,0,0,0,98,0,0,2,98,0,0,2,98,0,0,2,98,0,0,2,98,0,0,2,98,0,1,1,100,0,0,0,100,0,0,0,100,0,0,0,100,0,0,0,100,0,0,0,100,0,0,0,100,0,0,0,100,0,0,0,100,0,0,0,100,0,0,0,100,0,0,0,100,0,0,0,0,3,49,48,0,1,76,23,0,2,62,36,0,1,74,25,0,2,41,57,0,3,18,79,0,0,69,31,31,0,21,14,12,22,0,0,1,6,33,60,0,0,100,0,0,1,15,84,0,0,2,7,9,21,59,2,0,0,5,20,37,38,0,0,5,21,31,43,37,100,100,51,0,3,46,24,0,5,71,38,1,1,60,26,0,5,69,59,0,0,41,82,0,14,4,0,0,2,3,3,13,79,0,0,2,4,9,19,66,0,3,8,27,24,38,0,1,3,2,21,73,0,1,7,19,24,49,74,1,12,13,74,1,2,23,74,1,8,17,0,1,70,29,71,0,13,16,87,0,0,0,3,1,0,2,7,17,0,5,5,5,8,1,8,11,2,0,0,11,2,4,5,16,0,1,34,62,1,2,0,0,0,100,0,0,0,0,0,1,4,58,26,11,1,1,20,31,32,13,2,4.7745098039215685,6.341382913442615,1.6666666666666667,1.2110601416389966,12.113636363636363,5.9590206288243746,3.189473684210527,1.4013271585005322
NZL,New Zealand,3,2021-02-22,2021-02-21,100,0,0,0,0,7,100,611276.8731776614,98,0,0,100,0,5,95,0,0,100,0,21,79,0,10,90,0,17,83,0,9,91,0,3,97,0,6,94,0,1,99,0,9,91,0,24,76,0,0,100,0,7,93,100,0,0,0,95,0,1,4,100,0,0,0,79,0,3,18,90,0,3,7,83,0,5,12,91,0,5,4,97,0,2,1,94,0,3,3,99,0,1,0,91,0,4,5,76,0,8,16,100,0,0,0,93,0,2,5,0,0,7,93,93,0,6,1,0,0,30,70,70,0,7,23,93,0,7,0,93,0,7,0,100,0,0,7,0,2,91,0,0,0,99,1,100,0,0,0,0,100,0,0,0,0,0,0,47,28,18,7,0,1,25,66,8,33,0,1,36,51,12,0,2,41,46,11,0,0,7,54,39,0,1,59,36,4,93,2,5,93,3,4,93,6,1,93,5,2,93,4,3,93,7,0,93,7,0,93,6,1,93,6,1,0,82,0,7,11,82,0,14,4,82,0,17,1,82,0,17,1,82,0,7,11,82,0,10,8,82,0,18,0,82,0,18,0,82,0,16,2,0,72,0,13,15,72,0,21,7,72,0,27,1,72,0,28,0,72,0,13,15,72,0,14,14,72,0,28,0,72,0,28,0,72,0,26,2,0,100,0,0,100,0,100,0,100,0,0,100,0,0,100,0,0,100,0,0,100,0,100,0,0,97,1,2,0,97,1,0,2,97,1,0,2,97,1,2,0,97,1,2,0,97,1,2,0,97,1,2,0,0,0,27,18,29,26,0,1,73,26,0,1,98,1,0,1,97,2,0,1,95,4,0,1,80,19,0,1,99,0,0,1,90,9,0,1,93,6,0,1,80,19,0,1,55,44,34,1,1,64,2,0,14,84,0,0,0,98,1,1,0,98,2,0,0,98,2,0,0,98,2,0,0,98,1,1,0,98,2,0,0,100,0,0,0,100,0,0,0,100,0,0,0,100,0,0,0,100,0,0,0,100,0,0,0,100,0,0,0,100,0,0,0,100,0,0,0,100,0,0,0,100,0,0,0,100,0,0,0,0,1,55,44,0,4,70,26,0,4,55,41,0,3,74,23,0,4,41,55,0,4,7,89,0,0,74,26,26,0,26,18,9,21,0,0,0,4,27,69,0,0,100,0,0,1,20,79,0,0,4,5,6,13,65,7,0,0,8,19,25,48,0,0,8,24,30,38,33,100,100,45,0,10,45,30,0,7,63,45,0,4,51,26,1,1,72,59,0,3,38,93,0,5,2,0,0,1,6,8,10,75,0,0,3,2,8,17,70,0,0,9,31,38,22,0,0,6,6,15,73,0,0,12,20,30,38,68,1,18,13,68,2,6,24,68,2,11,19,0,0,81,19,81,0,6,13,94,1,0,0,0,1,0,0,4,13,0,5,4,4,7,2,12,10,5,0,1,13,3,0,3,18,0,2,33,64,0,1,0,0,0,0,100,0,0,0,0,1,4,47,34,14,1,0,15,25,39,13,7,4.3023255813953485,6.201132322564087,1,0,12.789473684210526,5.367147379813651,3.389473684210526,1.3783642544397086
NZL,New Zealand,4,2021-02-22,2021-02-21,100,2,15512.664991718459,2,15512.664991718459,10,99,547150.733392416,100,0,3,97,0,8,92,0,3,97,0,15,85,0,16,84,0,14,86,0,4,96,0,2,98,0,5,95,0,1,99,0,2,98,0,11,89,0,0,100,0,6,94,97,0,2,1,92,0,4,4,97,0,1,2,85,1,3,11,84,0,3,13,86,0,6,8,96,0,4,0,98,0,1,1,95,0,1,4,99,0,1,0,98,0,1,1,89,0,4,7,100,0,0,0,94,1,2,3,0,1,8,91,92,0,7,1,0,2,41,57,59,0,6,35,94,0,6,0,94,0,6,0,100,0,0,8,0,0,92,0,0,0,100,0,100,0,0,0,0,100,0,0,0,0,0,0,43,32,16,9,0,2,25,66,7,27,0,1,35,53,11,0,2,40,46,12,0,2,10,58,30,0,1,55,38,6,91,2,7,91,7,2,91,5,4,91,7,2,91,4,5,91,8,1,91,9,0,91,9,0,91,8,1,0,84,0,9,7,84,0,12,4,84,0,16,0,84,0,15,1,84,0,7,9,84,0,11,5,84,0,16,0,84,0,15,1,84,0,14,2,0,68,0,19,13,68,0,28,4,68,0,32,0,68,0,32,0,68,0,15,17,68,0,15,17,68,0,32,0,68,0,32,0,68,0,29,3,0,100,0,0,100,0,100,0,100,0,0,100,0,0,100,0,0,100,0,0,100,0,100,0,0,96,0,4,0,96,0,4,0,96,0,2,2,96,0,3,1,96,0,1,3,96,0,4,0,96,0,4,0,0,1,21,24,36,18,0,2,72,26,0,2,96,2,0,2,93,5,0,2,94,4,0,2,81,17,0,2,97,1,0,2,94,4,0,2,95,3,0,2,86,12,0,2,49,49,28,0,1,71,0,0,6,94,0,0,0,100,0,0,0,100,0,0,0,100,0,0,0,100,0,0,0,100,0,0,0,100,0,0,0,100,0,0,0,100,0,0,0,100,0,0,0,100,0,0,0,100,0,0,0,100,0,0,0,100,0,0,0,100,0,0,0,100,0,0,0,100,0,0,0,100,0,0,0,100,0,0,0,0,3,51,46,0,3,71,26,0,3,55,42,0,2,73,25,0,5,31,64,0,7,9,84,0,2,66,32,34,0,22,11,11,22,0,1,0,2,33,64,0,0,100,0,0,1,25,74,0,0,6,4,8,11,66,5,0,0,11,16,37,36,0,2,4,18,33,43,27,100,100,49,0,0,51,29,0,9,62,45,0,3,52,27,0,5,68,69,0,0,31,91,0,7,2,0,1,2,0,4,11,82,0,0,1,1,4,17,77,0,0,12,18,42,28,0,0,0,2,23,75,0,0,2,19,32,47,79,0,17,4,79,0,3,18,79,0,4,17,0,0,75,25,75,0,8,17,92,0,0,1,1,0,0,0,6,17,0,1,5,5,12,1,8,15,9,1,3,3,2,2,1,15,0,2,28,68,1,1,0,0,0,0,0,100,0,0,0,0,5,53,19,23,0,2,19,16,33,17,13,2.186046511627907,1.3319483393651352,1.25,0.4629100498862757,12.46629213483146,5.540039050982828,3.0833333333333335,1.4629938062729393
NZL,New Zealand,5,2021-02-22,2021-02-21,100,0,0,0,0,4,100,462960.53904704837,95,0,0,100,0,15,85,0,1,99,0,17,83,0,9,91,0,12,88,0,6,94,0,1,99,0,3,97,0,1,99,0,1,99,0,16,84,0,0,100,0,4,96,100,0,0,0,85,0,4,11,99,0,0,1,83,0,0,17,91,0,6,3,88,0,4,8,94,0,0,6,99,0,0,1,97,0,0,3,99,0,1,0,99,0,0,1,84,0,2,14,100,0,0,0,96,0,4,0,0,0,2,98,98,0,2,0,0,1,25,74,75,0,4,21,96,0,3,1,96,0,4,0,100,0,0,5,0,3,92,0,2,0,98,0,100,0,0,0,0,100,0,0,0,0,0,0,55,19,21,5,0,3,30,60,7,32,0,2,32,51,15,0,4,31,48,17,0,5,8,51,36,0,2,58,37,3,95,1,4,95,3,2,95,3,2,95,4,1,95,0,5,95,4,1,95,5,0,95,5,0,95,5,0,0,79,0,9,12,79,0,16,5,79,0,16,5,79,0,17,4,79,0,6,15,79,0,12,9,79,0,17,4,79,0,21,0,79,0,20,1,0,81,1,13,5,81,1,13,5,81,1,18,0,81,1,16,2,81,1,12,6,81,1,6,12,81,1,17,1,81,1,18,0,81,1,17,1,0,100,0,0,100,0,100,0,100,0,0,100,0,0,100,0,0,100,0,0,100,0,100,0,0,93,0,7,0,93,0,4,3,93,0,3,4,93,0,6,1,93,0,6,1,93,0,7,0,93,0,6,1,0,0,23,18,38,21,0,0,81,19,0,0,96,4,0,0,95,5,0,0,92,8,0,0,66,34,0,0,98,2,0,0,96,4,0,0,92,8,0,0,85,15,0,0,56,44,37,2,2,59,5,2,14,79,0,0,0,97,0,0,3,97,0,0,3,97,0,0,3,97,0,1,2,97,0,0,3,97,0,1,2,100,0,0,0,100,0,0,0,100,0,0,0,100,0,0,0,100,0,0,0,100,0,0,0,100,0,0,0,100,0,0,0,100,0,0,0,100,0,0,0,100,0,0,0,100,0,0,0,0,2,59,39,0,2,72,26,0,5,52,43,0,1,70,29,0,2,36,62,0,5,14,81,0,0,78,22,22,0,35,12,12,19,0,0,0,4,31,65,0,0,100,0,0,1,24,75,0,0,7,1,11,12,66,3,0,0,13,16,32,39,0,0,5,26,26,43,32,100,100,41,1,9,49,28,0,7,65,48,1,1,50,30,0,2,68,64,1,1,34,86,0,10,4,0,0,1,2,3,8,86,0,0,0,2,5,9,84,0,0,16,27,31,26,0,0,0,7,13,80,0,0,5,11,26,58,84,2,12,2,84,7,3,6,84,6,4,6,0,1,71,28,72,0,13,15,87,0,1,1,2,1,2,0,6,16,0,2,1,10,10,3,4,12,3,0,1,6,6,1,8,17,0,1,33,65,0,1,0,0,0,0,0,0,100,0,0,4,3,37,34,22,4,1,17,27,34,13,4,6.911764705882353,7.672728751129779,2,0,12.02127659574468,5.635865798527875,2.4893617021276597,1.170834468076415
NZL,New Zealand,6,2021-02-22,2021-02-21,100,1,3606.98316101886,1,3606.98316101886,7,99,550513.6227359303,90,0,1,99,0,7,93,0,2,98,0,12,88,0,9,91,0,12,88,0,2,98,0,2,98,0,0,100,0,1,99,0,2,98,0,7,93,0,0,100,0,3,97,99,0,0,1,93,1,1,5,98,0,1,1,88,1,5,6,91,0,2,7,88,0,2,10,98,1,0,1,98,0,2,0,100,0,0,0,99,0,0,1,98,1,1,0,93,1,1,5,100,0,0,0,97,0,1,2,0,1,2,97,98,1,1,0,0,3,24,73,76,0,2,22,98,0,2,0,98,0,2,0,100,0,0,5,0,3,92,0,2,1,96,1,99,0,1,0,0,99,0,1,0,0,1,0,59,26,7,7,1,4,30,54,11,36,1,6,34,49,10,1,5,40,43,11,1,6,12,54,27,1,0,63,30,6,93,4,3,93,5,2,93,6,1,93,5,2,93,4,3,93,6,1,93,7,0,93,7,0,93,4,3,0,93,0,4,3,93,0,5,2,93,0,6,1,93,0,7,0,93,0,1,6,93,0,2,5,93,0,7,0,93,0,7,0,93,0,6,1,0,74,0,15,11,74,0,24,2,74,0,26,0,74,0,22,4,74,0,12,14,74,0,17,9,74,0,24,2,74,0,26,0,74,0,23,3,0,100,0,0,100,0,100,0,100,0,0,100,0,0,100,0,0,100,0,0,100,0,100,0,0,98,0,2,0,98,0,1,1,98,0,0,2,98,0,1,1,98,0,1,1,98,0,1,1,98,0,1,1,0,0,13,28,33,26,0,0,78,22,0,0,90,10,0,0,87,13,0,0,86,14,0,0,54,46,0,0,94,6,0,0,89,11,0,0,85,15,0,0,79,21,0,0,71,29,39,2,1,58,9,2,4,85,0,0,0,97,2,1,0,97,1,2,0,97,2,0,1,97,2,0,1,97,1,2,0,97,2,1,0,100,0,0,0,100,0,0,0,100,0,0,0,100,0,0,0,100,0,0,0,100,0,0,0,100,0,0,0,100,0,0,0,100,0,0,0,100,0,0,0,100,0,0,0,100,0,0,0,0,3,26,71,0,2,63,35,0,2,49,49,0,1,70,29,0,3,29,68,0,5,11,84,0,1,66,33,34,1,36,12,9,8,0,1,0,2,27,70,0,1,99,0,0,2,21,77,0,0,9,3,12,11,60,5,0,0,16,33,34,17,0,1,7,29,29,34,36,100,100,74,2,5,19,37,3,14,46,51,3,9,37,30,2,18,50,71,0,7,22,89,0,8,3,0,0,0,1,6,6,87,0,0,0,0,6,12,82,0,1,8,20,36,35,0,1,1,5,13,80,0,0,2,12,28,58,86,1,8,5,86,4,2,8,86,4,4,6,0,1,32,67,33,0,11,56,89,1,2,0,0,0,1,1,6,57,0,7,2,0,5,0,2,10,2,0,1,3,0,2,4,5,0,2,30,67,1,0,0,0,0,0,0,0,0,100,0,5,8,32,36,19,5,4,19,28,26,14,4,6.470588235294119,8.403589760073666,3,4.242640687119285,12.826086956521737,5.037461194794335,2.0229885057471266,1.2005523098572404
NZL,New Zealand,7,2021-02-22,2021-02-18,100,0,0,0,0,2,99,525638.7998252492,97,3,0,97,3,8,89,2,5,93,2,15,83,3,7,90,1,19,80,3,2,95,2,2,96,3,0,97,3,2,95,2,2,96,3,5,92,3,0,97,3,4,93,100,0,0,0,92,0,0,8,95,0,0,5,85,0,4,11,93,0,3,4,81,0,5,14,98,0,1,1,98,0,1,1,100,0,0,0,98,0,0,2,98,0,0,2,95,0,1,4,100,0,0,0,96,0,0,4,0,1,2,97,98,0,1,1,0,4,15,81,85,0,2,13,98,0,2,0,98,0,2,0,100,0,0,6,3,1,90,0,1,0,97,2,100,0,0,0,0,100,0,0,0,0,0,0,64,21,11,4,0,11,34,42,13,83,0,9,45,35,11,0,9,51,30,10,0,12,16,40,32,0,1,70,23,6,96,2,2,96,2,2,96,2,2,96,3,1,96,1,3,96,3,1,96,3,1,96,4,0,96,4,0,0,89,0,3,8,89,0,8,3,89,0,11,0,89,0,10,1,89,0,5,6,89,0,4,7,89,0,11,0,89,0,11,0,89,0,11,0,0,79,0,12,9,79,0,17,4,79,0,21,0,79,0,20,1,79,0,13,8,79,0,10,11,79,0,21,0,79,0,21,0,79,0,20,1,0,100,0,0,100,0,100,0,100,0,0,100,0,0,100,0,0,100,0,0,100,0,100,0,0,98,0,2,0,98,0,0,2,98,0,2,0,98,0,1,1,98,0,1,1,98,0,1,1,98,0,2,0,0,3,13,24,33,27,0,0,85,15,0,0,90,10,0,0,87,13,0,0,89,11,0,0,48,52,0,0,97,3,0,0,93,7,0,0,69,31,0,0,89,11,0,0,79,21,39,1,0,60,3,2,4,91,0,0,0,99,0,0,1,99,0,0,1,99,0,0,1,99,0,0,1,99,0,1,0,99,0,0,1,100,0,0,0,100,0,0,0,100,0,0,0,100,0,0,0,100,0,0,0,100,0,0,0,100,0,0,0,100,0,0,0,100,0,0,0,100,0,0,0,100,0,0,0,100,0,0,0,0,6,19,75,0,1,57,42,0,3,29,68,0,2,61,37,0,1,29,70,0,5,3,92,0,1,63,36,37,0,34,9,8,12,0,1,0,1,49,49,0,0,99,1,0,4,29,67,0,2,3,3,8,15,62,7,0,0,25,23,29,23,0,4,5,14,41,36,83,100,100,81,1,5,13,43,1,10,46,71,0,4,25,39,0,12,49,71,0,7,22,97,0,1,2,0,3,1,1,1,9,85,0,1,0,1,4,9,85,0,1,11,24,27,37,0,1,1,1,9,88,0,0,2,3,25,70,95,2,2,1,95,2,2,1,95,1,4,0,0,1,14,85,15,1,6,78,94,0,0,0,4,0,0,0,2,80,0,3,0,3,2,0,2,2,1,0,0,0,0,0,3,4,0,4,36,59,1,0,0,0,0,0,0,0,0,0,100,3,9,44,25,19,3,4,25,31,28,9,0,5.515151515151516,8.116808224762721,0.5,0.7071067811865476,12.393258426966293,4.425180986355478,1.8372093023255813,0.8096544668419698
NZL,New Zealand,-99,2021-02-23,2021-02-23,106,0,0,0,0,9,87,638597.8206217352,0,1,0,105,1,14,91,1,7,98,0,21,85,1,20,85,1,14,91,2,8,96,2,0,104,1,6,99,1,6,99,1,3,102,1,19,86,2,1,103,0,14,92,106,0,0,0,92,1,5,8,99,0,2,5,85,0,7,14,86,1,7,12,92,1,3,10,98,1,3,4,106,0,0,0,100,0,4,2,100,0,1,5,103,0,0,3,87,2,4,13,105,0,0,1,92,0,5,9,18,1,5,82,101,0,5,0,23,3,23,57,83,0,4,19,102,1,3,0,102,0,4,0,106,0,0,33,0,1,72,27,1,0,77,1,106,0,0,0,0,106,0,0,0,0,30,1,33,22,11,9,38,2,29,28,9,89,38,0,29,26,13,38,3,27,29,9,38,2,11,22,33,38,2,39,19,8,97,7,2,97,7,2,97,8,1,97,8,1,97,6,3,97,9,0,97,9,0,97,9,0,97,5,4,0,96,0,5,5,96,0,5,5,96,0,9,1,96,0,10,0,96,0,3,7,96,0,10,0,96,0,8,2,96,0,10,0,96,0,10,0,0,85,1,12,8,85,1,16,4,85,1,17,3,85,1,20,0,85,1,11,9,85,1,12,8,85,1,19,1,85,1,20,0,85,1,16,4,0,106,0,0,106,0,106,0,106,0,0,106,0,0,106,0,0,106,0,0,106,0,106,0,0,101,0,5,0,101,0,3,2,101,0,3,2,101,0,4,1,101,0,5,0,101,0,5,0,101,0,1,4,41,0,22,13,18,12,44,2,50,10,44,2,60,0,44,2,57,3,44,2,53,7,44,2,43,17,44,2,59,1,44,2,57,3,44,2,55,5,44,2,50,10,44,2,33,27,106,0,0,0,106,0,0,0,0,0,0,105,0,0,1,105,0,0,1,105,0,0,1,105,0,0,1,105,0,0,1,105,0,0,1,106,0,0,0,106,0,0,0,106,0,0,0,106,0,0,0,106,0,0,0,106,0,0,0,106,0,0,0,106,0,0,0,106,0,0,0,106,0,0,0,106,0,0,0,106,0,0,0,49,1,21,35,49,2,38,17,49,2,21,34,49,2,28,27,49,2,19,36,49,3,6,48,54,0,25,27,81,0,12,8,3,2,59,0,0,4,17,26,59,0,47,0,64,1,7,34,64,0,3,4,7,6,16,6,64,0,13,7,15,7,65,0,7,7,14,13,89,106,106,85,0,6,15,70,2,11,23,86,1,3,16,80,1,2,23,89,1,3,13,101,0,4,1,67,0,1,1,1,1,35,67,0,0,1,0,3,35,74,1,10,7,4,10,74,0,2,4,4,22,74,1,6,6,3,16,95,0,6,5,95,0,2,9,95,0,7,4,78,0,13,15,91,1,9,5,104,0,0,0,0,0,0,1,1,97,0,1,0,1,1,0,0,1,1,0,1,0,0,0,0,3,106,0,0,0,0,0,106,0,0,0,0,0,0,0,0,106,0,0,0,0,106,0,0,0,0,0,0,4.5,5.354662808534581,1.8,0.8366600265340756,0,0,0,0
NZL,New Zealand,1,2021-02-23,2021-02-21,100,2,9837.03343000482,2,9837.03343000482,10,100,625963.5848740503,98,0,4,96,0,14,86,0,2,98,0,35,65,0,21,79,0,23,77,0,13,87,0,0,100,0,17,83,0,1,99,0,7,93,0,27,73,0,4,96,0,24,76,96,0,4,0,86,0,6,8,98,0,1,1,65,0,6,29,79,0,7,14,77,0,6,17,87,0,10,3,100,0,0,0,83,0,8,9,99,0,1,0,93,0,2,5,73,0,4,23,96,0,4,0,76,0,7,17,0,0,7,93,93,0,5,2,0,0,40,60,60,0,10,30,90,1,7,2,90,1,9,0,99,1,0,10,0,1,89,0,0,1,99,0,99,0,1,0,0,99,0,0,1,0,1,0,41,37,19,2,1,1,34,54,10,69,1,0,39,54,6,1,0,37,54,8,1,0,9,65,25,1,0,52,44,3,98,0,2,98,2,0,98,1,1,98,0,2,98,1,1,98,2,0,98,2,0,98,2,0,98,2,0,0,81,0,7,12,81,0,14,5,81,0,17,2,81,0,15,4,81,0,6,13,81,0,11,8,81,0,16,3,81,0,19,0,81,0,15,4,0,63,0,14,23,63,0,28,9,63,0,36,1,63,0,35,2,63,0,12,25,63,0,10,27,63,0,35,2,63,0,37,0,63,0,36,1,0,100,0,0,100,0,100,0,100,0,0,100,0,0,100,0,0,100,0,0,100,0,100,0,0,96,0,4,0,96,0,3,1,96,0,1,3,96,0,3,1,96,0,3,1,96,0,3,1,96,0,3,1,0,0,11,29,38,22,0,5,73,22,0,5,95,0,0,5,94,1,0,5,92,3,0,5,91,4,0,5,95,0,0,5,87,8,0,5,94,1,0,5,87,8,0,5,36,59,38,0,5,57,2,0,19,79,0,0,0,99,0,0,1,99,0,0,1,99,0,0,1,99,0,1,0,99,0,0,1,99,0,0,1,100,0,0,0,100,0,0,0,100,0,0,0,100,0,0,0,100,0,0,0,100,0,0,0,100,0,0,0,100,0,0,0,100,0,0,0,100,0,0,0,100,0,0,0,100,0,0,0,0,0,70,30,0,0,67,33,0,1,73,26,0,0,79,21,0,1,54,45,0,1,22,77,0,0,80,20,20,0,30,11,18,21,0,0,3,9,37,51,0,0,98,2,0,1,13,86,0,0,2,6,6,26,58,2,0,0,3,14,43,40,0,1,3,14,38,44,69,100,100,30,2,13,55,33,0,9,58,27,0,8,65,21,0,4,75,46,0,2,52,78,0,14,8,0,0,2,7,17,21,53,0,0,4,9,14,19,54,0,2,10,21,32,35,0,0,1,8,20,71,0,0,3,25,30,42,72,0,19,9,72,3,2,23,72,3,6,19,0,0,74,26,74,0,8,18,92,0,1,0,1,0,0,0,6,18,1,4,16,2,4,3,2,6,2,0,2,5,4,1,1,29,0,3,37,59,1,0,0,0,100,0,0,0,0,0,0,2,6,49,33,10,2,2,10,18,34,23,11,4.583333333333333,6.079394669539279,1.4285714285714286,0.5345224838248488,11.98314606741573,5.022364436721019,3.5494505494505493,1.470175622643894
NZL,New Zealand,2,2021-02-23,2021-02-22,100,0,0,0,0,15,100,654750.8422760308,98,0,0,100,0,13,87,0,2,98,0,26,74,0,21,79,0,15,85,0,10,90,0,2,98,0,4,96,0,1,99,0,3,97,0,21,79,0,3,97,0,18,82,100,0,0,0,87,0,7,6,98,0,2,0,74,1,3,22,79,1,6,14,85,1,3,11,90,0,6,4,98,0,1,1,96,1,1,2,99,0,1,0,97,1,1,1,79,0,5,16,97,0,1,2,82,1,8,9,0,0,8,92,92,0,8,0,0,0,36,64,64,0,8,28,92,0,7,1,92,0,7,1,100,0,0,8,1,2,89,0,0,0,99,1,100,0,0,0,0,100,0,0,0,0,0,0,43,32,21,4,0,1,36,52,11,69,0,1,47,45,7,0,0,44,50,6,0,1,14,59,26,0,0,65,33,2,96,2,2,96,4,0,96,1,3,96,4,0,96,2,2,96,3,1,96,4,0,96,4,0,96,4,0,0,79,0,10,11,79,0,15,6,79,0,20,1,79,0,21,0,79,0,6,15,79,0,13,8,79,0,19,2,79,0,21,0,79,0,18,3,0,68,0,12,20,68,0,22,10,68,0,32,0,68,0,32,0,68,0,16,16,68,0,15,17,68,0,30,2,68,0,31,1,68,0,30,2,0,100,0,0,100,0,100,0,100,0,0,100,0,0,100,0,0,100,0,0,100,0,100,0,0,96,0,4,0,96,0,2,2,96,0,2,2,96,0,2,2,96,0,4,0,96,0,4,0,96,0,4,0,0,0,21,21,37,21,0,3,77,20,0,3,97,0,0,3,96,1,0,3,94,3,0,3,92,5,0,3,97,0,0,3,94,3,0,3,95,2,0,3,80,17,0,3,42,55,39,0,2,59,1,0,18,81,0,0,0,98,0,1,1,98,0,0,2,98,0,0,2,98,0,0,2,98,0,0,2,98,0,0,2,100,0,0,0,100,0,0,0,100,0,0,0,100,0,0,0,100,0,0,0,100,0,0,0,100,0,0,0,100,0,0,0,100,0,0,0,100,0,0,0,100,0,0,0,100,0,0,0,0,1,59,40,0,0,75,25,0,1,52,47,0,0,77,23,0,0,32,68,0,1,19,80,0,0,69,31,31,0,25,14,6,24,0,0,0,6,29,65,0,0,100,0,0,0,18,82,0,0,4,6,8,19,61,2,0,0,8,15,32,45,0,1,7,18,35,39,69,100,100,41,0,8,51,25,0,11,64,48,1,4,47,23,0,4,73,68,0,4,28,81,0,16,3,0,0,1,3,11,17,68,0,0,1,2,13,19,65,0,1,15,27,34,23,0,0,2,10,23,65,0,0,9,22,26,43,69,2,20,9,69,6,1,24,69,6,3,22,0,0,70,30,70,0,11,19,89,0,0,0,3,2,0,3,3,19,0,3,8,8,9,2,3,7,6,0,1,9,3,5,2,15,0,0,39,59,1,1,0,0,0,100,0,0,0,0,0,1,2,66,23,8,1,1,24,33,31,7,3,5.592592592592593,7.646724588032913,1.875,1.3562026818605375,12.770114942528735,5.985838227763942,3.0412371134020617,1.3533717598187551
NZL,New Zealand,3,2021-02-23,2021-02-22,100,1,4042.24270737399,1,4042.24270737399,11,98,579714.4310383837,98,0,2,98,0,8,92,0,0,100,0,20,80,0,15,85,0,10,90,1,5,94,0,1,99,0,4,96,0,2,98,0,7,93,0,19,81,0,2,98,0,8,92,98,0,2,0,92,1,3,4,100,0,0,0,80,0,3,17,85,2,7,6,90,1,4,5,95,0,4,1,99,0,0,1,96,0,3,1,98,0,0,2,93,0,2,5,81,0,3,16,98,0,1,1,92,0,5,3,0,2,4,94,96,0,3,1,0,0,27,73,73,0,7,20,93,0,7,0,93,0,7,0,100,0,0,7,1,2,90,0,0,0,99,1,100,0,0,0,0,100,0,0,0,0,0,0,44,34,15,7,0,0,30,60,10,72,0,0,39,46,15,0,1,40,45,14,0,0,14,59,27,0,0,64,31,5,93,5,2,93,5,2,93,5,2,93,5,2,93,4,3,93,4,3,93,7,0,93,6,1,93,6,1,0,85,0,7,8,85,0,12,3,85,0,14,1,85,0,15,0,85,0,6,9,85,0,7,8,85,0,15,0,85,0,15,0,85,0,13,2,0,66,0,13,21,66,0,21,13,66,0,33,1,66,0,34,0,66,0,19,15,66,0,20,14,66,0,30,4,66,0,34,0,66,0,33,1,0,100,0,0,100,0,100,0,100,0,0,100,0,0,100,0,0,100,0,0,100,0,100,0,0,96,1,3,0,96,1,1,2,96,1,1,2,96,1,3,0,96,1,2,1,96,1,3,0,96,1,3,0,0,1,21,27,30,21,0,3,71,26,0,3,94,3,0,3,93,4,0,3,91,6,0,3,82,15,0,3,93,4,0,3,87,10,0,3,91,6,0,3,77,20,0,3,51,46,37,2,1,60,0,1,13,86,0,0,0,98,1,1,0,98,1,1,0,98,2,0,0,98,2,0,0,98,2,0,0,98,2,0,0,100,0,0,0,100,0,0,0,100,0,0,0,100,0,0,0,100,0,0,0,100,0,0,0,100,0,0,0,100,0,0,0,100,0,0,0,100,0,0,0,100,0,0,0,100,0,0,0,0,4,61,35,0,2,75,23,0,2,50,48,0,3,68,29,0,3,34,63,0,4,10,86,0,0,68,32,32,0,20,14,9,25,0,0,0,3,28,69,0,0,100,0,0,0,20,80,0,0,4,4,8,9,74,1,0,0,12,14,26,48,0,0,8,15,34,43,72,100,100,39,0,6,55,25,1,7,67,50,1,5,44,32,1,4,63,66,0,3,31,90,0,8,2,0,0,1,2,8,14,75,0,0,2,2,11,16,69,0,0,9,38,34,19,0,0,7,7,19,67,0,0,8,17,33,42,75,1,14,10,75,3,5,17,75,3,3,19,0,1,77,22,78,0,5,17,95,0,0,0,0,1,0,0,4,18,0,6,4,8,10,4,8,10,5,0,2,7,5,0,2,11,0,2,37,59,0,2,0,0,0,0,100,0,0,0,0,0,1,52,35,12,0,1,9,19,47,17,7,4.153846153846154,5.333797213294728,2.75,1.707825127659933,12.155555555555555,6.2869780009571645,3.5151515151515147,1.4802346502045034
NZL,New Zealand,4,2021-02-23,2021-02-23,101,0,0,0,0,10,101,455929.2418307519,98,0,1,100,0,9,92,0,6,95,0,16,85,0,15,86,0,15,86,0,3,98,0,3,98,0,3,98,0,1,100,0,2,99,0,10,91,0,0,101,0,6,95,100,0,1,0,92,0,3,6,95,0,3,3,85,0,3,13,86,0,2,13,86,0,2,13,98,0,1,2,98,0,1,2,98,0,1,2,100,0,1,0,99,0,1,1,91,0,2,8,101,0,0,0,95,0,3,3,0,0,4,97,97,0,3,1,0,0,29,72,72,0,3,26,98,0,3,0,98,0,3,0,101,0,0,3,0,3,95,0,1,0,100,0,101,0,0,0,0,101,0,0,0,0,0,0,44,33,17,7,0,2,29,59,11,98,0,3,32,54,12,0,3,31,57,10,0,3,11,56,31,0,2,56,36,7,94,3,4,94,4,3,94,4,3,94,7,0,94,3,4,94,7,0,94,6,1,94,7,0,94,5,2,0,84,0,5,12,84,0,12,5,84,0,17,0,84,0,17,0,84,0,4,13,84,0,11,6,84,0,15,2,84,0,17,0,84,0,16,1,0,68,0,20,13,68,0,27,6,68,0,33,0,68,0,31,2,68,0,18,15,68,0,12,21,68,0,32,1,68,0,33,0,68,0,33,0,0,101,0,0,101,0,101,0,101,0,0,101,0,0,101,0,0,101,0,0,101,0,101,0,0,98,0,3,0,98,0,2,1,98,0,2,1,98,0,2,1,98,0,2,1,98,0,2,1,98,0,2,1,0,0,26,26,33,16,0,0,79,22,0,0,98,3,0,0,98,3,0,0,92,9,0,0,73,28,0,0,99,2,0,0,95,6,0,0,95,6,0,0,85,16,0,0,56,45,33,0,1,67,3,0,18,80,0,0,0,98,1,0,2,98,0,3,0,98,1,1,1,98,1,1,1,98,1,1,1,98,1,0,2,101,0,0,0,101,0,0,0,101,0,0,0,101,0,0,0,101,0,0,0,101,0,0,0,101,0,0,0,101,0,0,0,101,0,0,0,101,0,0,0,101,0,0,0,101,0,0,0,0,0,64,37,0,0,79,22,0,4,52,45,0,0,71,30,0,2,40,59,0,2,15,84,0,0,75,26,26,0,30,14,8,23,0,1,0,4,28,68,0,1,100,0,0,1,29,71,0,0,2,5,8,21,61,4,0,0,13,15,33,40,0,0,6,23,32,40,98,101,101,37,2,9,53,22,3,11,65,49,2,7,43,30,3,4,64,61,1,7,32,86,0,12,3,0,0,1,2,5,11,82,0,0,1,2,3,17,78,0,0,11,36,27,27,0,0,6,4,10,81,0,0,8,18,25,50,75,1,18,7,75,6,3,17,75,5,6,15,0,0,84,17,84,0,4,13,97,0,1,0,1,0,0,0,2,13,1,4,6,6,7,4,4,9,10,1,1,9,3,0,4,19,0,4,31,66,0,0,0,0,0,0,0,101,0,0,0,2,1,44,25,29,2,1,13,23,32,27,3,6.45,9.009823698437339,2.5,1.9148542155126762,13.505263157894737,4.8154752404838845,3.0927835051546393,1.3469291789319955
NZL,New Zealand,5,2021-02-23,2021-02-23,116,0,0,0,0,17,116,425625.17598629126,114,0,0,116,0,12,104,1,5,110,1,24,91,1,19,96,1,18,97,1,4,111,1,1,114,1,5,110,1,2,113,1,5,110,1,18,97,1,0,115,1,12,103,116,0,0,0,104,0,1,11,111,0,2,3,92,0,4,20,97,0,5,14,98,0,2,16,112,0,1,3,115,0,1,0,111,0,3,2,114,0,1,1,111,0,3,2,98,0,5,13,116,0,0,0,104,0,4,8,0,0,10,106,106,0,9,1,0,0,43,73,73,0,3,40,113,0,3,0,113,0,3,0,116,0,0,3,0,5,108,0,0,0,116,0,116,0,0,0,0,116,0,0,0,0,0,1,64,28,18,5,0,3,25,74,14,116,0,2,46,56,12,0,2,44,59,11,0,1,15,69,31,0,2,67,41,6,111,2,3,111,3,2,111,3,2,111,3,2,111,4,1,111,4,1,111,4,1,111,5,0,111,4,1,0,98,0,9,9,98,0,14,4,98,0,17,1,98,0,18,0,98,0,8,10,98,0,15,3,98,0,18,0,98,0,18,0,98,0,15,3,0,88,0,18,10,88,0,22,6,88,0,27,1,88,0,28,0,88,0,16,12,88,0,15,13,88,0,27,1,88,0,28,0,88,0,27,1,0,116,0,0,116,0,116,0,116,0,0,116,0,0,116,0,0,116,0,0,116,0,116,0,0,112,0,4,0,112,0,4,0,112,0,3,1,112,0,3,1,112,0,4,0,112,0,3,1,112,0,3,1,0,0,22,28,33,33,0,0,95,21,0,0,111,5,0,0,109,7,0,0,105,11,0,0,74,42,0,0,113,3,0,0,101,15,0,0,104,12,0,0,97,19,0,0,76,40,48,1,1,66,1,1,12,102,0,0,0,111,1,1,3,111,1,2,2,111,1,1,3,111,0,2,3,111,1,0,4,111,1,0,4,116,0,0,0,116,0,0,0,116,0,0,0,116,0,0,0,116,0,0,0,116,0,0,0,116,0,0,0,116,0,0,0,116,0,0,0,116,0,0,0,116,0,0,0,116,0,0,0,0,1,63,52,0,0,81,35,0,1,63,52,0,0,83,33,0,1,30,85,0,2,13,101,0,1,89,26,27,0,25,20,17,27,0,0,0,10,34,72,0,0,116,0,0,0,38,78,0,0,4,5,11,17,77,2,0,0,16,15,33,52,0,2,6,17,40,51,116,116,116,53,1,16,46,35,1,12,68,53,2,9,52,33,1,13,69,86,1,4,25,103,0,10,3,0,1,0,1,6,10,98,0,0,0,1,6,20,89,0,0,10,30,51,25,0,0,1,5,10,100,0,0,6,17,18,75,93,2,18,3,93,7,4,12,93,6,7,10,0,1,86,29,87,0,12,17,104,0,2,0,1,1,0,1,7,18,0,4,10,3,8,1,4,18,3,0,3,14,4,1,6,19,0,2,48,64,0,2,0,0,0,0,0,0,116,0,0,1,2,53,36,24,1,1,20,30,37,18,9,7.854166666666668,8.336001345952166,1.7,1.0593499054713802,11.84070796460177,5.499296012870024,2.590909090909091,1.3899736288532323
NZL,New Zealand,6,2021-02-23,2021-02-22,100,0,0,0,0,7,100,544251.4247923347,94,0,0,100,0,6,94,0,7,93,0,12,88,0,7,93,0,16,84,0,3,97,0,4,96,0,2,98,0,0,100,0,4,96,0,10,90,0,0,100,0,7,93,100,0,0,0,94,0,2,4,93,0,1,6,88,0,3,9,93,0,2,5,84,0,4,12,97,0,1,2,96,0,3,1,98,0,1,1,100,0,0,0,96,0,3,1,90,0,4,6,100,0,0,0,93,0,1,6,0,0,2,98,98,0,2,0,0,2,18,80,82,0,2,16,98,0,2,0,98,0,2,0,100,0,0,4,0,0,96,0,0,0,100,0,100,0,0,0,0,100,0,0,0,0,0,0,60,25,11,4,0,5,23,63,9,66,0,5,41,46,8,0,4,48,41,7,0,6,13,55,26,0,2,62,33,3,96,3,1,96,3,1,96,3,1,96,3,1,96,2,2,96,3,1,96,4,0,96,4,0,96,3,1,0,89,0,7,4,89,0,8,3,89,0,9,2,89,0,11,0,89,0,4,7,89,0,7,4,89,0,10,1,89,0,11,0,89,0,11,0,0,75,0,14,11,75,0,19,6,75,0,24,1,75,0,24,1,75,0,15,10,75,0,16,9,75,0,25,0,75,0,25,0,75,0,24,1,0,100,0,0,100,0,100,0,100,0,0,100,0,0,100,0,0,100,0,0,100,0,100,0,0,96,0,4,0,96,0,1,3,96,0,2,2,96,0,2,2,96,0,3,1,96,0,2,2,96,0,3,1,0,1,19,16,44,20,0,0,77,23,0,0,89,11,0,0,85,15,0,0,88,12,0,0,56,44,0,0,96,4,0,0,91,9,0,0,88,12,0,0,83,17,0,0,76,24,43,2,2,53,3,2,8,87,0,0,0,100,0,0,0,100,0,0,0,100,0,0,0,100,0,0,0,100,0,0,0,100,0,0,0,100,0,0,0,100,0,0,0,100,0,0,0,100,0,0,0,100,0,0,0,100,0,0,0,100,0,0,0,100,0,0,0,100,0,0,0,100,0,0,0,100,0,0,0,100,0,0,0,0,4,19,77,0,1,64,35,0,2,47,51,0,2,57,41,0,3,25,72,0,5,9,86,0,0,60,40,40,1,29,8,11,11,0,1,0,5,29,65,0,1,99,0,0,2,19,79,0,0,3,8,18,11,52,8,0,1,25,20,31,23,0,3,5,30,28,34,66,100,100,81,2,4,13,36,4,12,48,53,4,4,39,43,4,8,45,75,3,4,18,91,0,8,1,0,1,0,2,3,13,81,0,0,0,3,7,6,84,0,1,7,22,42,28,0,0,2,3,14,81,0,0,3,12,24,61,85,1,6,8,85,3,1,11,85,2,5,8,0,2,34,64,36,0,14,50,86,0,4,0,0,0,0,0,10,52,0,5,1,3,3,0,1,9,1,0,1,7,3,4,4,6,0,3,40,56,1,0,0,0,0,0,0,0,0,100,0,2,4,32,30,32,2,2,31,24,26,8,7,5.193548387096774,7.630724538944339,3.5000000000000004,3.5355339059327378,13.152173913043477,4.878602715218607,2,1.1887150534341144
NZL,New Zealand,7,2021-02-23,2021-02-19,100,0,0,0,0,3,100,524138.3745871611,96,2,0,98,2,9,89,1,6,93,1,14,85,2,10,88,1,15,84,2,1,97,2,2,96,2,0,98,2,2,96,1,3,96,2,7,91,2,0,98,2,4,94,100,0,0,0,91,0,0,9,94,0,1,5,86,0,4,10,90,0,4,6,85,0,3,12,99,0,0,1,98,0,1,1,100,0,0,0,98,0,0,2,97,0,0,3,93,0,1,6,100,0,0,0,96,0,0,4,0,0,3,97,97,0,2,1,0,4,17,79,83,0,2,15,98,0,2,0,98,0,2,0,100,0,0,6,1,2,91,0,1,0,97,2,100,0,0,0,0,100,0,0,0,0,0,0,60,23,12,5,0,10,34,47,9,83,0,11,44,35,10,0,8,53,31,8,0,12,17,48,23,0,3,68,25,4,95,3,2,95,3,2,95,4,1,95,4,1,95,1,4,95,4,1,95,4,1,95,5,0,95,5,0,0,88,0,5,7,88,0,10,2,88,0,12,0,88,0,11,1,88,0,6,6,88,0,6,6,88,0,12,0,88,0,12,0,88,0,12,0,0,77,1,15,7,77,1,19,3,77,1,22,0,77,1,22,0,77,1,15,7,77,1,11,11,77,1,22,0,77,1,22,0,77,1,21,1,0,100,0,0,100,0,100,0,100,0,0,100,0,0,100,0,0,100,0,0,100,0,100,0,0,99,0,1,0,99,0,0,1,99,0,1,0,99,0,1,0,99,0,0,1,99,0,0,1,99,0,1,0,0,3,15,21,34,27,0,0,86,14,0,0,91,9,0,0,85,15,0,0,87,13,0,0,47,53,0,0,96,4,0,0,92,8,0,0,73,27,0,0,91,9,0,0,79,21,43,1,0,56,3,1,7,89,0,0,0,98,0,0,2,98,0,0,2,98,0,0,2,98,0,1,1,98,0,1,1,98,0,0,2,100,0,0,0,100,0,0,0,100,0,0,0,100,0,0,0,100,0,0,0,100,0,0,0,100,0,0,0,100,0,0,0,100,0,0,0,100,0,0,0,100,0,0,0,100,0,0,0,0,3,19,78,0,1,60,39,0,1,36,63,0,1,58,41,0,1,29,70,0,3,3,94,0,1,59,40,41,0,31,8,9,11,0,1,0,5,44,50,0,0,99,1,0,3,28,69,0,1,4,5,9,14,61,6,0,0,24,20,36,20,0,3,3,17,43,34,83,100,100,81,1,4,14,40,1,10,49,64,0,4,32,42,0,8,50,71,0,5,24,97,0,1,2,0,3,1,1,1,5,89,0,0,0,1,5,15,79,0,1,9,21,29,40,0,0,1,1,10,88,0,0,2,6,30,62,92,1,5,2,92,1,2,5,92,0,4,4,0,1,13,86,14,0,9,77,91,0,1,0,4,0,0,0,4,78,0,3,0,4,4,0,2,1,1,0,0,0,1,0,3,3,0,7,40,52,1,0,0,0,0,0,0,0,0,0,100,3,13,43,22,19,3,7,28,26,25,11,0,6.625,9.022373623745118,0.6666666666666666,0.5773502691896257,12.488636363636363,4.877804099363353,1.855421686746988,0.8134918729334839
NZL,New Zealand,-99,2021-02-24,2021-02-24,107,1,8803.3189770954,0,0,2,87,643607.5944381929,0,1,4,102,1,17,89,1,7,99,0,25,82,1,20,86,0,13,94,1,6,100,1,3,103,0,5,102,1,3,103,1,6,100,1,18,88,1,0,106,1,15,91,103,0,2,2,90,0,5,12,100,1,2,4,82,1,8,16,87,1,9,10,94,0,3,10,101,0,4,2,104,0,1,2,102,0,3,2,104,0,2,1,101,0,2,4,89,1,2,15,107,0,0,0,92,0,8,7,20,0,1,86,106,0,1,0,21,2,29,55,79,0,2,26,105,0,2,0,105,0,2,0,107,0,0,26,1,7,73,24,1,1,80,1,106,0,0,1,0,107,0,0,0,0,27,0,33,27,13,7,39,4,27,31,6,15,39,4,23,37,4,39,6,22,36,4,39,6,8,29,25,39,2,36,26,4,101,2,4,101,4,2,101,4,2,101,4,2,101,4,2,101,5,1,101,6,0,101,5,1,101,4,2,0,94,0,6,7,94,0,10,3,94,0,13,0,94,0,13,0,94,0,3,10,94,0,6,7,94,0,13,0,94,0,13,0,94,0,12,1,0,83,1,15,8,83,1,17,6,83,1,23,0,83,1,23,0,83,1,14,9,83,1,12,11,83,1,23,0,83,1,23,0,83,1,21,2,0,107,0,0,107,0,107,0,107,0,0,107,0,0,107,0,0,107,0,0,107,0,107,0,0,105,0,2,0,105,0,0,2,105,0,2,0,105,0,1,1,105,0,2,0,105,0,1,1,105,0,2,0,39,0,20,18,16,14,47,0,47,13,47,0,59,1,47,0,59,1,47,0,56,4,47,0,44,16,47,0,58,2,47,0,54,6,47,0,55,5,47,0,50,10,47,0,34,26,107,0,0,0,107,0,0,0,0,0,0,101,1,0,5,101,1,1,4,101,1,1,4,101,0,4,2,101,1,1,4,101,1,0,5,107,0,0,0,107,0,0,0,107,0,0,0,107,0,0,0,107,0,0,0,107,0,0,0,107,0,0,0,107,0,0,0,107,0,0,0,107,0,0,0,107,0,0,0,107,0,0,0,51,3,28,25,51,1,42,13,51,2,36,18,51,2,36,18,51,4,24,28,51,5,9,42,58,1,25,23,82,0,11,7,1,6,63,0,1,1,15,27,63,1,43,0,69,0,10,28,69,0,6,4,3,1,22,2,69,0,7,10,11,10,72,2,7,5,8,13,15,107,107,79,1,7,20,66,2,12,27,72,2,7,26,73,2,5,27,84,2,3,18,99,1,2,5,76,0,0,1,5,5,20,76,0,0,1,3,7,20,85,0,6,3,4,9,85,1,1,1,0,19,85,0,5,2,5,10,102,0,4,1,102,2,2,1,102,2,1,2,91,0,3,13,94,0,7,6,104,0,1,0,0,0,0,0,2,103,0,0,0,0,1,0,0,1,1,0,0,0,0,1,0,0,107,0,0,0,0,0,107,0,0,0,0,0,0,0,0,107,0,0,0,0,107,0,0,0,0,0,0,4.173472564102564,4.672246463498282,1.9999999999999998,0,0,0,0,0
NZL,New Zealand,1,2021-02-24,2021-02-22,100,2,20115.310845650332,1,6709.55680893973,8,100,628049.8684410322,99,0,3,97,0,13,87,0,4,96,0,30,70,0,20,80,0,21,79,0,10,90,0,0,100,0,11,89,0,3,97,0,3,97,0,29,71,0,3,97,0,21,79,97,0,3,0,87,0,6,7,96,0,2,2,70,0,4,26,80,0,6,14,79,0,5,16,90,0,8,2,100,0,0,0,89,0,7,4,97,0,2,1,97,0,2,1,71,0,4,25,97,0,3,0,79,0,7,14,0,0,5,95,95,0,3,2,0,0,38,62,62,0,7,31,93,1,4,2,93,1,6,0,99,1,0,7,0,3,90,0,0,0,100,0,100,0,0,0,0,100,0,0,0,0,0,0,42,36,17,5,0,0,34,55,11,42,0,0,44,48,8,0,0,42,50,8,0,1,9,67,23,0,0,58,38,4,95,0,5,95,4,1,95,3,2,95,2,3,95,3,2,95,5,0,95,4,1,95,5,0,95,4,1,0,83,0,6,11,83,0,14,3,83,0,15,2,83,0,15,2,83,0,3,14,83,0,9,8,83,0,14,3,83,0,17,0,83,0,13,4,0,64,0,15,21,64,0,28,8,64,0,36,0,64,0,34,2,64,0,15,21,64,0,11,25,64,0,34,2,64,0,36,0,64,0,34,2,0,100,0,0,100,0,100,0,100,0,0,100,0,0,100,0,0,100,0,0,100,0,100,0,0,96,0,4,0,96,0,4,0,96,0,2,2,96,0,4,0,96,0,3,1,96,0,3,1,96,0,1,3,0,0,8,26,40,26,0,4,72,24,0,4,95,1,0,4,95,1,0,4,92,4,0,4,92,4,0,4,95,1,0,4,88,8,0,4,95,1,0,4,86,10,0,4,42,54,36,0,6,58,1,0,17,82,0,0,0,97,0,0,3,97,0,1,2,97,0,1,2,97,0,1,2,97,0,1,2,97,0,1,2,100,0,0,0,100,0,0,0,100,0,0,0,100,0,0,0,100,0,0,0,100,0,0,0,100,0,0,0,100,0,0,0,100,0,0,0,100,0,0,0,100,0,0,0,100,0,0,0,0,1,66,33,0,2,68,30,0,2,63,35,0,1,80,19,0,2,48,50,0,4,24,72,0,0,78,22,22,0,35,8,16,19,0,0,3,10,29,58,0,0,99,1,0,1,16,83,0,0,2,4,12,23,58,1,0,0,5,14,41,40,0,0,3,18,38,41,42,100,100,34,1,9,56,32,0,7,61,37,0,5,58,20,0,5,75,52,0,1,47,76,0,17,7,0,0,2,5,18,18,57,0,0,2,8,15,21,54,0,0,14,24,27,35,0,0,1,8,27,64,0,0,3,29,27,41,68,0,23,9,68,4,2,26,68,4,5,23,0,0,71,29,71,0,8,21,92,0,0,1,4,0,0,0,3,21,1,3,11,3,4,3,2,6,2,0,0,5,4,1,1,33,0,2,36,61,1,0,0,0,100,0,0,0,0,0,0,1,4,52,31,12,1,2,10,20,40,20,7,4.666666666666667,6.080805084541888,1.6,0.5477225575051661,11.02247191011236,4.961161722661996,3.4148936170212765,1.4324171200335716
NZL,New Zealand,2,2021-02-24,2021-02-23,100,1,4729.858113068471,0,0,11,100,696487.3597045456,99,0,1,99,0,13,87,0,6,94,0,27,73,0,21,79,0,15,85,0,8,92,0,3,97,0,5,95,0,1,99,0,2,98,0,26,74,0,3,97,0,18,82,99,0,1,0,87,0,7,6,94,0,2,4,73,0,3,24,79,0,8,13,85,0,2,13,92,0,6,2,97,0,3,0,95,0,2,3,99,0,1,0,98,0,2,0,74,0,7,19,97,0,1,2,82,1,8,9,0,0,6,94,94,0,4,2,0,0,36,64,64,0,12,24,88,0,12,0,88,0,11,1,100,0,0,12,0,1,87,0,0,0,99,1,100,0,0,0,0,100,0,0,0,0,0,0,47,35,14,4,0,1,35,55,9,50,0,2,45,48,5,0,1,43,51,5,0,1,10,64,25,0,1,63,32,4,96,3,1,96,3,1,96,3,1,96,4,0,96,2,2,96,3,1,96,4,0,96,4,0,96,2,2,0,86,0,8,6,86,0,9,5,86,0,14,0,86,0,14,0,86,0,3,11,86,0,9,5,86,0,13,1,86,0,14,0,86,0,13,1,0,65,1,18,16,65,1,27,7,65,1,34,0,65,1,34,0,65,1,18,16,65,1,14,20,65,1,34,0,65,1,34,0,65,1,31,3,0,100,0,0,100,0,100,0,100,0,0,100,0,0,100,0,0,100,0,0,100,0,100,0,0,99,0,1,0,99,0,0,1,99,0,0,1,99,0,1,0,99,0,1,0,99,0,1,0,99,0,1,0,0,1,23,18,33,25,0,2,75,23,0,2,98,0,0,2,97,1,0,2,95,3,0,2,92,6,0,2,98,0,0,2,93,5,0,2,95,3,0,2,84,14,0,2,42,56,29,0,3,68,1,0,22,77,0,0,0,99,0,0,1,99,0,1,0,99,0,0,1,99,0,0,1,99,0,1,0,99,0,1,0,100,0,0,0,100,0,0,0,100,0,0,0,100,0,0,0,100,0,0,0,100,0,0,0,100,0,0,0,100,0,0,0,100,0,0,0,100,0,0,0,100,0,0,0,100,0,0,0,0,0,59,41,0,0,76,24,0,1,58,41,0,1,75,24,0,2,35,63,0,2,21,77,0,1,68,31,32,0,23,17,8,20,0,0,0,8,26,66,0,0,100,0,0,0,25,75,0,0,6,4,7,20,61,2,0,0,9,13,33,45,0,1,9,14,34,42,50,100,100,41,0,11,48,24,0,9,67,42,0,6,52,25,0,6,69,65,0,6,29,79,0,18,3,0,0,1,4,13,20,62,0,0,0,2,17,20,61,0,0,19,28,30,23,0,0,1,8,21,70,0,0,6,21,34,39,73,0,19,8,73,5,2,20,73,5,5,17,0,0,69,31,69,0,8,23,92,0,0,0,1,1,0,2,4,23,0,6,4,5,8,0,2,7,3,0,3,7,5,5,1,21,0,0,29,67,2,2,0,0,0,100,0,0,0,0,0,1,2,61,22,14,1,0,29,32,25,8,5,4.948275862068965,6.783422553298603,1.8333333333333333,1.6020819787597222,11.759036144578314,6.367965485577548,3.0520833333333335,1.3716666133742608
NZL,New Zealand,3,2021-02-24,2021-02-23,100,0,0,0,0,10,98,596909.4338410667,98,0,0,100,0,7,93,0,1,99,0,20,80,0,18,82,0,14,86,1,9,90,0,1,99,0,3,97,0,0,100,0,6,94,0,14,86,0,1,99,0,12,88,100,0,0,0,93,1,2,4,99,0,0,1,80,0,4,16,82,2,6,10,86,1,5,8,91,0,4,5,99,0,1,0,97,0,2,1,100,0,0,0,94,0,0,6,86,0,3,11,99,0,0,1,88,0,7,5,0,2,4,94,96,0,4,0,0,0,33,67,67,0,2,31,98,0,2,0,98,0,2,0,100,0,0,2,1,4,93,0,0,0,96,4,100,0,0,0,0,100,0,0,0,0,0,0,41,34,16,9,0,1,30,59,10,44,0,2,42,46,10,0,3,33,54,10,0,1,13,55,31,0,1,61,34,4,91,6,3,91,5,4,91,8,1,91,8,1,91,5,4,91,4,5,91,8,1,91,9,0,91,9,0,0,84,0,6,10,84,0,11,5,84,0,14,2,84,0,15,1,84,0,5,11,84,0,7,9,84,0,15,1,84,0,16,0,84,0,15,1,0,66,0,16,18,66,0,27,7,66,0,34,0,66,0,32,2,66,0,21,13,66,0,15,19,66,0,30,4,66,0,34,0,66,0,29,5,0,100,0,0,100,0,100,0,100,0,0,100,0,0,100,0,0,100,0,0,100,0,100,0,0,97,0,3,0,97,0,1,2,97,0,1,2,97,0,2,1,97,0,2,1,97,0,3,0,97,0,3,0,0,1,18,28,27,26,0,2,74,24,0,2,97,1,0,2,97,1,0,2,91,7,0,2,84,14,0,2,95,3,0,2,85,13,0,2,93,5,0,2,77,21,0,2,50,48,31,0,3,66,1,1,14,84,0,0,0,96,1,1,2,96,0,1,3,96,2,0,2,96,2,0,2,96,2,0,2,96,2,0,2,100,0,0,0,100,0,0,0,100,0,0,0,100,0,0,0,100,0,0,0,100,0,0,0,100,0,0,0,100,0,0,0,100,0,0,0,100,0,0,0,100,0,0,0,100,0,0,0,0,4,60,36,0,4,77,19,0,2,61,37,0,3,72,25,0,5,33,62,0,6,14,80,0,0,75,25,25,0,26,12,11,26,0,1,0,4,29,66,0,2,98,0,0,1,27,72,0,0,5,4,10,12,65,4,0,0,19,9,26,46,0,0,9,12,38,41,44,100,100,40,0,5,55,23,1,10,66,39,1,5,55,28,1,1,70,67,0,1,32,86,0,11,3,0,0,2,1,10,13,74,0,0,1,1,10,15,73,0,2,10,29,31,28,0,0,4,10,13,73,0,0,8,15,25,52,77,2,15,6,77,3,3,17,77,3,6,14,0,1,68,31,69,0,10,21,90,1,2,0,2,0,0,2,3,22,1,2,4,4,9,3,3,14,7,0,1,6,4,2,4,14,0,1,30,67,0,2,0,0,0,0,100,0,0,0,0,1,1,58,26,14,1,1,10,24,36,18,10,4.4511111111111115,5.369383840654608,2.25,2.217355782608345,13.404494382022472,5.698323320232005,3.7448979591836733,1.47355537846321
NZL,New Zealand,4,2021-02-24,2021-02-23,100,2,5930.68004055665,1,2275.42013558034,8,100,475237.05107859767,98,0,5,95,0,5,95,0,1,99,0,23,77,0,13,87,0,18,82,0,3,97,0,2,98,0,5,95,0,0,100,0,5,95,0,18,82,0,3,97,0,11,89,95,0,4,1,95,0,2,3,99,0,0,1,77,0,7,16,87,0,3,10,82,0,7,11,97,0,1,2,98,0,1,1,95,0,2,3,100,0,0,0,95,0,2,3,82,0,8,10,97,0,2,1,89,0,2,9,0,0,7,93,93,0,5,2,0,0,33,67,67,0,2,31,98,0,2,0,98,0,2,0,100,0,0,2,0,0,98,0,0,0,100,0,100,0,0,0,0,100,0,0,0,0,0,0,53,23,19,5,0,0,34,59,7,4,0,0,49,44,7,0,1,45,42,12,0,1,11,57,31,0,0,64,32,4,95,0,5,95,2,3,95,4,1,95,4,1,95,3,2,95,2,3,95,5,0,95,5,0,95,5,0,0,81,0,9,10,81,0,13,6,81,0,16,3,81,0,18,1,81,0,3,16,81,0,10,9,81,0,18,1,81,0,19,0,81,0,18,1,0,77,0,14,9,77,0,20,3,77,0,23,0,77,0,23,0,77,0,13,10,77,0,7,16,77,0,23,0,77,0,23,0,77,0,22,1,0,100,0,0,100,0,100,0,100,0,0,100,0,0,100,0,0,100,0,0,100,0,100,0,0,96,0,4,0,96,0,2,2,96,0,0,4,96,0,3,1,96,0,4,0,96,0,4,0,96,0,3,1,0,1,17,22,38,22,0,7,72,21,0,7,92,1,0,7,88,5,0,7,83,10,0,7,70,23,0,7,92,1,0,7,84,9,0,7,90,3,0,7,76,17,0,7,57,36,32,0,2,66,2,0,10,88,0,0,0,100,0,0,0,100,0,0,0,100,0,0,0,100,0,0,0,100,0,0,0,100,0,0,0,100,0,0,0,100,0,0,0,100,0,0,0,100,0,0,0,100,0,0,0,100,0,0,0,100,0,0,0,100,0,0,0,100,0,0,0,100,0,0,0,100,0,0,0,100,0,0,0,0,1,62,37,0,1,75,24,0,1,55,44,0,0,78,22,0,3,30,67,0,3,9,88,0,0,81,19,19,1,33,16,11,20,0,0,1,8,23,68,0,1,99,0,0,0,21,79,0,0,3,7,8,16,62,4,0,0,7,18,31,44,0,0,6,15,38,41,4,100,100,38,2,4,56,25,3,10,62,45,3,5,47,22,2,4,72,70,2,2,26,91,0,8,1,0,0,1,0,3,6,90,0,0,0,0,1,14,85,0,0,10,33,33,24,0,2,1,5,19,73,0,0,5,13,30,52,82,1,15,2,82,4,4,10,82,2,6,10,0,0,84,16,84,0,5,11,95,0,2,0,0,0,0,0,3,11,0,3,8,3,11,5,2,12,5,0,6,5,9,3,3,14,0,2,31,67,0,0,0,0,0,0,0,100,0,0,0,1,3,41,31,24,1,1,7,24,36,22,9,5.363636363636363,7.471156658656129,1.1428571428571428,0.3779644730092272,13.22340425531915,5.059121976010634,3.0210526315789474,1.3126143100651013
NZL,New Zealand,5,2021-02-24,2021-02-23,100,0,0,0,0,3,100,438645.7745564247,97,0,2,98,0,4,96,0,4,96,0,17,83,0,15,85,0,13,87,0,3,97,0,0,100,0,3,97,0,1,99,0,3,97,0,14,86,0,0,100,0,5,95,98,0,2,0,96,0,1,3,96,0,1,3,83,1,4,12,85,2,7,6,87,1,3,9,97,0,1,2,100,0,0,0,97,0,2,1,99,1,0,0,97,0,3,0,86,0,3,11,100,0,0,0,95,1,2,2,0,0,3,97,97,0,3,0,0,2,30,68,70,0,2,28,98,0,2,0,98,0,2,0,100,0,0,4,1,0,95,0,1,0,99,0,100,0,0,0,0,100,0,0,0,0,0,0,52,27,14,7,0,3,26,53,18,14,0,2,36,45,17,0,2,35,47,16,0,1,5,59,35,0,0,58,32,10,93,1,6,93,3,4,93,5,2,93,5,2,93,4,3,93,7,0,93,6,1,93,7,0,93,5,2,0,86,0,4,10,86,0,10,4,86,0,13,1,86,0,14,0,86,0,7,7,86,0,9,5,86,0,14,0,86,0,14,0,86,0,13,1,0,73,0,13,14,73,0,23,4,73,0,27,0,73,0,26,1,73,0,16,11,73,0,16,11,73,0,25,2,73,0,27,0,73,0,24,3,0,100,0,0,100,0,100,0,100,0,0,100,0,0,100,0,0,100,0,0,100,0,100,0,0,97,0,3,0,97,0,2,1,97,0,2,1,97,0,1,2,97,0,2,1,97,0,1,2,97,0,2,1,0,0,27,21,23,29,0,2,70,28,0,2,92,6,0,2,94,4,0,2,84,14,0,2,65,33,0,2,97,1,0,2,95,3,0,2,91,7,0,2,74,24,0,2,63,35,29,0,1,70,2,0,12,86,0,0,0,100,0,0,0,100,0,0,0,100,0,0,0,100,0,0,0,100,0,0,0,100,0,0,0,100,0,0,0,100,0,0,0,100,0,0,0,100,0,0,0,100,0,0,0,100,0,0,0,100,0,0,0,100,0,0,0,100,0,0,0,100,0,0,0,100,0,0,0,100,0,0,0,0,2,46,52,0,2,75,23,0,4,59,37,0,1,70,29,0,5,29,66,0,4,9,87,0,1,71,28,29,0,26,12,14,19,0,2,0,4,29,65,0,2,98,0,0,1,26,73,0,0,9,4,9,8,67,3,0,0,12,17,32,39,0,1,7,22,33,37,14,100,100,54,0,4,42,25,1,10,64,41,2,8,49,30,1,7,62,71,1,1,27,91,0,7,2,0,1,1,2,1,6,89,0,0,0,1,1,11,87,0,0,9,28,41,22,0,0,0,2,16,82,0,0,2,19,24,55,79,1,15,5,79,4,5,12,79,3,9,9,0,0,67,33,67,0,9,24,91,1,0,1,0,0,1,1,5,24,0,2,10,2,4,0,1,18,5,0,3,6,4,4,3,14,0,2,28,67,0,3,0,0,0,0,0,0,100,0,0,2,4,41,28,25,2,3,15,28,31,17,4,4.142857142857143,5.971219488921333,1,0,11.422680412371134,5.398369837943348,2.532608695652174,1.4331329467291154
NZL,New Zealand,6,2021-02-24,2021-02-23,100,0,0,0,0,2,100,520243.2323244787,93,0,0,100,0,9,91,0,4,96,0,10,90,0,7,93,0,9,91,0,0,100,0,2,98,0,2,98,0,0,100,0,4,96,0,10,90,0,1,99,0,4,96,100,0,0,0,91,0,1,8,96,0,1,3,90,0,3,7,93,0,4,3,91,0,4,5,100,0,0,0,98,0,1,1,98,0,1,1,100,0,0,0,96,0,2,2,90,0,5,5,99,0,0,1,96,0,1,3,0,0,1,99,99,0,0,1,0,3,16,81,84,0,1,15,99,0,1,0,99,0,1,0,100,0,0,4,0,1,95,0,0,0,100,0,100,0,0,0,0,100,0,0,0,0,0,0,73,16,10,1,0,0,31,58,11,30,0,1,47,43,9,0,2,48,45,5,0,1,11,58,30,0,1,67,30,2,99,0,1,99,1,0,99,1,0,99,1,0,99,0,1,99,1,0,99,1,0,99,1,0,99,1,0,0,90,0,5,5,90,0,7,3,90,0,8,2,90,0,10,0,90,0,4,6,90,0,8,2,90,0,10,0,90,0,10,0,90,0,10,0,0,84,0,9,7,84,0,12,4,84,0,15,1,84,0,15,1,84,0,7,9,84,0,11,5,84,0,15,1,84,0,16,0,84,0,16,0,0,100,0,0,100,0,100,0,100,0,0,100,0,0,100,0,0,100,0,0,100,0,100,0,0,97,0,3,0,97,0,0,3,97,0,1,2,97,0,1,2,97,0,3,0,97,0,3,0,97,0,2,1,0,1,13,17,33,36,0,4,75,21,0,4,87,9,0,4,80,16,0,4,81,15,0,4,48,48,0,4,90,6,0,4,89,7,0,4,82,14,0,4,82,14,0,4,75,21,45,1,1,53,6,2,5,87,0,0,0,99,0,0,1,99,0,1,0,99,0,1,0,99,0,0,1,99,0,1,0,99,0,0,1,100,0,0,0,100,0,0,0,100,0,0,0,100,0,0,0,100,0,0,0,100,0,0,0,100,0,0,0,100,0,0,0,100,0,0,0,100,0,0,0,100,0,0,0,100,0,0,0,0,1,28,71,0,0,69,31,0,1,42,57,0,1,55,44,0,1,23,76,0,3,10,87,0,0,52,48,48,0,28,7,7,10,0,0,0,4,29,67,0,0,100,0,0,4,14,82,0,0,6,5,17,12,54,6,0,0,25,24,31,20,0,0,6,23,35,36,30,100,100,72,1,3,24,31,2,16,51,58,2,5,35,45,3,4,48,77,2,4,17,90,0,8,2,0,1,0,0,5,7,87,0,0,0,2,3,14,81,0,0,5,26,42,27,0,0,3,0,15,82,0,0,1,9,24,66,90,2,4,4,90,3,1,6,90,3,1,6,0,1,40,59,41,0,16,43,84,0,4,0,0,0,1,1,10,44,0,4,1,5,7,1,0,7,2,0,3,4,5,1,3,13,0,4,41,55,0,0,0,0,0,0,0,0,0,100,0,6,5,31,32,26,6,4,21,27,28,8,6,4.5,6.7524246086304505,2,0,12.28888888888889,4.940646467377067,2.0568181818181817,1.009813395137416
NZL,New Zealand,7,2021-02-24,2021-02-20,100,0,0,0,0,2,100,519126.26322670426,96,1,0,99,2,8,90,1,6,93,1,11,88,1,12,87,0,16,84,1,1,98,1,2,97,1,0,99,1,1,98,1,3,96,1,6,93,2,0,98,2,4,94,100,0,0,0,92,0,0,8,94,0,1,5,89,0,2,9,88,0,4,8,84,0,3,13,99,0,0,1,98,0,1,1,100,0,0,0,99,0,0,1,97,0,0,3,94,0,0,6,100,0,0,0,96,0,0,4,0,0,2,98,98,0,1,1,0,2,20,78,80,0,2,18,98,0,2,0,98,0,2,0,100,0,0,4,1,2,93,0,1,0,97,2,100,0,0,0,0,100,0,0,0,0,0,0,63,24,9,4,0,14,33,44,9,67,0,14,43,34,9,0,10,51,33,6,0,13,17,48,22,0,2,72,23,3,96,3,1,96,3,1,96,3,1,96,3,1,96,1,3,96,3,1,96,3,1,96,4,0,96,4,0,0,91,0,5,4,91,0,8,1,91,0,9,0,91,0,9,0,91,0,5,4,91,0,4,5,91,0,9,0,91,0,9,0,91,0,9,0,0,76,1,15,8,76,1,19,4,76,1,23,0,76,1,23,0,76,1,17,6,76,1,12,11,76,1,23,0,76,1,23,0,76,1,22,1,0,100,0,0,100,0,100,0,100,0,0,100,0,0,100,0,0,100,0,0,100,0,100,0,0,99,0,1,0,99,0,0,1,99,0,1,0,99,0,1,0,99,0,0,1,99,0,0,1,99,0,1,0,0,3,13,24,32,28,0,0,87,13,0,0,93,7,0,0,86,14,0,0,85,15,0,0,45,55,0,0,97,3,0,0,96,4,0,0,73,27,0,0,89,11,0,0,78,22,42,2,0,56,3,2,6,89,0,0,0,98,0,0,2,98,0,0,2,98,0,0,2,98,0,1,1,98,0,1,1,98,0,0,2,100,0,0,0,100,0,0,0,100,0,0,0,100,0,0,0,100,0,0,0,100,0,0,0,100,0,0,0,100,0,0,0,100,0,0,0,100,0,0,0,100,0,0,0,100,0,0,0,0,3,18,79,0,1,60,39,0,0,42,58,0,2,58,40,0,4,27,69,0,4,5,91,0,2,56,42,44,0,31,8,7,10,0,2,0,5,43,50,0,1,99,0,0,2,26,72,0,0,4,4,9,16,59,8,0,0,25,23,39,13,0,2,3,17,45,33,67,100,100,82,0,3,15,40,0,11,49,58,0,4,38,42,0,8,50,73,0,3,24,95,0,3,2,0,3,1,1,2,7,86,0,0,0,1,5,14,80,0,1,9,20,34,36,0,0,0,1,10,89,0,0,1,7,31,61,92,2,4,2,92,2,1,5,92,0,4,4,0,2,9,89,11,0,10,79,90,0,1,0,4,0,0,0,5,81,0,3,0,4,3,0,2,0,2,0,0,0,1,0,2,2,0,8,40,50,1,1,0,0,0,0,0,0,0,0,100,3,10,42,24,21,3,6,27,28,26,10,0,7.166666666666667,9.157937327365483,0.5,0.7071067811865476,12.325842696629213,4.7739236790250725,1.8488372093023255,0.8046547211358658
NZL,New Zealand,-99,2021-02-25,2021-02-24,100,1,3630.30165135195,0,0,5,75,676168.0034023435,0,1,1,98,1,14,85,1,7,92,1,29,70,1,25,74,2,21,77,2,10,88,1,6,93,1,9,90,2,5,93,2,9,89,1,23,76,3,3,94,2,18,80,99,0,0,1,86,1,6,7,93,0,4,3,71,1,5,23,75,0,9,16,79,2,3,16,90,0,8,2,94,0,3,3,91,1,3,5,95,1,1,3,91,0,5,4,77,0,11,12,97,0,3,0,82,1,5,12,25,0,5,70,96,0,4,0,26,1,22,51,78,1,3,18,97,0,3,0,97,0,3,0,100,0,0,32,2,2,64,28,1,1,66,4,99,0,0,0,1,99,0,1,0,0,31,1,28,18,10,12,42,1,19,31,7,0,42,1,24,23,10,42,1,22,27,8,42,1,6,35,16,42,1,28,23,6,89,5,6,89,6,5,89,6,5,89,7,4,89,8,3,89,9,2,89,11,0,89,11,0,89,10,1,0,91,0,5,4,91,0,7,2,91,0,8,1,91,0,9,0,91,0,3,6,91,0,8,1,91,0,9,0,91,0,9,0,91,0,9,0,0,85,0,7,8,85,0,13,2,85,0,15,0,85,0,14,1,85,0,9,6,85,0,11,4,85,0,15,0,85,0,15,0,85,0,13,2,0,100,0,0,100,0,100,0,100,0,0,100,0,0,100,0,0,100,0,0,100,0,100,0,0,95,0,5,0,95,0,3,2,95,0,5,0,95,0,4,1,95,0,5,0,95,0,2,3,95,0,3,2,44,1,16,10,12,17,47,2,40,11,47,2,49,2,47,2,46,5,47,2,49,2,47,2,38,13,47,2,51,0,47,2,48,3,47,2,48,3,47,2,38,13,47,2,31,20,100,0,0,0,100,0,0,0,0,0,0,98,0,0,2,98,0,0,2,98,0,0,2,98,0,1,1,98,0,0,2,98,0,1,1,100,0,0,0,100,0,0,0,100,0,0,0,100,0,0,0,100,0,0,0,100,0,0,0,100,0,0,0,100,0,0,0,100,0,0,0,100,0,0,0,100,0,0,0,100,0,0,0,53,1,19,27,53,2,30,15,53,2,27,18,53,2,35,10,53,2,12,33,53,1,7,39,60,0,24,16,76,0,12,3,2,7,66,1,0,1,11,21,66,1,33,0,73,1,6,20,73,0,2,1,5,2,15,2,73,0,8,7,7,5,77,0,4,6,3,10,0,100,100,82,1,3,14,72,1,6,21,74,1,4,21,68,1,3,28,89,0,0,11,93,1,4,2,79,0,0,1,2,6,12,79,0,0,1,1,4,15,86,0,2,2,6,4,86,0,0,2,4,8,86,0,0,4,4,6,96,1,2,1,96,2,0,2,96,2,0,2,90,0,8,2,98,0,2,0,100,0,0,0,0,0,0,0,0,96,0,0,0,0,0,0,0,1,1,0,0,0,0,0,0,2,100,0,0,0,0,0,100,0,0,0,0,0,0,0,0,100,0,0,0,0,100,0,0,0,0,0,0,5.181818181818182,4.639871667504296,1,0,0,0,0,0
NZL,New Zealand,1,2021-02-25,2021-02-23,100,2,20115.310845650332,1,6709.55680893973,15,100,705860.2571517136,99,0,3,97,0,13,87,0,4,96,0,29,71,0,21,79,0,21,79,0,10,90,0,0,100,0,9,91,0,3,97,0,5,95,0,31,69,0,5,95,0,19,81,97,0,2,1,87,0,7,6,96,0,2,2,71,0,6,23,79,0,6,15,79,0,3,18,90,0,6,4,100,0,0,0,91,0,3,6,97,0,2,1,95,0,3,2,69,0,6,25,95,0,3,2,81,0,8,11,0,0,9,91,91,0,7,2,0,0,42,58,58,0,7,35,93,1,5,1,93,1,6,0,99,1,0,7,0,3,90,0,0,0,100,0,100,0,0,0,0,100,0,0,0,0,0,0,40,38,18,4,0,0,35,54,11,41,0,0,46,48,6,0,0,42,52,6,0,1,9,70,20,0,0,60,37,3,96,0,4,96,3,1,96,2,2,96,2,2,96,2,2,96,4,0,96,3,1,96,4,0,96,3,1,0,82,0,7,11,82,0,14,4,82,0,16,2,82,0,17,1,82,0,2,16,82,0,8,10,82,0,16,2,82,0,18,0,82,0,15,3,0,62,1,16,21,62,1,28,9,62,1,36,1,62,1,36,1,62,1,15,22,62,1,13,24,62,1,34,3,62,1,37,0,62,1,34,3,0,100,0,0,100,0,100,0,100,0,0,100,0,0,100,0,0,100,0,0,100,0,100,0,0,95,0,5,0,95,0,4,1,95,0,2,3,95,0,4,1,95,0,4,1,95,0,4,1,95,0,2,3,0,0,8,24,42,26,0,2,71,27,0,2,97,1,0,2,97,1,0,2,95,3,0,2,94,4,0,2,97,1,0,2,90,8,0,2,97,1,0,2,88,10,0,2,44,54,33,0,5,62,1,0,17,82,0,0,0,97,0,0,3,97,0,1,2,97,0,1,2,97,0,1,2,97,0,1,2,97,0,1,2,100,0,0,0,100,0,0,0,100,0,0,0,100,0,0,0,100,0,0,0,100,0,0,0,100,0,0,0,100,0,0,0,100,0,0,0,100,0,0,0,100,0,0,0,100,0,0,0,0,1,64,35,0,2,64,34,0,2,57,41,0,1,79,20,0,2,45,53,0,4,27,69,0,0,76,24,24,0,31,15,13,17,0,0,3,10,33,54,0,0,99,1,0,1,20,79,0,0,3,4,15,21,57,0,0,0,7,16,37,40,0,0,3,19,33,45,41,100,100,36,0,9,55,36,0,5,59,43,0,3,54,21,0,4,75,55,0,2,43,73,0,18,9,0,0,2,3,19,14,62,0,0,2,7,15,22,54,0,0,11,22,29,38,0,0,1,6,24,69,0,0,4,28,24,44,68,0,23,9,68,3,1,28,68,3,4,25,0,0,66,34,66,0,12,22,88,0,0,1,5,0,0,0,6,22,1,4,13,4,2,2,2,7,2,0,0,4,4,1,2,30,0,2,33,64,1,0,0,0,100,0,0,0,0,0,0,1,4,55,30,10,1,3,11,20,36,22,7,4.254545454545455,5.631321737548345,1.6666666666666667,0.7071067811865476,11.005555555555556,4.903847632013305,3.606382978723404,1.497080205624519
NZL,New Zealand,2,2021-02-25,2021-02-24,100,0,0,0,0,7,100,690486.2871884387,100,0,0,100,0,12,88,0,4,96,0,29,71,0,24,76,0,22,78,0,9,91,0,3,97,0,9,91,0,0,100,0,3,97,0,19,81,0,3,97,0,18,82,100,0,0,0,88,0,4,8,96,0,1,3,71,0,4,25,76,0,8,16,78,0,3,19,91,0,6,3,97,0,2,1,91,0,4,5,100,0,0,0,97,0,2,1,81,0,2,17,97,0,1,2,82,0,3,15,0,0,4,96,96,0,3,1,0,1,29,70,71,0,8,21,92,0,7,1,92,0,8,0,100,0,0,9,0,1,90,0,0,0,99,1,100,0,0,0,0,100,0,0,0,0,0,0,40,37,15,8,0,1,39,52,8,0,0,1,40,47,12,0,1,44,42,13,0,1,7,55,37,0,1,58,36,5,92,3,5,92,5,3,92,7,1,92,6,2,92,5,3,92,7,1,92,8,0,92,8,0,92,6,2,0,85,0,10,5,85,0,12,3,85,0,14,1,85,0,14,1,85,0,9,6,85,0,10,5,85,0,15,0,85,0,15,0,85,0,10,5,0,63,1,15,21,63,1,28,8,63,1,36,0,63,1,35,1,63,1,18,18,63,1,15,21,63,1,35,1,63,1,36,0,63,1,33,3,0,100,0,0,100,0,100,0,100,0,0,100,0,0,100,0,0,100,0,0,100,0,100,0,0,98,0,2,0,98,0,2,0,98,0,0,2,98,0,1,1,98,0,1,1,98,0,1,1,98,0,2,0,0,1,19,25,31,24,0,3,82,15,0,3,97,0,0,3,96,1,0,3,94,3,0,3,93,4,0,3,96,1,0,3,93,4,0,3,95,2,0,3,87,10,0,3,31,66,32,0,4,64,0,0,19,81,0,0,0,99,0,0,1,99,0,1,0,99,0,0,1,99,0,1,0,99,0,0,1,99,0,1,0,100,0,0,0,100,0,0,0,100,0,0,0,100,0,0,0,100,0,0,0,100,0,0,0,100,0,0,0,100,0,0,0,100,0,0,0,100,0,0,0,100,0,0,0,100,0,0,0,0,1,61,38,0,0,73,27,0,1,65,34,0,1,74,25,0,3,40,57,0,3,22,75,0,1,71,28,29,0,23,13,11,24,0,0,0,4,33,63,0,0,100,0,0,0,25,75,0,0,5,10,8,24,48,5,0,0,13,15,25,47,0,0,8,19,33,40,0,100,100,39,1,9,51,27,1,12,60,35,1,8,56,26,1,7,66,60,1,4,35,78,0,19,3,0,0,0,4,10,21,65,0,0,2,4,10,22,62,0,0,14,30,31,25,0,0,2,5,23,70,0,0,7,20,26,47,73,0,15,12,73,4,3,20,73,2,6,19,0,0,72,28,72,0,8,20,92,0,0,0,0,1,0,2,5,20,0,5,5,2,10,0,8,11,4,0,5,7,2,4,1,16,0,0,32,64,2,2,0,0,0,100,0,0,0,0,0,0,1,56,28,15,0,0,26,23,34,13,4,4.637931034482759,5.104859315078063,1.5,1,12.829545454545455,5.894126417697129,3.3877551020408165,1.596598530389447
NZL,New Zealand,3,2021-02-25,2021-02-24,100,0,0,0,0,6,100,551995.7955954021,97,0,0,100,0,9,91,0,3,97,0,18,82,0,12,88,0,14,86,0,11,89,0,1,99,0,3,97,0,0,100,0,5,95,0,10,90,0,2,98,0,20,80,100,0,0,0,91,0,1,8,97,0,1,2,82,1,5,12,88,0,4,8,86,1,5,8,89,1,5,5,99,0,1,0,97,0,3,0,100,0,0,0,95,0,2,3,90,1,3,6,98,1,0,1,80,1,9,10,0,0,3,97,97,0,1,2,0,0,36,64,64,1,3,32,97,0,3,0,97,0,3,0,100,0,0,4,1,2,93,0,1,1,96,2,99,0,0,1,0,100,0,0,0,0,1,0,49,27,13,10,1,1,24,68,6,0,1,1,44,46,8,1,1,35,57,6,1,1,10,65,23,1,0,52,44,3,90,6,4,90,7,3,90,10,0,90,10,0,90,2,8,90,7,3,90,9,1,90,10,0,90,10,0,0,87,0,5,8,87,0,10,3,87,0,9,4,87,0,13,0,87,0,2,11,87,0,7,6,87,0,13,0,87,0,13,0,87,0,12,1,0,73,0,17,10,73,0,21,6,73,0,25,2,73,0,25,2,73,0,15,12,73,0,8,19,73,0,24,3,73,0,27,0,73,0,25,2,0,100,0,0,100,0,100,0,100,0,0,100,0,0,100,0,0,100,0,0,100,0,100,0,0,94,0,6,0,94,0,2,4,94,0,3,3,94,0,4,2,94,0,6,0,94,0,5,1,94,0,5,1,0,0,18,22,26,34,0,3,82,15,0,3,96,1,0,3,96,1,0,3,86,11,0,3,84,13,0,3,95,2,0,3,92,5,0,3,94,3,0,3,76,21,0,3,44,53,32,0,2,66,2,0,12,86,0,0,0,98,0,0,2,98,0,0,2,98,0,0,2,98,0,1,1,98,0,0,2,98,0,0,2,100,0,0,0,100,0,0,0,100,0,0,0,100,0,0,0,100,0,0,0,100,0,0,0,100,0,0,0,100,0,0,0,100,0,0,0,100,0,0,0,100,0,0,0,100,0,0,0,0,1,58,41,0,1,77,22,0,0,61,39,0,0,75,25,0,2,39,59,0,2,14,84,0,1,81,18,19,0,27,17,15,22,0,1,0,3,27,69,0,1,99,0,0,0,22,78,0,0,3,3,14,21,55,4,0,0,17,14,17,52,0,0,5,21,30,44,0,100,100,42,1,4,53,23,1,9,67,39,1,2,58,25,1,2,72,61,1,3,35,86,0,11,3,0,0,1,0,6,6,87,0,0,1,1,9,10,79,0,1,15,30,29,25,0,0,3,4,13,80,0,0,9,8,30,53,83,0,12,5,83,2,2,13,83,2,5,10,0,0,76,24,76,0,8,16,92,0,2,0,2,0,0,1,3,16,1,5,7,4,8,1,3,13,5,1,0,10,6,2,1,17,0,1,31,67,0,1,0,0,0,0,100,0,0,0,0,2,0,60,22,16,2,0,11,23,37,20,7,3.8931818181818176,3.383227970601018,2,1,12.602272727272727,5.859543296956071,3.6804123711340204,1.5107006635483287
NZL,New Zealand,4,2021-02-25,2021-02-24,100,1,3655.2599049763103,0,0,13,100,535227.4309601247,97,0,6,94,0,8,92,0,1,99,0,21,79,0,13,87,0,18,82,0,4,96,0,3,97,0,5,95,0,2,98,0,5,95,0,15,85,0,4,96,0,15,85,94,0,5,1,92,1,3,4,99,0,0,1,79,1,6,14,87,1,3,9,82,1,4,13,96,0,4,0,97,1,2,0,95,0,3,2,98,0,1,1,95,0,2,3,85,0,5,10,96,0,2,2,85,1,5,9,0,0,12,88,88,0,9,3,0,0,33,67,67,0,2,31,98,0,2,0,98,0,2,0,100,0,0,2,0,2,96,0,0,0,100,0,100,0,0,0,0,100,0,0,0,0,0,0,51,27,17,5,0,0,29,60,11,0,0,0,43,51,6,0,1,41,48,10,0,1,11,55,33,0,0,64,32,4,95,3,2,95,3,2,95,3,2,95,5,0,95,3,2,95,3,2,95,5,0,95,5,0,95,5,0,0,83,0,9,8,83,0,11,6,83,0,17,0,83,0,16,1,83,0,3,14,83,0,12,5,83,0,16,1,83,0,17,0,83,0,16,1,0,73,0,13,14,73,0,26,1,73,0,27,0,73,0,27,0,73,0,17,10,73,0,12,15,73,0,26,1,73,0,27,0,73,0,25,2,0,100,0,0,100,0,100,0,100,0,0,100,0,0,100,0,0,100,0,0,100,0,100,0,0,98,0,2,0,98,0,2,0,98,0,2,0,98,0,2,0,98,0,2,0,98,0,1,1,98,0,1,1,0,0,17,25,37,21,0,3,82,15,0,3,92,5,0,3,91,6,0,3,85,12,0,3,73,24,0,3,97,0,0,3,91,6,0,3,90,7,0,3,77,20,0,3,57,40,32,0,1,67,3,0,15,82,0,0,0,98,0,0,2,98,0,1,1,98,0,0,2,98,0,1,1,98,0,0,2,98,0,0,2,100,0,0,0,100,0,0,0,100,0,0,0,100,0,0,0,100,0,0,0,100,0,0,0,100,0,0,0,100,0,0,0,100,0,0,0,100,0,0,0,100,0,0,0,100,0,0,0,0,1,61,38,0,1,79,20,0,0,53,47,0,1,78,21,0,2,32,66,0,2,14,84,0,0,76,24,24,1,24,13,13,25,0,0,0,3,23,74,0,0,100,0,0,0,27,73,0,0,4,7,7,13,65,4,0,1,10,16,23,50,0,0,4,16,37,43,0,100,100,39,0,5,56,21,2,10,67,47,2,5,46,22,0,5,73,68,0,3,29,86,0,12,2,0,0,1,0,5,8,86,0,0,0,0,2,17,81,0,0,11,26,36,27,0,1,1,6,15,77,0,0,9,11,33,47,80,2,13,5,80,4,3,13,80,1,7,12,0,0,84,16,84,0,7,9,93,0,2,0,2,0,0,0,3,9,0,1,4,2,10,2,5,14,4,0,6,5,7,1,5,25,0,1,30,69,0,0,0,0,0,0,0,100,0,0,0,2,2,46,33,17,2,1,11,23,43,17,3,4.9361702127659575,6.069898127213142,1.0909090909090908,0.30151134457776363,12.553191489361701,5.123458637927162,2.9270833333333335,1.1538931052075898
NZL,New Zealand,5,2021-02-25,2021-02-24,100,0,0,0,0,0,99,520123.90925300214,95,1,1,98,1,5,94,1,4,95,1,11,88,0,7,93,1,9,90,1,3,96,1,0,99,1,4,95,1,1,98,1,2,97,1,16,83,1,0,99,1,5,94,99,0,1,0,95,0,3,2,96,0,1,3,89,0,2,9,93,0,2,5,91,0,3,6,97,0,3,0,100,0,0,0,96,0,3,1,99,0,0,1,98,0,2,0,84,0,8,8,100,0,0,0,95,0,1,4,0,1,0,99,100,0,0,0,0,1,23,76,77,0,1,22,99,0,1,0,99,0,1,0,100,0,0,2,1,0,97,0,0,0,100,0,100,0,0,0,0,100,0,0,0,0,0,0,60,21,15,4,0,2,28,60,10,0,0,2,43,46,9,0,3,37,49,11,0,2,16,50,32,0,1,62,29,8,96,0,4,96,1,3,96,3,1,96,3,1,96,2,2,96,4,0,96,3,1,96,4,0,96,4,0,0,85,0,9,6,85,0,11,4,85,0,12,3,85,0,14,1,85,0,5,10,85,0,9,6,85,0,15,0,85,0,15,0,85,0,15,0,0,79,0,10,11,79,0,14,7,79,0,21,0,79,0,18,3,79,0,12,9,79,0,10,11,79,0,17,4,79,0,21,0,79,0,20,1,0,100,0,0,100,0,100,0,100,0,0,100,0,0,100,0,0,100,0,0,100,0,100,0,0,96,0,4,0,96,0,1,3,96,0,1,3,96,0,2,2,96,0,4,0,96,0,2,2,96,0,3,1,0,2,18,20,38,22,0,1,73,26,0,1,93,6,0,1,88,11,0,1,84,15,0,1,62,37,0,1,96,3,0,1,94,5,0,1,88,11,0,1,69,30,0,1,65,34,31,0,1,68,3,0,12,85,0,0,0,100,0,0,0,100,0,0,0,100,0,0,0,100,0,0,0,100,0,0,0,100,0,0,0,100,0,0,0,100,0,0,0,100,0,0,0,100,0,0,0,100,0,0,0,100,0,0,0,100,0,0,0,100,0,0,0,100,0,0,0,100,0,0,0,100,0,0,0,100,0,0,0,0,3,49,48,0,2,65,33,0,5,51,44,0,1,69,30,0,2,28,70,0,3,9,88,0,0,71,29,29,0,26,13,12,20,0,2,0,3,34,61,0,1,99,0,0,1,24,75,0,0,3,2,9,13,67,6,0,0,20,10,30,40,0,2,3,22,32,41,0,100,100,51,0,1,48,35,2,3,60,49,3,0,48,31,2,3,64,72,1,0,27,91,0,4,5,0,0,1,1,6,6,86,0,1,1,2,6,12,78,0,1,8,24,37,30,0,0,3,3,14,80,0,0,8,11,22,59,81,1,14,4,81,2,5,12,81,2,11,6,0,0,69,31,69,0,9,22,91,0,1,0,2,1,0,1,4,22,0,5,3,3,8,0,3,16,7,1,2,6,4,3,3,14,0,1,28,69,1,1,0,0,0,0,0,0,100,0,0,2,3,43,30,22,2,2,13,27,30,21,5,2.925925925925926,1.998574990912774,0,0,12.197802197802197,5.071094074851611,2.4526315789473685,1.2442926816933246
NZL,New Zealand,6,2021-02-25,2021-02-24,100,0,0,0,0,1,100,542843.9465463771,94,0,0,100,0,6,94,0,0,100,0,7,93,0,6,94,0,5,95,0,1,99,0,0,100,0,2,98,0,1,99,0,3,97,0,7,93,0,1,99,0,0,100,100,0,0,0,94,0,1,5,100,0,0,0,93,0,2,5,94,0,2,4,95,0,1,4,99,0,1,0,100,0,0,0,98,0,1,1,99,0,0,1,97,0,0,3,93,0,2,5,99,0,0,1,100,0,0,0,0,0,1,99,99,0,1,0,0,1,31,68,69,1,4,26,96,0,4,0,96,0,4,0,100,0,0,6,0,1,93,0,0,0,100,0,100,0,0,0,0,100,0,0,0,0,0,0,71,23,5,1,0,4,30,57,9,0,0,5,45,41,9,0,8,50,38,4,0,7,16,51,26,0,2,72,25,1,99,1,0,99,1,0,99,0,1,99,1,0,99,1,0,99,1,0,99,1,0,99,1,0,99,1,0,0,95,0,4,1,95,0,4,1,95,0,5,0,95,0,4,1,95,0,0,5,95,0,4,1,95,0,5,0,95,0,5,0,95,0,5,0,0,77,0,11,12,77,0,20,3,77,0,22,1,77,0,23,0,77,0,11,12,77,0,15,8,77,0,23,0,77,0,23,0,77,0,23,0,0,100,0,0,100,0,100,0,100,0,0,100,0,0,100,0,0,100,0,0,100,0,100,0,0,98,0,2,0,98,0,1,1,98,0,2,0,98,0,1,1,98,0,2,0,98,0,1,1,98,0,2,0,0,2,7,18,42,31,0,2,74,24,0,2,90,8,0,2,84,14,0,2,84,14,0,2,54,44,0,2,92,6,0,2,92,6,0,2,84,14,0,2,86,12,0,2,75,23,47,1,0,52,5,1,3,91,0,0,0,99,0,0,1,99,0,0,1,99,0,0,1,99,0,0,1,99,0,0,1,99,0,0,1,100,0,0,0,100,0,0,0,100,0,0,0,100,0,0,0,100,0,0,0,100,0,0,0,100,0,0,0,100,0,0,0,100,0,0,0,100,0,0,0,100,0,0,0,100,0,0,0,0,8,36,56,0,2,66,32,0,3,51,46,0,2,66,32,0,6,27,67,0,6,11,83,0,1,66,33,34,1,29,7,12,17,0,0,0,5,26,69,0,1,99,0,0,5,27,68,0,1,5,3,13,11,64,3,0,1,13,17,37,32,0,0,5,12,34,49,0,100,100,64,1,7,28,34,1,13,52,49,2,8,41,34,4,7,55,73,0,4,23,89,0,7,4,0,1,0,0,2,3,94,0,0,0,0,2,7,91,0,1,2,18,42,37,0,0,0,0,6,94,0,0,1,3,20,76,96,0,3,1,96,2,0,2,96,2,0,2,0,2,40,58,42,1,6,51,94,0,1,0,0,0,0,1,4,54,0,5,1,3,4,1,0,11,2,0,4,4,1,1,1,8,0,3,43,54,0,0,0,0,0,0,0,0,0,100,0,5,6,38,32,19,5,2,22,23,28,11,9,6.052631578947368,7.877349273641951,1,0,13.022727272727275,5.212666431593695,2.269662921348315,1.2132230266358905
NZL,New Zealand,7,2021-02-25,2021-02-20,100,0,0,0,0,2,99,527931.3712891281,94,1,0,99,2,8,90,1,4,95,1,11,88,2,12,86,0,12,88,1,1,98,1,2,97,1,0,99,1,1,98,1,4,95,1,5,94,2,0,98,2,3,95,100,0,0,0,92,0,0,8,96,0,1,3,89,0,2,9,88,0,4,8,88,0,2,10,99,0,0,1,98,0,1,1,100,0,0,0,99,0,0,1,96,0,0,4,95,0,0,5,100,0,0,0,97,0,0,3,0,1,2,97,98,0,1,1,0,3,17,80,83,0,1,16,99,0,1,0,99,0,1,0,100,0,0,4,1,3,92,0,1,0,97,2,100,0,0,0,0,100,0,0,0,0,0,0,65,21,9,5,0,16,30,43,11,49,0,14,42,31,13,0,10,50,32,8,0,14,16,47,23,0,3,71,21,5,95,5,0,95,5,0,95,5,0,95,5,0,95,1,4,95,4,1,95,5,0,95,5,0,95,4,1,0,91,0,7,2,91,0,7,2,91,0,8,1,91,0,8,1,91,0,6,3,91,0,3,6,91,0,9,0,91,0,9,0,91,0,9,0,0,79,1,12,8,79,1,17,3,79,1,20,0,79,1,20,0,79,1,14,6,79,1,11,9,79,1,20,0,79,1,20,0,79,1,19,1,0,100,0,0,100,0,100,0,100,0,0,100,0,0,100,0,0,100,0,0,100,0,100,0,0,99,0,1,0,99,0,1,0,99,0,1,0,99,0,0,1,99,0,1,0,99,0,1,0,99,0,1,0,0,3,14,21,32,30,0,0,87,13,0,0,93,7,0,0,89,11,0,0,86,14,0,0,42,58,0,0,97,3,0,0,95,5,0,0,74,26,0,0,91,9,0,0,78,22,41,1,0,58,5,1,6,88,0,0,0,97,1,0,2,97,1,0,2,97,1,0,2,97,1,1,1,97,0,2,1,97,1,0,2,100,0,0,0,100,0,0,0,100,0,0,0,100,0,0,0,100,0,0,0,100,0,0,0,100,0,0,0,100,0,0,0,100,0,0,0,100,0,0,0,100,0,0,0,100,0,0,0,0,4,17,79,0,1,67,32,0,1,45,54,0,3,57,40,0,6,31,63,0,5,3,92,0,1,53,46,47,0,25,10,7,11,0,2,0,4,48,46,0,2,98,0,0,2,22,76,0,0,2,3,9,16,59,11,0,0,24,21,41,14,0,4,3,16,44,33,49,100,100,83,0,2,15,33,0,9,58,55,0,3,42,43,0,7,50,69,0,3,28,97,0,3,0,0,2,1,0,1,7,89,0,1,0,1,3,15,80,0,1,6,21,35,37,0,0,0,0,11,89,0,0,0,8,32,60,92,1,5,2,92,2,1,5,92,1,3,4,0,2,9,89,11,0,10,79,90,0,1,0,3,0,0,0,6,81,0,3,0,4,3,0,2,0,2,0,0,0,1,1,1,2,0,8,37,54,0,1,0,0,0,0,0,0,0,0,100,5,12,36,27,20,5,7,30,24,25,9,0,7.464285714285715,9.27155004363565,0.5,0.7071067811865476,12.540229885057471,5.034311568605401,1.8395061728395061,0.8868031084104406
NZL,New Zealand,-99,2021-02-26,2021-02-26,105,0,0,0,0,4,94,609725.9421832915,0,2,1,102,2,12,91,2,1,102,3,22,80,2,12,91,2,20,83,2,12,91,2,2,101,2,7,96,1,0,104,2,4,99,2,16,87,2,3,100,2,15,88,104,0,1,0,93,1,4,7,104,0,0,1,83,1,4,17,93,1,3,8,85,1,6,13,93,1,4,7,103,0,1,1,98,0,3,4,105,0,0,0,101,1,2,1,89,1,3,12,102,0,2,1,90,1,9,5,10,1,3,91,103,0,1,1,14,2,24,65,82,1,4,18,101,0,4,0,101,0,4,0,105,0,0,22,1,4,78,19,2,0,84,0,105,0,0,0,0,105,0,0,0,0,23,0,39,27,9,7,34,3,32,24,12,0,34,7,29,24,11,34,4,27,27,13,34,5,15,31,20,34,4,40,19,8,98,5,2,98,7,0,98,6,1,98,6,1,98,7,0,98,7,0,98,7,0,98,7,0,98,4,3,0,96,0,4,5,96,0,8,1,96,0,8,1,96,0,9,0,96,0,4,5,96,0,8,1,96,0,9,0,96,0,9,0,96,0,9,0,0,78,0,21,6,78,0,24,3,78,0,27,0,78,0,26,1,78,0,14,13,78,0,14,13,78,0,27,0,78,0,27,0,78,0,25,2,0,105,0,0,105,0,105,0,105,0,0,105,0,0,105,0,0,105,0,0,105,0,105,0,0,103,0,2,0,103,0,2,0,103,0,2,0,103,0,1,1,103,0,2,0,103,0,1,1,103,0,2,0,39,1,13,13,16,23,42,1,48,14,42,1,61,1,42,1,62,0,42,1,55,7,42,1,44,18,42,1,62,0,42,1,61,1,42,1,52,10,42,1,54,8,42,1,36,26,105,0,0,0,105,0,0,0,0,0,0,102,0,0,3,102,0,0,3,102,0,0,3,102,0,1,2,102,0,0,3,102,0,0,3,105,0,0,0,105,0,0,0,105,0,0,0,105,0,0,0,105,0,0,0,105,0,0,0,105,0,0,0,105,0,0,0,105,0,0,0,105,0,0,0,105,0,0,0,105,0,0,0,45,3,31,26,45,1,49,10,45,2,36,22,45,2,38,20,45,2,25,33,45,4,8,48,53,0,35,17,70,0,12,13,2,8,60,1,0,3,15,26,60,1,44,0,64,0,10,31,64,0,3,3,3,3,25,4,64,0,10,6,11,14,69,2,6,8,10,10,0,105,105,77,1,4,23,59,1,8,37,72,1,5,27,71,1,4,29,83,0,4,18,99,0,1,5,71,0,0,2,2,2,28,71,0,0,1,6,2,25,79,0,3,5,7,11,79,1,2,1,8,14,79,0,4,8,5,9,96,1,5,3,96,1,1,7,96,0,5,4,89,0,6,10,95,0,4,6,102,1,0,0,0,0,1,1,0,98,0,1,0,0,1,0,0,1,0,0,0,0,0,0,2,2,105,0,0,0,0,0,105,0,0,0,0,0,0,0,0,105,0,0,0,0,105,0,0,0,0,0,0,3.805555555555556,4.380602988137882,2,0,0,0,0,0
NZL,New Zealand,1,2021-02-26,2021-02-23,100,1,13405.754036710601,0,0,8,100,839601.2164947923,99,0,2,98,0,11,89,0,3,97,0,26,74,0,17,83,0,16,84,0,14,86,0,1,99,0,6,94,0,4,96,0,9,91,0,28,72,0,4,96,0,17,83,98,0,1,1,89,0,4,7,97,0,1,2,74,0,2,24,83,0,2,15,84,0,2,14,86,0,7,7,99,0,1,0,94,0,1,5,96,0,2,2,91,0,4,5,72,0,4,24,96,0,2,2,83,0,5,12,0,0,5,95,95,0,5,0,0,0,36,64,64,0,6,30,94,0,6,0,94,0,6,0,100,0,0,6,0,6,88,0,0,0,100,0,100,0,0,0,0,100,0,0,0,0,0,0,47,34,12,7,0,0,38,50,12,2,0,1,54,39,6,0,0,47,48,5,0,2,9,65,24,0,0,67,29,4,93,2,5,93,5,2,93,4,3,93,5,2,93,4,3,93,5,2,93,6,1,93,6,1,93,6,1,0,88,0,5,7,88,0,9,3,88,0,11,1,88,0,10,2,88,0,2,10,88,0,7,5,88,0,12,0,88,0,12,0,88,0,11,1,0,66,1,18,15,66,1,26,7,66,1,31,2,66,1,32,1,66,1,15,18,66,1,12,21,66,1,29,4,66,1,33,0,66,1,28,5,0,100,0,0,100,0,100,0,100,0,0,100,0,0,100,0,0,100,0,0,100,0,100,0,0,94,0,6,0,94,0,3,3,94,0,3,3,94,0,4,2,94,0,5,1,94,0,4,2,94,0,3,3,0,0,10,24,36,30,0,2,72,26,0,2,97,1,0,2,98,0,0,2,97,1,0,2,96,2,0,2,97,1,0,2,92,6,0,2,97,1,0,2,91,7,0,2,39,59,29,0,4,67,1,0,13,86,0,0,0,94,0,1,5,94,0,2,4,94,0,2,4,94,1,3,2,94,0,2,4,94,0,1,5,100,0,0,0,100,0,0,0,100,0,0,0,100,0,0,0,100,0,0,0,100,0,0,0,100,0,0,0,100,0,0,0,100,0,0,0,100,0,0,0,100,0,0,0,100,0,0,0,0,2,57,41,0,3,62,35,0,2,57,41,0,2,75,23,0,2,41,57,0,5,27,68,0,0,74,26,26,0,23,17,13,21,0,0,2,12,35,51,0,0,100,0,0,1,21,78,0,0,6,3,16,25,48,2,0,0,10,13,25,52,0,1,5,17,28,49,2,100,100,43,2,6,49,38,0,6,56,43,1,5,51,25,1,5,69,59,0,3,38,73,0,18,9,0,0,1,1,15,15,68,0,0,2,4,13,20,61,0,0,9,29,28,34,0,0,2,6,20,72,0,0,4,23,23,50,73,1,21,5,73,3,2,22,73,4,3,20,0,0,62,38,62,0,18,20,82,0,1,1,4,1,0,0,11,20,0,4,15,4,3,1,1,9,1,0,1,4,4,2,3,28,0,3,29,68,0,0,0,0,100,0,0,0,0,0,0,1,3,56,28,12,1,1,13,17,33,23,12,3.7894736842105257,4.126295649789734,1.6,0.8944271909999157,11.47191011235955,5.2717943461588135,3.6526315789473687,1.5142473803112209
NZL,New Zealand,2,2021-02-26,2021-02-25,100,0,0,0,0,15,100,718120.7002790541,98,0,2,98,0,9,91,0,3,97,0,28,72,0,22,78,0,21,79,0,12,88,0,2,98,0,11,89,0,0,100,0,5,95,0,18,82,0,2,98,0,13,87,98,0,1,1,91,0,4,5,97,0,2,1,72,0,5,23,78,0,8,14,79,0,4,17,88,0,8,4,98,0,1,1,89,0,2,9,100,0,0,0,95,0,1,4,82,0,3,15,98,0,1,1,87,0,5,8,0,0,8,92,92,0,7,1,0,1,31,68,69,0,4,27,96,0,3,1,96,0,4,0,100,0,0,5,0,2,93,0,0,0,98,2,100,0,0,0,0,100,0,0,0,0,0,0,30,42,18,10,0,0,34,58,8,0,0,0,26,61,13,0,0,32,57,11,0,0,5,52,43,0,0,53,42,5,90,3,7,90,3,7,90,5,5,90,6,4,90,5,5,90,8,2,90,10,0,90,9,1,90,9,1,0,82,0,7,11,82,0,12,6,82,0,16,2,82,0,16,2,82,0,5,13,82,0,11,7,82,0,16,2,82,0,18,0,82,0,14,4,0,58,0,20,22,58,0,30,12,58,0,40,2,58,0,41,1,58,0,18,24,58,0,17,25,58,0,38,4,58,0,42,0,58,0,39,3,0,100,0,0,100,0,100,0,100,0,0,100,0,0,100,0,0,100,0,0,100,0,100,0,0,91,0,9,0,91,0,7,2,91,0,4,5,91,0,8,1,91,0,6,3,91,0,5,4,91,0,7,2,0,0,19,31,27,23,0,5,72,23,0,5,95,0,0,5,95,0,0,5,93,2,0,5,87,8,0,5,94,1,0,5,87,8,0,5,94,1,0,5,89,6,0,5,35,60,42,0,4,54,2,0,17,81,0,0,0,98,0,1,1,98,0,2,0,98,0,1,1,98,0,1,1,98,0,1,1,98,0,1,1,100,0,0,0,100,0,0,0,100,0,0,0,100,0,0,0,100,0,0,0,100,0,0,0,100,0,0,0,100,0,0,0,100,0,0,0,100,0,0,0,100,0,0,0,100,0,0,0,0,2,62,36,0,3,75,22,0,3,66,31,0,2,77,21,0,3,39,58,0,4,14,82,0,0,72,28,28,0,19,15,13,25,0,0,0,6,36,58,0,0,100,0,0,0,25,75,0,0,3,7,9,18,58,5,0,0,14,11,28,47,0,0,5,20,39,36,0,100,100,38,2,8,52,25,1,12,62,34,2,7,57,23,2,4,71,61,1,2,36,86,0,11,3,0,0,1,4,10,13,72,0,0,2,3,10,19,66,0,0,14,37,28,21,0,0,6,6,23,65,0,0,9,20,25,46,71,0,17,12,71,2,5,22,71,0,10,19,0,0,74,26,74,0,9,17,91,0,0,0,0,1,1,2,5,17,0,5,5,5,15,1,4,11,4,0,1,14,0,6,0,12,0,2,41,56,0,1,0,0,0,100,0,0,0,0,0,2,1,57,27,13,2,0,19,20,36,15,8,5.074074074074074,6.442347667279965,1.875,0.9910312089651149,12.677083333333334,5.46278277199772,3.5051546391752577,1.5419394669012234
NZL,New Zealand,3,2021-02-26,2021-02-25,100,0,0,0,0,10,100,567580.9601822647,93,0,0,100,0,11,89,0,3,97,0,16,84,0,11,89,0,11,89,0,5,95,0,1,99,0,2,98,0,1,99,0,4,96,0,13,87,0,0,100,0,15,85,100,0,0,0,89,0,3,8,97,0,2,1,84,0,8,8,89,0,3,8,89,0,3,8,95,0,3,2,99,0,0,1,98,0,1,1,99,0,1,0,96,0,3,1,87,0,3,10,100,0,0,0,85,0,5,10,0,0,5,95,95,0,4,1,0,0,28,72,72,0,3,25,97,0,3,0,97,0,3,0,100,0,0,3,2,2,93,0,0,1,99,0,99,0,1,0,0,99,0,0,1,0,1,0,45,30,18,6,1,3,29,59,8,0,1,0,35,52,12,1,0,40,45,14,1,0,10,61,28,1,0,62,31,6,94,4,2,94,5,1,94,6,0,94,6,0,94,3,3,94,5,1,94,6,0,94,6,0,94,5,1,0,82,0,12,6,82,0,14,4,82,0,14,4,82,0,18,0,82,0,8,10,82,0,13,5,82,0,18,0,82,0,18,0,82,0,15,3,0,70,0,18,12,70,0,24,6,70,0,28,2,70,0,29,1,70,0,18,12,70,0,11,19,70,0,27,3,70,0,29,1,70,0,29,1,0,100,0,0,100,0,100,0,100,0,0,100,0,0,100,0,0,100,0,0,100,0,100,0,0,94,0,6,0,94,0,2,4,94,0,3,3,94,0,5,1,94,0,6,0,94,0,5,1,94,0,4,2,0,0,20,31,24,25,0,5,70,25,0,5,94,1,0,5,94,1,0,5,89,6,0,5,85,10,0,5,93,2,0,5,92,3,0,5,93,2,0,5,77,18,0,5,41,54,34,0,2,64,5,0,17,78,0,0,0,98,0,0,2,98,0,1,1,98,0,0,2,98,0,1,1,98,0,0,2,98,0,1,1,100,0,0,0,100,0,0,0,100,0,0,0,100,0,0,0,100,0,0,0,100,0,0,0,100,0,0,0,100,0,0,0,100,0,0,0,100,0,0,0,100,0,0,0,100,0,0,0,0,0,56,44,0,0,82,18,0,0,64,36,0,0,78,22,0,0,43,57,0,1,17,82,0,0,80,20,20,0,29,18,11,22,0,0,0,5,24,71,0,0,100,0,0,0,23,77,0,0,2,4,8,17,63,6,0,0,11,14,23,52,0,1,7,26,22,44,0,100,100,44,1,5,50,18,1,10,71,36,1,2,61,22,1,4,73,57,1,2,40,83,0,11,6,0,0,2,1,3,13,81,0,0,2,4,12,12,70,0,0,9,30,33,28,0,0,3,5,22,70,0,0,10,15,32,43,75,1,15,9,75,4,3,18,75,4,6,15,0,0,74,26,74,0,8,18,92,0,0,0,0,1,1,0,6,18,0,6,7,3,9,1,2,8,4,0,3,9,4,3,3,20,0,1,31,67,0,1,0,0,0,0,100,0,0,0,0,4,3,47,29,17,4,1,14,26,30,22,3,4.775,5.9849704923977525,2,1,13.439560439560438,5.9389651010345625,3.4193548387096775,1.4767957428836116
NZL,New Zealand,4,2021-02-26,2021-02-25,100,0,0,0,0,2,100,499409.3311874373,99,0,1,99,0,12,88,1,4,95,0,22,78,0,21,79,0,21,79,1,11,88,1,3,96,0,6,94,0,0,100,1,7,92,0,23,77,1,1,98,1,11,88,99,0,1,0,88,0,5,7,96,0,1,3,78,0,7,15,79,0,5,16,79,1,9,11,89,0,7,4,97,0,2,1,94,0,3,3,100,0,0,0,93,0,1,6,77,1,11,11,99,0,0,1,89,0,5,6,0,0,2,98,98,0,2,0,0,1,39,60,61,0,9,30,91,1,7,1,91,1,8,0,99,0,1,10,1,2,87,0,0,2,98,0,98,0,2,0,0,98,0,0,2,0,2,0,51,31,10,6,2,2,24,65,7,0,2,1,39,49,9,2,3,40,47,8,2,1,13,64,20,2,1,56,38,3,94,5,1,94,5,1,94,4,2,94,5,1,94,5,1,94,5,1,94,6,0,94,6,0,94,5,1,0,90,0,3,7,90,0,6,4,90,0,10,0,90,0,8,2,90,0,2,8,90,0,6,4,90,0,9,1,90,0,10,0,90,0,10,0,0,69,0,13,18,69,0,23,8,69,0,30,1,69,0,29,2,69,0,18,13,69,0,15,16,69,0,30,1,69,0,31,0,69,0,31,0,0,100,0,0,100,0,100,0,100,0,0,100,0,0,100,0,0,100,0,0,100,0,100,0,0,97,0,3,0,97,0,2,1,97,0,2,1,97,0,2,1,97,0,3,0,97,0,2,1,97,0,2,1,0,1,15,23,33,28,0,0,80,20,0,0,98,2,0,0,95,5,0,0,90,10,0,0,79,21,0,0,100,0,0,0,93,7,0,0,96,4,0,0,81,19,0,0,55,45,27,0,1,72,1,0,11,88,0,0,0,98,1,0,1,98,1,0,1,98,1,0,1,98,1,0,1,98,1,1,0,98,0,2,0,100,0,0,0,100,0,0,0,100,0,0,0,100,0,0,0,100,0,0,0,100,0,0,0,100,0,0,0,100,0,0,0,100,0,0,0,100,0,0,0,100,0,0,0,100,0,0,0,0,1,55,44,0,0,75,25,0,0,58,42,0,1,80,19,0,1,38,61,0,2,6,92,0,0,76,24,24,0,27,20,12,17,0,0,1,4,24,71,0,0,100,0,0,1,35,64,0,0,2,3,9,16,69,1,0,0,11,14,24,51,0,0,8,13,33,46,0,100,100,45,1,7,47,25,1,4,70,42,1,3,54,20,1,4,75,62,1,3,34,94,1,4,1,0,0,1,1,8,15,75,0,1,0,1,11,11,76,0,1,8,28,39,24,0,0,2,9,14,75,0,0,7,17,28,48,76,1,16,7,76,3,5,16,76,2,9,13,0,0,78,22,78,0,4,18,96,0,1,0,0,2,1,0,0,18,0,2,10,7,11,0,4,12,3,0,1,7,6,2,3,14,0,2,26,72,0,0,0,0,0,0,0,100,0,0,0,1,3,50,26,20,1,0,10,18,46,20,5,5.888888888888889,5.970466032602869,1,0,12.894736842105264,5.068622046600811,3.234042553191489,1.2566000545497706
NZL,New Zealand,5,2021-02-26,2021-02-26,103,0,0,0,0,3,103,444367.1231240701,100,0,0,103,0,4,99,0,0,103,0,14,89,0,8,95,0,13,90,0,3,100,0,1,102,0,2,101,0,0,103,0,2,101,0,9,94,0,1,102,0,7,96,103,0,0,0,99,0,2,2,103,0,0,0,89,0,5,9,95,0,4,4,90,0,2,11,100,0,3,0,102,0,0,1,101,0,2,0,103,0,0,0,101,0,1,1,94,0,4,5,102,0,0,1,96,0,0,7,0,0,1,102,102,0,0,1,0,3,30,70,73,1,4,25,99,0,4,0,99,0,4,0,103,0,0,8,1,2,92,0,0,0,103,0,103,0,0,0,0,103,0,0,0,0,0,0,63,22,15,3,0,1,33,59,10,0,0,2,47,49,5,0,2,39,52,10,0,5,14,57,27,0,1,59,38,5,100,1,2,100,3,0,100,2,1,100,3,0,100,2,1,100,2,1,100,3,0,100,2,1,100,2,1,0,88,0,7,8,88,0,12,3,88,0,14,1,88,0,14,1,88,0,4,11,88,0,12,3,88,0,15,0,88,0,15,0,88,0,14,1,0,81,1,12,9,81,1,17,4,81,1,21,0,81,1,21,0,81,1,16,5,81,1,13,8,81,1,18,3,81,1,21,0,81,1,17,4,0,103,0,0,103,0,103,0,103,0,0,103,0,0,103,0,0,103,0,0,103,0,103,0,0,101,0,2,0,101,0,2,0,101,0,2,0,101,0,2,0,101,0,0,2,101,0,1,1,101,0,2,0,0,1,13,29,28,32,0,1,81,21,0,1,96,6,0,1,99,3,0,1,92,10,0,1,70,32,0,1,99,3,0,1,96,6,0,1,90,12,0,1,80,22,0,1,66,36,43,0,1,59,3,0,12,88,0,0,0,101,0,0,2,101,0,1,1,101,0,0,2,101,0,0,2,101,0,0,2,101,0,0,2,103,0,0,0,103,0,0,0,103,0,0,0,103,0,0,0,103,0,0,0,103,0,0,0,103,0,0,0,103,0,0,0,103,0,0,0,103,0,0,0,103,0,0,0,103,0,0,0,0,3,62,38,0,1,83,19,0,4,71,28,0,3,76,24,0,3,35,65,0,4,12,87,0,0,81,22,22,0,22,17,14,28,0,2,1,5,25,70,0,2,101,0,0,1,26,76,0,0,6,4,10,14,68,1,0,0,15,7,25,56,0,1,5,14,31,52,0,103,103,41,1,6,55,20,2,9,72,32,2,1,68,27,2,7,67,68,2,1,32,91,1,8,3,0,0,1,0,2,13,87,0,0,0,1,9,11,82,0,1,15,23,33,31,0,0,0,6,15,82,0,0,6,16,29,52,81,2,17,3,81,8,3,11,81,7,4,11,0,0,78,25,78,0,8,17,95,0,0,0,1,1,1,0,5,17,0,5,9,3,5,0,1,14,7,0,3,5,4,3,3,24,0,1,40,62,0,0,0,0,0,0,0,0,103,0,0,2,5,50,22,24,2,5,19,20,29,20,8,5.15625,7.287237518097053,3,0,13.322222222222223,5.222741494091716,2.5572916666666665,1.5128742106312019
NZL,New Zealand,6,2021-02-26,2021-02-25,100,1,5288.9735035688,0,0,2,100,569961.2632187838,96,0,1,99,0,6,94,0,1,99,0,17,83,0,10,90,0,10,90,0,2,98,0,4,96,0,1,99,0,1,99,0,1,99,0,12,88,0,0,100,0,7,93,99,0,1,0,94,1,2,3,99,0,0,1,83,1,1,15,90,1,3,6,90,0,3,7,98,1,1,0,96,1,2,1,99,0,1,0,99,0,0,1,99,0,0,1,88,0,4,8,100,0,0,0,93,1,1,5,0,0,1,99,99,0,1,0,0,2,28,70,72,0,3,25,97,0,3,0,97,0,3,0,100,0,0,5,1,1,93,0,0,1,99,0,99,0,1,0,0,99,0,0,1,0,1,0,74,19,5,1,1,7,28,59,5,0,1,6,43,43,7,1,7,50,40,2,1,9,19,53,18,1,0,67,31,1,99,0,1,99,0,1,99,0,1,99,1,0,99,0,1,99,0,1,99,1,0,99,1,0,99,1,0,0,95,0,3,2,95,0,3,2,95,0,5,0,95,0,4,1,95,0,1,4,95,0,2,3,95,0,5,0,95,0,5,0,95,0,5,0,0,81,0,8,11,81,0,18,1,81,0,19,0,81,0,19,0,81,0,10,9,81,0,11,8,81,0,19,0,81,0,19,0,81,0,18,1,0,100,0,0,100,0,100,0,100,0,0,100,0,0,100,0,0,100,0,0,100,0,100,0,0,99,0,1,0,99,0,0,1,99,0,1,0,99,0,1,0,99,0,1,0,99,0,1,0,99,0,1,0,0,3,8,21,38,30,0,1,79,20,0,1,92,7,0,1,92,7,0,1,84,15,0,1,48,51,0,1,97,2,0,1,92,7,0,1,83,16,0,1,85,14,0,1,73,26,40,0,0,60,4,1,6,89,0,0,0,99,0,0,1,99,0,0,1,99,0,0,1,99,0,0,1,99,0,0,1,99,0,0,1,100,0,0,0,100,0,0,0,100,0,0,0,100,0,0,0,100,0,0,0,100,0,0,0,100,0,0,0,100,0,0,0,100,0,0,0,100,0,0,0,100,0,0,0,100,0,0,0,0,6,33,61,0,1,74,25,0,4,60,36,0,3,71,26,0,3,32,65,0,6,10,84,0,0,71,29,29,1,32,11,14,13,0,1,0,3,33,63,0,1,99,0,0,1,29,70,0,1,3,5,13,13,62,3,0,1,14,14,32,39,0,0,3,16,31,50,0,100,100,67,0,6,27,26,0,12,62,40,0,7,53,29,1,12,58,68,1,4,27,90,1,6,3,0,0,2,0,6,4,88,0,0,0,0,2,9,89,0,2,7,21,38,32,0,0,1,0,7,92,0,0,0,5,26,69,95,0,4,1,95,3,1,1,95,3,1,1,0,1,38,61,39,0,8,53,92,0,0,1,0,0,0,0,7,54,0,3,2,2,4,1,1,12,3,1,2,1,2,3,1,8,0,1,38,61,0,0,0,0,0,0,0,0,0,100,0,4,7,46,24,19,4,1,24,19,30,15,7,4.566666666666666,6.015401688271895,2,0,13.319587628865982,4.81435871411538,2.111111111111111,1.0751999494679259
NZL,New Zealand,7,2021-02-26,2021-02-21,100,0,0,0,0,2,98,546322.0061013612,92,0,0,100,0,6,94,0,4,96,0,9,91,1,11,88,0,8,92,0,1,99,0,1,99,0,1,99,0,1,99,0,3,97,0,7,93,0,0,100,0,2,98,100,0,0,0,94,0,1,5,96,0,1,3,91,0,3,6,89,0,4,7,92,0,2,6,99,0,0,1,99,0,1,0,99,0,1,0,99,0,0,1,97,0,0,3,93,0,0,7,100,0,0,0,98,0,0,2,0,2,2,96,98,0,2,0,0,2,19,79,81,1,1,17,99,0,1,0,99,0,1,0,100,0,0,4,0,3,93,0,1,0,98,1,100,0,0,0,0,100,0,0,0,0,0,0,65,19,9,7,0,13,28,46,13,28,0,14,44,30,12,0,9,49,33,9,0,14,16,48,22,0,3,68,23,6,93,6,1,93,6,1,93,6,1,93,6,1,93,3,4,93,5,2,93,7,0,93,7,0,93,5,2,0,91,0,7,2,91,0,7,2,91,0,8,1,91,0,8,1,91,0,4,5,91,0,6,3,91,0,9,0,91,0,9,0,91,0,9,0,0,81,1,11,7,81,1,16,2,81,1,18,0,81,1,18,0,81,1,11,7,81,1,10,8,81,1,18,0,81,1,18,0,81,1,17,1,0,100,0,0,100,0,100,0,100,0,0,100,0,0,100,0,0,100,0,0,100,0,100,0,0,98,0,2,0,98,0,1,1,98,0,2,0,98,0,1,1,98,0,1,1,98,0,2,0,98,0,2,0,0,2,14,21,33,30,0,0,85,15,0,0,94,6,0,0,89,11,0,0,86,14,0,0,48,52,0,0,98,2,0,0,92,8,0,0,73,27,0,0,91,9,0,0,77,23,41,1,0,58,6,1,6,87,0,0,0,97,1,0,2,97,1,0,2,97,1,0,2,97,1,1,1,97,0,2,1,97,1,0,2,100,0,0,0,100,0,0,0,100,0,0,0,100,0,0,0,100,0,0,0,100,0,0,0,100,0,0,0,100,0,0,0,100,0,0,0,100,0,0,0,100,0,0,0,100,0,0,0,0,4,18,78,0,1,69,30,0,3,48,49,0,3,57,40,0,7,28,65,0,5,4,91,0,1,55,44,45,0,23,15,7,10,0,1,0,5,43,51,0,2,98,0,0,1,20,79,0,0,3,3,12,13,58,11,0,0,23,17,45,15,0,4,2,17,39,38,28,100,100,82,1,2,15,31,1,12,56,52,1,3,44,43,1,6,50,72,1,2,25,96,0,4,0,0,3,2,0,1,6,88,0,1,0,0,3,15,81,0,1,5,21,37,36,0,0,0,1,10,89,0,0,0,8,30,62,92,1,4,3,92,2,1,5,92,1,2,5,0,2,9,89,11,0,8,81,92,0,1,0,1,0,0,0,6,83,0,2,1,2,3,0,1,0,1,0,0,1,1,1,1,3,0,7,37,55,0,1,0,0,0,0,0,0,0,0,100,6,14,32,29,19,6,9,26,26,24,9,0,6.959999999999999,7.368174807915458,1,0,12.333333333333334,5.111925561443206,1.875,0.8912372285022403
NZL,New Zealand,-99,2021-02-27,2021-02-27,165,1,3940.8007295732396,1,3940.8007295732396,18,137,666595.1733317735,0,0,2,163,1,23,141,1,4,160,1,32,132,0,32,133,0,23,142,1,14,150,1,3,161,1,9,155,0,3,162,0,8,157,0,27,138,0,1,164,0,20,145,163,0,0,2,142,0,5,18,161,0,4,0,133,1,7,24,133,0,8,24,142,0,7,16,151,1,5,8,162,0,1,2,156,1,3,5,162,0,2,1,157,0,5,3,138,1,9,17,164,0,0,1,145,1,7,12,28,0,9,128,158,0,4,3,32,2,49,82,116,0,5,44,160,1,4,0,160,1,4,0,164,0,1,41,5,9,110,38,2,2,122,1,163,0,1,1,0,164,0,0,0,1,46,0,44,41,24,10,67,6,33,45,14,0,67,3,40,39,16,67,5,42,39,12,67,7,16,49,26,67,4,48,35,11,155,7,3,155,7,3,155,6,4,155,6,4,155,6,4,155,8,2,155,10,0,155,10,0,155,7,3,0,143,0,11,11,143,0,15,7,143,0,19,3,143,0,21,1,143,0,11,11,143,0,14,8,143,0,22,0,143,0,21,1,143,0,19,3,0,126,2,20,17,126,2,24,13,126,2,33,4,126,2,31,6,126,2,18,19,126,2,20,17,126,2,37,0,126,2,37,0,126,2,35,2,0,165,0,0,165,0,165,0,165,0,0,165,0,0,165,0,0,165,0,0,165,0,165,0,0,155,0,10,0,155,0,3,7,155,0,5,5,155,0,5,5,155,0,8,2,155,0,9,1,155,0,8,2,70,1,21,22,30,21,74,3,77,11,74,3,83,5,74,3,82,6,74,3,83,5,74,3,66,22,74,3,88,0,74,3,83,5,74,3,82,6,74,3,83,5,74,3,41,47,165,0,0,0,165,0,0,0,0,0,0,159,0,3,3,159,1,1,4,159,1,2,3,159,1,1,4,159,1,2,3,159,1,1,4,165,0,0,0,165,0,0,0,165,0,0,0,165,0,0,0,165,0,0,0,165,0,0,0,165,0,0,0,165,0,0,0,165,0,0,0,165,0,0,0,165,0,0,0,165,0,0,0,82,7,28,48,82,5,53,25,82,6,46,31,82,4,55,24,82,5,27,51,82,7,15,61,91,1,42,31,123,0,18,9,6,9,100,0,1,5,18,41,100,1,61,3,111,1,13,40,111,0,6,5,10,9,24,0,111,0,16,10,8,20,115,1,3,17,12,17,0,165,165,138,1,5,21,113,0,13,39,120,1,5,39,111,2,7,45,139,0,4,22,152,0,11,2,121,1,0,0,6,2,35,121,0,0,3,3,4,34,128,0,10,9,11,7,128,0,4,4,5,24,128,0,6,5,11,15,157,1,6,1,157,3,3,2,157,1,5,2,134,1,12,18,147,0,8,10,165,0,0,0,0,0,0,0,0,157,0,1,0,0,1,0,0,2,2,0,0,0,0,0,1,1,165,0,0,0,0,0,165,0,0,0,0,0,0,0,0,165,0,0,0,0,165,0,0,0,0,0,0,4.150943396226415,5.439867880236311,2.142857142857143,1.772810520855837,0,0,0,0
NZL,New Zealand,1,2021-02-27,2021-02-25,100,0,0,0,0,11,100,685547.509893522,98,0,1,99,0,7,93,0,1,99,0,35,65,0,16,84,0,22,78,0,8,92,0,3,97,0,11,89,0,1,99,0,12,88,0,32,68,0,2,98,0,21,79,99,1,0,0,93,0,1,6,99,1,0,0,65,2,4,29,84,0,3,13,78,3,4,15,92,1,4,3,97,0,2,1,89,2,2,7,99,0,0,1,88,1,3,8,68,3,5,24,98,0,1,1,79,3,3,15,0,0,6,94,94,0,6,0,0,0,31,69,69,0,4,27,96,0,4,0,96,0,4,0,100,0,0,4,0,6,90,0,0,1,99,0,99,0,1,0,0,99,0,0,1,0,1,0,39,38,13,9,1,0,37,52,10,0,1,1,48,41,9,1,0,42,49,8,1,1,6,67,25,1,0,66,29,4,91,3,6,91,6,3,91,6,3,91,8,1,91,4,5,91,7,2,91,8,1,91,8,1,91,9,0,0,87,0,5,8,87,0,11,2,87,0,12,1,87,0,11,2,87,0,5,8,87,0,10,3,87,0,13,0,87,0,12,1,87,0,12,1,0,62,0,19,19,62,0,25,13,62,0,37,1,62,0,35,3,62,0,17,21,62,0,16,22,62,0,32,6,62,0,38,0,62,0,31,7,0,100,0,0,100,0,100,0,100,0,0,100,0,0,100,0,0,100,0,0,100,0,100,0,0,95,0,5,0,95,0,2,3,95,0,1,4,95,0,3,2,95,0,4,1,95,0,3,2,95,0,3,2,0,0,17,27,37,19,0,2,75,23,0,2,97,1,0,2,98,0,0,2,98,0,0,2,96,2,0,2,98,0,0,2,90,8,0,2,96,2,0,2,95,3,0,2,32,66,33,0,3,64,2,0,11,87,0,0,0,94,1,1,4,94,0,2,4,94,1,1,4,94,2,2,2,94,0,2,4,94,1,1,4,100,0,0,0,100,0,0,0,100,0,0,0,100,0,0,0,100,0,0,0,100,0,0,0,100,0,0,0,100,0,0,0,100,0,0,0,100,0,0,0,100,0,0,0,100,0,0,0,0,1,50,49,0,2,69,29,0,2,61,37,0,1,75,24,0,1,43,56,0,3,25,72,0,1,73,26,27,0,27,15,13,18,0,0,1,10,40,49,0,0,100,0,0,1,18,81,0,0,3,7,10,25,52,3,0,0,11,12,31,46,0,1,6,22,26,45,0,100,100,50,2,3,45,31,0,6,63,39,2,3,56,25,2,3,70,57,0,2,41,75,0,18,7,0,0,1,4,16,25,54,0,0,4,5,15,25,51,0,0,12,29,35,24,0,0,5,14,23,58,0,0,10,29,27,34,61,1,26,12,61,2,4,33,61,3,9,27,0,0,61,39,61,0,12,27,88,0,1,0,1,3,0,0,7,27,0,4,13,3,4,0,2,9,0,0,2,5,5,3,2,21,0,2,32,66,0,0,0,0,100,0,0,0,0,0,0,2,5,50,29,14,2,2,11,21,28,21,15,5.955882352941177,7.2285376063385804,1.8333333333333333,1.6020819787597222,11.692307692307692,5.452710452797882,3.6333333333333337,1.5966960268777495
NZL,New Zealand,2,2021-02-27,2021-02-27,110,0,0,0,0,7,110,469816.3276929108,109,0,0,110,0,11,99,0,3,107,0,26,84,0,17,93,0,16,94,0,6,104,0,4,106,0,11,99,0,1,109,0,4,106,0,24,86,0,1,109,0,14,96,110,0,0,0,99,0,6,5,107,0,1,2,84,0,8,18,93,0,7,10,94,0,5,11,104,0,4,2,106,0,2,2,99,0,6,5,109,0,1,0,106,0,3,1,86,0,7,17,109,0,1,0,96,0,6,8,0,0,4,106,106,0,3,1,0,0,42,68,68,1,5,36,105,0,5,0,105,1,4,0,109,0,1,6,1,2,101,0,1,0,109,0,110,0,0,0,0,110,0,0,0,0,0,0,50,31,26,3,0,0,37,65,8,0,0,1,43,58,8,0,1,39,63,7,0,0,12,69,29,0,0,63,43,4,107,2,1,107,1,2,107,1,2,107,3,0,107,3,0,107,3,0,107,3,0,107,3,0,107,3,0,0,84,0,12,14,84,0,18,8,84,0,21,5,84,0,24,2,84,0,4,22,84,0,15,11,84,0,25,1,84,0,26,0,84,0,25,1,0,79,1,13,17,79,1,21,9,79,1,30,0,79,1,30,0,79,1,14,16,79,1,12,18,79,1,25,5,79,1,30,0,79,1,28,2,0,110,0,0,110,0,110,0,110,0,0,110,0,0,110,0,0,110,0,0,110,0,110,0,0,103,0,7,0,103,0,4,3,103,0,1,6,103,0,6,1,103,0,2,5,103,0,6,1,103,0,7,0,0,0,21,28,36,25,0,7,77,26,0,7,102,1,0,7,103,0,0,7,99,4,0,7,97,6,0,7,103,0,0,7,92,11,0,7,100,3,0,7,96,7,0,7,45,58,35,0,6,69,1,0,20,89,0,0,0,108,0,0,2,108,0,0,2,108,0,0,2,108,0,1,1,108,0,0,2,108,0,0,2,110,0,0,0,110,0,0,0,110,0,0,0,110,0,0,0,110,0,0,0,110,0,0,0,110,0,0,0,110,0,0,0,110,0,0,0,110,0,0,0,110,0,0,0,110,0,0,0,0,0,54,56,0,0,81,29,0,3,65,42,0,1,81,28,0,4,43,63,0,3,18,89,0,0,80,30,30,0,36,15,11,18,0,0,1,7,33,69,0,0,110,0,0,1,28,81,0,0,3,7,8,17,71,4,0,0,13,21,26,50,0,0,3,19,51,37,0,110,110,56,0,5,49,29,0,10,71,45,0,7,58,29,0,4,77,67,0,3,40,92,0,11,7,0,0,1,4,8,20,77,0,0,0,4,9,27,70,0,1,15,35,34,25,0,0,3,11,24,72,0,0,13,21,37,39,76,2,19,13,76,3,6,25,76,2,7,25,0,0,87,23,87,0,5,18,105,0,0,0,0,0,1,0,4,18,0,5,5,7,9,1,2,15,1,0,2,12,4,3,5,21,0,1,35,71,1,2,0,0,0,110,0,0,0,0,0,1,3,54,33,19,1,1,21,28,39,15,5,3.8113207547169816,5.381794824196967,1.7499999999999998,1.5,11.764705882352942,6.255574101421939,3.2358490566037736,1.5153304639894032
NZL,New Zealand,3,2021-02-27,2021-02-26,100,0,0,0,0,11,100,348604.2727150832,100,0,0,100,0,12,88,0,2,98,0,16,84,0,17,83,0,15,85,0,8,92,0,2,98,0,4,96,0,1,99,0,7,93,0,19,81,0,1,99,0,7,93,100,0,0,0,88,0,2,10,98,0,0,2,84,0,3,13,83,0,4,13,85,0,3,12,92,0,4,4,98,0,2,0,96,0,1,3,99,0,1,0,93,0,2,5,81,0,6,13,99,0,1,0,93,0,2,5,0,0,7,93,93,0,5,2,0,0,35,65,65,1,5,29,95,0,5,0,95,0,5,0,100,0,0,6,1,2,91,0,0,1,99,0,99,0,1,0,0,99,0,0,1,0,1,0,50,28,16,5,1,0,26,64,9,0,1,0,36,55,8,1,0,38,50,11,1,0,11,66,22,1,0,54,39,6,95,1,4,95,4,1,95,4,1,95,4,1,95,4,1,95,5,0,95,5,0,95,5,0,95,5,0,0,84,0,10,6,84,0,13,3,84,0,15,1,84,0,14,2,84,0,5,11,84,0,11,5,84,0,14,2,84,0,16,0,84,0,15,1,0,72,0,14,14,72,0,20,8,72,0,26,2,72,0,27,1,72,0,8,20,72,0,10,18,72,0,25,3,72,0,28,0,72,0,27,1,0,100,0,0,100,0,100,0,100,0,0,100,0,0,100,0,0,100,0,0,100,0,100,0,0,96,0,4,0,96,0,3,1,96,0,3,1,96,0,2,2,96,0,2,2,96,0,3,1,96,0,3,1,0,0,23,24,31,22,0,3,70,27,0,3,96,1,0,3,95,2,0,3,92,5,0,3,86,11,0,3,97,0,0,3,89,8,0,3,94,3,0,3,79,18,0,3,43,54,31,0,2,67,0,1,17,82,0,0,0,98,1,0,1,98,1,0,1,98,1,0,1,98,1,1,0,98,1,0,1,98,0,1,1,100,0,0,0,100,0,0,0,100,0,0,0,100,0,0,0,100,0,0,0,100,0,0,0,100,0,0,0,100,0,0,0,100,0,0,0,100,0,0,0,100,0,0,0,100,0,0,0,0,2,48,50,0,1,73,26,0,0,57,43,0,2,73,25,0,3,36,61,0,4,14,82,0,0,71,29,29,0,24,22,7,18,0,1,0,4,34,61,0,0,100,0,0,2,21,77,0,0,4,5,6,14,67,4,0,0,9,11,27,53,0,0,3,27,43,27,0,100,100,52,2,10,36,27,1,13,59,43,2,8,47,27,2,4,67,64,2,3,31,86,0,9,5,0,0,0,2,6,12,80,0,0,0,3,10,27,60,0,0,18,33,31,18,0,0,2,11,17,70,0,0,9,22,31,38,69,2,21,8,69,2,7,22,69,3,8,20,0,1,77,22,78,0,10,12,90,1,1,0,4,0,0,1,3,13,1,5,5,4,8,2,9,12,5,0,2,10,4,3,1,16,0,2,31,65,0,2,0,0,0,0,100,0,0,0,0,0,1,50,33,16,0,1,12,23,37,21,6,5.0048076923076925,7.202343434097319,1.5714285714285716,0.5345224838248488,11.967032967032967,5.733818873724464,3.4848484848484853,1.4733249663264185
NZL,New Zealand,4,2021-02-27,2021-02-27,130,1,4081.35701042818,1,4081.35701042818,11,130,464515.8241962528,129,0,3,127,0,11,119,0,2,128,0,23,107,0,9,121,0,13,117,0,7,123,0,2,128,0,5,125,0,1,129,0,4,126,0,19,111,0,1,129,0,8,122,127,0,2,1,119,0,2,9,128,0,1,1,107,1,5,17,121,0,3,6,117,0,2,11,123,0,5,2,128,0,2,0,125,0,1,4,129,0,1,0,126,0,2,2,111,0,6,13,129,0,1,0,122,0,5,3,0,0,8,122,122,0,7,1,0,0,38,92,92,0,3,35,127,0,3,0,127,0,3,0,130,0,0,3,2,5,120,0,1,0,129,0,130,0,0,0,0,130,0,0,0,0,0,0,71,35,17,7,0,3,41,72,14,0,0,3,51,61,15,0,4,56,57,13,0,4,17,74,35,0,3,71,46,10,123,5,2,123,6,1,123,6,1,123,6,1,123,3,4,123,6,1,123,7,0,123,7,0,123,7,0,0,113,0,6,11,113,0,10,7,113,0,16,1,113,0,17,0,113,0,6,11,113,0,12,5,113,0,17,0,113,0,17,0,113,0,17,0,0,95,0,21,14,95,0,28,7,95,0,33,2,95,0,34,1,95,0,23,12,95,0,13,22,95,0,35,0,95,0,35,0,95,0,34,1,0,130,0,0,130,0,130,0,130,0,0,130,0,0,130,0,0,130,0,0,130,0,130,0,0,126,0,4,0,126,0,2,2,126,0,4,0,126,0,4,0,126,0,4,0,126,0,3,1,126,0,3,1,0,0,23,26,45,36,0,2,111,17,0,2,128,0,0,2,126,2,0,2,115,13,0,2,96,32,0,2,124,4,0,2,120,8,0,2,119,9,0,2,102,26,0,2,67,61,48,0,1,81,1,0,15,114,0,0,0,125,0,1,4,125,0,0,5,125,0,0,5,125,0,2,3,125,0,0,5,125,0,0,5,130,0,0,0,130,0,0,0,130,0,0,0,130,0,0,0,130,0,0,0,130,0,0,0,130,0,0,0,130,0,0,0,130,0,0,0,130,0,0,0,130,0,0,0,130,0,0,0,0,1,44,85,0,2,85,43,0,3,54,73,0,1,81,48,0,3,44,83,0,5,10,115,0,0,79,51,51,0,33,15,12,19,0,1,0,8,40,81,0,1,129,0,0,2,28,100,0,0,9,5,12,16,82,6,0,0,17,12,41,60,0,2,13,28,56,31,0,130,130,86,0,7,37,45,0,13,72,76,0,1,53,49,0,3,78,86,0,3,41,120,0,6,4,0,0,1,2,9,18,100,0,0,1,2,9,20,98,0,2,20,37,44,27,0,0,7,8,21,94,0,0,13,25,36,56,92,1,30,7,92,3,8,27,92,3,16,19,0,0,107,23,107,0,11,12,119,0,3,0,0,0,0,1,7,12,1,3,3,6,30,2,7,13,6,1,5,6,6,0,10,19,0,1,47,82,0,0,0,0,0,0,0,130,0,0,0,1,4,69,38,18,1,2,26,22,45,27,7,5.044444444444444,7.636501922749814,1.375,0.5175491695067657,12.767241379310345,5.556598519458355,3.008,1.450783992725446
NZL,New Zealand,5,2021-02-27,2021-02-27,137,1,1995.2726939709,1,1995.2726939709,8,137,406882.34370819497,133,1,2,134,1,10,126,1,1,135,1,15,121,1,22,114,1,13,123,0,5,132,1,1,135,1,1,135,1,1,135,1,3,133,0,20,117,1,3,133,0,11,126,135,1,1,0,127,1,4,5,136,1,0,0,122,2,2,11,115,1,6,15,124,1,4,8,132,1,3,1,136,0,1,0,136,1,0,0,136,0,0,1,134,0,0,3,117,3,7,10,134,2,0,1,126,2,2,7,0,0,6,131,131,0,4,2,0,0,31,106,106,0,4,27,133,0,4,0,133,0,4,0,137,0,0,4,5,4,124,0,0,0,137,0,137,0,0,0,0,137,0,0,0,0,0,1,83,33,13,7,0,3,37,86,11,0,0,2,51,71,13,0,2,52,66,17,0,3,15,76,43,0,1,83,46,7,130,5,2,130,5,2,130,5,2,130,5,2,130,5,2,130,6,1,130,7,0,130,7,0,130,7,0,0,124,0,7,6,124,0,9,4,124,0,13,0,124,0,11,2,124,0,1,12,124,0,7,6,124,0,13,0,124,0,13,0,124,0,13,0,0,104,0,15,18,104,0,27,6,104,0,32,1,104,0,30,3,104,0,11,22,104,0,17,16,104,0,32,1,104,0,33,0,104,0,33,0,0,137,0,0,137,0,137,0,137,0,0,137,0,0,137,0,0,137,0,0,137,0,137,0,0,134,0,3,0,134,0,0,3,134,0,0,3,134,0,1,2,134,0,3,0,134,0,2,1,134,0,3,0,0,0,27,39,36,35,0,1,111,25,0,1,128,8,0,1,124,12,0,1,118,18,0,1,88,48,0,1,131,5,0,1,124,12,0,1,124,12,0,1,108,28,0,1,92,44,56,1,0,80,2,0,12,123,0,0,0,133,0,2,2,133,0,1,3,133,0,2,2,133,0,1,3,133,0,2,2,133,0,0,4,137,0,0,0,137,0,0,0,137,0,0,0,137,0,0,0,137,0,0,0,137,0,0,0,137,0,0,0,137,0,0,0,137,0,0,0,137,0,0,0,137,0,0,0,137,0,0,0,0,1,48,88,0,0,91,46,0,2,62,73,0,0,81,56,0,3,42,92,0,2,9,126,0,0,88,49,49,0,42,17,9,20,0,0,0,11,43,83,0,0,137,0,0,0,34,103,0,0,4,2,16,22,87,6,0,0,21,22,30,64,0,3,12,27,52,43,0,137,137,89,0,9,39,46,0,11,80,75,0,1,61,56,0,12,69,95,0,2,40,128,0,6,3,0,2,0,1,6,12,116,0,0,0,1,4,18,114,0,0,19,41,48,29,0,0,7,3,15,112,0,0,12,19,32,74,106,1,21,9,106,7,8,16,106,6,11,14,0,0,101,36,101,0,19,17,118,0,2,1,3,0,1,0,12,17,0,6,2,5,21,2,8,25,7,0,4,10,3,3,6,18,0,0,54,81,1,1,0,0,0,0,0,0,137,0,0,1,5,68,31,32,1,2,31,31,31,26,15,6.340909090909091,8.56966847427514,1.4,0.5477225575051661,12.694214876033058,5.077471442897885,2.511278195488722,1.564843594437241
NZL,New Zealand,6,2021-02-27,2021-02-27,103,0,0,0,0,2,103,343886.1945382739,101,1,1,101,0,7,96,1,4,98,1,10,92,1,8,94,1,7,95,1,4,98,1,3,99,1,3,99,1,0,102,1,3,99,1,10,92,1,0,102,1,6,96,102,0,1,0,96,0,2,5,99,1,2,1,93,0,2,8,95,0,3,5,96,0,3,4,99,0,3,1,100,0,0,3,100,0,3,0,103,0,0,0,100,0,1,2,93,1,2,7,103,0,0,0,97,0,1,5,0,0,2,101,101,0,1,1,0,2,24,77,79,0,3,21,100,0,3,0,100,0,3,0,103,0,0,5,0,1,97,0,0,0,103,0,103,0,0,0,0,103,0,0,0,0,0,0,63,26,10,4,0,5,33,54,11,0,0,7,40,49,7,0,3,50,41,9,0,8,13,65,17,0,3,69,28,3,99,2,2,99,4,0,99,4,0,99,3,1,99,4,0,99,3,1,99,4,0,99,4,0,99,3,1,0,93,0,3,7,93,0,7,3,93,0,8,2,93,0,7,3,93,0,2,8,93,0,3,7,93,0,8,2,93,0,10,0,93,0,9,1,0,77,0,15,11,77,0,22,4,77,0,23,3,77,0,26,0,77,0,15,11,77,0,15,11,77,0,24,2,77,0,25,1,77,0,25,1,0,103,0,0,103,0,103,0,103,0,0,103,0,0,103,0,0,103,0,0,103,0,103,0,0,98,0,5,0,98,0,1,4,98,0,1,4,98,0,4,1,98,0,5,0,98,0,5,0,98,0,5,0,0,1,15,24,36,27,0,2,85,16,0,2,93,8,0,2,96,5,0,2,88,13,0,2,60,41,0,2,101,0,0,2,92,9,0,2,82,19,0,2,93,8,0,2,62,39,33,1,0,69,2,1,9,91,0,0,0,102,1,0,0,102,1,0,0,102,1,0,0,102,1,0,0,102,0,1,0,102,1,0,0,103,0,0,0,103,0,0,0,103,0,0,0,103,0,0,0,103,0,0,0,103,0,0,0,103,0,0,0,103,0,0,0,103,0,0,0,103,0,0,0,103,0,0,0,103,0,0,0,0,4,18,81,0,2,65,36,0,5,47,51,0,3,63,37,0,5,20,78,0,6,5,92,0,0,70,33,33,0,41,12,9,8,0,0,0,1,35,67,0,0,103,0,0,0,22,81,0,0,4,2,14,11,66,6,0,0,18,21,42,22,0,0,7,22,40,34,0,103,103,85,0,3,15,38,1,8,56,56,1,5,41,40,1,8,54,83,0,6,14,98,0,3,2,0,0,0,0,1,6,96,0,0,0,1,3,8,91,0,1,13,23,38,28,0,0,0,2,13,88,0,0,2,11,18,72,90,1,8,4,90,3,5,5,90,4,2,7,0,0,31,72,31,0,9,63,94,0,1,2,0,0,0,1,5,63,0,0,2,0,9,0,1,5,2,0,3,1,5,1,4,7,0,0,31,71,0,1,0,0,0,0,0,0,0,103,0,1,6,41,29,26,1,4,23,26,35,13,1,7.892857142857143,9.60840405954228,0.9999999999999999,0,12.412371134020619,5.643492892481695,2.0416666666666665,0.939391366976979
NZL,New Zealand,7,2021-02-27,2021-02-23,100,0,0,0,0,2,98,497432.6843845441,91,0,0,100,1,6,93,1,2,97,1,11,88,2,9,89,1,9,90,1,0,99,1,2,97,1,1,98,1,1,98,0,4,96,1,6,93,1,0,99,1,4,95,100,0,0,0,94,0,1,5,98,0,0,2,89,0,3,8,91,0,1,8,91,0,1,8,100,0,0,0,98,0,2,0,99,0,1,0,99,0,1,0,96,0,0,4,94,0,1,5,100,0,0,0,96,0,1,3,0,2,2,96,98,0,2,0,0,1,25,74,75,1,2,22,98,0,2,0,98,0,2,0,100,0,0,4,1,1,94,0,0,0,100,0,100,0,0,0,0,100,0,0,0,0,0,0,66,21,7,6,0,14,32,43,11,12,0,13,47,27,13,0,9,54,27,10,0,15,18,47,20,0,4,71,19,6,94,4,2,94,5,1,94,5,1,94,5,1,94,4,2,94,5,1,94,6,0,94,5,1,94,4,2,0,93,0,5,2,93,0,5,2,93,0,6,1,93,0,6,1,93,0,4,3,93,0,5,2,93,0,7,0,93,0,7,0,93,0,7,0,0,79,1,14,6,79,1,17,3,79,1,20,0,79,1,20,0,79,1,13,7,79,1,10,10,79,1,20,0,79,1,20,0,79,1,19,1,0,100,0,0,100,0,100,0,100,0,0,100,0,0,100,0,0,100,0,0,100,0,100,0,0,98,0,2,0,98,0,1,1,98,0,2,0,98,0,1,1,98,0,1,1,98,0,2,0,98,0,2,0,0,2,15,15,34,34,0,1,82,17,0,1,93,6,0,1,86,13,0,1,88,11,0,1,54,45,0,1,99,0,0,1,92,7,0,1,73,26,0,1,90,9,0,1,72,27,42,2,0,56,7,3,4,86,0,0,0,99,1,0,0,99,1,0,0,99,1,0,0,99,1,0,0,99,0,1,0,99,1,0,0,100,0,0,0,100,0,0,0,100,0,0,0,100,0,0,0,100,0,0,0,100,0,0,0,100,0,0,0,100,0,0,0,100,0,0,0,100,0,0,0,100,0,0,0,100,0,0,0,0,4,16,80,0,2,63,35,0,4,49,47,0,5,49,46,0,7,28,65,0,6,5,89,0,1,51,48,49,0,17,12,10,12,0,1,0,5,43,51,0,2,98,0,0,0,18,82,0,0,4,3,9,9,63,12,0,0,23,19,41,17,0,4,2,19,37,38,12,100,100,84,1,0,15,37,1,9,53,51,1,4,44,51,1,4,44,72,1,1,26,95,0,4,1,0,1,2,1,1,4,91,0,1,0,0,2,10,87,0,1,6,22,42,29,0,0,0,1,8,91,0,0,0,8,24,68,92,1,3,4,92,2,1,5,92,1,2,5,0,2,7,91,9,0,6,85,94,0,0,0,1,0,0,0,5,87,0,0,1,1,1,0,1,0,1,0,0,2,1,1,3,1,0,4,38,57,0,1,0,0,0,0,0,0,0,0,100,7,12,26,34,21,7,9,21,29,25,8,1,8.4,8.74642784226795,1,0,12.404761904761905,4.982182827412116,1.950617283950617,1.0234895525590533
NZL,New Zealand,-99,2021-02-28,2021-02-28,144,1,4009.77526728741,0,0,11,116,548522.1552979095,0,2,3,139,2,17,125,2,8,134,2,27,115,2,20,122,1,20,123,2,5,137,1,6,137,2,8,134,2,2,140,3,9,132,2,23,119,2,0,142,2,18,124,141,0,1,2,127,0,2,15,136,0,2,6,117,1,9,17,124,0,6,14,124,0,9,11,139,0,2,3,138,0,1,5,136,1,2,5,142,1,1,0,135,0,3,6,121,0,3,20,144,0,0,0,126,0,4,14,26,2,6,110,139,1,3,1,30,4,30,80,115,1,3,25,141,0,3,0,141,0,3,0,144,0,0,40,2,8,94,36,1,0,104,3,144,0,0,0,0,144,0,0,0,0,38,2,53,27,17,7,62,4,31,38,9,0,62,3,41,27,11,62,5,36,34,7,62,4,18,40,20,62,2,52,23,5,138,5,1,138,5,1,138,6,0,138,6,0,138,3,3,138,3,3,138,6,0,138,6,0,138,5,1,0,127,0,11,6,127,0,12,5,127,0,14,3,127,0,15,2,127,0,11,6,127,0,15,2,127,0,17,0,127,0,17,0,127,0,16,1,0,119,0,9,16,119,0,18,7,119,0,24,1,119,0,22,3,119,0,12,13,119,0,20,5,119,0,22,3,119,0,25,0,119,0,23,2,0,144,0,0,144,0,144,0,144,0,0,144,0,0,144,0,0,144,0,0,144,0,144,0,0,142,0,2,0,142,0,1,1,142,0,1,1,142,0,2,0,142,0,1,1,142,0,2,0,142,0,1,1,65,3,16,18,19,23,69,1,62,12,69,1,71,3,69,1,71,3,69,1,62,12,69,1,49,25,69,1,71,3,69,1,69,5,69,1,69,5,69,1,65,9,69,1,46,28,144,0,0,0,144,0,0,0,0,0,0,138,4,1,1,138,4,1,1,138,4,1,1,138,3,0,3,138,3,1,2,138,4,1,1,144,0,0,0,144,0,0,0,144,0,0,0,144,0,0,0,144,0,0,0,144,0,0,0,144,0,0,0,144,0,0,0,144,0,0,0,144,0,0,0,144,0,0,0,144,0,0,0,76,2,20,46,76,2,40,26,76,3,21,44,76,2,36,30,76,2,14,52,76,2,9,57,82,0,31,31,113,0,17,6,2,6,86,1,0,2,19,36,86,1,57,0,90,0,16,38,90,0,5,7,10,4,24,4,90,0,16,11,13,14,94,0,16,11,12,11,0,144,144,124,2,9,9,105,1,15,23,124,2,2,16,109,2,10,23,131,1,3,9,135,0,5,4,106,0,1,0,3,2,32,106,0,0,1,3,6,28,107,3,4,9,12,9,107,1,1,2,5,28,107,1,6,3,5,22,136,0,6,2,136,1,3,4,136,1,4,3,114,0,11,19,125,0,5,14,144,0,0,0,0,0,0,0,0,137,0,0,0,2,0,0,0,1,1,0,0,0,0,0,0,3,144,0,0,0,0,0,144,0,0,0,0,0,0,0,0,144,0,0,0,0,144,0,0,0,0,0,0,3.6486486486486487,3.04791564676416,2.25,1.2583057392117916,0,0,0,0
NZL,New Zealand,1,2021-02-28,2021-02-27,100,3,10045.91735920926,2,6209.114657590289,6,100,482314.7892829439,98,0,4,96,0,16,84,0,5,95,0,31,69,0,20,80,0,24,76,0,10,90,0,3,97,0,8,92,0,0,100,0,5,95,0,29,71,0,1,99,0,25,75,96,1,2,1,84,0,6,10,95,1,1,3,69,2,6,23,80,0,4,16,76,4,4,16,90,1,6,3,97,0,2,1,92,2,2,4,100,0,0,0,95,1,1,3,71,3,7,19,99,0,0,1,75,3,8,14,0,0,4,96,96,0,4,0,0,0,26,74,74,0,1,25,99,0,1,0,99,0,1,0,100,0,0,1,0,8,91,0,0,1,99,0,99,0,1,0,0,99,0,0,1,0,1,0,35,38,19,7,1,1,35,57,6,0,1,1,42,47,9,1,1,41,48,9,1,1,9,64,25,1,1,60,32,6,93,5,2,93,5,2,93,5,2,93,6,1,93,3,4,93,6,1,93,6,1,93,7,0,93,5,2,0,81,0,6,13,81,0,15,4,81,0,18,1,81,0,19,0,81,0,5,14,81,0,10,9,81,0,18,1,81,0,18,1,81,0,17,2,0,62,0,23,15,62,0,26,12,62,0,36,2,62,0,36,2,62,0,23,15,62,0,12,26,62,0,30,8,62,0,38,0,62,0,32,6,0,100,0,0,100,0,100,0,100,0,0,100,0,0,100,0,0,100,0,0,100,0,100,0,0,95,0,5,0,95,0,3,2,95,0,0,5,95,0,3,2,95,0,5,0,95,0,4,1,95,0,3,2,0,0,16,23,38,23,0,1,78,21,0,1,98,1,0,1,99,0,0,1,99,0,0,1,97,2,0,1,99,0,0,1,93,6,0,1,97,2,0,1,97,2,0,1,30,69,35,0,4,61,2,0,15,83,0,0,0,92,1,1,6,92,0,2,6,92,1,0,7,92,1,1,6,92,0,3,5,92,1,2,5,98,1,0,1,98,1,0,1,98,1,0,1,98,1,0,1,98,1,0,1,98,1,0,1,98,1,0,1,100,0,0,0,100,0,0,0,100,0,0,0,100,0,0,0,100,0,0,0,0,0,50,50,0,1,74,25,0,2,58,40,0,0,82,18,0,0,45,55,0,1,23,76,0,0,76,24,24,0,33,14,8,21,0,0,1,11,33,55,0,0,98,2,0,1,13,86,0,0,1,9,12,20,57,1,0,0,11,12,42,35,0,0,5,24,30,41,0,100,100,50,1,9,40,26,1,12,61,42,2,5,51,18,2,5,75,55,0,3,42,77,0,16,7,0,0,1,4,16,22,57,0,0,6,7,16,22,49,0,1,11,24,36,28,0,0,4,9,28,59,0,0,11,22,31,36,67,0,20,13,67,1,1,31,67,1,7,25,0,0,70,30,70,1,6,23,94,0,0,0,0,2,0,0,4,24,0,4,10,2,4,0,2,4,3,0,3,3,7,3,1,30,0,2,34,62,1,1,0,0,100,0,0,0,0,0,0,2,2,50,31,15,2,1,9,22,35,18,13,4.917808219178082,5.369030081706084,1.5,1,11.539325842696629,5.285714408958789,3.6170212765957452,1.4150221927567257
NZL,New Zealand,2,2021-02-28,2021-02-28,105,2,7876.03043761754,1,4049.29114955911,6,105,485206.181534554,100,0,3,102,0,13,92,0,1,104,0,28,77,0,20,85,0,22,83,0,9,96,0,4,101,0,9,96,0,0,105,0,4,101,0,26,79,0,1,104,0,12,93,102,0,3,0,92,1,4,8,104,0,0,1,77,1,4,23,85,1,2,17,83,0,7,15,96,0,6,3,101,0,1,3,96,0,3,6,105,0,0,0,101,0,1,3,79,0,5,21,104,0,1,0,93,0,4,8,0,0,3,102,102,0,2,1,0,0,35,70,70,0,6,29,99,0,6,0,99,0,6,0,105,0,0,6,1,2,96,0,0,0,105,0,105,0,0,0,0,105,0,0,0,0,0,0,55,26,16,8,0,0,34,60,11,0,0,0,53,41,11,0,0,49,42,14,0,0,11,66,28,0,0,60,39,6,97,3,5,97,5,3,97,5,3,97,7,1,97,4,4,97,6,2,97,8,0,97,7,1,97,5,3,0,89,0,6,10,89,0,13,3,89,0,14,2,89,0,15,1,89,0,1,15,89,0,5,11,89,0,16,0,89,0,16,0,89,0,16,0,0,79,0,9,17,79,0,19,7,79,0,26,0,79,0,24,2,79,0,11,15,79,0,11,15,79,0,20,6,79,0,26,0,79,0,23,3,0,105,0,0,105,0,105,0,105,0,0,105,0,0,105,0,0,105,0,0,105,0,105,0,0,100,0,5,0,100,0,3,2,100,0,2,3,100,0,3,2,100,0,3,2,100,0,4,1,100,0,4,1,0,0,22,21,38,24,0,3,84,18,0,3,101,1,0,3,100,2,0,3,101,1,0,3,99,3,0,3,102,0,0,3,97,5,0,3,101,1,0,3,93,9,0,3,32,70,31,0,4,70,3,0,16,86,0,0,0,103,1,0,1,103,0,1,1,103,1,0,1,103,0,1,1,103,1,0,1,103,1,0,1,102,0,0,3,102,0,0,3,102,0,0,3,102,0,0,3,102,0,0,3,102,0,0,3,102,0,0,3,105,0,0,0,105,0,0,0,105,0,0,0,105,0,0,0,105,0,0,0,0,1,38,66,0,0,62,43,0,1,47,57,0,1,66,38,0,1,38,66,0,1,12,92,0,0,64,41,41,0,23,15,10,16,0,0,0,4,34,67,0,0,104,1,0,0,21,84,0,0,3,8,14,23,56,1,0,0,10,17,37,41,0,0,7,22,53,23,0,105,105,67,0,6,32,43,0,16,46,58,1,4,42,39,1,4,61,67,0,1,37,93,0,11,1,0,0,0,2,9,16,78,0,0,2,3,10,23,67,0,1,19,27,38,20,0,0,3,8,20,74,0,0,6,17,39,43,82,1,13,9,82,2,2,19,82,1,8,14,0,0,74,31,74,0,14,17,91,1,1,0,3,0,0,0,9,17,0,4,7,5,15,1,6,4,1,0,3,10,3,3,2,24,0,3,29,70,1,2,0,0,0,105,0,0,0,0,0,3,3,58,27,14,3,2,19,24,36,14,7,3.4916666666666663,5.6384663038708505,2,1,13.305263157894736,6.173163753528942,3.3979591836734695,1.4340469439638683
NZL,New Zealand,3,2021-02-28,2021-02-28,102,0,0,0,0,4,102,478525.99234022916,100,0,0,102,0,17,85,0,2,100,0,19,83,0,19,83,0,19,83,0,6,96,0,3,99,0,5,97,0,0,102,0,6,96,0,22,80,0,0,102,0,16,86,102,0,0,0,85,0,7,10,100,0,1,1,83,0,4,15,83,0,8,11,83,0,6,13,96,0,4,2,99,0,0,3,97,0,1,4,102,0,0,0,96,0,3,3,80,0,7,15,102,0,0,0,86,0,9,7,0,0,3,99,99,0,3,0,0,1,34,67,68,1,2,31,100,0,1,1,100,0,2,0,102,0,0,4,0,3,95,0,0,0,102,0,102,0,0,0,0,102,0,0,0,0,0,0,41,31,21,9,0,1,32,59,10,0,0,0,39,53,10,0,2,33,57,10,0,1,12,53,36,0,1,46,52,3,93,4,5,93,7,2,93,7,2,93,9,0,93,7,2,93,7,2,93,9,0,93,9,0,93,7,2,0,81,0,13,8,81,0,15,6,81,0,18,3,81,0,20,1,81,0,7,14,81,0,18,3,81,0,21,0,81,0,21,0,81,0,20,1,0,71,0,13,18,71,0,22,9,71,0,31,0,71,0,31,0,71,0,10,21,71,0,15,16,71,0,31,0,71,0,31,0,71,0,27,4,0,102,0,0,102,0,102,0,102,0,0,102,0,0,102,0,0,102,0,0,102,0,102,0,0,97,0,5,0,97,0,3,2,97,0,4,1,97,0,4,1,97,0,5,0,97,0,5,0,97,0,2,3,0,0,23,22,35,22,0,3,78,21,0,3,98,1,0,3,97,2,0,3,94,5,0,3,88,11,0,3,98,1,0,3,92,7,0,3,95,4,0,3,78,21,0,3,51,48,33,0,2,67,1,0,18,83,0,0,0,99,1,0,2,99,0,2,1,99,1,1,1,99,0,1,2,99,0,1,2,99,0,2,1,98,1,0,3,98,1,0,3,98,1,0,3,98,1,0,3,98,1,0,3,98,1,1,2,98,1,0,3,101,0,0,1,101,0,0,1,101,0,0,1,101,0,0,1,101,0,0,1,0,3,36,63,0,3,66,33,0,6,44,52,0,3,66,33,0,5,26,71,0,5,8,89,0,0,58,44,44,0,32,10,5,11,0,0,0,5,27,70,0,1,100,1,0,1,21,80,0,0,7,4,12,15,61,3,0,0,13,19,27,43,0,0,11,20,44,27,0,102,102,66,1,3,32,36,0,17,49,58,0,7,37,36,0,9,57,76,0,4,22,94,0,5,3,0,0,1,2,9,15,75,0,0,1,3,14,18,66,0,0,13,32,38,19,0,0,4,10,28,60,0,0,8,32,29,33,62,1,28,11,62,4,5,31,62,5,8,27,0,0,81,21,81,0,9,12,93,0,0,0,1,0,0,1,7,12,0,2,8,5,10,2,6,10,2,0,3,11,5,0,9,17,0,0,33,68,0,1,0,0,0,0,102,0,0,0,0,0,2,56,33,11,0,1,17,24,35,15,10,4.169642857142857,6.309643979089244,1.3333333333333333,0.5773502691896257,12.587209302325581,5.896754770741733,3.3434343434343434,1.5724776768255297
NZL,New Zealand,4,2021-02-28,2021-02-28,101,2,7430.39048722705,1,3951.9521055055798,10,101,382949.7978210215,100,1,5,95,1,11,89,1,0,100,1,17,83,1,12,88,1,13,87,0,6,95,1,1,99,0,4,97,1,0,100,1,3,97,1,12,88,1,1,99,1,9,91,96,0,3,2,90,0,3,8,101,0,0,0,84,1,2,14,89,2,3,7,88,1,2,10,95,1,3,2,100,0,0,1,97,1,3,0,101,0,0,0,98,0,1,2,89,0,5,7,100,0,1,0,92,0,3,6,0,0,8,93,93,0,6,2,0,2,36,63,65,0,4,32,97,0,4,0,97,0,4,0,101,0,0,6,1,4,90,0,1,1,99,0,100,0,1,0,0,100,0,0,1,0,1,0,49,30,16,5,1,1,27,63,9,0,1,1,36,53,10,1,0,28,61,11,1,0,9,58,33,1,1,47,45,7,96,2,3,96,4,1,96,4,1,96,4,1,96,3,2,96,4,1,96,5,0,96,3,2,96,4,1,0,85,0,10,6,85,0,13,3,85,0,13,3,85,0,14,2,85,0,6,10,85,0,12,4,85,0,15,1,85,0,16,0,85,0,13,3,0,71,0,19,11,71,0,23,7,71,0,27,3,71,0,29,1,71,0,15,15,71,0,11,19,71,0,26,4,71,0,30,0,71,0,28,2,0,101,0,0,101,0,101,0,101,0,0,101,0,0,101,0,0,101,0,0,101,0,101,0,0,94,0,6,1,94,0,1,6,94,0,1,6,94,0,4,3,94,0,6,1,94,0,5,2,94,0,3,4,0,1,24,17,35,24,0,1,69,31,0,1,97,3,0,1,98,2,0,1,90,10,0,1,78,22,0,1,98,2,0,1,93,7,0,1,94,6,0,1,79,21,0,1,59,41,39,0,1,61,1,0,14,86,0,0,0,97,1,0,3,97,1,1,2,97,1,1,2,97,1,1,2,97,1,1,2,97,0,2,2,96,0,0,5,96,0,0,5,96,0,0,5,96,0,0,5,96,0,1,4,96,0,1,4,96,0,1,4,100,0,0,1,100,0,0,1,100,0,0,1,100,0,0,1,100,0,0,1,0,1,47,53,0,3,71,27,0,2,47,52,0,1,59,41,0,2,31,68,0,2,10,89,0,1,56,44,45,0,28,9,7,12,0,0,0,3,37,61,0,0,101,0,0,0,15,86,0,0,6,4,9,16,60,6,0,0,19,14,35,33,0,1,9,26,39,26,0,101,101,54,0,13,34,30,2,11,58,54,1,3,43,42,1,3,55,70,0,2,29,91,0,8,2,0,0,2,1,2,15,81,0,0,1,1,4,17,78,0,0,13,29,34,25,0,0,4,5,15,77,0,0,13,15,20,53,73,3,19,6,73,2,8,18,73,1,11,16,0,1,81,19,82,0,6,13,95,0,1,0,0,0,0,0,5,14,0,2,6,10,9,2,7,11,6,1,2,4,1,3,8,15,0,3,38,60,0,0,0,0,0,0,0,101,0,0,0,1,5,46,25,24,1,3,16,16,37,21,7,5.2631578947368425,7.213666498582661,1.4,0.5477225575051661,12.736559139784946,5.613256532651592,3.1052631578947367,1.546950907709182
NZL,New Zealand,5,2021-02-28,2021-02-28,120,0,0,0,0,2,120,377025.7849371261,117,2,1,117,2,8,110,2,0,118,1,15,104,2,10,108,2,14,104,2,6,112,1,0,119,1,4,115,1,1,118,2,1,117,2,15,103,1,0,119,1,7,112,119,0,0,1,112,0,2,6,120,0,0,0,105,0,3,12,110,0,5,5,106,0,4,10,114,0,3,3,120,0,0,0,116,0,0,4,119,0,0,1,119,0,1,0,105,0,3,12,120,0,0,0,113,0,3,4,0,0,2,118,118,0,2,0,0,2,37,81,83,1,7,29,113,0,7,0,113,1,6,0,119,1,0,10,0,4,106,0,1,2,117,0,118,0,2,0,0,118,0,0,2,0,2,1,75,26,10,6,2,2,35,67,14,0,2,1,50,52,15,2,0,55,51,12,2,3,18,71,26,2,1,66,41,10,114,1,5,114,5,1,114,4,2,114,4,2,114,5,1,114,5,1,114,6,0,114,5,1,114,3,3,0,110,0,4,6,110,0,6,4,110,0,7,3,110,0,10,0,110,0,3,7,110,0,6,4,110,0,10,0,110,0,10,0,110,0,10,0,0,94,0,17,9,94,0,22,4,94,0,25,1,94,0,26,0,94,0,16,10,94,0,13,13,94,0,25,1,94,0,26,0,94,0,24,2,0,120,0,0,120,0,120,0,120,0,0,120,0,0,120,0,0,120,0,0,120,0,120,0,0,114,0,6,0,114,0,3,3,114,0,4,2,114,0,5,1,114,0,4,2,114,0,6,0,114,0,3,3,0,2,19,17,48,34,0,6,90,24,0,6,108,6,0,6,102,12,0,6,100,14,0,6,70,44,0,6,114,0,0,6,105,9,0,6,103,11,0,6,89,25,0,6,81,33,47,1,1,71,2,1,17,100,0,0,0,116,1,0,3,116,0,3,1,116,1,0,3,116,0,1,3,116,1,0,3,116,1,0,3,113,2,0,5,113,2,0,5,113,3,0,4,113,2,0,5,113,2,3,2,113,2,2,3,113,1,2,4,115,0,0,5,115,0,0,5,115,0,0,5,115,1,0,4,115,1,0,4,0,1,49,70,0,1,69,50,0,0,43,77,0,2,70,48,0,1,38,81,0,5,10,105,0,1,70,49,50,0,35,13,5,17,0,0,0,7,42,71,0,0,120,0,0,1,24,95,0,0,5,10,9,18,75,3,0,0,15,24,38,43,0,3,7,30,42,38,0,120,120,71,0,9,40,51,2,15,52,77,2,6,35,50,2,11,57,82,1,7,30,110,0,6,4,0,0,1,0,3,12,104,0,0,0,0,7,12,101,0,0,8,36,42,34,0,0,0,9,16,95,0,0,7,26,25,62,87,4,21,8,87,9,6,18,87,9,11,13,0,3,90,27,93,0,5,22,115,0,0,1,1,0,0,0,3,25,0,5,6,5,11,4,6,9,5,0,4,7,6,3,3,21,0,1,47,72,0,0,0,0,0,0,0,0,120,0,0,2,4,55,36,23,2,3,22,32,35,21,5,5.933333333333334,7.720692385342841,1,0,12.466666666666667,5.047974968445394,2.5478260869565217,1.2011944220917687
NZL,New Zealand,6,2021-02-28,2021-02-27,100,0,0,0,0,4,100,389478.7542000377,96,0,0,100,0,7,93,0,1,99,0,14,86,0,8,92,0,8,92,0,2,98,0,1,99,0,2,98,0,0,100,0,4,96,0,5,95,0,1,99,0,4,96,100,0,0,0,93,0,1,6,99,0,1,0,86,0,3,11,92,0,2,6,92,1,2,5,98,0,0,2,99,0,1,0,98,0,1,1,100,0,0,0,96,0,2,2,95,0,1,4,99,0,1,0,96,0,2,2,0,0,3,97,97,0,2,1,0,0,20,80,80,0,1,19,99,0,1,0,99,0,1,0,100,0,0,1,1,2,96,0,2,1,97,0,99,0,1,0,0,99,0,0,1,0,1,0,61,30,4,4,1,3,39,52,5,0,1,3,47,42,7,1,3,52,37,7,1,5,25,46,23,1,2,67,28,2,96,4,0,96,4,0,96,3,1,96,4,0,96,3,1,96,3,1,96,4,0,96,2,2,96,4,0,0,96,0,3,1,96,0,4,0,96,0,4,0,96,0,3,1,96,0,2,2,96,0,3,1,96,0,4,0,96,0,4,0,96,0,2,2,0,70,1,15,14,70,1,23,6,70,1,28,1,70,1,29,0,70,1,15,14,70,1,11,18,70,1,28,1,70,1,29,0,70,1,27,2,0,100,0,0,100,0,100,0,100,0,0,100,0,0,100,0,0,100,0,0,100,0,100,0,0,98,1,1,0,98,1,1,0,98,1,0,1,98,1,1,0,98,1,1,0,98,1,1,0,98,1,1,0,0,3,12,21,31,33,0,0,82,18,0,0,91,9,0,0,92,8,0,0,90,10,0,0,49,51,0,0,97,3,0,0,93,7,0,0,90,10,0,0,83,17,0,0,75,25,35,0,5,60,3,0,8,89,0,0,0,98,2,0,0,98,2,0,0,98,2,0,0,98,1,1,0,98,1,1,0,98,2,0,0,97,1,0,2,97,1,0,2,97,1,0,2,97,1,0,2,97,1,1,1,97,1,1,1,97,1,1,1,99,0,0,1,99,0,0,1,99,0,0,1,99,0,0,1,99,0,0,1,0,0,18,82,0,2,57,41,0,1,45,54,0,2,58,40,0,3,20,77,0,3,6,91,0,1,49,50,51,0,31,10,5,3,0,0,0,4,40,56,0,0,100,0,0,0,12,88,0,0,2,11,11,9,60,7,0,0,18,38,30,14,0,0,9,28,34,29,0,100,100,82,0,4,14,43,2,12,43,55,3,3,39,42,0,7,51,80,0,5,15,94,0,4,2,0,0,0,1,4,4,91,0,0,0,2,6,13,79,0,2,9,32,29,28,0,1,2,3,15,79,0,0,5,10,24,61,85,3,8,4,85,5,3,7,85,4,6,5,0,1,41,58,42,0,13,45,87,0,1,1,0,1,0,0,10,46,0,6,5,3,6,1,3,4,1,0,1,2,1,3,3,15,0,2,35,63,0,0,0,0,0,0,0,0,0,100,0,2,7,31,31,29,2,5,21,26,33,9,4,5.5,8.213403679352428,2,0,11.861052631578948,5.263792313387473,2.230769230769231,1.1554404939427798
NZL,New Zealand,7,2021-02-28,2021-02-24,100,0,0,0,0,2,98,480032.6349079297,93,1,0,99,2,7,91,2,3,95,2,14,84,3,9,88,2,12,86,2,0,98,2,2,96,2,3,95,2,1,97,1,3,96,2,6,92,2,0,98,2,5,93,100,0,0,0,93,1,1,5,97,1,0,2,86,1,4,9,91,0,2,7,88,2,1,9,100,0,0,0,98,0,2,0,97,1,2,0,99,0,1,0,97,0,0,3,94,2,1,3,100,0,0,0,95,0,3,2,0,2,2,96,98,0,2,0,0,1,24,75,76,1,3,20,97,0,3,0,97,0,3,0,100,0,0,5,3,2,90,0,0,0,100,0,100,0,0,0,0,100,0,0,0,0,0,0,72,16,6,6,0,13,35,40,12,0,0,12,49,28,11,0,7,54,28,11,0,14,22,41,23,0,6,69,19,6,94,4,2,94,5,1,94,5,1,94,5,1,94,5,1,94,5,1,94,6,0,94,5,1,94,3,3,0,94,0,4,2,94,0,5,1,94,0,5,1,94,0,5,1,94,0,3,3,94,0,4,2,94,0,6,0,94,0,6,0,94,0,6,0,0,84,0,10,6,84,0,13,3,84,0,16,0,84,0,16,0,84,0,8,8,84,0,9,7,84,0,16,0,84,0,16,0,84,0,16,0,0,100,0,0,100,0,100,0,100,0,0,100,0,0,100,0,0,100,0,0,100,0,100,0,0,98,0,2,0,98,0,1,1,98,0,2,0,98,0,1,1,98,0,1,1,98,0,2,0,98,0,2,0,0,1,17,14,32,36,0,1,83,16,0,1,88,11,0,1,85,14,0,1,87,12,0,1,58,41,0,1,93,6,0,1,87,12,0,1,69,30,0,1,91,8,0,1,72,27,44,2,0,54,6,3,3,88,0,0,0,98,1,0,1,98,1,1,0,98,1,0,1,98,1,0,1,98,0,2,0,98,1,0,1,98,0,0,2,98,0,1,1,98,0,0,2,98,0,0,2,98,0,2,0,98,0,1,1,98,0,2,0,98,0,0,2,98,0,0,2,98,0,0,2,98,0,0,2,98,0,1,1,0,4,14,82,0,2,56,42,0,4,43,53,0,4,49,47,0,4,30,66,0,4,3,93,0,0,56,44,44,0,18,13,13,12,0,0,0,4,41,55,0,1,99,0,0,0,17,83,0,0,3,5,8,6,65,13,0,0,29,16,39,16,0,5,3,22,32,38,0,100,100,86,1,0,13,44,1,7,48,57,1,4,38,51,1,5,43,70,1,4,25,97,0,2,1,0,1,3,1,1,3,91,0,1,0,0,1,12,86,0,1,7,24,36,32,0,0,0,2,11,87,0,0,0,5,28,67,95,1,1,3,95,2,1,2,95,1,2,2,0,2,10,88,12,1,6,81,94,0,0,0,0,0,0,0,6,84,0,0,2,2,2,0,1,0,0,0,1,2,0,1,2,3,0,3,40,57,0,0,0,0,0,0,0,0,0,0,100,6,12,25,36,21,6,7,18,27,28,13,1,9.275862068965518,8.7500879657788,1,0,12.5,4.792612628042155,1.9759036144578312,1.0473649120002138
NZL,New Zealand,-99,2021-03-01,2021-03-01,156,2,12606.7013855958,1,7622.44403176508,15,133,702768.3038853488,0,1,2,153,1,12,143,2,4,150,1,32,123,1,18,137,0,26,130,2,6,148,1,4,151,1,9,146,1,5,150,3,6,147,1,23,132,2,3,151,1,19,136,154,0,1,1,144,0,7,5,152,0,2,2,124,0,7,25,138,0,5,13,130,1,9,16,150,0,5,1,152,0,2,2,147,0,4,5,151,0,2,3,150,0,3,3,133,0,6,17,153,0,0,3,137,1,3,15,23,0,9,124,149,0,5,2,28,0,45,83,111,0,5,40,151,0,5,0,151,0,5,0,156,0,0,34,3,6,113,32,1,0,120,3,156,0,0,0,0,156,0,0,0,0,36,1,48,34,29,8,58,4,25,57,12,0,58,3,32,46,17,58,4,32,43,19,58,4,10,48,36,58,3,46,43,6,149,4,3,149,6,1,149,4,3,149,6,1,149,3,4,149,6,1,149,7,0,149,7,0,149,6,1,0,131,0,11,14,131,0,14,11,131,0,19,6,131,0,20,5,131,0,7,18,131,0,16,9,131,0,23,2,131,0,24,1,131,0,22,3,0,126,1,17,12,126,1,23,6,126,1,28,1,126,1,26,3,126,1,18,11,126,1,13,16,126,1,27,2,126,1,29,0,126,1,29,0,0,156,0,0,156,0,156,0,156,0,0,156,0,0,156,0,0,156,0,0,156,0,156,0,0,148,0,8,0,148,0,3,5,148,0,3,5,148,0,6,2,148,0,8,0,148,0,6,2,148,0,6,2,61,0,21,33,27,14,67,1,67,21,67,1,85,3,67,1,86,2,67,1,84,4,67,1,69,19,67,1,85,3,67,1,86,2,67,1,76,12,67,1,79,9,67,1,45,43,156,0,0,0,156,0,0,0,0,0,0,152,1,1,2,152,2,0,2,152,2,1,1,152,1,3,0,152,2,0,2,152,2,0,2,87,4,3,62,87,4,1,64,87,4,1,64,87,5,1,63,87,4,12,53,87,4,12,53,87,4,3,62,143,1,0,12,143,2,1,10,143,1,0,12,143,1,0,12,143,1,0,12,86,0,28,42,86,1,42,27,86,1,28,41,86,1,42,27,86,1,17,52,86,1,4,65,92,1,35,28,121,0,17,4,6,8,95,0,1,3,20,37,95,0,61,0,110,1,10,35,110,0,3,5,5,4,26,3,110,0,12,13,12,9,112,2,7,13,14,8,0,156,156,131,0,7,18,118,0,5,33,132,1,3,20,118,0,3,35,141,0,2,13,152,0,1,3,119,2,1,2,2,2,28,119,1,1,0,4,2,29,124,1,7,9,11,4,124,1,3,5,5,18,124,0,3,8,9,12,148,1,6,1,148,2,2,4,148,2,2,4,133,1,12,10,146,0,3,7,156,0,0,0,0,0,0,0,0,149,0,1,1,1,1,0,1,2,0,0,0,0,0,0,0,0,156,0,0,0,0,0,156,0,0,0,0,0,0,0,0,156,0,0,0,0,156,0,0,0,0,0,0,4.682926829268292,5.871281905982048,2,0.894427190999916,0,0,0,0
NZL,New Zealand,1,2021-03-01,2021-02-27,100,3,10045.91735920926,2,6209.114657590289,10,100,511769.29740009166,99,0,3,97,0,16,84,0,4,96,0,21,79,0,19,81,0,19,81,0,11,89,0,2,98,0,5,95,0,0,100,0,3,97,0,26,74,0,1,99,0,20,80,97,0,2,1,84,0,6,10,96,0,1,3,79,0,3,18,81,0,3,16,81,1,3,15,89,0,7,4,98,0,1,1,95,0,1,4,100,0,0,0,97,0,1,2,74,0,5,21,99,0,0,1,80,0,6,14,0,0,5,95,95,0,4,1,0,1,25,74,75,0,2,23,98,0,2,0,98,0,2,0,100,0,0,3,0,7,90,0,0,0,100,0,100,0,0,0,0,100,0,0,0,0,0,0,47,33,14,6,0,1,34,60,5,0,0,1,44,47,8,0,1,47,43,9,0,1,18,56,25,0,1,63,30,6,94,4,2,94,4,2,94,4,2,94,5,1,94,3,3,94,5,1,94,6,0,94,6,0,94,4,2,0,86,0,4,10,86,0,9,5,86,0,13,1,86,0,14,0,86,0,2,12,86,0,5,9,86,0,12,2,86,0,14,0,86,0,12,2,0,67,0,22,11,67,0,25,8,67,0,29,4,67,0,30,3,67,0,19,14,67,0,7,26,67,0,25,8,67,0,33,0,67,0,30,3,0,100,0,0,100,0,100,0,100,0,0,100,0,0,100,0,0,100,0,0,100,0,100,0,0,93,0,7,0,93,0,4,3,93,0,1,6,93,0,5,2,93,0,7,0,93,0,6,1,93,0,5,2,0,0,13,20,37,30,0,1,81,18,0,1,98,1,0,1,99,0,0,1,99,0,0,1,96,3,0,1,99,0,0,1,94,5,0,1,96,3,0,1,94,5,0,1,30,69,34,0,2,64,1,0,15,84,0,0,0,93,0,1,6,93,0,1,6,93,0,0,7,93,0,1,6,93,0,2,5,93,0,2,5,59,1,0,40,59,1,0,40,59,1,1,39,59,1,0,40,59,1,3,37,59,1,6,34,59,1,3,37,92,0,1,7,92,0,1,7,92,0,1,7,92,0,0,8,92,0,1,7,0,0,47,53,0,0,69,31,0,1,53,46,0,0,70,30,0,0,37,63,0,0,20,80,0,0,61,39,39,0,24,11,7,19,0,0,2,12,37,49,0,0,98,2,0,0,12,88,0,0,7,9,16,23,44,1,0,0,16,12,37,35,0,0,9,29,33,29,0,100,100,53,1,10,36,31,1,15,53,47,1,7,45,30,1,8,61,63,0,3,34,80,0,15,5,0,0,2,5,12,19,62,0,0,6,7,18,16,53,0,1,12,25,30,32,0,0,5,10,24,61,0,0,12,16,34,38,72,0,18,10,72,1,2,25,72,1,6,21,0,0,71,29,71,1,6,22,94,0,0,0,0,1,1,0,4,23,0,2,10,2,2,2,2,3,4,0,3,3,5,4,2,33,0,1,34,62,2,1,0,0,100,0,0,0,0,0,0,1,2,50,36,11,1,1,13,19,33,22,11,5.265625,6.2494245766856436,2,1,11.907608695652174,5.4242684967024966,3.5208333333333335,1.3137264528745913
NZL,New Zealand,2,2021-03-01,2021-02-28,100,1,4555.7656405501,1,4555.7656405501,12,100,487922.41610601195,97,0,1,99,0,5,95,0,0,100,0,20,80,0,13,87,0,10,90,0,8,92,0,1,99,0,3,97,0,0,100,0,3,97,0,25,75,0,1,99,0,16,84,99,0,0,1,95,0,3,2,100,0,0,0,80,0,4,16,87,0,2,11,90,0,0,10,92,0,4,4,99,0,1,0,97,0,0,3,100,0,0,0,97,0,0,3,75,0,5,20,99,0,1,0,84,0,7,9,0,0,6,94,94,0,6,0,0,0,33,67,67,0,3,30,97,0,3,0,97,0,3,0,100,0,0,3,0,0,97,0,0,2,98,0,98,0,1,1,0,99,0,0,1,0,2,0,52,28,11,7,2,0,33,56,9,0,2,1,50,37,10,2,0,46,42,10,2,1,13,58,26,2,0,59,36,3,93,3,4,93,7,0,93,7,0,93,6,1,93,4,3,93,5,2,93,7,0,93,6,1,93,5,2,0,89,0,4,7,89,0,10,1,89,0,9,2,89,0,10,1,89,0,4,7,89,0,4,7,89,0,11,0,89,0,11,0,89,0,8,3,0,72,0,13,15,72,0,25,3,72,0,28,0,72,0,26,2,72,0,12,16,72,0,12,16,72,0,27,1,72,0,28,0,72,0,28,0,0,100,0,0,100,0,100,0,100,0,0,100,0,0,100,0,0,100,0,0,100,0,100,0,0,98,0,2,0,98,0,1,1,98,0,0,2,98,0,1,1,98,0,1,1,98,0,2,0,98,0,1,1,0,0,18,14,40,28,0,5,77,18,0,5,94,1,0,5,93,2,0,5,92,3,0,5,87,8,0,5,95,0,0,5,88,7,0,5,94,1,0,5,85,10,0,5,33,62,40,0,2,58,2,0,14,84,0,0,0,100,0,0,0,100,0,0,0,100,0,0,0,100,0,0,0,100,0,0,0,100,0,0,0,27,0,0,73,27,0,0,73,27,0,2,71,27,0,2,71,27,0,4,69,27,1,3,69,27,0,6,67,90,1,1,8,90,1,0,9,90,1,1,8,90,1,0,9,90,1,0,9,0,0,49,51,0,0,69,31,0,0,43,57,0,0,57,43,0,1,26,73,0,0,12,88,0,0,52,48,48,0,19,13,8,12,0,0,0,7,38,55,0,0,100,0,0,1,20,79,0,0,5,15,11,21,46,2,0,0,16,15,37,32,0,0,9,29,40,22,0,100,100,51,0,12,37,31,0,18,51,57,0,6,37,43,1,8,48,74,0,3,23,88,0,10,2,0,0,3,5,6,14,72,0,0,1,5,9,23,62,0,0,17,20,40,23,0,0,4,7,14,75,0,0,9,14,20,57,77,0,17,6,77,1,6,16,77,3,6,14,0,0,74,26,74,1,11,14,89,1,3,0,1,1,0,1,4,15,0,3,10,8,11,1,2,8,3,0,1,12,1,2,2,21,0,1,39,59,0,1,0,0,0,100,0,0,0,0,0,2,2,56,18,22,2,1,20,26,24,20,7,3.6923076923076925,5.6829240662430784,2,1.5491933384829668,12.958762886597938,5.994646093552277,3.204301075268817,1.403095489211856
NZL,New Zealand,3,2021-03-01,2021-02-28,100,0,0,0,0,15,100,464082.0132206094,99,0,0,100,0,9,91,0,1,99,0,18,82,0,16,84,0,23,77,0,7,93,0,2,98,0,2,98,0,0,100,0,6,94,0,18,82,0,0,100,0,18,82,100,0,0,0,91,0,6,3,99,0,1,0,82,0,6,12,84,0,5,11,77,0,10,13,93,0,5,2,98,0,0,2,98,0,0,2,100,0,0,0,94,0,3,3,82,0,5,13,100,0,0,0,82,0,8,10,0,0,11,89,89,0,9,2,0,0,31,69,69,0,2,29,98,1,0,1,98,0,2,0,100,0,0,2,0,3,95,0,0,0,100,0,100,0,0,0,0,100,0,0,0,0,0,0,44,29,18,9,0,3,30,57,10,0,0,1,40,46,13,0,2,37,48,13,0,3,10,58,29,0,1,49,46,4,91,4,5,91,7,2,91,9,0,91,9,0,91,6,3,91,8,1,91,9,0,91,8,1,91,7,2,0,82,0,13,5,82,0,14,4,82,0,17,1,82,0,17,1,82,0,6,12,82,0,15,3,82,0,17,1,82,0,18,0,82,0,16,2,0,71,0,10,19,71,0,22,7,71,0,28,1,71,0,27,2,71,0,14,15,71,0,13,16,71,0,29,0,71,0,29,0,71,0,24,5,0,100,0,0,100,0,100,0,100,0,0,100,0,0,100,0,0,100,0,0,100,0,100,0,0,98,0,2,0,98,0,2,0,98,0,2,0,98,0,2,0,98,0,2,0,98,0,1,1,98,0,1,1,0,0,18,20,39,23,0,1,79,20,0,1,99,0,0,1,97,2,0,1,96,3,0,1,84,15,0,1,98,1,0,1,97,2,0,1,94,5,0,1,85,14,0,1,50,49,43,0,2,55,1,0,11,88,0,0,0,97,0,1,2,97,1,1,1,97,1,1,1,97,1,0,2,97,1,0,2,97,1,1,1,39,2,0,59,39,2,1,58,39,2,3,56,39,3,0,58,39,2,5,54,39,2,6,53,39,2,1,58,89,1,0,10,89,1,0,10,89,1,1,9,89,1,1,9,89,0,3,8,0,2,48,50,0,0,70,30,0,1,45,54,0,1,65,34,0,3,25,72,0,3,9,88,0,0,62,38,38,0,31,10,8,13,0,0,1,5,36,58,0,2,98,0,0,1,14,85,0,0,4,4,19,14,56,3,0,0,17,13,35,35,0,0,9,26,38,27,0,100,100,52,0,9,39,30,1,20,49,55,0,8,37,35,0,9,56,75,0,3,22,91,0,5,4,0,0,2,2,6,14,76,0,0,1,3,11,17,68,0,1,11,29,35,24,0,0,3,4,20,73,0,0,5,18,36,41,77,1,17,5,77,3,6,14,77,4,7,12,0,1,76,23,77,0,7,16,93,0,1,1,0,0,0,1,4,17,0,3,7,6,9,1,6,7,4,0,3,9,5,0,6,17,0,1,43,55,0,1,0,0,0,0,100,0,0,0,0,0,3,53,27,17,0,2,10,26,35,19,8,3.2916666666666665,3.280881649368523,1.3636363636363635,0.504524979109513,11.827380952380953,5.690561858267191,3.442105263157895,1.4855029198799996
NZL,New Zealand,4,2021-03-01,2021-03-01,115,0,0,0,0,12,115,433579.19542473106,115,0,0,115,0,5,110,0,3,112,0,16,99,0,9,106,0,18,97,0,4,111,0,1,114,0,0,115,0,0,115,0,4,111,0,20,95,0,1,114,0,5,110,115,0,0,0,110,0,2,3,112,0,1,2,99,0,6,10,106,0,4,5,97,0,3,15,111,0,3,1,114,0,1,0,115,0,0,0,115,0,0,0,111,0,2,2,95,0,7,13,114,0,1,0,110,0,3,2,0,0,8,107,107,0,7,1,0,2,36,77,79,2,6,28,109,0,5,1,109,0,6,0,115,0,0,10,0,3,102,0,0,3,112,0,112,0,3,0,0,112,0,0,3,0,3,0,59,31,15,7,3,2,32,68,10,0,3,2,44,53,13,3,3,46,50,13,3,2,9,66,35,3,2,66,37,7,108,2,5,108,3,4,108,5,2,108,4,3,108,4,3,108,5,2,108,7,0,108,7,0,108,6,1,0,100,0,8,7,100,0,11,4,100,0,12,3,100,0,14,1,100,0,6,9,100,0,9,6,100,0,14,1,100,0,15,0,100,0,15,0,0,84,0,19,12,84,0,21,10,84,0,29,2,84,0,29,2,84,0,18,13,84,0,11,20,84,0,31,0,84,0,31,0,84,0,29,2,0,115,0,0,115,0,115,0,115,0,0,115,0,0,115,0,0,115,0,0,115,0,115,0,0,108,1,6,0,108,1,4,2,108,1,2,4,108,1,1,5,108,1,5,1,108,1,5,1,108,1,6,0,0,0,20,27,37,31,0,0,91,24,0,0,113,2,0,0,108,7,0,0,109,6,0,0,95,20,0,0,114,1,0,0,105,10,0,0,109,6,0,0,96,19,0,0,61,54,30,0,1,84,0,0,17,98,0,0,0,112,1,1,1,112,2,0,1,112,2,0,1,112,2,0,1,112,2,0,1,112,2,1,0,3,6,0,106,3,7,0,105,3,6,3,103,3,6,2,104,3,6,6,100,3,6,9,97,3,7,2,103,97,2,0,16,97,2,1,15,97,2,0,16,97,2,2,14,97,1,4,13,0,1,56,58,0,1,84,30,0,2,51,62,0,0,72,43,0,2,40,73,0,2,16,97,0,0,65,50,50,0,24,13,10,18,0,0,0,6,28,81,0,0,113,2,0,0,21,94,0,0,6,10,12,12,70,5,0,0,17,23,34,41,0,1,15,21,47,31,0,115,115,59,0,13,43,31,0,19,65,64,0,1,50,43,0,8,64,75,0,5,35,99,0,10,6,0,0,0,0,3,13,99,0,0,0,1,4,15,95,0,1,17,37,41,19,0,0,1,7,23,84,0,0,6,21,42,46,88,1,16,10,88,3,3,21,88,2,4,21,0,0,85,30,85,0,9,21,106,0,1,0,2,1,1,0,4,21,0,6,2,5,20,2,2,13,5,1,1,6,8,0,3,20,0,0,30,84,0,1,0,0,0,0,0,115,0,0,0,0,3,59,32,21,0,1,17,24,42,19,12,3.976744186046512,5.1059646357542015,1.5714285714285714,0.7867957924694432,12.214953271028037,5.695128731765482,3.0530973451327434,1.4320359380753394
NZL,New Zealand,5,2021-03-01,2021-03-01,109,0,0,0,0,2,108,362532.76169106324,107,1,0,108,1,6,102,0,3,106,1,12,96,0,6,103,1,12,96,1,1,107,1,2,106,1,1,107,1,0,108,1,5,103,1,11,97,1,1,107,1,5,103,109,0,0,0,103,0,1,5,106,0,1,2,97,0,2,10,103,0,0,6,97,0,3,9,108,0,0,1,107,0,1,1,108,0,1,0,109,0,0,0,104,0,0,5,98,0,4,7,108,0,0,1,104,0,3,2,0,1,1,107,108,0,1,0,0,0,34,75,75,1,0,33,109,0,0,0,109,0,0,0,109,0,0,1,0,2,106,0,0,0,109,0,109,0,0,0,0,109,0,0,0,0,0,0,59,30,12,8,0,6,27,68,8,0,0,5,38,54,12,0,6,33,58,12,0,8,12,58,31,0,4,50,51,4,101,1,7,101,5,3,101,4,4,101,5,3,101,6,2,101,6,2,101,8,0,101,7,1,101,4,4,0,97,0,5,7,97,0,9,3,97,0,10,2,97,0,11,1,97,0,6,6,97,0,9,3,97,0,11,1,97,0,11,1,97,0,11,1,0,79,0,16,14,79,0,23,7,79,0,29,1,79,0,28,2,79,0,14,16,79,0,13,17,79,0,28,2,79,0,30,0,79,0,29,1,0,109,0,0,109,0,109,0,109,0,0,109,0,0,109,0,0,109,0,0,109,0,109,0,0,102,0,7,0,102,0,3,4,102,0,5,2,102,0,3,4,102,0,7,0,102,0,4,3,102,0,6,1,0,1,27,20,41,20,0,0,85,24,0,0,101,8,0,0,100,9,0,0,95,14,0,0,69,40,0,0,107,2,0,0,102,7,0,0,97,12,0,0,90,19,0,0,74,35,44,0,0,65,1,0,17,91,0,0,0,107,1,1,0,107,1,0,1,107,1,0,1,107,1,0,1,107,0,1,1,107,1,0,1,6,17,0,86,6,15,2,86,6,17,2,84,6,15,2,86,6,13,14,76,6,17,3,83,6,15,6,82,90,4,1,14,90,4,1,14,90,4,2,13,90,4,0,15,90,3,3,13,0,3,51,55,0,0,79,30,0,3,51,55,0,1,64,44,0,3,23,83,0,3,11,95,0,0,63,46,46,0,27,14,11,11,0,0,0,5,36,68,0,0,109,0,0,3,26,80,0,0,12,9,11,7,63,7,0,0,20,22,30,37,0,0,9,33,42,25,0,109,109,58,0,10,41,30,1,22,56,58,1,5,45,45,1,9,54,86,0,1,22,98,0,10,1,0,0,3,1,2,7,96,0,0,0,1,5,16,87,0,0,18,35,32,24,0,0,3,7,17,82,0,0,10,23,29,47,76,4,23,6,76,7,5,21,76,5,11,17,0,0,70,39,70,0,15,24,94,0,2,0,4,1,0,2,6,24,0,5,2,3,8,2,4,14,3,0,3,6,5,1,3,26,0,0,43,66,0,0,0,0,0,0,0,0,109,0,0,1,2,43,44,19,1,1,21,21,40,18,7,5.419354838709677,7.575285224766071,2,0,11.19047619047619,5.362073433088314,2.5754716981132075,1.427272545185044
NZL,New Zealand,6,2021-03-01,2021-02-28,100,0,0,0,0,0,99,422465.51166245365,91,0,0,100,0,6,94,0,1,99,0,13,87,0,8,92,0,9,91,0,3,97,0,1,99,1,2,97,0,0,100,0,3,97,0,3,97,0,1,99,0,5,95,100,0,0,0,94,0,0,6,99,0,1,0,87,0,5,8,92,0,3,5,91,0,2,7,97,0,1,2,99,0,0,1,98,0,1,1,100,0,0,0,97,0,1,2,97,0,0,3,99,0,1,0,95,0,1,4,0,1,0,99,100,0,0,0,0,1,27,72,73,0,2,25,98,0,2,0,98,0,2,0,100,0,0,3,4,1,92,0,2,1,97,0,99,0,1,0,0,99,0,0,1,0,1,0,65,24,3,7,1,3,37,51,8,0,1,4,46,39,10,1,5,42,44,8,1,6,17,57,19,1,2,67,26,4,93,6,1,93,6,1,93,6,1,93,6,1,93,2,5,93,6,1,93,7,0,93,7,0,93,6,1,0,97,0,3,0,97,0,3,0,97,0,3,0,97,0,3,0,97,0,1,2,97,0,2,1,97,0,3,0,97,0,3,0,97,0,3,0,0,76,0,14,10,76,0,17,7,76,0,23,1,76,0,23,1,76,0,16,8,76,0,12,12,76,0,23,1,76,0,24,0,76,0,23,1,0,100,0,0,100,0,100,0,100,0,0,100,0,0,100,0,0,100,0,0,100,0,100,0,0,98,1,1,0,98,1,1,0,98,1,1,0,98,1,1,0,98,1,1,0,98,1,1,0,98,1,0,1,0,1,17,16,39,27,0,2,86,12,0,2,91,7,0,2,86,12,0,2,81,17,0,2,55,43,0,2,95,3,0,2,89,9,0,2,89,9,0,2,83,15,0,2,65,33,42,0,3,55,7,0,7,86,0,0,0,99,1,0,0,99,1,0,0,99,1,0,0,99,0,1,0,99,1,0,0,99,1,0,0,22,13,0,65,22,13,0,65,22,12,4,62,22,13,0,65,22,12,14,52,22,12,4,62,22,12,9,57,83,1,0,16,83,1,2,14,83,1,0,16,83,1,0,16,83,1,0,16,0,1,21,78,0,2,69,29,0,2,47,51,0,2,49,49,0,2,26,72,0,2,9,89,0,0,49,51,51,0,23,10,6,10,0,0,0,3,33,64,0,1,98,1,0,0,24,76,0,0,5,5,10,7,68,5,0,1,28,23,25,23,0,1,5,21,40,33,0,100,100,79,2,4,15,31,1,15,53,53,3,6,38,51,0,4,45,74,0,4,22,91,0,5,4,0,0,2,1,4,5,88,0,0,1,1,5,11,82,0,1,10,33,32,24,0,1,2,3,16,78,0,0,3,12,22,63,85,1,8,6,85,4,2,9,85,3,5,7,0,0,35,65,35,1,11,53,89,0,1,1,3,0,0,0,6,54,0,2,4,2,9,0,2,8,1,0,1,3,1,5,1,7,0,2,38,60,0,0,0,0,0,0,0,0,0,100,0,5,8,34,30,23,5,7,25,20,31,10,2,6.578947368421052,7.190393201067999,0,0,12.197802197802197,4.989365981141582,2.1136363636363638,1.168866414024674
NZL,New Zealand,7,2021-03-01,2021-02-26,100,0,0,0,0,2,100,454468.65889038244,96,1,0,99,2,8,90,2,3,95,2,16,82,2,11,87,2,15,83,2,0,98,2,2,96,2,3,95,2,1,97,1,3,96,2,6,92,2,0,98,2,7,91,100,0,0,0,92,1,1,6,97,1,0,2,84,1,5,10,89,0,3,8,85,2,2,11,100,0,0,0,98,0,2,0,97,1,1,1,99,0,1,0,97,0,1,2,94,2,1,3,100,0,0,0,93,0,4,3,0,0,2,98,98,0,1,1,0,0,25,75,75,1,3,21,97,0,3,0,97,0,3,0,100,0,0,4,6,1,89,0,1,0,98,1,100,0,0,0,0,100,0,0,0,0,0,0,76,16,4,4,0,12,35,42,11,0,0,11,49,34,6,0,7,59,26,8,0,13,19,42,26,0,6,72,19,3,96,2,2,96,3,1,96,3,1,96,3,1,96,4,0,96,3,1,96,4,0,96,3,1,96,2,2,0,96,0,2,2,96,0,4,0,96,0,4,0,96,0,4,0,96,0,1,3,96,0,4,0,96,0,4,0,96,0,4,0,96,0,4,0,0,84,0,11,5,84,0,12,4,84,0,16,0,84,0,15,1,84,0,10,6,84,0,7,9,84,0,16,0,84,0,16,0,84,0,16,0,0,100,0,0,100,0,100,0,100,0,0,100,0,0,100,0,0,100,0,0,100,0,100,0,0,99,0,1,0,99,0,0,1,99,0,1,0,99,0,1,0,99,0,0,1,99,0,1,0,99,0,1,0,0,2,13,11,33,41,0,1,83,16,0,1,87,12,0,1,87,12,0,1,80,19,0,1,55,44,0,1,90,9,0,1,87,12,0,1,71,28,0,1,86,13,0,1,77,22,46,3,0,51,2,4,1,93,0,0,0,99,0,0,1,99,0,1,0,99,0,0,1,99,0,0,1,99,0,1,0,99,0,0,1,74,1,0,25,74,1,1,24,74,1,1,24,74,1,0,25,74,1,5,20,74,1,1,24,74,1,4,21,94,0,0,6,94,0,0,6,94,0,0,6,94,0,0,6,94,0,1,5,0,3,12,85,0,1,48,51,0,2,37,61,0,3,47,50,0,2,23,75,0,3,6,91,0,1,59,40,41,0,27,9,12,11,0,1,0,6,36,57,0,1,99,0,0,0,19,81,0,0,4,7,10,6,60,13,0,0,28,24,37,11,0,5,6,22,27,40,0,100,100,88,1,0,11,52,1,8,39,63,1,4,32,53,1,7,39,77,1,3,19,94,0,4,2,0,1,1,1,0,4,93,0,0,0,0,1,11,88,0,1,6,24,35,34,0,1,0,2,8,89,0,0,0,4,30,66,96,0,1,3,96,1,1,2,96,1,1,2,0,2,10,88,12,1,8,79,92,0,0,0,0,0,0,0,8,82,0,1,2,1,2,0,1,0,0,0,2,3,0,1,2,3,0,2,45,53,0,0,0,0,0,0,0,0,0,0,100,2,10,34,37,17,2,7,18,31,26,14,2,8.5,8.621054497285195,1,0,13.216867469879517,4.108433304062375,1.9438202247191012,0.9926954875237164
NZL,New Zealand,-99,2021-03-02,2021-03-01,100,0,0,0,0,4,86,444332.43729516276,0,1,0,99,1,5,94,1,3,96,1,24,75,1,11,88,0,14,86,1,5,94,1,5,94,1,6,93,1,2,97,1,4,95,1,14,85,1,2,97,0,14,86,100,0,0,0,95,0,4,1,97,0,2,1,76,0,5,19,89,0,4,7,86,1,6,7,95,0,5,0,95,0,2,3,94,0,4,2,98,0,0,2,96,0,2,2,86,0,6,8,98,0,0,2,86,1,4,9,14,0,3,83,97,0,1,2,16,1,28,55,72,0,3,25,97,0,3,0,97,0,3,0,100,0,0,20,3,2,75,17,0,0,80,3,100,0,0,0,0,100,0,0,0,0,21,0,36,25,15,3,32,4,24,35,5,0,32,3,24,30,11,32,5,20,32,11,32,4,11,34,19,32,3,31,29,5,97,1,2,97,3,0,97,3,0,97,2,1,97,2,1,97,2,1,97,3,0,97,3,0,97,1,2,0,87,0,7,6,87,0,9,4,87,0,10,3,87,0,9,4,87,0,3,10,87,0,9,4,87,0,11,2,87,0,13,0,87,0,12,1,0,76,1,11,12,76,1,18,5,76,1,22,1,76,1,21,2,76,1,12,11,76,1,14,9,76,1,21,2,76,1,23,0,76,1,23,0,0,100,0,0,100,0,100,0,100,0,0,100,0,0,100,0,0,100,0,0,100,0,100,0,0,96,0,4,0,96,0,2,2,96,0,3,1,96,0,3,1,96,0,4,0,96,0,3,1,96,0,1,3,34,1,11,24,16,14,38,3,49,10,38,3,55,4,38,3,57,2,38,3,54,5,38,3,51,8,38,3,57,2,38,3,56,3,38,3,52,7,38,3,53,6,38,3,25,34,100,0,0,0,100,0,0,0,0,0,0,98,0,1,1,98,1,0,1,98,1,0,1,98,1,1,0,98,1,0,1,98,1,0,1,53,3,0,44,53,3,0,44,53,3,0,44,53,3,0,44,53,3,6,38,53,3,6,38,53,4,3,40,91,1,0,8,91,1,1,7,91,1,0,8,91,1,0,8,91,1,0,8,50,0,20,30,50,0,30,20,50,0,17,33,50,0,22,28,50,0,10,40,50,0,1,49,53,1,17,29,83,0,8,2,4,3,57,0,1,3,17,22,57,0,43,0,66,1,6,27,66,0,5,4,4,3,16,2,66,0,10,11,9,4,67,2,4,10,13,4,0,100,100,82,0,6,12,72,0,8,20,85,1,5,9,80,0,1,19,91,0,0,9,99,0,0,1,71,1,0,2,3,2,21,71,1,0,1,2,2,23,74,1,4,9,8,4,74,1,1,6,5,13,74,0,1,9,8,8,92,1,5,2,92,2,1,5,92,2,2,4,82,1,5,12,88,0,4,8,100,0,0,0,0,0,0,0,0,98,0,0,0,0,1,0,0,0,0,0,0,0,0,0,0,1,100,0,0,0,0,0,100,0,0,0,0,0,0,0,0,100,0,0,0,0,100,0,0,0,0,0,0,3.769230769230769,3.216304616266218,1.3333333333333333,0.5773502691896257,0,0,0,0
NZL,New Zealand,1,2021-03-02,2021-02-27,100,3,10045.91735920926,2,6209.114657590289,13,100,510721.98100951925,97,0,3,97,0,16,84,0,4,96,0,22,78,0,18,82,0,18,82,0,10,90,0,2,98,0,5,95,0,0,100,0,3,97,0,25,75,0,1,99,0,20,80,97,0,2,1,84,0,6,10,96,0,1,3,78,0,3,19,82,0,3,15,82,1,3,14,90,0,6,4,98,0,1,1,95,0,1,4,100,0,0,0,97,0,1,2,75,0,5,20,99,0,0,1,80,0,6,14,0,0,6,94,94,0,5,1,0,1,25,74,75,0,2,23,98,0,2,0,98,0,2,0,100,0,0,3,0,7,90,0,0,0,100,0,100,0,0,0,0,100,0,0,0,0,0,0,45,34,14,7,0,1,34,59,6,0,0,1,44,47,8,0,1,45,44,10,0,1,18,56,25,0,1,61,31,7,93,5,2,93,5,2,93,4,3,93,6,1,93,4,3,93,6,1,93,7,0,93,7,0,93,5,2,0,86,0,4,10,86,0,9,5,86,0,13,1,86,0,14,0,86,0,2,12,86,0,5,9,86,0,12,2,86,0,14,0,86,0,12,2,0,66,0,23,11,66,0,26,8,66,0,29,5,66,0,31,3,66,0,19,15,66,0,8,26,66,0,26,8,66,0,34,0,66,0,31,3,0,100,0,0,100,0,100,0,100,0,0,100,0,0,100,0,0,100,0,0,100,0,100,0,0,91,0,9,0,91,0,5,4,91,0,3,6,91,0,7,2,91,0,9,0,91,0,7,2,91,0,7,2,0,0,14,19,37,30,0,1,82,17,0,1,98,1,0,1,99,0,0,1,99,0,0,1,96,3,0,1,99,0,0,1,94,5,0,1,96,3,0,1,94,5,0,1,29,70,34,0,2,64,3,0,15,82,0,0,0,93,0,1,6,93,0,1,6,93,0,0,7,93,0,1,6,93,0,2,5,93,0,2,5,58,1,0,41,58,1,0,41,58,1,1,40,58,1,0,41,58,1,3,38,58,1,6,35,58,1,3,38,92,0,1,7,92,0,1,7,92,0,1,7,92,0,0,8,92,0,1,7,0,0,46,54,0,0,69,31,0,1,53,46,0,0,69,31,0,0,37,63,0,0,20,80,0,0,60,40,40,0,22,11,7,20,0,0,2,13,36,49,0,0,98,2,0,0,11,89,0,0,7,9,17,23,43,1,0,0,17,12,36,35,0,0,9,29,34,28,0,100,100,54,1,10,35,31,1,15,53,47,1,7,45,31,1,8,60,63,0,4,33,80,0,15,5,0,0,2,5,11,20,62,0,0,6,7,17,17,53,0,1,13,25,30,31,0,0,5,11,23,61,0,0,13,16,33,38,71,0,19,10,71,1,2,26,71,1,6,22,0,0,70,30,70,1,7,22,93,0,0,0,0,1,1,0,5,23,0,2,10,2,2,2,1,3,4,0,3,3,5,4,2,34,0,1,33,63,2,1,0,0,100,0,0,0,0,0,0,3,1,49,36,11,3,0,13,19,33,22,10,5.174603174603175,6.277300844182701,2.1666666666666665,0.983192080250175,11.722826086956522,5.529324487503262,3.5157894736842104,1.3197610832682158
NZL,New Zealand,2,2021-03-02,2021-02-28,100,1,4555.7656405501,1,4555.7656405501,12,100,489321.0440738002,97,0,1,99,0,5,95,0,0,100,0,21,79,0,13,87,0,10,90,0,8,92,0,1,99,0,3,97,0,0,100,0,3,97,0,25,75,0,1,99,0,16,84,99,0,0,1,95,0,3,2,100,0,0,0,79,0,4,17,87,0,2,11,90,0,0,10,92,0,4,4,99,0,1,0,97,0,0,3,100,0,0,0,97,0,0,3,75,0,5,20,99,0,1,0,84,0,7,9,0,0,6,94,94,0,6,0,0,0,34,66,66,0,3,31,97,0,3,0,97,0,3,0,100,0,0,3,0,0,97,0,0,2,98,0,98,0,1,1,0,99,0,0,1,0,2,0,51,29,11,7,2,0,33,56,9,0,2,1,50,37,10,2,0,45,43,10,2,1,12,59,26,2,0,59,36,3,93,3,4,93,7,0,93,7,0,93,6,1,93,4,3,93,5,2,93,7,0,93,6,1,93,5,2,0,89,0,4,7,89,0,10,1,89,0,9,2,89,0,10,1,89,0,4,7,89,0,4,7,89,0,11,0,89,0,11,0,89,0,8,3,0,71,0,13,16,71,0,26,3,71,0,29,0,71,0,27,2,71,0,12,17,71,0,12,17,71,0,28,1,71,0,29,0,71,0,29,0,0,100,0,0,100,0,100,0,100,0,0,100,0,0,100,0,0,100,0,0,100,0,100,0,0,98,0,2,0,98,0,1,1,98,0,0,2,98,0,1,1,98,0,1,1,98,0,2,0,98,0,1,1,0,0,18,14,41,27,0,5,77,18,0,5,94,1,0,5,93,2,0,5,92,3,0,5,87,8,0,5,95,0,0,5,88,7,0,5,94,1,0,5,85,10,0,5,33,62,41,0,2,57,2,0,14,84,0,0,0,100,0,0,0,100,0,0,0,100,0,0,0,100,0,0,0,100,0,0,0,100,0,0,0,27,0,0,73,27,0,0,73,27,0,2,71,27,0,2,71,27,0,4,69,27,1,3,69,27,0,6,67,90,1,1,8,90,1,0,9,90,1,1,8,90,1,0,9,90,1,0,9,0,0,48,52,0,0,69,31,0,0,42,58,0,0,56,44,0,1,26,73,0,0,11,89,0,0,51,49,49,0,19,13,7,12,0,0,0,7,38,55,0,0,100,0,0,1,19,80,0,0,5,15,11,21,46,2,0,0,16,15,37,32,0,0,9,29,39,23,0,100,100,52,0,12,36,31,0,18,51,58,0,6,36,44,1,8,47,74,0,3,23,89,0,9,2,0,0,3,5,6,14,72,0,0,1,5,9,23,62,0,0,17,20,40,23,0,0,4,7,14,75,0,0,9,14,19,58,77,0,17,6,77,1,6,16,77,3,6,14,0,0,74,26,74,1,11,14,89,1,3,0,1,1,0,1,4,15,0,3,9,8,12,1,2,8,3,0,1,12,1,2,2,21,0,0,40,59,0,1,0,0,0,100,0,0,0,0,0,2,2,56,18,22,2,1,20,27,24,19,7,3.6226415094339623,5.650821639012873,2,1.5491933384829668,13.010309278350515,6.04237612850694,3.1720430107526876,1.3958296264071968
NZL,New Zealand,3,2021-03-02,2021-02-28,100,0,0,0,0,15,100,466864.19105034333,98,0,0,100,0,8,92,0,1,99,0,18,82,0,16,84,0,22,78,0,7,93,0,1,99,0,2,98,0,0,100,0,6,94,0,19,81,0,0,100,0,17,83,100,0,0,0,92,0,6,2,99,0,1,0,82,0,6,12,84,0,5,11,78,0,9,13,93,0,5,2,99,0,0,1,98,0,0,2,100,0,0,0,94,0,3,3,81,0,6,13,100,0,0,0,83,0,8,9,0,0,11,89,89,0,9,2,0,0,31,69,69,0,2,29,98,1,0,1,98,0,2,0,100,0,0,2,0,3,95,0,0,0,100,0,100,0,0,0,0,100,0,0,0,0,0,0,44,30,17,9,0,3,30,57,10,0,0,1,40,45,14,0,2,37,47,14,0,3,10,57,30,0,1,49,46,4,91,4,5,91,7,2,91,9,0,91,9,0,91,6,3,91,8,1,91,9,0,91,8,1,91,7,2,0,83,0,12,5,83,0,13,4,83,0,16,1,83,0,16,1,83,0,6,11,83,0,14,3,83,0,16,1,83,0,17,0,83,0,15,2,0,70,0,10,20,70,0,23,7,70,0,29,1,70,0,28,2,70,0,14,16,70,0,13,17,70,0,30,0,70,0,30,0,70,0,25,5,0,100,0,0,100,0,100,0,100,0,0,100,0,0,100,0,0,100,0,0,100,0,100,0,0,98,0,2,0,98,0,2,0,98,0,2,0,98,0,2,0,98,0,2,0,98,0,1,1,98,0,1,1,0,0,19,20,39,22,0,1,79,20,0,1,99,0,0,1,97,2,0,1,96,3,0,1,84,15,0,1,98,1,0,1,97,2,0,1,94,5,0,1,85,14,0,1,50,49,44,0,2,54,2,0,10,88,0,0,0,97,0,1,2,97,1,1,1,97,1,1,1,97,1,0,2,97,1,0,2,97,1,1,1,38,2,0,60,38,2,1,59,38,2,3,57,38,3,0,59,38,2,5,55,38,2,7,53,38,2,1,59,88,1,0,11,88,1,0,11,88,1,1,10,88,1,1,10,88,0,3,9,0,2,49,49,0,0,70,30,0,1,45,54,0,1,64,35,0,3,25,72,0,3,9,88,0,0,61,39,39,0,30,10,8,13,0,0,1,5,35,59,0,2,98,0,0,1,14,85,0,0,5,4,19,14,55,3,0,0,17,12,35,36,0,0,9,26,38,27,0,100,100,51,0,10,39,30,1,21,48,55,0,8,37,36,0,9,55,75,0,3,22,91,0,5,4,0,0,2,2,6,14,76,0,0,1,3,11,17,68,0,1,12,28,35,24,0,0,4,4,20,72,0,0,6,17,36,41,77,1,17,5,77,3,6,14,77,4,7,12,0,1,76,23,77,0,7,16,93,0,1,1,0,0,0,1,4,17,0,3,7,6,9,1,6,7,4,0,3,9,5,0,7,16,0,1,44,54,0,1,0,0,0,0,100,0,0,0,0,0,3,53,27,17,0,2,10,27,35,19,7,3.270833333333333,3.285944168426205,1.3636363636363635,0.504524979109513,11.720238095238095,5.733725628348628,3.431578947368421,1.4778695964911528
NZL,New Zealand,4,2021-03-02,2021-03-01,100,0,0,0,0,11,100,376537.8876902391,100,0,0,100,0,5,95,0,1,99,0,14,86,0,6,94,0,17,83,0,3,97,0,1,99,0,1,99,0,0,100,0,4,96,0,14,86,0,1,99,0,4,96,100,0,0,0,95,0,2,3,99,0,0,1,86,0,5,9,94,0,3,3,83,0,3,14,97,0,2,1,99,0,1,0,99,0,0,1,100,0,0,0,96,0,2,2,86,0,5,9,99,0,1,0,96,0,2,2,0,0,7,93,93,0,6,1,0,2,32,66,68,2,6,24,94,0,5,1,94,0,6,0,100,0,0,10,0,3,87,0,0,3,97,0,97,0,3,0,0,97,0,0,3,0,3,0,52,26,14,5,3,2,29,57,9,0,3,2,39,45,11,3,3,39,44,11,3,2,7,57,31,3,1,59,31,6,95,1,4,95,2,3,95,4,1,95,3,2,95,2,3,95,4,1,95,5,0,95,5,0,95,5,0,0,86,0,7,7,86,0,10,4,86,0,11,3,86,0,13,1,86,0,6,8,86,0,8,6,86,0,13,1,86,0,14,0,86,0,14,0,0,74,0,15,11,74,0,17,9,74,0,25,1,74,0,25,1,74,0,14,12,74,0,10,16,74,0,26,0,74,0,26,0,74,0,24,2,0,100,0,0,100,0,100,0,100,0,0,100,0,0,100,0,0,100,0,0,100,0,100,0,0,95,0,5,0,95,0,3,2,95,0,2,3,95,0,0,5,95,0,4,1,95,0,4,1,95,0,5,0,0,0,17,24,31,28,0,0,80,20,0,0,98,2,0,0,94,6,0,0,95,5,0,0,82,18,0,0,99,1,0,0,91,9,0,0,96,4,0,0,84,16,0,0,50,50,27,0,1,72,0,0,14,86,0,0,0,97,1,1,1,97,2,0,1,97,2,0,1,97,2,0,1,97,2,0,1,97,2,1,0,4,5,0,91,4,5,0,91,4,5,3,88,4,5,2,89,4,5,4,87,4,5,8,83,4,6,2,88,85,1,0,14,85,1,1,13,85,1,0,14,85,1,2,12,85,0,4,11,0,1,47,52,0,1,73,26,0,2,46,52,0,0,62,38,0,2,33,65,0,2,15,83,0,0,55,45,45,0,22,9,9,15,0,0,0,5,26,69,0,0,98,2,0,0,19,81,0,0,5,9,9,11,62,4,0,0,14,21,31,34,0,0,11,20,43,26,0,100,100,53,0,12,35,27,0,16,57,54,0,1,45,38,0,6,56,67,0,4,29,85,0,9,6,0,0,0,0,4,12,84,0,0,0,1,3,15,81,0,0,14,33,38,15,0,0,1,6,22,71,0,0,5,18,38,39,77,1,13,9,77,3,3,17,77,2,4,17,0,0,73,27,73,0,9,18,91,0,1,0,2,1,1,0,4,18,0,5,2,4,15,2,2,12,5,1,0,7,7,0,2,18,0,0,27,72,0,1,0,0,0,0,0,100,0,0,0,0,2,52,27,19,0,1,14,20,39,16,10,4.147058823529412,5.609150278332698,1.5714285714285716,0.7867957924694432,12.311827956989248,5.6105074067666845,3.0202020202020203,1.3922511354197236
NZL,New Zealand,5,2021-03-02,2021-03-01,100,0,0,0,0,2,100,334796.01961129106,98,1,0,99,1,5,94,0,3,97,1,12,87,0,6,94,1,12,87,1,1,98,1,2,97,1,1,98,1,0,99,1,5,94,1,11,88,1,1,98,1,6,93,100,0,0,0,95,0,1,4,97,0,1,2,88,0,2,10,94,0,0,6,88,0,3,9,99,0,0,1,98,0,1,1,99,0,1,0,100,0,0,0,95,0,0,5,89,0,4,7,99,0,0,1,94,0,4,2,0,0,1,99,99,0,1,0,0,0,32,68,68,1,0,31,100,0,0,0,100,0,0,0,100,0,0,1,0,2,97,0,0,0,100,0,100,0,0,0,0,100,0,0,0,0,0,0,54,25,13,8,0,5,26,61,8,0,0,4,33,50,13,0,5,31,51,13,0,7,11,50,32,0,4,47,45,4,92,1,7,92,5,3,92,4,4,92,5,3,92,6,2,92,6,2,92,8,0,92,7,1,92,4,4,0,87,0,6,7,87,0,11,2,87,0,11,2,87,0,12,1,87,0,7,6,87,0,9,4,87,0,12,1,87,0,12,1,87,0,12,1,0,75,0,11,14,75,0,19,6,75,0,24,1,75,0,23,2,75,0,11,14,75,0,11,14,75,0,23,2,75,0,25,0,75,0,24,1,0,100,0,0,100,0,100,0,100,0,0,100,0,0,100,0,0,100,0,0,100,0,100,0,0,93,0,7,0,93,0,3,4,93,0,5,2,93,0,3,4,93,0,7,0,93,0,4,3,93,0,6,1,0,1,26,19,38,16,0,0,78,22,0,0,92,8,0,0,93,7,0,0,88,12,0,0,61,39,0,0,98,2,0,0,93,7,0,0,89,11,0,0,83,17,0,0,68,32,42,0,0,58,1,0,15,84,0,0,0,98,1,1,0,98,1,0,1,98,1,0,1,98,1,0,1,98,0,1,1,98,1,0,1,9,15,0,76,9,14,1,76,9,15,1,75,9,13,2,76,9,11,13,67,9,15,2,74,9,13,5,73,83,4,1,12,83,4,1,12,83,4,2,11,83,4,0,13,83,3,3,11,0,3,47,50,0,0,71,29,0,3,42,55,0,1,56,43,0,3,16,81,0,3,8,89,0,0,58,42,42,0,24,12,11,11,0,0,0,4,36,60,0,1,99,0,0,2,21,77,0,0,10,9,11,6,57,7,0,0,20,19,28,33,0,0,7,32,41,20,0,100,100,53,0,7,40,29,1,21,49,58,1,4,37,44,1,9,46,84,0,0,16,92,0,7,1,0,0,3,1,2,7,87,0,0,0,1,6,16,77,0,0,17,33,28,22,0,0,3,6,17,74,0,0,10,23,26,41,67,4,24,5,67,7,5,21,67,5,11,17,0,0,65,35,65,0,13,22,87,0,1,0,4,0,0,2,6,22,0,4,2,3,7,2,4,13,3,0,3,4,6,1,3,23,0,0,41,59,0,0,0,0,0,0,0,0,100,0,0,1,2,39,39,19,1,1,21,20,35,15,7,5.580645161290323,7.531153933488047,2,0,11.185567010309278,5.370307829684162,2.515463917525773,1.4296954954192145
NZL,New Zealand,6,2021-03-02,2021-02-28,100,0,0,0,0,0,99,424494.46457287105,89,0,0,100,0,6,94,0,1,99,0,13,87,0,8,92,0,9,91,0,3,97,0,1,99,1,2,97,0,0,100,0,3,97,0,3,97,0,1,99,0,5,95,100,0,0,0,94,0,0,6,99,0,1,0,87,0,5,8,92,0,3,5,91,0,2,7,97,0,1,2,99,0,0,1,98,0,1,1,100,0,0,0,97,0,1,2,97,0,0,3,99,0,1,0,95,0,1,4,0,1,0,99,100,0,0,0,0,1,28,71,72,0,2,26,98,0,2,0,98,0,2,0,100,0,0,3,4,1,92,0,2,1,97,0,99,0,1,0,0,99,0,0,1,0,1,0,65,24,3,7,1,4,36,51,8,0,1,4,46,39,10,1,5,42,44,8,1,6,17,57,19,1,2,68,25,4,93,6,1,93,6,1,93,6,1,93,6,1,93,2,5,93,6,1,93,7,0,93,7,0,93,6,1,0,97,0,3,0,97,0,3,0,97,0,3,0,97,0,3,0,97,0,1,2,97,0,2,1,97,0,3,0,97,0,3,0,97,0,3,0,0,76,0,14,10,76,0,17,7,76,0,23,1,76,0,23,1,76,0,16,8,76,0,12,12,76,0,23,1,76,0,24,0,76,0,23,1,0,100,0,0,100,0,100,0,100,0,0,100,0,0,100,0,0,100,0,0,100,0,100,0,0,98,1,1,0,98,1,1,0,98,1,1,0,98,1,1,0,98,1,1,0,98,1,1,0,98,1,0,1,0,1,17,16,40,26,0,2,87,11,0,2,91,7,0,2,87,11,0,2,81,17,0,2,56,42,0,2,95,3,0,2,89,9,0,2,89,9,0,2,84,14,0,2,63,35,43,0,3,54,8,0,7,85,0,0,0,99,1,0,0,99,1,0,0,99,1,0,0,99,0,1,0,99,1,0,0,99,1,0,0,20,13,0,67,20,13,0,67,20,12,4,64,20,13,0,67,20,12,14,54,20,12,4,64,20,12,9,59,83,1,0,16,83,1,2,14,83,1,0,16,83,1,0,16,83,1,0,16,0,1,22,77,0,2,67,31,0,2,45,53,0,2,48,50,0,2,25,73,0,2,9,89,0,1,47,52,53,0,22,10,6,9,0,0,0,3,33,64,0,1,98,1,0,0,23,77,0,0,5,5,10,8,67,5,0,1,28,21,26,24,0,1,5,21,39,34,0,100,100,78,2,4,16,33,1,15,51,55,2,6,37,52,0,4,44,75,0,4,21,91,0,5,4,0,0,2,1,4,5,88,0,0,1,1,5,11,82,0,1,10,34,32,23,0,1,2,3,17,77,0,0,3,12,22,63,85,1,8,6,85,4,2,9,85,3,5,7,0,0,36,64,36,1,11,52,89,0,1,1,3,0,0,0,6,53,0,3,4,2,9,0,2,8,1,0,1,3,1,5,1,7,0,2,38,60,0,0,0,0,0,0,0,0,0,100,0,6,8,33,31,22,6,7,25,20,31,9,2,6.578947368421052,7.190393201067999,0,0,12.098901098901099,5.061960413065597,2.103448275862069,1.1717059989071064
NZL,New Zealand,7,2021-03-02,2021-02-26,100,0,0,0,0,2,100,450251.3873891946,95,1,0,99,2,8,90,2,3,95,2,16,82,2,11,87,2,15,83,2,0,98,2,2,96,2,3,95,2,1,97,1,3,96,2,6,92,2,0,98,2,7,91,100,0,0,0,92,1,1,6,97,1,0,2,84,1,5,10,89,0,3,8,85,2,2,11,100,0,0,0,98,0,2,0,97,1,1,1,99,0,1,0,97,0,1,2,94,2,1,3,100,0,0,0,93,0,4,3,0,0,2,98,98,0,1,1,0,0,25,75,75,1,3,21,97,0,3,0,97,0,3,0,100,0,0,4,6,1,89,0,1,0,98,1,100,0,0,0,0,100,0,0,0,0,0,0,75,16,5,4,0,12,35,42,11,0,0,11,48,34,7,0,7,58,26,9,0,13,19,41,27,0,6,71,20,3,96,2,2,96,3,1,96,3,1,96,3,1,96,4,0,96,3,1,96,4,0,96,3,1,96,2,2,0,95,0,2,3,95,0,4,1,95,0,4,1,95,0,4,1,95,0,1,4,95,0,4,1,95,0,5,0,95,0,5,0,95,0,5,0,0,84,0,11,5,84,0,12,4,84,0,16,0,84,0,15,1,84,0,10,6,84,0,7,9,84,0,16,0,84,0,16,0,84,0,16,0,0,100,0,0,100,0,100,0,100,0,0,100,0,0,100,0,0,100,0,0,100,0,100,0,0,98,0,2,0,98,0,0,2,98,0,1,1,98,0,2,0,98,0,1,1,98,0,2,0,98,0,2,0,0,2,13,12,33,40,0,1,83,16,0,1,87,12,0,1,87,12,0,1,79,20,0,1,54,45,0,1,90,9,0,1,87,12,0,1,72,27,0,1,85,14,0,1,77,22,46,3,0,51,3,4,1,92,0,0,0,99,0,0,1,99,0,1,0,99,0,0,1,99,0,0,1,99,0,1,0,99,0,0,1,73,1,0,26,73,1,1,25,73,1,1,25,73,1,0,26,73,1,5,21,73,1,1,25,73,1,4,22,94,0,0,6,94,0,0,6,94,0,0,6,94,0,0,6,94,0,1,5,0,3,12,85,0,1,49,50,0,2,38,60,0,3,48,49,0,2,24,74,0,3,7,90,0,1,60,39,40,0,27,9,12,12,0,1,0,6,35,58,0,1,99,0,0,0,19,81,0,0,4,7,10,6,61,12,0,0,27,24,37,12,0,5,6,21,27,41,0,100,100,88,1,0,11,51,1,8,40,62,1,4,33,52,1,7,40,76,1,3,20,93,1,4,2,0,1,1,1,0,4,93,0,0,0,0,1,11,88,0,1,6,25,34,34,0,1,0,2,8,89,0,0,0,4,30,66,96,0,1,3,96,1,1,2,96,1,1,2,0,2,9,89,11,1,8,80,92,0,0,0,0,0,0,0,8,83,0,1,2,1,2,0,1,0,0,0,2,3,0,1,2,2,0,2,44,54,0,0,0,0,0,0,0,0,0,0,100,3,10,34,36,17,3,7,18,30,26,14,2,8.5,8.621054497285195,1,0,13.277108433734941,4.052440556468224,1.9431818181818181,0.9983659585802336
NZL,New Zealand,-99,2021-03-03,2021-03-01,100,0,0,0,0,3,84,448496.2144867179,0,1,0,99,1,7,92,1,3,96,1,21,78,1,12,87,0,17,83,1,3,96,1,5,94,1,5,94,1,1,98,1,4,95,1,13,86,1,2,97,0,14,86,100,0,0,0,93,0,5,2,97,0,2,1,79,0,5,16,88,0,4,8,83,1,9,7,97,0,3,0,95,0,2,3,95,0,3,2,99,0,0,1,96,0,2,2,87,0,7,6,98,0,0,2,86,1,4,9,16,0,2,82,98,0,1,1,17,1,25,57,75,0,3,22,97,0,3,0,97,0,3,0,100,0,0,21,3,2,74,18,0,0,79,3,100,0,0,0,0,100,0,0,0,0,21,0,36,25,14,4,30,5,26,35,4,0,30,4,24,31,11,30,5,23,32,10,30,5,13,34,18,30,4,33,28,5,96,1,3,96,4,0,96,3,1,96,2,2,96,3,1,96,3,1,96,3,1,96,4,0,96,2,2,10,88,0,6,6,88,0,8,4,88,0,9,3,88,0,8,4,88,0,3,9,88,0,9,3,88,0,10,2,88,0,12,0,88,0,11,1,10,76,1,11,12,76,1,18,5,76,1,22,1,76,1,21,2,76,1,12,11,76,1,14,9,76,1,21,2,76,1,23,0,76,1,23,0,10,100,0,0,100,0,100,0,100,0,0,100,0,0,100,0,0,100,0,0,100,0,100,0,10,95,0,5,0,95,0,3,2,95,0,4,1,95,0,4,1,95,0,5,0,95,0,4,1,95,0,1,4,33,1,13,24,16,13,37,3,49,11,37,3,57,3,37,3,58,2,37,3,56,4,37,3,51,9,37,3,58,2,37,3,58,2,37,3,53,7,37,3,54,6,37,3,25,35,100,0,0,0,100,0,0,0,10,10,10,98,0,1,1,98,1,0,1,98,1,0,1,98,1,1,0,98,1,0,1,98,1,0,1,56,3,0,41,56,3,0,41,56,3,0,41,56,3,0,41,56,3,6,35,56,3,6,35,56,4,3,37,91,1,0,8,91,1,1,7,91,1,0,8,91,1,0,8,91,1,0,8,48,0,22,30,48,0,32,20,48,0,18,34,48,0,24,28,48,0,10,42,48,0,1,51,51,1,18,30,82,0,8,2,4,4,56,0,1,3,17,23,56,0,44,0,65,1,6,28,65,0,6,4,4,3,16,2,65,0,10,10,9,6,66,2,4,10,12,6,0,100,100,80,0,7,13,70,0,9,21,84,1,5,10,78,0,1,21,91,0,0,9,99,0,0,1,69,1,0,2,4,2,22,69,1,0,2,1,3,24,72,1,7,9,8,3,72,1,1,7,7,12,72,0,2,10,9,7,90,1,7,2,90,2,2,6,90,2,3,5,81,1,6,12,88,0,4,8,100,0,0,0,0,0,0,0,0,98,0,0,0,0,1,0,0,0,0,0,0,0,0,0,0,1,100,0,0,0,0,0,100,0,0,0,0,0,0,0,0,100,0,0,0,0,100,0,0,0,0,0,0,4.92,6.157109711544857,1.5,0.7071067811865476,0,0,0,0
NZL,New Zealand,1,2021-03-03,2021-02-28,100,3,10045.91735920926,2,6209.114657590289,12,100,498405.5844724019,97,0,3,97,0,18,82,0,4,96,0,21,79,0,19,81,0,18,82,0,11,89,0,2,98,0,5,95,0,0,100,0,5,95,0,25,75,0,1,99,0,18,82,97,0,2,1,82,0,8,10,96,0,1,3,79,0,2,19,81,0,4,15,82,1,3,14,89,0,7,4,98,0,1,1,95,0,1,4,100,0,0,0,95,0,1,4,75,0,5,20,99,0,0,1,82,0,7,11,0,0,5,95,95,0,4,1,0,1,25,74,75,0,2,23,98,0,2,0,98,0,2,0,100,0,0,3,0,6,91,0,0,0,100,0,100,0,0,0,0,100,0,0,0,0,0,0,44,33,17,6,0,1,35,58,6,0,0,1,43,49,7,0,1,47,42,10,0,1,19,54,26,0,1,62,31,6,94,4,2,94,4,2,94,3,3,94,5,1,94,4,2,94,5,1,94,6,0,94,6,0,94,4,2,7,83,0,5,12,83,0,10,7,83,0,16,1,83,0,16,1,83,0,2,15,83,0,7,10,83,0,15,2,83,0,17,0,83,0,15,2,7,67,0,22,11,67,0,24,9,67,0,28,5,67,0,30,3,67,0,17,16,67,0,9,24,67,0,26,7,67,0,33,0,67,0,31,2,7,100,0,0,100,0,100,0,100,0,0,100,0,0,100,0,0,100,0,0,100,0,100,0,7,91,0,9,0,91,0,5,4,91,0,3,6,91,0,7,2,91,0,9,0,91,0,7,2,91,0,7,2,0,0,16,19,36,29,0,1,80,19,0,1,98,1,0,1,99,0,0,1,99,0,0,1,96,3,0,1,99,0,0,1,92,7,0,1,96,3,0,1,96,3,0,1,30,69,31,0,3,66,3,0,16,81,7,7,7,94,0,1,5,94,0,0,6,94,0,0,6,94,0,0,6,94,0,1,5,94,0,2,4,58,1,0,41,58,1,0,41,58,1,1,40,58,1,0,41,58,1,3,38,58,1,6,35,58,1,3,38,92,0,1,7,92,0,1,7,92,0,1,7,92,0,0,8,92,0,1,7,0,0,45,55,0,0,67,33,0,1,50,49,0,0,65,35,0,0,33,67,0,0,16,84,0,0,56,44,44,0,23,11,7,15,0,0,2,13,38,47,0,0,98,2,0,1,10,89,0,0,9,8,18,23,39,3,0,0,20,13,34,33,0,0,10,30,36,24,0,100,100,55,1,11,33,33,1,18,48,50,1,8,41,35,1,8,56,67,0,4,29,84,0,12,4,0,0,2,7,11,20,60,0,0,6,8,17,17,52,0,1,12,25,29,33,0,0,5,8,29,58,0,0,14,15,35,36,71,0,19,10,71,1,2,26,71,1,7,21,0,0,69,31,69,1,8,22,92,0,0,0,1,1,1,0,5,23,0,2,12,1,2,2,1,2,4,0,3,4,5,2,2,35,0,1,30,67,1,1,0,0,100,0,0,0,0,0,0,3,2,47,35,13,3,0,14,19,30,24,10,5.967741935483871,7.167704760860922,2.4,0.8944271909999157,11.575268817204302,5.4438568471814195,3.4736842105263155,1.327628707253089
NZL,New Zealand,2,2021-03-03,2021-02-28,100,1,4555.7656405501,1,4555.7656405501,13,100,482596.88551925414,97,0,1,99,0,6,94,0,1,99,0,23,77,0,13,87,0,11,89,0,8,92,0,2,98,0,4,96,0,0,100,0,3,97,0,26,74,0,1,99,0,16,84,99,0,0,1,94,0,4,2,99,0,1,0,77,0,5,18,87,0,3,10,89,0,1,10,92,0,3,5,98,0,2,0,96,0,1,3,100,0,0,0,97,0,0,3,74,0,6,20,99,0,1,0,84,0,7,9,0,0,7,93,93,0,7,0,0,0,33,67,67,0,2,31,98,0,2,0,98,0,2,0,100,0,0,2,0,1,97,0,0,2,98,0,98,0,1,1,0,99,0,0,1,0,2,0,52,29,11,6,2,0,33,57,8,0,2,1,51,36,10,2,0,46,43,9,2,1,12,62,23,2,0,61,35,2,94,3,3,94,6,0,94,6,0,94,5,1,94,4,2,94,4,2,94,6,0,94,5,1,94,4,2,5,89,0,4,7,89,0,10,1,89,0,9,2,89,0,10,1,89,0,4,7,89,0,4,7,89,0,11,0,89,0,11,0,89,0,8,3,5,71,0,14,15,71,0,27,2,71,0,29,0,71,0,27,2,71,0,13,16,71,0,11,18,71,0,28,1,71,0,29,0,71,0,29,0,5,100,0,0,100,0,100,0,100,0,0,100,0,0,100,0,0,100,0,0,100,0,100,0,5,98,0,2,0,98,0,1,1,98,0,0,2,98,0,1,1,98,0,1,1,98,0,2,0,98,0,1,1,0,0,17,15,41,27,0,5,75,20,0,5,95,0,0,5,93,2,0,5,92,3,0,5,87,8,0,5,95,0,0,5,88,7,0,5,94,1,0,5,85,10,0,5,34,61,39,0,3,58,2,0,14,84,5,5,5,99,0,0,1,99,0,0,1,99,0,0,1,99,0,0,1,99,0,0,1,99,0,0,1,27,0,0,73,27,0,0,73,27,0,2,71,27,0,2,71,27,0,4,69,27,1,3,69,27,0,6,67,90,1,1,8,90,1,0,9,90,1,1,8,90,1,0,9,90,1,0,9,0,0,49,51,0,0,67,33,0,0,42,58,0,0,57,43,0,1,26,73,0,0,10,90,0,0,51,49,49,0,19,13,8,11,0,0,0,7,39,54,0,0,100,0,0,1,18,81,0,0,5,14,11,20,48,2,0,0,15,16,36,33,0,1,8,29,38,24,0,100,100,51,0,13,36,33,0,17,50,58,0,6,36,43,1,8,48,74,0,3,23,90,0,8,2,0,0,3,6,6,14,71,0,0,1,4,7,25,63,0,0,13,21,41,25,0,1,3,7,11,78,0,0,8,12,18,62,80,0,15,5,80,1,5,14,80,3,4,13,0,0,76,24,76,1,11,12,89,1,3,0,0,1,0,1,5,13,0,2,9,7,12,1,3,7,3,0,1,13,1,2,2,24,0,0,38,61,0,1,0,0,0,100,0,0,0,0,0,2,1,56,19,22,2,0,20,28,25,18,7,3.537037037037037,5.592154082428456,1.8571428571428572,1.4638501094227998,13.051020408163266,6.0774595360191705,3.074468085106383,1.3298828608947744
NZL,New Zealand,3,2021-03-03,2021-02-28,100,0,0,0,0,14,100,473956.52772688994,98,0,0,100,0,8,92,0,1,99,0,17,83,0,16,84,0,21,79,0,7,93,0,1,99,0,1,99,0,0,100,0,6,94,0,19,81,0,0,100,0,15,85,100,0,0,0,92,0,6,2,99,0,1,0,83,0,6,11,84,0,5,11,79,0,9,12,93,0,5,2,99,0,0,1,99,0,0,1,100,0,0,0,94,0,3,3,81,0,7,12,100,0,0,0,85,0,8,7,0,0,10,90,90,0,8,2,0,0,31,69,69,0,2,29,98,1,0,1,98,0,2,0,100,0,0,2,0,3,95,0,0,0,100,0,100,0,0,0,0,100,0,0,0,0,0,0,45,29,17,9,0,3,31,56,10,0,0,1,40,45,14,0,2,38,47,13,0,3,9,59,29,0,1,50,45,4,91,4,5,91,7,2,91,9,0,91,9,0,91,6,3,91,8,1,91,9,0,91,8,1,91,7,2,4,83,0,11,6,83,0,12,5,83,0,15,2,83,0,17,0,83,0,5,12,83,0,12,5,83,0,16,1,83,0,17,0,83,0,15,2,4,71,0,10,19,71,0,23,6,71,0,28,1,71,0,27,2,71,0,13,16,71,0,12,17,71,0,29,0,71,0,29,0,71,0,24,5,4,100,0,0,100,0,100,0,100,0,0,100,0,0,100,0,0,100,0,0,100,0,100,0,4,97,0,3,0,97,0,2,1,97,0,2,1,97,0,3,0,97,0,3,0,97,0,2,1,97,0,2,1,0,0,18,21,38,23,0,1,79,20,0,1,99,0,0,1,97,2,0,1,96,3,0,1,84,15,0,1,98,1,0,1,97,2,0,1,94,5,0,1,85,14,0,1,50,49,46,0,2,52,2,0,10,88,4,4,4,97,0,1,2,97,1,1,1,97,1,1,1,97,1,0,2,97,1,0,2,97,1,1,1,38,2,0,60,38,2,1,59,38,2,3,57,38,3,0,59,38,2,5,55,38,2,7,53,38,2,1,59,88,1,0,11,88,1,0,11,88,1,1,10,88,1,1,10,88,0,3,9,0,2,50,48,0,0,71,29,0,1,43,56,0,1,64,35,0,3,25,72,0,3,8,89,0,0,62,38,38,0,31,10,7,14,0,0,1,5,37,57,0,2,98,0,0,0,15,85,0,0,5,4,20,14,54,3,0,0,17,14,34,35,0,0,9,25,38,28,0,100,100,50,0,12,38,29,1,22,48,57,0,8,35,36,0,10,54,75,0,3,22,92,0,5,3,0,0,2,2,5,14,77,0,0,1,3,10,17,69,0,1,13,27,35,24,0,0,4,3,20,73,0,0,6,16,35,43,78,1,17,4,78,3,6,13,78,4,6,12,0,1,76,23,77,0,7,16,93,0,1,1,0,0,0,1,4,17,0,3,7,6,10,1,6,6,5,0,3,10,4,0,7,15,0,1,46,52,0,1,0,0,0,0,100,0,0,0,0,0,3,54,27,16,0,2,10,26,37,19,6,3.239130434782609,3.294337111594823,1.4,0.5163977794943222,11.851190476190476,5.752306903344922,3.421052631578948,1.4482487397177548
NZL,New Zealand,4,2021-03-03,2021-03-01,100,0,0,0,0,10,100,380957.83601617365,100,0,0,100,0,5,95,0,1,99,0,14,86,0,7,93,0,17,83,0,3,97,0,1,99,0,1,99,0,0,100,0,4,96,0,14,86,0,1,99,0,4,96,100,0,0,0,95,0,2,3,99,0,0,1,86,0,5,9,93,0,4,3,83,0,3,14,97,0,2,1,99,0,1,0,99,0,0,1,100,0,0,0,96,0,2,2,86,0,5,9,99,0,1,0,96,0,2,2,0,0,6,94,94,0,6,0,0,2,33,65,67,1,6,26,94,0,5,1,94,0,6,0,100,0,0,9,0,4,87,0,0,3,97,0,97,0,3,0,0,97,0,0,3,0,3,0,52,25,15,5,3,2,28,57,10,0,3,2,39,45,11,3,3,37,44,13,3,2,7,57,31,3,1,58,32,6,95,1,4,95,2,3,95,4,1,95,3,2,95,2,3,95,4,1,95,5,0,95,5,0,95,5,0,8,85,0,7,8,85,0,10,5,85,0,11,4,85,0,14,1,85,0,6,9,85,0,9,6,85,0,14,1,85,0,15,0,85,0,15,0,8,75,0,15,10,75,0,14,11,75,0,24,1,75,0,24,1,75,0,13,12,75,0,12,13,75,0,25,0,75,0,25,0,75,0,23,2,8,100,0,0,100,0,100,0,100,0,0,100,0,0,100,0,0,100,0,0,100,0,100,0,8,94,0,6,0,94,0,3,3,94,0,2,4,94,0,0,6,94,0,5,1,94,0,4,2,94,0,6,0,0,0,21,25,28,26,0,0,82,18,0,0,98,2,0,0,94,6,0,0,95,5,0,0,78,22,0,0,99,1,0,0,92,8,0,0,95,5,0,0,84,16,0,0,51,49,30,0,1,69,0,0,15,85,8,8,8,96,1,1,2,96,2,0,2,96,2,0,2,96,2,1,1,96,2,0,2,96,2,1,1,12,5,0,83,12,5,0,83,12,5,3,80,12,5,2,81,12,5,4,79,12,5,8,75,12,6,2,80,85,1,0,14,85,1,1,13,85,1,0,14,85,1,2,12,85,0,4,11,0,1,45,54,0,1,72,27,0,1,45,54,0,0,61,39,0,2,30,68,0,3,16,81,0,0,54,46,46,0,23,8,9,14,0,0,1,5,25,69,0,0,98,2,0,0,21,79,0,0,4,10,11,12,60,3,0,0,17,20,33,30,0,0,12,23,42,23,0,100,100,55,0,11,34,28,0,16,56,55,0,2,43,39,0,7,54,70,0,3,27,84,0,10,6,0,0,0,0,4,14,82,0,0,0,1,4,16,79,0,0,15,33,38,14,0,0,1,7,24,68,0,0,5,19,38,38,76,1,13,10,76,2,4,18,76,1,6,17,0,0,74,26,74,0,9,17,91,0,0,0,2,1,1,0,5,17,0,5,2,4,14,3,2,12,5,1,1,6,5,1,4,18,0,0,30,68,0,2,0,0,0,0,0,100,0,0,0,0,2,48,28,22,0,1,17,18,39,15,10,4.057142857142857,5.551591489584486,1.6666666666666667,0.8164965809277259,11.983870967741936,5.927300329877085,3,1.4285714285714286
NZL,New Zealand,5,2021-03-03,2021-03-01,100,0,0,0,0,0,100,338541.96409250196,98,1,0,99,1,8,91,0,3,97,1,14,85,0,9,91,1,10,89,1,2,97,1,3,96,1,2,97,1,0,99,1,3,96,1,10,89,1,1,98,1,8,91,100,0,0,0,92,0,2,6,97,0,1,2,86,0,2,12,91,0,2,7,90,0,2,8,98,0,1,1,97,0,1,2,98,0,1,1,100,0,0,0,97,0,1,2,90,0,3,7,99,0,0,1,92,0,3,5,0,0,0,100,100,0,0,0,0,0,34,66,66,1,1,32,99,0,1,0,99,0,1,0,100,0,0,2,0,2,96,0,0,1,99,0,99,0,1,0,0,99,0,0,1,0,1,0,57,23,11,8,1,5,27,60,7,0,1,3,36,49,11,1,4,32,51,12,1,6,14,50,29,1,3,46,47,3,92,1,7,92,5,3,92,4,4,92,6,2,92,7,1,92,7,1,92,8,0,92,8,0,92,5,3,16,89,0,5,6,89,0,11,0,89,0,11,0,89,0,10,1,89,0,9,2,89,0,8,3,89,0,11,0,89,0,10,1,89,0,10,1,16,77,0,12,11,77,0,19,4,77,0,22,1,77,0,21,2,77,0,12,11,77,0,12,11,77,0,22,1,77,0,23,0,77,0,21,2,16,100,0,0,100,0,100,0,100,0,0,100,0,0,100,0,0,100,0,0,100,0,100,0,16,95,0,5,0,95,0,3,2,95,0,5,0,95,0,3,2,95,0,5,0,95,0,3,2,95,0,4,1,0,1,21,22,37,19,0,0,80,20,0,0,96,4,0,0,92,8,0,0,87,13,0,0,62,38,0,0,98,2,0,0,93,7,0,0,89,11,0,0,82,18,0,0,65,35,39,0,0,61,0,0,15,85,16,16,16,98,1,1,0,98,1,0,1,98,1,0,1,98,1,0,1,98,0,1,1,98,1,0,1,24,12,0,64,24,11,1,64,24,12,0,64,24,10,2,64,24,8,10,58,24,12,2,62,24,10,5,61,86,4,0,10,86,4,1,9,86,4,1,9,86,4,0,10,86,3,3,8,0,2,49,49,0,0,69,31,0,2,39,59,0,1,54,45,0,2,14,84,0,2,8,90,0,0,57,43,43,0,24,12,11,10,0,0,0,4,38,58,0,1,99,0,0,2,20,78,0,0,9,10,11,8,55,7,0,0,21,18,25,36,0,0,8,33,37,22,0,100,100,51,0,11,38,31,1,19,49,61,1,4,34,46,1,7,46,86,0,0,14,92,0,8,0,0,0,3,1,1,8,87,0,0,0,1,4,17,78,0,0,12,36,26,26,0,0,2,5,17,76,0,0,7,23,25,45,70,3,24,3,70,7,4,19,70,5,12,13,0,0,67,33,67,0,11,22,89,0,1,0,4,0,0,2,4,22,0,4,3,3,6,3,4,14,4,0,1,4,4,2,4,22,0,0,39,61,0,0,0,0,0,0,0,0,100,0,0,0,3,39,35,23,0,2,23,17,35,16,7,4.852941176470588,6.769505388767789,0,0,11.329896907216495,5.296857656283378,2.4285714285714284,1.377282547807401
NZL,New Zealand,6,2021-03-03,2021-02-28,100,0,0,0,0,0,99,425569.6068054631,90,0,0,100,0,6,94,0,1,99,0,11,89,0,8,92,0,9,91,0,3,97,0,1,99,1,2,97,0,0,100,0,3,97,0,2,98,0,1,99,0,5,95,100,0,0,0,94,0,0,6,99,0,1,0,89,0,5,6,92,0,3,5,91,0,2,7,97,0,1,2,99,0,0,1,98,0,1,1,100,0,0,0,97,0,1,2,98,0,0,2,99,0,1,0,95,0,1,4,0,1,0,99,100,0,0,0,0,1,27,72,73,0,2,25,98,0,2,0,98,0,2,0,100,0,0,3,4,1,92,0,1,1,98,0,99,0,1,0,0,99,0,0,1,0,1,0,65,24,3,7,1,4,36,51,8,0,1,4,45,40,10,1,5,42,44,8,1,6,17,59,17,1,2,68,25,4,93,6,1,93,6,1,93,6,1,93,6,1,93,2,5,93,6,1,93,7,0,93,7,0,93,6,1,3,97,0,3,0,97,0,3,0,97,0,3,0,97,0,3,0,97,0,1,2,97,0,2,1,97,0,3,0,97,0,3,0,97,0,3,0,3,76,0,14,10,76,0,17,7,76,0,23,1,76,0,23,1,76,0,16,8,76,0,12,12,76,0,23,1,76,0,24,0,76,0,23,1,3,100,0,0,100,0,100,0,100,0,0,100,0,0,100,0,0,100,0,0,100,0,100,0,3,98,1,1,0,98,1,1,0,98,1,1,0,98,1,1,0,98,1,1,0,98,1,1,0,98,1,0,1,0,0,18,15,39,28,0,2,86,12,0,2,91,7,0,2,86,12,0,2,82,16,0,2,57,41,0,2,95,3,0,2,89,9,0,2,88,10,0,2,85,13,0,2,63,35,42,0,3,55,7,0,8,85,3,3,3,99,1,0,0,99,1,0,0,99,1,0,0,99,0,1,0,99,1,0,0,99,1,0,0,20,13,0,67,20,13,0,67,20,12,4,64,20,13,0,67,20,12,14,54,20,12,4,64,20,12,9,59,83,1,0,16,83,1,2,14,83,1,0,16,83,1,0,16,83,1,0,16,0,1,22,77,0,1,67,32,0,1,47,52,0,1,49,50,0,1,26,73,0,1,9,90,0,1,49,50,51,0,23,11,6,9,0,0,0,3,31,66,0,1,98,1,0,0,23,77,0,0,6,5,10,8,67,4,0,1,27,20,27,25,0,1,5,20,39,35,0,100,100,78,2,4,16,33,0,15,52,53,2,6,39,51,0,4,45,74,0,4,22,91,0,5,4,0,0,2,1,4,5,88,0,0,1,1,5,9,84,0,1,11,33,33,22,0,1,2,4,16,77,0,0,4,12,21,63,84,1,9,6,84,4,2,10,84,3,6,7,0,0,37,63,37,1,9,53,91,0,1,1,3,0,0,0,4,54,0,3,4,2,8,0,1,8,1,0,1,3,1,5,1,8,0,2,37,61,0,0,0,0,0,0,0,0,0,100,0,5,8,33,31,23,5,7,25,20,32,9,2,7.117647058823529,7.432045083127998,0,0,12,5.045857128110483,2.159090909090909,1.2400070785519468
NZL,New Zealand,7,2021-03-03,2021-02-26,100,0,0,0,0,2,100,436257.55614938727,95,1,0,99,2,8,90,2,4,94,2,16,82,2,11,87,2,15,83,2,0,98,2,2,96,2,4,94,2,1,97,1,3,96,2,5,93,2,0,98,2,7,91,100,0,0,0,92,1,1,6,96,1,0,3,84,1,5,10,89,0,3,8,85,2,2,11,100,0,0,0,98,0,2,0,96,1,1,2,99,0,1,0,97,0,1,2,95,2,1,2,100,0,0,0,93,0,4,3,0,0,2,98,98,0,1,1,0,0,27,73,73,1,3,23,97,0,3,0,97,0,3,0,100,0,0,4,6,1,89,0,1,0,98,1,100,0,0,0,0,100,0,0,0,0,0,0,75,17,4,4,0,12,35,42,11,0,0,11,48,34,7,0,8,58,25,9,0,13,19,40,28,0,6,72,19,3,96,2,2,96,3,1,96,3,1,96,3,1,96,4,0,96,3,1,96,4,0,96,3,1,96,2,2,4,96,0,1,3,96,0,3,1,96,0,3,1,96,0,3,1,96,0,1,3,96,0,3,1,96,0,4,0,96,0,4,0,96,0,4,0,4,83,0,11,6,83,0,13,4,83,0,17,0,83,0,16,1,83,0,11,6,83,0,8,9,83,0,17,0,83,0,17,0,83,0,17,0,4,100,0,0,100,0,100,0,100,0,0,100,0,0,100,0,0,100,0,0,100,0,100,0,4,98,0,2,0,98,0,0,2,98,0,1,1,98,0,2,0,98,0,1,1,98,0,2,0,98,0,2,0,0,2,13,14,31,40,0,1,82,17,0,1,87,12,0,1,87,12,0,1,80,19,0,1,52,47,0,1,90,9,0,1,89,10,0,1,73,26,0,1,85,14,0,1,77,22,45,3,0,52,3,4,1,92,4,4,4,99,0,0,1,99,0,1,0,99,0,0,1,99,0,0,1,99,0,1,0,99,0,0,1,73,1,0,26,73,1,1,25,73,1,1,25,73,1,0,26,73,1,5,21,73,1,1,25,73,1,4,22,94,0,0,6,94,0,0,6,94,0,0,6,94,0,0,6,94,0,1,5,0,3,11,86,0,1,48,51,0,1,38,61,0,3,50,47,0,1,25,74,0,2,8,90,0,1,61,38,39,0,28,8,13,12,0,1,0,5,36,58,0,1,99,0,0,0,20,80,0,0,3,7,10,8,59,13,0,0,28,22,36,14,0,5,6,21,27,41,0,100,100,89,1,0,10,52,1,9,38,62,1,4,33,50,1,7,42,75,1,3,21,92,1,4,3,0,1,1,1,0,4,93,0,0,0,0,1,11,88,0,0,6,25,34,35,0,1,0,2,8,89,0,0,0,4,30,66,96,0,1,3,96,1,1,2,96,1,1,2,0,2,10,88,12,1,8,79,92,0,0,0,0,0,0,0,8,82,0,1,2,1,2,0,1,0,0,0,2,4,0,1,2,2,0,2,43,55,0,0,0,0,0,0,0,0,0,0,100,3,9,36,33,19,3,6,18,30,25,16,2,9.375,9.331701086151995,1,0,13.25,4.12420127352901,1.9325842696629216,0.9976990893709199
NZL,New Zealand,-99,2021-03-04,2021-03-01,100,0,0,0,0,2,83,441216.4846140842,0,1,0,99,1,5,94,1,3,96,1,21,78,1,10,89,0,17,83,1,3,96,1,3,96,1,5,94,1,1,98,1,4,95,1,15,84,1,1,98,0,15,85,100,0,0,0,95,0,3,2,97,0,2,1,79,0,6,15,90,0,2,8,83,1,8,8,97,0,3,0,97,0,2,1,95,0,3,2,99,0,0,1,96,0,2,2,85,0,5,10,99,0,0,1,85,2,4,9,17,0,1,82,99,0,1,0,19,1,24,56,76,0,4,20,96,0,4,0,96,0,4,0,100,0,0,24,2,2,72,20,0,0,79,1,100,0,0,0,0,100,0,0,0,0,22,0,36,24,11,7,28,6,24,36,6,0,28,4,25,30,13,28,6,24,31,11,28,5,14,33,20,28,4,37,26,5,93,2,5,93,6,1,93,4,3,93,4,3,93,6,1,93,6,1,93,5,2,93,6,1,93,5,2,23,90,0,6,4,90,0,8,2,90,0,9,1,90,0,8,2,90,0,3,7,90,0,7,3,90,0,9,1,90,0,10,0,90,0,10,0,23,77,1,12,10,77,1,16,6,77,1,21,1,77,1,20,2,77,1,12,10,77,1,11,11,77,1,20,2,77,1,22,0,77,1,22,0,23,100,0,0,100,0,100,0,100,0,0,100,0,0,100,0,0,100,0,0,100,0,100,0,23,95,0,5,0,95,0,4,1,95,0,4,1,95,0,4,1,95,0,5,0,95,0,3,2,95,0,1,4,30,1,14,25,18,12,34,4,49,13,34,4,59,3,34,4,60,2,34,4,57,5,34,4,49,13,34,4,60,2,34,4,61,1,34,4,54,8,34,4,57,5,34,4,28,34,100,0,0,0,100,0,0,0,23,23,23,98,0,1,1,98,1,0,1,98,1,0,1,98,1,1,0,98,1,0,1,98,1,0,1,60,3,0,37,60,3,0,37,60,3,0,37,60,3,0,37,60,3,6,31,60,3,6,31,60,4,3,33,91,1,0,8,91,1,1,7,91,1,0,8,91,1,0,8,91,1,0,8,46,0,25,29,46,1,35,18,46,1,19,34,46,1,26,27,46,1,12,41,46,1,2,51,49,1,20,30,80,0,10,3,3,4,53,0,0,3,17,27,53,0,47,0,62,1,6,31,62,0,8,4,5,3,16,2,62,0,11,12,8,7,63,2,6,11,12,6,0,100,100,77,0,8,15,67,0,10,23,83,1,5,11,76,0,2,22,89,0,0,11,98,0,1,1,67,1,0,2,4,2,24,67,1,0,2,2,3,25,71,1,8,9,7,4,71,1,3,6,8,11,71,0,3,10,10,6,89,2,7,2,89,4,3,4,89,4,4,3,80,1,6,13,87,0,7,6,99,0,0,0,0,0,0,0,1,97,0,0,0,1,1,0,0,0,0,0,0,0,0,0,0,1,100,0,0,0,0,0,100,0,0,0,0,0,0,0,0,100,0,0,0,0,100,0,0,0,0,0,0,5.64,7.8627815264913306,2,0,0,0,0,0
NZL,New Zealand,1,2021-03-04,2021-02-28,100,3,10045.91735920926,2,6209.114657590289,12,100,494865.7376535703,97,0,3,97,0,17,83,0,4,96,0,23,77,0,18,82,0,20,80,0,11,89,0,2,98,0,5,95,0,0,100,0,5,95,0,25,75,0,1,99,0,18,82,97,0,2,1,83,0,8,9,96,0,1,3,77,0,2,21,82,0,4,14,80,1,3,16,89,0,7,4,98,0,1,1,95,0,1,4,100,0,0,0,95,0,1,4,75,0,5,20,99,0,0,1,82,0,7,11,0,0,5,95,95,0,4,1,0,1,24,75,76,0,2,22,98,0,2,0,98,0,2,0,100,0,0,3,0,6,91,0,0,0,100,0,100,0,0,0,0,100,0,0,0,0,0,0,46,30,18,6,0,1,35,58,6,0,0,1,44,48,7,0,1,47,42,10,0,1,19,55,25,0,1,63,30,6,94,4,2,94,4,2,94,3,3,94,5,1,94,4,2,94,5,1,94,6,0,94,6,0,94,4,2,10,82,0,6,12,82,0,10,8,82,0,16,2,82,0,17,1,82,0,3,15,82,0,7,11,82,0,16,2,82,0,18,0,82,0,16,2,10,70,0,19,11,70,0,23,7,70,0,26,4,70,0,27,3,70,0,16,14,70,0,9,21,70,0,24,6,70,0,30,0,70,0,28,2,10,100,0,0,100,0,100,0,100,0,0,100,0,0,100,0,0,100,0,0,100,0,100,0,10,91,0,9,0,91,0,5,4,91,0,4,5,91,0,7,2,91,0,9,0,91,0,7,2,91,0,6,3,0,0,16,18,37,29,0,1,80,19,0,1,98,1,0,1,99,0,0,1,99,0,0,1,96,3,0,1,99,0,0,1,92,7,0,1,95,4,0,1,96,3,0,1,30,69,30,0,3,67,3,0,14,83,10,10,10,94,0,1,5,94,0,0,6,94,0,0,6,94,0,0,6,94,0,1,5,94,0,2,4,58,1,0,41,58,1,0,41,58,1,1,40,58,1,0,41,58,1,3,38,58,1,6,35,58,1,3,38,92,0,1,7,92,0,1,7,92,0,1,7,92,0,0,8,92,0,1,7,0,0,46,54,0,0,68,32,0,1,49,50,0,0,64,36,0,0,33,67,0,0,15,85,0,0,55,45,45,0,24,9,7,15,0,0,2,13,38,47,0,0,98,2,0,1,12,87,0,0,9,8,19,23,38,3,0,0,22,13,33,32,0,0,10,31,35,24,0,100,100,54,1,12,33,32,1,18,49,51,1,8,40,36,1,9,54,67,0,5,28,85,0,12,3,0,0,2,7,10,20,61,0,0,6,7,17,18,52,0,1,12,26,28,33,0,0,5,8,28,59,0,0,14,15,34,37,71,0,19,10,71,1,2,26,71,1,7,21,0,0,69,31,69,1,8,22,92,0,0,0,1,2,1,0,4,23,0,3,14,1,2,2,1,2,4,0,3,3,4,2,2,34,0,1,29,68,1,1,0,0,100,0,0,0,0,0,0,3,2,47,35,13,3,0,14,18,32,23,10,5.873015873015873,7.147054578279452,2.4,0.8944271909999157,11.516304347826088,5.437684485669904,3.505263157894736,1.3278817254634196
NZL,New Zealand,2,2021-03-04,2021-02-28,100,1,4555.7656405501,1,4555.7656405501,13,100,479295.9447702633,98,0,1,99,0,6,94,0,1,99,0,22,78,0,13,87,0,11,89,0,9,91,0,2,98,0,3,97,0,0,100,0,3,97,0,25,75,0,1,99,0,16,84,99,0,0,1,94,0,4,2,99,0,1,0,78,0,5,17,87,0,3,10,89,0,1,10,91,0,3,6,98,0,2,0,97,0,1,2,100,0,0,0,97,0,0,3,75,0,6,19,99,0,1,0,84,0,7,9,0,0,7,93,93,0,7,0,0,0,32,68,68,0,2,30,98,0,2,0,98,0,2,0,100,0,0,2,0,1,97,0,0,2,98,0,98,0,1,1,0,99,0,0,1,0,2,0,52,29,11,6,2,0,33,57,8,0,2,1,52,35,10,2,0,47,43,8,2,1,12,62,23,2,0,61,35,2,94,3,3,94,6,0,94,6,0,94,5,1,94,4,2,94,4,2,94,6,0,94,5,1,94,4,2,10,89,0,5,6,89,0,10,1,89,0,9,2,89,0,11,0,89,0,5,6,89,0,5,6,89,0,11,0,89,0,11,0,89,0,8,3,10,71,0,14,15,71,0,28,1,71,0,29,0,71,0,27,2,71,0,14,15,71,0,10,19,71,0,28,1,71,0,29,0,71,0,29,0,10,100,0,0,100,0,100,0,100,0,0,100,0,0,100,0,0,100,0,0,100,0,100,0,10,98,0,2,0,98,0,1,1,98,0,0,2,98,0,1,1,98,0,1,1,98,0,2,0,98,0,1,1,0,0,17,15,41,27,0,6,74,20,0,6,94,0,0,6,92,2,0,6,91,3,0,6,87,7,0,6,94,0,0,6,88,6,0,6,93,1,0,6,84,10,0,6,33,61,37,0,3,60,1,0,14,85,10,10,10,99,0,0,1,99,0,0,1,99,0,0,1,99,0,0,1,99,0,0,1,99,0,0,1,27,0,0,73,27,0,0,73,27,0,2,71,27,0,2,71,27,0,4,69,27,1,3,69,27,0,6,67,90,1,1,8,90,1,0,9,90,1,1,8,90,1,0,9,90,1,0,9,0,0,50,50,0,0,67,33,0,0,42,58,0,0,56,44,0,1,24,75,0,0,10,90,0,0,50,50,50,0,18,12,9,11,0,0,0,6,39,55,0,0,100,0,0,1,17,82,0,0,5,13,12,18,49,3,0,0,16,17,34,33,0,1,9,29,38,23,0,100,100,50,0,13,37,33,0,16,51,58,0,7,35,44,1,8,47,76,0,3,21,90,0,8,2,0,0,3,6,6,13,72,0,0,1,4,7,22,66,0,0,12,21,41,26,0,1,3,7,11,78,0,0,9,11,19,61,80,0,15,5,80,0,6,14,80,2,5,13,0,0,75,25,75,1,11,13,89,1,3,0,0,1,0,1,5,14,0,2,8,8,10,1,3,7,3,0,1,13,1,2,2,25,0,0,36,63,0,1,0,0,0,100,0,0,0,0,0,1,1,54,21,23,1,0,20,30,25,18,6,3.547169811320755,5.645168246235172,1.8571428571428572,1.4638501094227998,13.153061224489795,5.992008493821362,3.0631578947368423,1.286679102613353
NZL,New Zealand,3,2021-03-04,2021-02-28,100,0,0,0,0,17,100,472097.99657098827,98,0,0,100,0,7,93,0,1,99,0,15,85,0,15,85,0,20,80,0,6,94,0,1,99,0,1,99,0,0,100,0,5,95,0,19,81,0,0,100,0,15,85,100,0,0,0,93,0,5,2,99,0,1,0,85,0,5,10,85,0,4,11,80,0,8,12,94,0,4,2,99,0,0,1,99,0,0,1,100,0,0,0,95,0,3,2,81,0,7,12,100,0,0,0,85,0,8,7,0,0,12,88,88,0,10,2,0,0,31,69,69,0,2,29,98,1,0,1,98,0,2,0,100,0,0,2,0,3,95,0,0,0,100,0,100,0,0,0,0,100,0,0,0,0,0,0,45,29,18,8,0,3,31,57,9,0,0,1,41,44,14,0,2,39,46,13,0,3,9,58,30,0,1,52,44,3,92,4,4,92,6,2,92,8,0,92,8,0,92,5,3,92,7,1,92,8,0,92,7,1,92,6,2,8,82,0,12,6,82,0,13,5,82,0,15,3,82,0,18,0,82,0,6,12,82,0,13,5,82,0,17,1,82,0,18,0,82,0,16,2,8,71,0,10,19,71,0,23,6,71,0,28,1,71,0,27,2,71,0,13,16,71,0,12,17,71,0,29,0,71,0,29,0,71,0,24,5,8,100,0,0,100,0,100,0,100,0,0,100,0,0,100,0,0,100,0,0,100,0,100,0,8,96,0,4,0,96,0,3,1,96,0,3,1,96,0,4,0,96,0,3,1,96,0,3,1,96,0,3,1,0,0,20,23,36,21,0,1,80,19,0,1,99,0,0,1,97,2,0,1,96,3,0,1,84,15,0,1,98,1,0,1,97,2,0,1,95,4,0,1,85,14,0,1,49,50,46,0,2,52,2,0,9,89,8,8,8,97,0,1,2,97,1,1,1,97,1,1,1,97,1,0,2,97,1,0,2,97,1,1,1,38,2,0,60,38,2,1,59,38,2,3,57,38,3,0,59,38,2,5,55,38,2,7,53,38,2,1,59,88,1,0,11,88,1,0,11,88,1,1,10,88,1,1,10,88,0,3,9,0,2,50,48,0,0,71,29,0,1,42,57,0,1,63,36,0,2,25,73,0,2,7,91,0,0,62,38,38,0,30,9,8,15,0,0,1,6,36,57,0,2,98,0,0,0,16,84,0,0,6,5,18,14,54,3,0,0,18,15,34,33,0,0,9,26,38,27,0,100,100,50,0,13,37,29,1,21,49,58,0,8,34,37,0,10,53,75,0,3,22,93,0,4,3,0,0,2,3,5,13,77,0,0,1,3,10,17,69,0,1,15,26,34,24,0,0,4,4,20,72,0,0,6,15,35,44,79,1,16,4,79,3,6,12,79,4,6,11,0,1,75,24,76,0,7,17,93,0,1,1,0,0,0,1,4,18,0,3,6,7,9,1,6,7,5,0,3,10,4,0,6,15,0,1,46,52,0,1,0,0,0,0,100,0,0,0,0,0,3,54,27,16,0,2,10,24,39,20,5,3.111111111111111,3.318147225501155,1.4166666666666667,0.5149286505444373,11.93452380952381,5.7716484886499035,3.4000000000000004,1.4395625813183375
NZL,New Zealand,4,2021-03-04,2021-03-01,100,0,0,0,0,7,100,378294.33317471383,100,0,0,100,0,4,96,0,1,99,0,11,89,0,7,93,0,18,82,0,4,96,0,1,99,0,1,99,0,0,100,0,3,97,0,13,87,0,1,99,0,2,98,100,0,0,0,96,0,2,2,99,0,0,1,89,0,3,8,93,0,4,3,82,0,4,14,96,0,2,2,99,0,1,0,99,0,0,1,100,0,0,0,97,0,1,2,87,0,5,8,99,0,1,0,98,0,1,1,0,0,5,95,95,0,5,0,0,2,33,65,67,1,7,25,93,0,6,1,93,0,7,0,100,0,0,10,0,4,86,0,0,3,97,0,97,0,3,0,0,97,0,0,3,0,3,0,54,24,15,4,3,2,27,58,10,0,3,2,34,50,11,3,3,30,51,13,3,2,9,57,29,3,2,53,37,5,96,0,4,96,1,3,96,3,1,96,3,1,96,1,3,96,3,1,96,4,0,96,4,0,96,4,0,21,85,0,6,9,85,0,10,5,85,0,11,4,85,0,14,1,85,0,6,9,85,0,9,6,85,0,14,1,85,0,15,0,85,0,15,0,21,76,0,15,9,76,0,14,10,76,0,24,0,76,0,23,1,76,0,13,11,76,0,13,11,76,0,24,0,76,0,24,0,76,0,22,2,21,100,0,0,100,0,100,0,100,0,0,100,0,0,100,0,0,100,0,0,100,0,100,0,21,95,0,5,0,95,0,3,2,95,0,2,3,95,0,0,5,95,0,4,1,95,0,3,2,95,0,5,0,0,0,21,23,28,28,0,0,83,17,0,0,99,1,0,0,95,5,0,0,92,8,0,0,76,24,0,0,99,1,0,0,91,9,0,0,92,8,0,0,85,15,0,0,55,45,32,0,1,67,0,0,13,87,21,21,21,96,1,1,2,96,2,0,2,96,2,0,2,96,2,1,1,96,2,0,2,96,2,1,1,25,5,0,70,25,5,0,70,25,5,3,67,25,5,1,69,25,5,4,66,25,5,6,64,25,6,2,67,88,1,0,11,88,1,1,10,88,1,0,11,88,1,1,10,88,0,2,10,0,1,46,53,0,2,69,29,0,2,44,54,0,1,59,40,0,3,27,70,0,4,13,83,0,0,54,46,46,0,21,9,9,15,0,0,1,5,25,69,0,0,98,2,0,0,23,77,0,0,3,10,11,10,63,3,0,0,17,20,32,31,0,1,12,24,39,24,0,100,100,54,0,10,36,31,0,15,54,56,0,2,42,41,0,6,53,73,0,1,26,87,0,7,6,0,0,0,0,4,14,82,0,0,0,1,5,14,80,0,0,17,32,34,17,0,0,1,9,23,67,0,0,5,22,36,37,73,1,16,10,73,3,6,18,73,2,8,17,0,0,72,28,72,0,9,19,91,0,0,0,2,1,1,0,5,19,0,5,2,3,10,4,1,11,5,1,1,7,5,1,4,21,0,0,32,66,0,2,0,0,0,0,0,100,0,0,0,0,3,47,31,19,0,1,16,19,39,16,9,4.029411764705882,5.6594533097027915,1.4,0.5477225575051661,11.77127659574468,5.995816145947563,2.95959595959596,1.324180084546675
NZL,New Zealand,5,2021-03-04,2021-03-01,100,0,0,0,0,0,100,344611.9814310897,98,2,0,98,2,7,91,1,3,96,2,13,85,1,10,89,2,10,88,2,2,96,2,3,95,2,2,96,1,0,99,2,3,95,2,9,89,2,1,97,2,8,90,100,0,0,0,93,0,2,5,97,0,1,2,87,0,2,11,90,0,2,8,90,0,1,9,98,0,1,1,97,0,1,2,98,0,1,1,100,0,0,0,97,0,1,2,91,0,2,7,99,0,0,1,92,0,3,5,0,0,0,100,100,0,0,0,0,0,34,66,66,1,1,32,99,0,1,0,99,0,1,0,100,0,0,2,1,2,95,0,0,1,99,0,99,0,1,0,0,99,0,0,1,0,1,0,54,25,13,7,1,5,28,59,7,0,1,3,38,46,12,1,4,33,51,11,1,6,15,50,28,1,3,48,45,3,93,1,6,93,4,3,93,4,3,93,5,2,93,6,1,93,6,1,93,7,0,93,7,0,93,5,2,27,87,0,7,6,87,0,13,0,87,0,13,0,87,0,11,2,87,0,11,2,87,0,9,4,87,0,13,0,87,0,12,1,87,0,12,1,27,75,0,15,10,75,0,21,4,75,0,24,1,75,0,23,2,75,0,14,11,75,0,12,13,75,0,24,1,75,0,25,0,75,0,23,2,27,100,0,0,100,0,100,0,100,0,0,100,0,0,100,0,0,100,0,0,100,0,100,0,27,96,0,4,0,96,0,3,1,96,0,4,0,96,0,3,1,96,0,4,0,96,0,3,1,96,0,3,1,0,1,20,21,35,23,0,0,80,20,0,0,96,4,0,0,93,7,0,0,89,11,0,0,64,36,0,0,98,2,0,0,90,10,0,0,90,10,0,0,83,17,0,0,65,35,41,0,0,59,0,1,17,82,27,27,27,98,1,1,0,98,1,0,1,98,1,0,1,98,1,0,1,98,0,1,1,98,1,0,1,35,9,0,56,35,8,1,56,35,9,0,56,35,8,1,56,35,5,9,51,35,9,2,54,35,7,5,53,88,3,0,9,88,3,1,8,88,3,1,8,88,3,0,9,88,3,2,7,0,2,47,51,0,0,69,31,0,2,38,60,0,1,56,43,0,2,15,83,0,2,9,89,0,0,58,42,42,0,19,13,14,12,0,0,0,3,38,59,0,1,99,0,0,2,22,76,0,0,7,9,11,9,57,7,0,0,21,18,22,39,0,0,10,31,35,24,0,100,100,53,0,10,37,31,2,18,49,62,2,3,33,44,2,7,47,85,1,0,14,91,0,8,1,0,0,3,1,1,6,89,0,0,0,1,4,16,79,0,0,12,36,27,25,0,0,1,7,16,76,0,0,6,25,23,46,69,3,25,3,69,8,5,18,69,6,11,14,0,1,68,31,69,0,9,22,91,0,1,0,4,0,0,1,3,23,0,3,4,4,7,3,2,14,4,0,1,3,3,2,4,23,0,0,41,59,0,0,0,0,0,0,0,0,100,0,0,0,3,41,35,21,0,2,25,16,35,18,4,5.096774193548387,7.044406001500658,0,0,11.297872340425531,5.102876665479745,2.4742268041237114,1.3700120399802045
NZL,New Zealand,6,2021-03-04,2021-02-28,100,0,0,0,0,0,99,433758.7238295456,90,0,0,100,0,5,95,0,0,100,0,9,91,0,7,93,0,7,93,0,3,97,0,2,98,1,2,97,0,0,100,0,2,98,0,2,98,0,0,100,0,4,96,100,0,0,0,95,0,0,5,100,0,0,0,91,0,4,5,93,0,4,3,93,0,1,6,97,0,1,2,98,0,0,2,98,0,1,1,100,0,0,0,98,0,1,1,98,0,0,2,100,0,0,0,96,0,0,4,0,1,0,99,100,0,0,0,0,1,25,74,75,0,3,22,97,0,3,0,97,0,3,0,100,0,0,4,3,1,92,0,1,1,98,0,99,0,1,0,0,99,0,0,1,0,1,0,64,25,4,6,1,4,37,51,7,0,1,4,43,41,11,1,5,42,44,8,1,6,17,57,19,1,2,66,28,3,94,5,1,94,5,1,94,5,1,94,5,1,94,2,4,94,5,1,94,6,0,94,6,0,94,5,1,9,96,0,3,1,96,0,4,0,96,0,4,0,96,0,4,0,96,0,1,3,96,0,2,2,96,0,4,0,96,0,4,0,96,0,4,0,9,75,0,16,9,75,0,18,7,75,0,24,1,75,0,24,1,75,0,16,9,75,0,12,13,75,0,24,1,75,0,25,0,75,0,24,1,9,100,0,0,100,0,100,0,100,0,0,100,0,0,100,0,0,100,0,0,100,0,100,0,9,98,1,1,0,98,1,1,0,98,1,1,0,98,1,1,0,98,1,1,0,98,1,1,0,98,1,0,1,0,0,17,15,40,28,0,2,85,13,0,2,90,8,0,2,86,12,0,2,83,15,0,2,56,42,0,2,94,4,0,2,88,10,0,2,85,13,0,2,87,11,0,2,65,33,44,0,3,53,7,1,7,85,9,9,9,99,0,0,1,99,0,0,1,99,0,0,1,99,0,0,1,99,0,0,1,99,0,0,1,20,13,0,67,20,13,0,67,20,12,4,64,20,13,0,67,20,12,14,54,20,12,4,64,20,12,9,59,83,1,0,16,83,1,2,14,83,1,0,16,83,1,0,16,83,1,0,16,0,1,23,76,0,1,66,33,0,1,46,53,0,1,48,51,0,1,23,76,0,1,9,90,0,1,49,50,51,0,23,12,5,9,0,0,0,3,30,67,0,1,98,1,0,1,22,77,0,0,7,5,10,8,66,4,0,1,28,20,27,24,0,1,6,22,39,32,0,100,100,77,2,4,17,34,0,14,52,54,2,6,38,52,0,5,43,77,0,4,19,91,0,5,4,0,0,2,1,3,6,88,0,0,1,0,5,8,86,0,1,12,33,33,21,0,0,1,4,17,78,0,0,4,12,21,63,84,0,10,6,84,4,2,10,84,4,5,7,0,0,35,65,35,1,11,53,89,0,2,1,3,0,0,0,5,54,0,2,4,2,7,0,1,8,2,0,1,3,1,5,2,8,0,2,38,60,0,0,0,0,0,0,0,0,0,100,0,4,8,34,31,23,4,7,25,20,32,10,2,5.714285714285714,4.681034918913542,0,0,11.9,4.829799819054081,2.101123595505618,1.2064687749813947
NZL,New Zealand,7,2021-03-04,2021-02-26,100,0,0,0,0,2,100,436257.55614938727,95,1,0,99,2,8,90,2,4,94,2,16,82,2,11,87,2,15,83,2,0,98,2,2,96,2,4,94,2,1,97,1,3,96,2,5,93,2,0,98,2,7,91,100,0,0,0,92,1,1,6,96,1,0,3,84,1,5,10,89,0,3,8,85,2,2,11,100,0,0,0,98,0,2,0,96,1,1,2,99,0,1,0,97,0,1,2,95,2,1,2,100,0,0,0,93,0,4,3,0,0,2,98,98,0,1,1,0,0,27,73,73,1,3,23,97,0,3,0,97,0,3,0,100,0,0,4,6,1,89,0,1,0,98,1,100,0,0,0,0,100,0,0,0,0,0,0,75,17,4,4,0,12,35,42,11,0,0,11,48,34,7,0,8,58,25,9,0,13,19,40,28,0,6,72,19,3,96,2,2,96,3,1,96,3,1,96,3,1,96,4,0,96,3,1,96,4,0,96,3,1,96,2,2,4,96,0,1,3,96,0,3,1,96,0,3,1,96,0,3,1,96,0,1,3,96,0,3,1,96,0,4,0,96,0,4,0,96,0,4,0,4,83,0,11,6,83,0,13,4,83,0,17,0,83,0,16,1,83,0,11,6,83,0,8,9,83,0,17,0,83,0,17,0,83,0,17,0,4,100,0,0,100,0,100,0,100,0,0,100,0,0,100,0,0,100,0,0,100,0,100,0,4,98,0,2,0,98,0,0,2,98,0,1,1,98,0,2,0,98,0,1,1,98,0,2,0,98,0,2,0,0,2,13,14,31,40,0,1,82,17,0,1,87,12,0,1,87,12,0,1,80,19,0,1,52,47,0,1,90,9,0,1,89,10,0,1,73,26,0,1,85,14,0,1,77,22,45,3,0,52,3,4,1,92,4,4,4,99,0,0,1,99,0,1,0,99,0,0,1,99,0,0,1,99,0,1,0,99,0,0,1,73,1,0,26,73,1,1,25,73,1,1,25,73,1,0,26,73,1,5,21,73,1,1,25,73,1,4,22,94,0,0,6,94,0,0,6,94,0,0,6,94,0,0,6,94,0,1,5,0,3,11,86,0,1,48,51,0,1,38,61,0,3,50,47,0,1,25,74,0,2,8,90,0,1,61,38,39,0,28,8,13,12,0,1,0,5,36,58,0,1,99,0,0,0,20,80,0,0,3,7,10,8,59,13,0,0,28,22,36,14,0,5,6,21,27,41,0,100,100,89,1,0,10,52,1,9,38,62,1,4,33,50,1,7,42,75,1,3,21,92,1,4,3,0,1,1,1,0,4,93,0,0,0,0,1,11,88,0,0,6,25,34,35,0,1,0,2,8,89,0,0,0,4,30,66,96,0,1,3,96,1,1,2,96,1,1,2,0,2,10,88,12,1,8,79,92,0,0,0,0,0,0,0,8,82,0,1,2,1,2,0,1,0,0,0,2,4,0,1,2,2,0,2,43,55,0,0,0,0,0,0,0,0,0,0,100,3,9,36,33,19,3,6,18,30,25,16,2,9.375,9.331701086151995,1,0,13.25,4.12420127352901,1.9325842696629216,0.9976990893709199
NZL,New Zealand,-99,2021-03-05,2021-03-01,100,0,0,0,0,2,84,439338.36886532925,0,1,0,99,1,7,92,1,3,96,1,21,78,1,11,88,0,17,83,1,4,95,1,3,96,1,6,93,1,1,98,1,4,95,1,16,83,1,1,98,0,16,84,100,0,0,0,93,0,3,4,97,0,2,1,79,0,6,15,89,0,2,9,83,1,8,8,96,0,4,0,97,0,2,1,94,0,4,2,99,0,0,1,96,0,2,2,84,0,5,11,99,0,0,1,84,2,5,9,16,0,1,83,99,0,1,0,18,1,23,58,77,0,4,19,96,0,4,0,96,0,4,0,100,0,0,23,1,2,74,19,0,0,80,1,100,0,0,0,0,100,0,0,0,0,21,0,39,23,9,8,28,5,25,37,5,0,28,4,26,31,11,28,6,26,31,9,28,5,13,33,21,28,3,39,26,4,92,3,5,92,7,1,92,5,3,92,5,3,92,7,1,92,6,2,92,6,2,92,7,1,92,6,2,30,92,0,5,3,92,0,6,2,92,0,7,1,92,0,6,2,92,0,3,5,92,0,5,3,92,0,7,1,92,0,8,0,92,0,8,0,30,77,1,11,11,77,1,15,7,77,1,21,1,77,1,19,3,77,1,12,10,77,1,10,12,77,1,20,2,77,1,22,0,77,1,22,0,30,100,0,0,100,0,100,0,100,0,0,100,0,0,100,0,0,100,0,0,100,0,100,0,30,95,0,5,0,95,0,4,1,95,0,4,1,95,0,4,1,95,0,5,0,95,0,3,2,95,0,1,4,30,1,14,24,18,13,35,4,48,13,35,4,59,2,35,4,59,2,35,4,55,6,35,4,46,15,35,4,59,2,35,4,60,1,35,4,52,9,35,4,57,4,35,4,29,32,100,0,0,0,100,0,0,0,30,30,30,98,0,1,1,98,1,0,1,98,1,0,1,98,1,1,0,98,1,0,1,98,1,0,1,65,2,0,33,65,2,0,33,65,2,0,33,65,2,0,33,65,2,5,28,65,2,6,27,65,3,3,29,92,1,0,7,92,1,1,6,92,1,0,7,92,1,0,7,92,1,0,7,47,0,23,30,47,1,35,17,47,1,19,33,47,1,25,27,47,1,12,40,47,1,2,50,50,1,19,30,81,0,8,4,3,4,54,0,0,3,16,27,54,0,46,0,62,1,6,31,62,0,9,3,5,3,16,2,62,0,13,10,9,6,63,1,7,12,11,6,0,100,100,79,0,7,14,67,0,10,23,83,1,5,11,77,0,2,21,89,0,0,11,98,0,1,1,67,1,0,1,4,2,25,67,1,0,2,2,4,24,72,1,9,6,8,4,72,1,3,5,8,11,72,0,3,8,13,4,90,2,6,2,90,3,3,4,90,3,4,3,79,0,6,15,85,0,9,6,99,0,0,0,0,0,0,0,1,97,0,0,0,1,1,0,0,0,0,0,0,0,0,0,0,1,100,0,0,0,0,0,100,0,0,0,0,0,0,0,0,100,0,0,0,0,100,0,0,0,0,0,0,5.142857142857143,7.550885578253257,2,0,0,0,0,0
NZL,New Zealand,1,2021-03-05,2021-02-28,100,3,10045.91735920926,2,6209.114657590289,12,100,518823.7581759813,97,0,3,97,0,18,82,0,4,96,0,25,75,0,17,83,0,21,79,0,9,91,0,2,98,0,6,94,0,0,100,0,5,95,0,26,74,0,2,98,0,18,82,97,0,2,1,82,0,8,10,96,0,1,3,75,0,2,23,83,0,4,13,79,1,3,17,91,0,7,2,98,0,1,1,94,0,1,5,100,0,0,0,95,0,1,4,74,0,5,21,98,0,0,2,82,0,7,11,0,0,5,95,95,0,4,1,0,1,25,74,75,0,2,23,98,0,2,0,98,0,2,0,100,0,0,3,0,5,92,0,0,0,100,0,100,0,0,0,0,100,0,0,0,0,0,0,47,28,18,7,0,0,38,57,5,0,0,0,46,47,7,0,0,49,41,10,0,0,19,54,27,0,0,65,29,6,93,3,4,93,4,3,93,4,3,93,6,1,93,4,3,93,6,1,93,7,0,93,7,0,93,6,1,14,82,0,6,12,82,0,9,9,82,0,16,2,82,0,17,1,82,0,3,15,82,0,7,11,82,0,16,2,82,0,18,0,82,0,16,2,14,72,0,18,10,72,0,21,7,72,0,24,4,72,0,25,3,72,0,15,13,72,0,9,19,72,0,22,6,72,0,28,0,72,0,26,2,14,100,0,0,100,0,100,0,100,0,0,100,0,0,100,0,0,100,0,0,100,0,100,0,14,91,0,9,0,91,0,5,4,91,0,4,5,91,0,7,2,91,0,9,0,91,0,7,2,91,0,6,3,0,0,18,16,38,28,0,1,79,20,0,1,98,1,0,1,99,0,0,1,99,0,0,1,96,3,0,1,99,0,0,1,92,7,0,1,95,4,0,1,96,3,0,1,30,69,31,0,3,66,3,0,14,83,14,14,14,95,0,1,4,95,0,0,5,95,0,0,5,95,0,0,5,95,0,1,4,95,0,1,4,58,1,0,41,58,1,0,41,58,1,1,40,58,1,0,41,58,1,3,38,58,1,6,35,58,1,3,38,92,0,1,7,92,0,1,7,92,0,1,7,92,0,0,8,92,0,1,7,0,0,47,53,0,0,67,33,0,1,50,49,0,0,62,38,0,0,33,67,0,0,16,84,0,0,54,46,46,0,25,8,6,15,0,0,2,13,39,46,0,0,98,2,0,1,9,90,0,0,9,10,19,22,37,3,0,0,24,14,32,30,0,0,10,33,32,25,0,100,100,53,0,14,33,33,0,17,50,50,0,9,41,38,0,9,53,67,0,5,28,84,0,12,4,0,0,2,7,11,21,59,0,0,6,7,18,20,49,0,1,14,27,27,31,0,0,6,8,29,57,0,0,17,16,33,34,67,0,22,11,67,1,3,29,67,1,8,24,0,0,69,31,69,1,10,20,90,0,0,0,1,2,1,1,5,21,0,3,13,1,2,2,1,2,4,0,3,3,5,2,3,35,0,2,30,67,1,0,0,0,100,0,0,0,0,0,0,3,3,48,34,12,3,0,13,18,31,24,11,6.354838709677418,7.798900246542853,2.4,0.8944271909999157,11.435483870967742,5.445992646398665,3.478723404255319,1.3257476965585202
NZL,New Zealand,2,2021-03-05,2021-02-28,100,1,4555.7656405501,1,4555.7656405501,11,100,471319.1198856353,99,0,1,99,0,6,94,0,1,99,0,22,78,0,14,86,0,12,88,0,8,92,0,2,98,0,3,97,0,0,100,0,4,96,0,26,74,0,2,98,0,17,83,99,0,0,1,94,0,4,2,99,0,1,0,78,0,5,17,86,0,3,11,88,0,1,11,92,0,3,5,98,0,2,0,97,0,1,2,100,0,0,0,96,0,1,3,74,0,7,19,98,0,1,1,83,0,8,9,0,0,6,94,94,0,6,0,0,0,31,69,69,0,2,29,98,0,2,0,98,0,2,0,100,0,0,2,0,1,97,0,0,2,98,0,98,0,1,1,0,99,0,0,1,0,2,0,48,33,11,6,2,0,36,55,7,0,2,1,50,38,9,2,0,45,46,7,2,1,12,64,21,2,0,58,38,2,94,3,3,94,6,0,94,6,0,94,5,1,94,4,2,94,4,2,94,6,0,94,5,1,94,4,2,16,89,0,5,6,89,0,10,1,89,0,9,2,89,0,11,0,89,0,5,6,89,0,5,6,89,0,11,0,89,0,11,0,89,0,8,3,16,67,0,16,17,67,0,30,3,67,0,33,0,67,0,31,2,67,0,16,17,67,0,11,22,67,0,32,1,67,0,33,0,67,0,32,1,16,100,0,0,100,0,100,0,100,0,0,100,0,0,100,0,0,100,0,0,100,0,100,0,16,98,0,2,0,98,0,1,1,98,0,0,2,98,0,1,1,98,0,1,1,98,0,2,0,98,0,1,1,0,0,17,17,41,25,0,4,78,18,0,4,96,0,0,4,94,2,0,4,93,3,0,4,88,8,0,4,96,0,0,4,88,8,0,4,95,1,0,4,85,11,0,4,34,62,34,0,3,63,1,0,16,83,16,16,16,99,0,0,1,99,0,0,1,99,0,0,1,99,0,0,1,99,0,0,1,99,0,0,1,27,0,0,73,27,0,0,73,27,0,2,71,27,0,2,71,27,0,4,69,27,1,3,69,27,0,6,67,90,1,1,8,90,1,0,9,90,1,1,8,90,1,0,9,90,1,0,9,0,0,50,50,0,0,70,30,0,0,46,54,0,0,56,44,0,0,25,75,0,0,9,91,0,0,51,49,49,0,18,11,9,13,0,0,0,7,37,56,0,0,100,0,0,1,17,82,0,0,6,11,13,15,52,3,0,0,17,17,32,34,0,1,9,28,38,24,0,100,100,50,0,12,38,30,0,17,53,54,0,8,38,44,0,6,50,75,0,3,22,91,0,7,2,0,0,3,6,7,15,69,0,0,1,4,9,22,64,0,0,13,25,38,24,0,1,3,7,11,78,0,0,9,12,18,61,79,0,15,6,79,0,6,15,79,2,5,14,0,0,76,24,76,1,11,12,89,1,3,0,0,1,0,1,5,13,0,2,9,8,9,1,4,7,3,0,2,13,0,1,2,26,0,0,33,66,0,1,0,0,0,100,0,0,0,0,0,1,1,52,22,24,1,0,19,28,27,19,6,3.735849056603774,5.698012282961308,1.8333333333333333,1.6020819787597222,13.081632653061224,6.101670329681755,3.0842105263157893,1.2771573979102788
NZL,New Zealand,3,2021-03-05,2021-02-28,100,0,0,0,0,17,100,472471.6967090689,99,0,0,100,0,7,93,0,0,100,0,16,84,0,17,83,0,20,80,0,7,93,0,0,100,0,1,99,0,0,100,0,5,95,0,19,81,0,0,100,0,14,86,100,0,0,0,93,0,4,3,100,0,0,0,84,0,5,11,83,0,5,12,80,0,8,12,93,0,3,4,100,0,0,0,99,0,0,1,100,0,0,0,95,0,3,2,81,0,7,12,100,0,0,0,86,0,7,7,0,0,12,88,88,0,10,2,0,0,31,69,69,1,2,28,98,1,1,0,98,0,2,0,100,0,0,3,0,3,94,0,0,0,100,0,100,0,0,0,0,100,0,0,0,0,0,0,47,28,18,7,0,3,32,56,9,0,0,1,42,43,14,0,2,40,45,13,0,3,10,56,31,0,1,53,43,3,93,3,4,93,5,2,93,7,0,93,7,0,93,4,3,93,6,1,93,7,0,93,6,1,93,6,1,12,82,0,11,7,82,0,13,5,82,0,14,4,82,0,17,1,82,0,6,12,82,0,12,6,82,0,17,1,82,0,18,0,82,0,16,2,12,72,0,10,18,72,0,22,6,72,0,27,1,72,0,26,2,72,0,12,16,72,0,12,16,72,0,28,0,72,0,28,0,72,0,23,5,12,100,0,0,100,0,100,0,100,0,0,100,0,0,100,0,0,100,0,0,100,0,100,0,12,95,0,5,0,95,0,4,1,95,0,3,2,95,0,5,0,95,0,4,1,95,0,4,1,95,0,4,1,0,0,20,23,36,21,0,1,80,19,0,1,99,0,0,1,96,3,0,1,96,3,0,1,84,15,0,1,98,1,0,1,96,3,0,1,95,4,0,1,87,12,0,1,49,50,45,0,2,53,1,0,11,88,12,12,12,97,0,1,2,97,1,1,1,97,1,1,1,97,1,0,2,97,1,0,2,97,1,1,1,38,2,0,60,38,2,1,59,38,2,3,57,38,3,0,59,38,2,5,55,38,2,7,53,38,2,1,59,88,1,0,11,88,1,0,11,88,1,1,10,88,1,1,10,88,0,3,9,0,2,50,48,0,0,71,29,0,1,43,56,0,1,61,38,0,2,24,74,0,2,7,91,0,0,63,37,37,0,29,10,7,17,0,0,1,5,35,59,0,2,98,0,0,0,16,84,0,0,7,5,16,15,54,3,0,0,19,15,33,33,0,0,10,26,38,26,0,100,100,50,0,12,38,29,1,21,49,57,0,8,35,39,0,8,53,76,0,3,21,93,0,4,3,0,0,2,3,5,12,78,0,0,1,3,10,17,69,0,1,14,26,35,24,0,0,4,4,19,73,0,0,6,15,36,43,79,1,16,4,79,3,6,12,79,4,6,11,0,1,75,24,76,0,7,17,93,0,1,1,0,0,0,1,4,18,0,3,6,6,8,1,6,7,6,0,3,10,4,0,6,16,0,1,45,53,0,1,0,0,0,0,100,0,0,0,0,0,4,52,28,16,0,2,10,24,40,20,4,3.0869565217391304,3.271602305065834,1.4166666666666667,0.5149286505444373,12.226190476190476,5.5370628342788,3.351063829787234,1.373383286557663
NZL,New Zealand,4,2021-03-05,2021-03-01,100,0,0,0,0,7,100,393188.4471876299,100,0,0,100,0,5,95,0,0,100,0,11,89,0,5,95,0,16,84,0,4,96,0,1,99,0,1,99,0,0,100,0,3,97,0,11,89,0,1,99,0,3,97,100,0,0,0,95,0,3,2,100,0,0,0,89,0,4,7,95,0,4,1,84,0,4,12,96,0,2,2,99,0,1,0,99,0,0,1,100,0,0,0,97,0,1,2,89,0,5,6,99,0,1,0,97,0,2,1,0,0,5,95,95,0,5,0,0,3,34,63,66,0,9,25,91,0,8,1,91,0,9,0,100,0,0,12,0,4,84,0,0,2,98,0,98,0,2,0,0,98,0,0,2,0,2,0,52,29,13,4,2,2,30,56,10,0,2,2,33,51,12,2,2,33,50,13,2,3,9,57,29,2,2,54,36,6,96,0,4,96,1,3,96,3,1,96,3,1,96,1,3,96,3,1,96,4,0,96,4,0,96,4,0,32,87,0,6,7,87,0,9,4,87,0,9,4,87,0,12,1,87,0,5,8,87,0,8,5,87,0,12,1,87,0,13,0,87,0,13,0,32,71,0,17,12,71,0,18,11,71,0,29,0,71,0,28,1,71,0,15,14,71,0,14,15,71,0,29,0,71,0,29,0,71,0,28,1,32,100,0,0,100,0,100,0,100,0,0,100,0,0,100,0,0,100,0,0,100,0,100,0,32,95,0,5,0,95,0,3,2,95,0,2,3,95,0,0,5,95,0,4,1,95,0,3,2,95,0,5,0,0,0,21,21,32,26,0,0,87,13,0,0,98,2,0,0,97,3,0,0,90,10,0,0,77,23,0,0,100,0,0,0,91,9,0,0,92,8,0,0,84,16,0,0,56,44,32,0,1,67,0,0,13,87,32,32,32,96,1,1,2,96,2,0,2,96,2,0,2,96,2,1,1,96,2,0,2,96,2,1,1,36,5,0,59,36,5,0,59,36,5,2,57,36,5,0,59,36,5,4,55,36,5,5,54,36,5,1,58,91,0,0,9,91,0,1,8,91,0,0,9,91,0,1,8,91,0,0,9,0,1,45,54,0,2,67,31,0,2,42,56,0,1,54,45,0,3,22,75,0,4,10,86,0,0,51,49,49,0,19,8,11,13,0,0,1,4,27,68,0,0,99,1,0,0,21,79,0,0,2,9,12,10,62,5,0,0,21,18,31,30,0,1,14,23,39,23,0,100,100,55,0,8,37,33,0,12,55,58,0,2,40,46,0,5,49,78,0,1,21,90,0,7,3,0,0,0,0,5,15,80,0,0,0,1,5,14,80,0,0,16,34,32,18,0,0,1,9,23,67,0,0,5,23,33,39,72,1,15,12,72,3,6,19,72,2,9,17,0,0,74,26,74,0,8,18,92,0,0,0,2,0,1,0,5,18,0,4,2,2,9,4,2,9,4,1,1,10,5,1,4,24,0,0,32,66,0,2,0,0,0,0,0,100,0,0,0,0,3,49,29,19,0,1,16,22,37,16,8,3.5333333333333337,3.5402448126271344,1.4,0.5477225575051661,11.446236559139784,5.67769394284765,2.9797979797979797,1.3169212548305416
NZL,New Zealand,5,2021-03-05,2021-03-01,100,0,0,0,0,0,100,367084.3043486737,98,2,0,98,2,7,91,1,4,95,2,14,84,1,9,90,2,11,87,2,3,95,2,4,94,2,3,95,1,0,99,2,3,95,2,9,89,2,2,96,2,7,91,100,0,0,0,93,0,3,4,96,0,2,2,86,0,4,10,91,0,2,7,89,0,3,8,97,0,2,1,96,0,2,2,97,0,2,1,100,0,0,0,97,0,1,2,91,0,2,7,98,0,1,1,93,0,2,5,0,0,0,100,100,0,0,0,0,0,33,67,67,1,3,29,97,0,2,1,97,1,2,0,99,0,1,4,1,1,94,0,0,1,99,0,99,0,1,0,0,99,0,0,1,0,1,0,54,24,14,7,1,5,27,59,8,0,1,3,38,48,10,1,4,36,49,10,1,6,16,52,25,1,3,49,44,3,93,2,5,93,4,3,93,4,3,93,4,3,93,6,1,93,6,1,93,7,0,93,7,0,93,6,1,38,86,0,7,7,86,0,14,0,86,0,13,1,86,0,12,2,86,0,11,3,86,0,9,5,86,0,14,0,86,0,13,1,86,0,13,1,38,76,0,15,9,76,0,20,4,76,0,23,1,76,0,22,2,76,0,13,11,76,0,11,13,76,0,23,1,76,0,24,0,76,0,22,2,38,100,0,0,100,0,100,0,100,0,0,100,0,0,100,0,0,100,0,0,100,0,100,0,38,95,0,5,0,95,0,3,2,95,0,4,1,95,0,4,1,95,0,5,0,95,0,4,1,95,0,4,1,0,1,17,22,35,25,0,0,83,17,0,0,98,2,0,0,93,7,0,0,89,11,0,0,64,36,0,0,98,2,0,0,90,10,0,0,89,11,0,0,82,18,0,0,62,38,43,0,1,56,0,1,18,81,38,38,38,99,1,0,0,99,1,0,0,99,1,0,0,99,1,0,0,99,0,1,0,99,1,0,0,46,7,0,47,46,6,1,47,46,7,0,47,46,6,1,47,46,4,8,42,46,7,2,45,46,6,4,44,89,2,0,9,89,2,1,8,89,2,1,8,89,2,0,9,89,2,2,7,0,2,45,53,0,0,67,33,0,2,39,59,0,1,59,40,0,2,15,83,0,2,8,90,0,0,59,41,41,0,19,14,14,12,0,0,0,3,37,60,0,1,99,0,0,1,22,77,0,0,7,10,12,10,54,7,0,0,21,18,21,40,0,0,11,31,32,26,0,100,100,55,0,10,35,33,3,18,46,61,3,4,32,41,3,8,48,85,1,0,14,92,0,7,1,0,0,2,1,1,4,92,0,0,0,1,3,15,81,0,0,12,35,29,24,0,0,1,7,17,75,0,0,5,24,22,49,71,3,23,3,71,8,5,16,71,6,11,12,0,1,67,32,68,0,11,21,89,0,1,0,4,0,0,1,5,22,0,3,4,4,7,3,3,15,5,0,1,3,4,2,4,20,0,0,43,57,0,0,0,0,0,0,0,0,100,0,0,0,2,43,32,23,0,1,25,18,33,18,5,4.6875,6.336975466617818,0,0,12.138297872340425,5.025956419610439,2.3979591836734695,1.306129845602873
NZL,New Zealand,6,2021-03-05,2021-02-28,100,0,0,0,0,0,99,438416.23845607275,89,0,0,100,0,5,95,0,0,100,0,8,92,0,7,93,0,6,94,0,3,97,0,2,98,1,1,98,0,0,100,0,2,98,0,2,98,0,0,100,0,3,97,100,0,0,0,95,0,0,5,100,0,0,0,92,0,4,4,93,0,4,3,94,0,1,5,97,0,1,2,98,0,0,2,99,0,0,1,100,0,0,0,98,0,1,1,98,0,0,2,100,0,0,0,97,0,0,3,0,1,0,99,100,0,0,0,0,1,24,75,76,0,2,22,98,0,2,0,98,0,2,0,100,0,0,3,3,1,93,0,1,0,99,0,100,0,0,0,0,100,0,0,0,0,0,0,64,25,4,7,0,4,36,51,9,0,0,4,41,43,12,0,5,41,45,9,0,6,14,59,21,0,2,65,29,4,93,5,2,93,6,1,93,5,2,93,5,2,93,3,4,93,5,2,93,6,1,93,7,0,93,6,1,14,96,0,3,1,96,0,4,0,96,0,4,0,96,0,4,0,96,0,1,3,96,0,2,2,96,0,4,0,96,0,4,0,96,0,4,0,14,75,0,16,9,75,0,18,7,75,0,24,1,75,0,24,1,75,0,16,9,75,0,12,13,75,0,24,1,75,0,25,0,75,0,24,1,14,100,0,0,100,0,100,0,100,0,0,100,0,0,100,0,0,100,0,0,100,0,100,0,14,97,1,2,0,97,1,1,1,97,1,2,0,97,1,2,0,97,1,2,0,97,1,2,0,97,1,1,1,0,0,16,16,42,26,0,2,87,11,0,2,91,7,0,2,86,12,0,2,84,14,0,2,57,41,0,2,94,4,0,2,87,11,0,2,86,12,0,2,86,12,0,2,64,34,46,0,2,52,8,1,6,85,14,14,14,99,0,0,1,99,0,0,1,99,0,0,1,99,0,0,1,99,0,0,1,99,0,0,1,20,13,0,67,20,13,0,67,20,12,4,64,20,13,0,67,20,12,14,54,20,12,4,64,20,12,9,59,83,1,0,16,83,1,2,14,83,1,0,16,83,1,0,16,83,1,0,16,0,1,22,77,0,1,65,34,0,1,43,56,0,1,45,54,0,1,24,75,0,1,9,90,0,1,47,52,53,0,21,11,5,10,0,0,0,2,32,66,0,1,98,1,0,1,21,78,0,0,7,4,8,8,69,4,0,1,28,20,28,23,0,1,6,24,37,32,0,100,100,78,2,4,16,35,0,13,52,57,1,6,36,55,0,6,39,76,0,4,20,91,0,5,4,0,0,2,1,3,7,87,0,0,1,0,4,9,86,0,1,11,32,34,22,0,0,1,4,15,80,0,0,3,13,20,64,84,0,10,6,84,4,2,10,84,4,5,7,0,0,35,65,35,1,10,54,90,0,2,1,3,0,0,0,4,55,0,2,3,2,9,0,1,7,2,0,1,3,1,5,2,7,0,2,39,59,0,0,0,0,0,0,0,0,0,100,0,5,7,33,32,23,5,6,25,21,32,9,2,5.384615384615385,4.699972722233991,0,0,11.877777777777778,4.730555179850773,2.0786516853932584,1.2268281266331742
NZL,New Zealand,7,2021-03-05,2021-02-26,100,0,0,0,0,2,100,433473.2712453446,95,1,0,99,2,8,90,2,4,94,2,16,82,2,11,87,2,15,83,2,0,98,2,2,96,2,4,94,2,1,97,1,3,96,2,5,93,2,0,98,2,7,91,100,0,0,0,92,1,1,6,96,1,0,3,84,1,5,10,89,0,3,8,85,2,2,11,100,0,0,0,98,0,2,0,96,1,1,2,99,0,1,0,97,0,1,2,95,2,1,2,100,0,0,0,93,0,4,3,0,0,2,98,98,0,1,1,0,0,27,73,73,1,3,23,97,0,3,0,97,0,3,0,100,0,0,4,6,1,89,0,2,0,97,1,100,0,0,0,0,100,0,0,0,0,0,0,75,17,4,4,0,12,34,43,11,0,0,12,46,35,7,0,9,56,26,9,0,13,19,41,27,0,6,71,20,3,96,2,2,96,3,1,96,3,1,96,3,1,96,4,0,96,3,1,96,4,0,96,3,1,96,2,2,6,96,0,1,3,96,0,3,1,96,0,3,1,96,0,3,1,96,0,1,3,96,0,3,1,96,0,4,0,96,0,4,0,96,0,4,0,6,83,0,11,6,83,0,13,4,83,0,17,0,83,0,16,1,83,0,11,6,83,0,8,9,83,0,17,0,83,0,17,0,83,0,17,0,6,100,0,0,100,0,100,0,100,0,0,100,0,0,100,0,0,100,0,0,100,0,100,0,6,98,0,2,0,98,0,0,2,98,0,1,1,98,0,2,0,98,0,1,1,98,0,2,0,98,0,2,0,0,2,13,15,29,41,0,1,81,18,0,1,86,13,0,1,87,12,0,1,79,20,0,1,52,47,0,1,89,10,0,1,89,10,0,1,72,27,0,1,84,15,0,1,78,21,46,3,0,51,3,4,1,92,6,6,6,99,0,0,1,99,0,1,0,99,0,0,1,99,0,0,1,99,0,1,0,99,0,0,1,73,1,0,26,73,1,1,25,73,1,1,25,73,1,0,26,73,1,5,21,73,1,1,25,73,1,4,22,94,0,0,6,94,0,0,6,94,0,0,6,94,0,0,6,94,0,1,5,0,3,12,85,0,1,50,49,0,1,39,60,0,3,49,48,0,1,26,73,0,2,8,90,0,1,62,37,38,0,29,8,13,12,0,1,0,5,36,58,0,1,99,0,0,0,21,79,0,0,3,7,11,8,59,12,0,0,28,22,36,14,0,4,6,20,28,42,0,100,100,88,2,0,10,50,2,9,39,61,2,4,33,51,1,7,41,74,2,3,21,92,1,4,3,0,1,1,1,0,4,93,0,0,0,0,1,11,88,0,0,7,24,33,36,0,1,0,2,7,90,0,0,0,4,29,67,96,0,1,3,96,1,1,2,96,1,1,2,0,2,10,88,12,1,9,78,91,0,0,0,0,0,0,0,9,81,0,1,2,1,2,0,1,0,0,0,2,4,0,1,2,3,0,2,44,54,0,0,0,0,0,0,0,0,0,0,100,3,8,36,35,18,3,6,20,28,25,16,2,9.375,9.331701086151995,1,0,13.214285714285715,4.113074740507189,1.9213483146067416,1.0025503739455008
NZL,New Zealand,-99,2021-03-06,2021-03-01,100,0,0,0,0,3,83,439528.9756717692,0,0,0,100,0,7,93,0,4,96,0,20,80,0,11,89,0,16,84,0,4,96,0,3,97,0,6,94,0,1,99,0,4,96,0,15,85,0,1,99,0,15,85,100,0,0,0,93,0,3,4,96,0,2,2,80,0,6,14,89,0,2,9,84,0,8,8,96,0,4,0,97,0,2,1,94,0,4,2,99,0,0,1,96,0,2,2,85,0,4,11,99,0,0,1,85,1,5,9,17,0,2,81,99,0,1,0,20,1,24,55,76,0,5,19,95,0,5,0,95,0,5,0,100,0,0,26,1,2,71,21,0,1,77,1,99,0,1,0,0,99,0,0,1,0,24,0,38,21,9,8,31,5,25,34,5,0,31,4,25,29,11,31,6,24,30,9,31,5,12,32,20,31,3,37,25,4,92,3,5,92,7,1,92,5,3,92,5,3,92,7,1,92,6,2,92,6,2,92,7,1,92,6,2,34,92,0,5,3,92,0,6,2,92,0,7,1,92,0,6,2,92,0,3,5,92,0,5,3,92,0,7,1,92,0,8,0,92,0,8,0,34,79,1,11,9,79,1,14,6,79,1,19,1,79,1,18,2,79,1,11,9,79,1,9,11,79,1,18,2,79,1,20,0,79,1,20,0,34,100,0,0,100,0,100,0,100,0,0,100,0,0,100,0,0,100,0,0,100,0,100,0,34,95,0,5,0,95,0,4,1,95,0,4,1,95,0,4,1,95,0,5,0,95,0,3,2,95,0,1,4,32,1,14,21,18,14,37,4,47,12,37,4,57,2,37,4,57,2,37,4,53,6,37,4,45,14,37,4,57,2,37,4,58,1,37,4,51,8,37,4,55,4,37,4,27,32,100,0,0,0,100,0,0,0,34,34,34,98,0,1,1,98,1,0,1,98,1,0,1,98,1,1,0,98,1,0,1,98,1,0,1,68,2,0,30,68,2,0,30,68,2,0,30,68,2,0,30,68,2,4,26,68,2,5,25,68,3,2,27,93,1,0,6,93,1,1,5,93,1,0,6,93,1,0,6,93,1,0,6,48,0,24,28,48,1,33,18,48,1,18,33,48,1,24,27,48,1,12,39,48,1,2,49,51,1,18,30,82,0,7,4,3,4,55,0,0,3,15,27,55,0,45,0,62,1,5,32,62,0,9,3,5,3,16,2,62,0,14,10,8,6,63,1,7,11,12,6,0,100,100,78,0,7,15,69,0,10,21,84,1,5,10,78,0,2,20,89,0,0,11,98,0,1,1,68,1,0,1,4,1,25,68,1,0,2,2,4,23,73,1,8,6,8,4,73,1,3,5,8,10,73,0,3,8,12,4,90,2,6,2,90,3,3,4,90,3,4,3,79,0,6,15,85,0,9,6,99,0,0,0,0,0,0,0,1,97,0,0,0,1,1,0,0,0,0,0,0,0,0,0,0,1,100,0,0,0,0,0,100,0,0,0,0,0,0,0,0,100,0,0,0,0,100,0,0,0,0,0,0,5.2592592592592595,7.669081745216621,2,0,0,0,0,0
NZL,New Zealand,1,2021-03-06,2021-02-28,100,3,10045.91735920926,2,6209.114657590289,12,100,518823.7581759813,97,0,3,97,0,18,82,0,4,96,0,25,75,0,17,83,0,21,79,0,9,91,0,2,98,0,6,94,0,0,100,0,5,95,0,26,74,0,2,98,0,18,82,97,0,2,1,82,0,8,10,96,0,1,3,75,0,2,23,83,0,4,13,79,1,3,17,91,0,7,2,98,0,1,1,94,0,1,5,100,0,0,0,95,0,1,4,74,0,5,21,98,0,0,2,82,0,7,11,0,0,5,95,95,0,4,1,0,1,25,74,75,0,2,23,98,0,2,0,98,0,2,0,100,0,0,3,0,5,92,0,0,0,100,0,100,0,0,0,0,100,0,0,0,0,0,0,47,28,18,7,0,0,38,57,5,0,0,0,46,47,7,0,0,49,41,10,0,0,19,54,27,0,0,65,29,6,93,3,4,93,4,3,93,4,3,93,6,1,93,4,3,93,6,1,93,7,0,93,7,0,93,6,1,14,82,0,6,12,82,0,9,9,82,0,16,2,82,0,17,1,82,0,3,15,82,0,7,11,82,0,16,2,82,0,18,0,82,0,16,2,14,72,0,18,10,72,0,21,7,72,0,24,4,72,0,25,3,72,0,15,13,72,0,9,19,72,0,22,6,72,0,28,0,72,0,26,2,14,100,0,0,100,0,100,0,100,0,0,100,0,0,100,0,0,100,0,0,100,0,100,0,14,91,0,9,0,91,0,5,4,91,0,4,5,91,0,7,2,91,0,9,0,91,0,7,2,91,0,6,3,0,0,18,16,38,28,0,1,79,20,0,1,98,1,0,1,99,0,0,1,99,0,0,1,96,3,0,1,99,0,0,1,92,7,0,1,95,4,0,1,96,3,0,1,30,69,31,0,3,66,3,0,14,83,14,14,14,95,0,1,4,95,0,0,5,95,0,0,5,95,0,0,5,95,0,1,4,95,0,1,4,58,1,0,41,58,1,0,41,58,1,1,40,58,1,0,41,58,1,3,38,58,1,6,35,58,1,3,38,92,0,1,7,92,0,1,7,92,0,1,7,92,0,0,8,92,0,1,7,0,0,47,53,0,0,67,33,0,1,50,49,0,0,62,38,0,0,33,67,0,0,16,84,0,0,54,46,46,0,25,8,6,15,0,0,2,13,39,46,0,0,98,2,0,1,9,90,0,0,9,10,19,22,37,3,0,0,24,14,32,30,0,0,10,33,32,25,0,100,100,53,0,14,33,33,0,17,50,50,0,9,41,38,0,9,53,67,0,5,28,84,0,12,4,0,0,2,7,11,21,59,0,0,6,7,18,20,49,0,1,14,27,27,31,0,0,6,8,29,57,0,0,17,16,33,34,67,0,22,11,67,1,3,29,67,1,8,24,0,0,69,31,69,1,10,20,90,0,0,0,1,2,1,1,5,21,0,3,13,1,2,2,1,2,4,0,3,3,5,2,3,35,0,2,30,67,1,0,0,0,100,0,0,0,0,0,0,3,3,48,34,12,3,0,13,18,31,24,11,6.354838709677418,7.798900246542853,2.4,0.8944271909999157,11.435483870967742,5.445992646398665,3.478723404255319,1.3257476965585202
NZL,New Zealand,2,2021-03-06,2021-02-28,100,1,4555.7656405501,1,4555.7656405501,11,100,476144.60480959323,99,0,1,99,0,6,94,0,1,99,0,23,77,0,14,86,0,13,87,0,7,93,0,2,98,0,3,97,0,0,100,0,4,96,0,25,75,0,2,98,0,17,83,99,0,0,1,94,0,4,2,99,0,1,0,77,0,5,18,86,0,3,11,87,0,1,12,93,0,3,4,98,0,2,0,97,0,1,2,100,0,0,0,96,0,1,3,75,0,7,18,98,0,1,1,83,0,8,9,0,0,6,94,94,0,6,0,0,0,32,68,68,0,2,30,98,0,2,0,98,0,2,0,100,0,0,2,0,1,97,0,0,2,98,0,98,0,1,1,0,99,0,0,1,0,2,0,48,33,11,6,2,0,36,55,7,0,2,1,51,37,9,2,0,45,46,7,2,1,12,64,21,2,0,59,37,2,94,3,3,94,6,0,94,6,0,94,5,1,94,4,2,94,4,2,94,6,0,94,5,1,94,4,2,18,89,0,5,6,89,0,10,1,89,0,9,2,89,0,11,0,89,0,5,6,89,0,5,6,89,0,11,0,89,0,11,0,89,0,8,3,18,67,0,16,17,67,0,30,3,67,0,33,0,67,0,31,2,67,0,16,17,67,0,11,22,67,0,32,1,67,0,33,0,67,0,32,1,18,100,0,0,100,0,100,0,100,0,0,100,0,0,100,0,0,100,0,0,100,0,100,0,18,98,0,2,0,98,0,1,1,98,0,0,2,98,0,1,1,98,0,1,1,98,0,2,0,98,0,1,1,0,0,17,17,43,23,0,4,76,20,0,4,96,0,0,4,95,1,0,4,93,3,0,4,87,9,0,4,96,0,0,4,88,8,0,4,95,1,0,4,85,11,0,4,35,61,34,0,3,63,1,0,17,82,18,18,18,99,0,0,1,99,0,0,1,99,0,0,1,99,0,0,1,99,0,0,1,99,0,0,1,27,0,0,73,27,0,0,73,27,0,2,71,27,0,2,71,27,0,4,69,27,1,3,69,27,0,6,67,90,1,1,8,90,1,0,9,90,1,1,8,90,1,0,9,90,1,0,9,0,0,51,49,0,0,70,30,0,0,45,55,0,0,56,44,0,0,25,75,0,0,10,90,0,0,51,49,49,0,17,12,9,13,0,0,0,8,36,56,0,0,100,0,0,1,17,82,0,0,6,12,13,14,52,3,0,0,16,17,32,35,0,1,9,29,36,25,0,100,100,49,0,12,39,30,0,17,53,55,0,8,37,44,0,6,50,75,0,3,22,90,0,7,3,0,0,3,6,7,14,70,0,0,1,4,9,23,63,0,0,12,26,37,25,0,1,3,7,11,78,0,0,9,12,20,59,79,0,15,6,79,0,6,15,79,2,5,14,0,0,77,23,77,1,11,11,89,1,3,0,0,1,0,1,5,12,0,1,9,8,9,1,4,7,3,0,3,13,0,2,2,26,0,0,33,66,0,1,0,0,0,100,0,0,0,0,0,1,1,53,23,22,1,0,20,28,27,18,6,3.7547169811320753,5.690429415922028,1.8333333333333333,1.6020819787597222,13.081632653061224,6.143764703310539,3.0736842105263156,1.2902424748460952
NZL,New Zealand,3,2021-03-06,2021-02-28,100,0,0,0,0,17,100,472471.6967090689,99,0,0,100,0,7,93,0,0,100,0,16,84,0,17,83,0,20,80,0,7,93,0,0,100,0,1,99,0,0,100,0,5,95,0,19,81,0,0,100,0,14,86,100,0,0,0,93,0,4,3,100,0,0,0,84,0,5,11,83,0,5,12,80,0,8,12,93,0,3,4,100,0,0,0,99,0,0,1,100,0,0,0,95,0,3,2,81,0,7,12,100,0,0,0,86,0,7,7,0,0,12,88,88,0,10,2,0,0,31,69,69,1,2,28,98,1,1,0,98,0,2,0,100,0,0,3,0,3,94,0,0,0,100,0,100,0,0,0,0,100,0,0,0,0,0,0,47,28,18,7,0,3,32,56,9,0,0,1,42,43,14,0,2,40,45,13,0,3,10,56,31,0,1,53,43,3,93,3,4,93,5,2,93,7,0,93,7,0,93,4,3,93,6,1,93,7,0,93,6,1,93,6,1,12,82,0,11,7,82,0,13,5,82,0,14,4,82,0,17,1,82,0,6,12,82,0,12,6,82,0,17,1,82,0,18,0,82,0,16,2,12,72,0,10,18,72,0,22,6,72,0,27,1,72,0,26,2,72,0,12,16,72,0,12,16,72,0,28,0,72,0,28,0,72,0,23,5,12,100,0,0,100,0,100,0,100,0,0,100,0,0,100,0,0,100,0,0,100,0,100,0,12,95,0,5,0,95,0,4,1,95,0,3,2,95,0,5,0,95,0,4,1,95,0,4,1,95,0,4,1,0,0,20,23,36,21,0,1,80,19,0,1,99,0,0,1,96,3,0,1,96,3,0,1,84,15,0,1,98,1,0,1,96,3,0,1,95,4,0,1,87,12,0,1,49,50,45,0,2,53,1,0,11,88,12,12,12,97,0,1,2,97,1,1,1,97,1,1,1,97,1,0,2,97,1,0,2,97,1,1,1,38,2,0,60,38,2,1,59,38,2,3,57,38,3,0,59,38,2,5,55,38,2,7,53,38,2,1,59,88,1,0,11,88,1,0,11,88,1,1,10,88,1,1,10,88,0,3,9,0,2,50,48,0,0,71,29,0,1,43,56,0,1,61,38,0,2,24,74,0,2,7,91,0,0,63,37,37,0,29,10,7,17,0,0,1,5,35,59,0,2,98,0,0,0,16,84,0,0,7,5,16,15,54,3,0,0,19,15,33,33,0,0,10,26,38,26,0,100,100,50,0,12,38,29,1,21,49,57,0,8,35,39,0,8,53,76,0,3,21,93,0,4,3,0,0,2,3,5,12,78,0,0,1,3,10,17,69,0,1,14,26,35,24,0,0,4,4,19,73,0,0,6,15,36,43,79,1,16,4,79,3,6,12,79,4,6,11,0,1,75,24,76,0,7,17,93,0,1,1,0,0,0,1,4,18,0,3,6,6,8,1,6,7,6,0,3,10,4,0,6,16,0,1,45,53,0,1,0,0,0,0,100,0,0,0,0,0,4,52,28,16,0,2,10,24,40,20,4,3.0869565217391304,3.271602305065834,1.4166666666666667,0.5149286505444373,12.226190476190476,5.5370628342788,3.351063829787234,1.373383286557663
NZL,New Zealand,4,2021-03-06,2021-03-01,100,0,0,0,0,7,100,396399.30677118065,100,0,0,100,0,6,94,0,0,100,0,12,88,0,6,94,0,15,85,0,3,97,0,1,99,0,1,99,0,0,100,0,3,97,0,10,90,0,1,99,0,4,96,100,0,0,0,94,0,3,3,100,0,0,0,88,0,3,9,94,0,5,1,85,0,3,12,97,0,1,2,99,0,1,0,99,0,0,1,100,0,0,0,97,0,1,2,90,0,4,6,99,0,1,0,96,0,3,1,0,0,5,95,95,0,5,0,0,3,34,63,66,0,9,25,91,0,8,1,91,0,9,0,100,0,0,12,0,4,84,0,0,2,98,0,98,0,2,0,0,98,0,0,2,0,2,0,53,28,13,4,2,2,32,53,11,0,2,2,34,50,12,2,2,33,50,13,2,3,9,56,30,2,2,55,35,6,96,0,4,96,1,3,96,3,1,96,3,1,96,1,3,96,3,1,96,4,0,96,4,0,96,4,0,35,87,0,6,7,87,0,9,4,87,0,9,4,87,0,12,1,87,0,5,8,87,0,8,5,87,0,12,1,87,0,13,0,87,0,13,0,35,72,0,16,12,72,0,18,10,72,0,28,0,72,0,27,1,72,0,14,14,72,0,13,15,72,0,28,0,72,0,28,0,72,0,27,1,35,100,0,0,100,0,100,0,100,0,0,100,0,0,100,0,0,100,0,0,100,0,100,0,35,95,0,5,0,95,0,3,2,95,0,2,3,95,0,0,5,95,0,4,1,95,0,3,2,95,0,5,0,0,0,21,21,31,27,0,0,89,11,0,0,98,2,0,0,97,3,0,0,89,11,0,0,76,24,0,0,100,0,0,0,90,10,0,0,92,8,0,0,83,17,0,0,56,44,33,0,1,66,0,0,14,86,35,35,35,96,1,1,2,96,2,0,2,96,2,0,2,96,2,1,1,96,2,0,2,96,2,1,1,39,5,0,56,39,5,0,56,39,5,2,54,39,5,0,56,39,5,3,53,39,5,5,51,39,5,1,55,92,0,0,8,92,0,1,7,92,0,0,8,92,0,1,7,92,0,0,8,0,1,46,53,0,2,67,31,0,2,43,55,0,1,55,44,0,3,22,75,0,4,9,87,0,0,52,48,48,0,20,7,11,14,0,0,1,4,29,66,0,0,99,1,0,0,20,80,0,0,2,9,12,10,62,5,0,0,21,17,32,30,0,1,14,23,39,23,0,100,100,54,0,8,38,33,0,12,55,57,0,2,41,45,0,5,50,78,0,1,21,91,0,6,3,0,0,0,0,5,15,80,0,0,0,1,6,14,79,0,0,16,34,32,18,0,0,1,9,25,65,0,0,5,25,31,39,70,1,16,13,70,3,6,21,70,2,9,19,0,0,74,26,74,0,8,18,92,0,0,0,2,0,1,0,5,18,0,4,2,2,9,4,2,7,5,1,1,10,5,1,4,25,0,0,33,65,0,2,0,0,0,0,0,100,0,0,0,0,3,48,30,19,0,1,15,22,39,14,9,3.4516129032258065,3.4335473364769498,1.4,0.5477225575051661,11.36021505376344,5.624270769831376,3.01010101010101,1.3209068429121074
NZL,New Zealand,5,2021-03-06,2021-03-01,100,0,0,0,0,0,100,366730.3597459355,98,2,0,98,2,7,91,1,4,95,2,14,84,1,9,90,2,11,87,2,3,95,2,4,94,2,3,95,1,0,99,2,3,95,2,9,89,2,2,96,2,7,91,100,0,0,0,93,0,3,4,96,0,2,2,86,0,4,10,91,0,2,7,89,0,3,8,97,0,2,1,96,0,2,2,97,0,2,1,100,0,0,0,97,0,1,2,91,0,2,7,98,0,1,1,93,0,2,5,0,0,0,100,100,0,0,0,0,0,33,67,67,1,3,29,97,0,2,1,97,1,2,0,99,0,1,4,1,1,94,0,0,1,99,0,99,0,1,0,0,99,0,0,1,0,1,0,55,23,14,7,1,5,27,59,8,0,1,3,38,48,10,1,4,37,48,10,1,6,16,52,25,1,3,49,44,3,93,2,5,93,4,3,93,4,3,93,4,3,93,6,1,93,6,1,93,7,0,93,7,0,93,6,1,39,86,0,7,7,86,0,14,0,86,0,13,1,86,0,12,2,86,0,11,3,86,0,9,5,86,0,14,0,86,0,13,1,86,0,13,1,39,77,0,15,8,77,0,19,4,77,0,22,1,77,0,21,2,77,0,13,10,77,0,11,12,77,0,22,1,77,0,23,0,77,0,21,2,39,100,0,0,100,0,100,0,100,0,0,100,0,0,100,0,0,100,0,0,100,0,100,0,39,95,0,5,0,95,0,3,2,95,0,4,1,95,0,4,1,95,0,5,0,95,0,4,1,95,0,4,1,0,1,17,22,35,25,0,0,83,17,0,0,98,2,0,0,93,7,0,0,89,11,0,0,63,37,0,0,98,2,0,0,90,10,0,0,88,12,0,0,83,17,0,0,62,38,43,0,1,56,0,1,17,82,39,39,39,99,1,0,0,99,1,0,0,99,1,0,0,99,1,0,0,99,0,1,0,99,1,0,0,47,7,0,46,47,6,1,46,47,7,0,46,47,6,1,46,47,4,8,41,47,7,2,44,47,6,4,43,89,2,0,9,89,2,1,8,89,2,1,8,89,2,0,9,89,2,2,7,0,2,44,54,0,0,68,32,0,2,39,59,0,1,58,41,0,2,15,83,0,2,8,90,0,0,58,42,42,0,19,13,14,12,0,0,0,3,36,61,0,1,99,0,0,1,23,76,0,0,7,10,12,10,54,7,0,0,21,18,21,40,0,0,11,31,32,26,0,100,100,56,0,10,34,32,3,18,47,61,3,4,32,42,3,8,47,85,1,0,14,92,0,7,1,0,0,2,1,1,4,92,0,0,0,1,3,15,81,0,0,12,34,30,24,0,0,1,7,17,75,0,0,5,24,21,50,71,3,23,3,71,8,5,16,71,6,11,12,0,1,66,33,67,0,12,21,88,0,1,0,4,0,0,1,6,22,0,3,4,4,7,3,3,15,5,0,1,3,4,2,4,20,0,0,43,57,0,0,0,0,0,0,0,0,100,0,0,0,2,43,32,23,0,1,25,18,33,18,5,4.6875,6.336975466617818,0,0,12.191489361702128,5.050873651129135,2.377551020408163,1.2964289264312208
NZL,New Zealand,6,2021-03-06,2021-02-28,100,0,0,0,0,0,99,442736.79577751365,89,0,0,100,0,6,94,0,0,100,0,7,93,0,8,92,0,5,95,0,3,97,0,2,98,1,0,99,0,0,100,0,2,98,0,3,97,0,0,100,0,3,97,100,0,0,0,94,0,0,6,100,0,0,0,93,0,4,3,92,0,4,4,95,0,1,4,97,0,1,2,98,0,0,2,100,0,0,0,100,0,0,0,98,0,1,1,97,0,1,2,100,0,0,0,97,0,0,3,0,1,0,99,100,0,0,0,0,1,23,76,77,0,2,21,98,0,2,0,98,0,2,0,100,0,0,3,3,1,93,0,1,0,99,0,100,0,0,0,0,100,0,0,0,0,0,0,65,24,4,7,0,3,36,52,9,0,0,3,41,44,12,0,4,41,47,8,0,5,14,61,20,0,1,66,29,4,93,5,2,93,6,1,93,5,2,93,5,2,93,3,4,93,5,2,93,6,1,93,7,0,93,6,1,17,96,0,3,1,96,0,4,0,96,0,4,0,96,0,4,0,96,0,1,3,96,0,2,2,96,0,4,0,96,0,4,0,96,0,4,0,17,76,0,16,8,76,0,18,6,76,0,24,0,76,0,23,1,76,0,16,8,76,0,12,12,76,0,23,1,76,0,24,0,76,0,23,1,17,100,0,0,100,0,100,0,100,0,0,100,0,0,100,0,0,100,0,0,100,0,100,0,17,98,0,2,0,98,0,1,1,98,0,2,0,98,0,2,0,98,0,2,0,98,0,2,0,98,0,1,1,0,0,15,16,42,27,0,2,86,12,0,2,91,7,0,2,87,11,0,2,84,14,0,2,57,41,0,2,95,3,0,2,88,10,0,2,86,12,0,2,86,12,0,2,64,34,46,0,2,52,8,1,6,85,17,17,17,99,0,0,1,99,0,0,1,99,0,0,1,99,0,0,1,99,0,0,1,99,0,0,1,20,13,0,67,20,13,0,67,20,12,4,64,20,13,0,67,20,12,14,54,20,12,4,64,20,12,9,59,83,1,0,16,83,1,2,14,83,1,0,16,83,1,0,16,83,1,0,16,0,1,24,75,0,1,66,33,0,1,43,56,0,1,47,52,0,1,23,76,0,1,9,90,0,1,48,51,52,0,21,11,5,11,0,0,0,2,31,67,0,1,98,1,0,1,20,79,0,0,6,5,9,8,68,4,0,1,31,19,26,23,0,1,6,24,37,32,0,100,100,76,2,5,17,34,0,13,53,57,1,6,36,53,0,7,40,77,0,3,20,91,0,5,4,0,0,2,1,2,7,88,0,0,1,0,3,9,87,0,1,11,30,34,24,0,0,1,4,13,82,0,0,3,12,20,65,85,0,10,5,85,4,2,9,85,4,5,6,0,0,38,62,38,1,10,51,90,0,2,1,3,0,0,0,4,52,0,2,4,3,10,0,1,7,2,0,1,3,1,5,2,7,0,2,39,59,0,0,0,0,0,0,0,0,0,100,0,5,8,34,29,24,5,6,25,21,32,9,2,4.846153846153846,4.524860105501492,0,0,11.933333333333334,4.665917542869133,2.067415730337079,1.222866907284502
NZL,New Zealand,7,2021-03-06,2021-02-26,100,0,0,0,0,2,100,425818.4178894241,96,1,0,99,2,8,90,2,4,94,2,16,82,2,11,87,2,15,83,2,0,98,2,2,96,2,4,94,2,1,97,1,3,96,2,5,93,2,0,98,2,7,91,100,0,0,0,92,1,1,6,96,1,0,3,84,1,5,10,89,0,3,8,85,2,2,11,100,0,0,0,98,0,2,0,96,1,1,2,99,0,1,0,97,0,1,2,95,2,1,2,100,0,0,0,93,0,4,3,0,0,2,98,98,0,1,1,0,0,27,73,73,1,3,23,97,0,3,0,97,0,3,0,100,0,0,4,6,1,89,0,2,0,97,1,100,0,0,0,0,100,0,0,0,0,0,0,76,17,3,4,0,12,35,43,10,0,0,12,47,33,8,0,9,57,27,7,0,13,20,42,25,0,6,73,18,3,96,2,2,96,3,1,96,4,0,96,4,0,96,3,1,96,3,1,96,4,0,96,3,1,96,2,2,9,97,0,1,2,97,0,2,1,97,0,2,1,97,0,2,1,97,0,1,2,97,0,2,1,97,0,3,0,97,0,3,0,97,0,3,0,9,83,0,12,5,83,0,13,4,83,0,17,0,83,0,16,1,83,0,12,5,83,0,7,10,83,0,17,0,83,0,17,0,83,0,17,0,9,100,0,0,100,0,100,0,100,0,0,100,0,0,100,0,0,100,0,0,100,0,100,0,9,99,0,1,0,99,0,0,1,99,0,0,1,99,0,1,0,99,0,1,0,99,0,1,0,99,0,1,0,0,2,13,15,28,42,0,1,81,18,0,1,86,13,0,1,87,12,0,1,78,21,0,1,51,48,0,1,89,10,0,1,89,10,0,1,72,27,0,1,84,15,0,1,80,19,45,3,0,52,3,4,1,92,9,9,9,99,0,0,1,99,0,1,0,99,0,0,1,99,0,0,1,99,0,1,0,99,0,0,1,73,1,0,26,73,1,1,25,73,1,1,25,73,1,0,26,73,1,5,21,73,1,1,25,73,1,4,22,94,0,0,6,94,0,0,6,94,0,0,6,94,0,0,6,94,0,1,5,0,4,12,84,0,1,51,48,0,1,38,61,0,3,50,47,0,2,24,74,0,3,8,89,0,1,61,38,39,0,31,8,11,11,0,1,0,5,39,55,0,1,99,0,0,0,20,80,0,0,3,8,11,9,56,13,0,0,29,24,34,13,0,4,6,20,30,40,0,100,100,88,1,0,11,49,1,11,39,62,2,4,32,50,1,7,42,76,1,3,20,92,1,4,3,0,1,1,1,0,4,93,0,0,0,0,1,11,88,0,0,7,24,33,36,0,1,0,2,7,90,0,0,0,4,30,66,96,0,1,3,96,1,1,2,96,1,1,2,0,1,10,89,11,1,10,78,90,0,0,0,1,0,0,0,9,80,0,1,2,1,3,0,1,0,0,0,2,4,0,1,2,3,0,2,43,55,0,0,0,0,0,0,0,0,0,0,100,3,8,35,34,20,3,5,20,27,27,16,2,9.181818181818182,9.251535499089277,1,0,12.988095238095237,4.224124768885216,1.955056179775281,1.0325400317965947
NZL,New Zealand,-99,2021-03-07,2021-03-01,100,0,0,0,0,3,83,437578.0930687032,0,0,0,100,0,7,93,0,4,96,0,19,81,0,10,90,0,16,84,0,4,96,0,3,97,0,6,94,0,1,99,0,4,96,0,15,85,0,1,99,0,15,85,100,0,0,0,93,0,3,4,96,0,2,2,81,0,6,13,90,0,2,8,84,0,8,8,96,0,4,0,97,0,2,1,94,0,4,2,99,0,0,1,96,0,2,2,85,0,4,11,99,0,0,1,85,1,5,9,17,0,2,81,99,0,1,0,20,1,25,54,75,0,6,19,94,0,6,0,94,0,6,0,100,0,0,27,1,2,70,21,0,2,76,1,98,0,2,0,0,98,0,1,1,0,25,0,38,21,8,8,32,5,25,33,5,0,32,4,24,29,11,32,6,24,29,9,32,5,12,31,20,32,3,36,25,4,92,3,5,92,7,1,92,5,3,92,5,3,92,7,1,92,6,2,92,6,2,92,7,1,92,6,2,35,93,0,4,3,93,0,5,2,93,0,6,1,93,0,5,2,93,0,3,4,93,0,4,3,93,0,6,1,93,0,7,0,93,0,7,0,35,79,1,11,9,79,1,14,6,79,1,19,1,79,1,18,2,79,1,11,9,79,1,9,11,79,1,18,2,79,1,20,0,79,1,20,0,35,100,0,0,100,0,100,0,100,0,0,100,0,0,100,0,0,100,0,0,100,0,100,0,35,95,0,5,0,95,0,4,1,95,0,4,1,95,0,4,1,95,0,5,0,95,0,3,2,95,0,1,4,32,1,14,20,19,14,37,4,47,12,37,4,57,2,37,4,57,2,37,4,53,6,37,4,45,14,37,4,57,2,37,4,58,1,37,4,51,8,37,4,55,4,37,4,27,32,100,0,0,0,100,0,0,0,35,35,35,98,0,1,1,98,1,0,1,98,1,0,1,98,1,1,0,98,1,0,1,98,1,0,1,69,2,0,29,69,2,0,29,69,2,0,29,69,2,0,29,69,2,4,25,69,2,5,24,69,3,2,26,93,1,0,6,93,1,1,5,93,1,0,6,93,1,0,6,93,1,0,6,48,0,23,29,48,1,32,19,48,1,17,34,48,1,23,28,48,1,11,40,48,1,2,49,50,1,18,31,82,0,7,4,3,4,54,0,0,3,15,28,54,0,46,0,61,1,5,33,61,0,10,3,5,3,16,2,61,0,15,10,8,6,62,1,7,12,12,6,0,100,100,78,0,7,15,69,0,10,21,84,1,5,10,78,0,2,20,89,0,0,11,98,0,1,1,67,1,1,1,4,1,25,67,1,1,2,2,4,23,72,1,9,6,8,4,72,1,4,5,8,10,72,0,4,8,12,4,89,3,6,2,89,4,3,4,89,4,4,3,78,0,6,16,84,0,9,7,99,0,0,0,0,0,0,0,1,97,0,0,0,1,1,0,0,0,0,0,0,0,0,0,0,1,100,0,0,0,0,0,100,0,0,0,0,0,0,0,0,100,0,0,0,0,100,0,0,0,0,0,0,5.076923076923077,7.7610467176693465,2,0,0,0,0,0
NZL,New Zealand,1,2021-03-07,2021-02-28,100,3,10045.91735920926,2,6209.114657590289,12,100,528420.2289081558,98,0,3,97,0,18,82,0,4,96,0,25,75,0,17,83,0,22,78,0,9,91,0,2,98,0,6,94,0,0,100,0,5,95,0,26,74,0,2,98,0,18,82,97,0,2,1,82,0,8,10,96,0,1,3,75,0,2,23,83,0,4,13,78,1,4,17,91,0,7,2,98,0,1,1,94,0,1,5,100,0,0,0,95,0,1,4,74,0,5,21,98,0,0,2,82,0,7,11,0,0,5,95,95,0,4,1,0,1,26,73,74,0,2,24,98,0,2,0,98,0,2,0,100,0,0,3,0,5,92,0,0,0,100,0,100,0,0,0,0,100,0,0,0,0,0,0,47,28,18,7,0,0,38,57,5,0,0,0,46,47,7,0,0,49,41,10,0,0,19,55,26,0,0,65,29,6,93,3,4,93,4,3,93,4,3,93,6,1,93,4,3,93,6,1,93,7,0,93,7,0,93,6,1,15,82,0,6,12,82,0,9,9,82,0,16,2,82,0,17,1,82,0,3,15,82,0,7,11,82,0,16,2,82,0,18,0,82,0,16,2,15,72,0,17,11,72,0,21,7,72,0,24,4,72,0,25,3,72,0,15,13,72,0,9,19,72,0,22,6,72,0,28,0,72,0,27,1,15,100,0,0,100,0,100,0,100,0,0,100,0,0,100,0,0,100,0,0,100,0,100,0,15,91,0,9,0,91,0,5,4,91,0,4,5,91,0,7,2,91,0,9,0,91,0,7,2,91,0,6,3,0,0,18,16,38,28,0,1,79,20,0,1,98,1,0,1,99,0,0,1,99,0,0,1,96,3,0,1,99,0,0,1,92,7,0,1,95,4,0,1,96,3,0,1,30,69,31,0,3,66,2,0,14,84,15,15,15,95,0,1,4,95,0,0,5,95,0,0,5,95,0,0,5,95,0,1,4,95,0,1,4,58,1,0,41,58,1,0,41,58,1,1,40,58,1,0,41,58,1,3,38,58,1,6,35,58,1,3,38,92,0,1,7,92,0,1,7,92,0,1,7,92,0,0,8,92,0,1,7,0,0,47,53,0,0,67,33,0,1,50,49,0,0,62,38,0,0,33,67,0,0,16,84,0,0,54,46,46,0,25,8,6,15,0,0,2,13,38,47,0,0,98,2,0,1,9,90,0,0,9,9,19,22,38,3,0,0,23,15,32,30,0,0,11,32,32,25,0,100,100,53,0,14,33,33,0,17,50,50,0,9,41,38,0,9,53,67,0,5,28,84,0,12,4,0,0,2,7,11,21,59,0,0,6,7,18,21,48,0,1,14,27,27,31,0,0,6,8,28,58,0,0,17,15,33,35,68,0,22,10,68,1,3,28,68,1,8,23,0,0,69,31,69,0,10,21,90,0,0,0,1,2,1,1,5,21,0,3,13,1,2,2,1,2,4,0,3,3,5,2,3,35,0,2,30,67,1,0,0,0,100,0,0,0,0,0,0,2,3,48,35,12,2,0,13,18,32,24,11,6.26984126984127,7.765112942298806,2.4,0.8944271909999157,11.370967741935484,5.390663842421598,3.4736842105263155,1.3195913718184988
NZL,New Zealand,2,2021-03-07,2021-02-28,100,1,4555.7656405501,1,4555.7656405501,11,100,481925.21507107356,99,0,1,99,0,6,94,0,1,99,0,22,78,0,14,86,0,12,88,0,7,93,0,2,98,0,3,97,0,0,100,0,4,96,0,24,76,0,2,98,0,16,84,99,0,0,1,94,0,4,2,99,0,1,0,78,0,5,17,86,0,3,11,88,0,1,11,93,0,3,4,98,0,2,0,97,0,1,2,100,0,0,0,96,0,1,3,76,0,7,17,98,0,1,1,84,0,8,8,0,0,6,94,94,0,6,0,0,0,32,68,68,0,2,30,98,0,2,0,98,0,2,0,100,0,0,2,0,1,97,0,0,2,98,0,98,0,1,1,0,99,0,0,1,0,2,0,48,33,11,6,2,0,36,55,7,0,2,1,51,36,10,2,0,45,47,6,2,1,12,64,21,2,0,60,37,1,94,3,3,94,6,0,94,6,0,94,5,1,94,4,2,94,4,2,94,6,0,94,5,1,94,4,2,19,89,0,5,6,89,0,10,1,89,0,9,2,89,0,11,0,89,0,5,6,89,0,4,7,89,0,11,0,89,0,11,0,89,0,8,3,19,67,0,16,17,67,0,30,3,67,0,33,0,67,0,31,2,67,0,16,17,67,0,11,22,67,0,32,1,67,0,33,0,67,0,32,1,19,100,0,0,100,0,100,0,100,0,0,100,0,0,100,0,0,100,0,0,100,0,100,0,19,98,0,2,0,98,0,1,1,98,0,0,2,98,0,1,1,98,0,1,1,98,0,2,0,98,0,1,1,0,0,16,18,43,23,0,4,77,19,0,4,96,0,0,4,95,1,0,4,93,3,0,4,87,9,0,4,96,0,0,4,88,8,0,4,95,1,0,4,85,11,0,4,34,62,35,0,3,62,1,0,17,82,19,19,19,99,0,0,1,99,0,0,1,99,0,0,1,99,0,0,1,99,0,0,1,99,0,0,1,27,0,0,73,27,0,0,73,27,0,2,71,27,0,2,71,27,0,4,69,27,1,3,69,27,0,6,67,90,1,1,8,90,1,0,9,90,1,1,8,90,1,0,9,90,1,0,9,0,0,52,48,0,0,71,29,0,0,46,54,0,0,56,44,0,0,25,75,0,0,10,90,0,0,52,48,48,0,18,12,9,13,0,0,0,9,36,55,0,0,100,0,0,1,18,81,0,0,6,12,13,14,52,3,0,0,16,18,31,35,0,1,9,30,35,25,0,100,100,48,0,12,40,29,0,17,54,54,0,8,38,44,0,6,50,75,0,3,22,90,0,7,3,0,0,3,6,7,14,70,0,0,1,4,10,23,62,0,0,12,25,38,25,0,1,3,7,11,78,0,0,9,12,21,58,79,0,15,6,79,0,6,15,79,2,5,14,0,0,77,23,77,1,11,11,89,1,3,0,0,1,0,1,5,12,0,1,9,8,9,1,4,7,3,0,3,14,0,2,2,25,0,0,34,65,0,1,0,0,0,100,0,0,0,0,0,1,1,53,23,22,1,0,21,28,27,18,5,3.769230769230769,5.7449564738888865,1.8333333333333333,1.6020819787597222,13.09183673469388,6.149489518154689,3.0210526315789474,1.2714453776172525
NZL,New Zealand,3,2021-03-07,2021-02-28,100,0,0,0,0,17,100,472471.6967090689,99,0,0,100,0,7,93,0,0,100,0,16,84,0,17,83,0,20,80,0,7,93,0,0,100,0,1,99,0,0,100,0,5,95,0,19,81,0,0,100,0,14,86,100,0,0,0,93,0,4,3,100,0,0,0,84,0,5,11,83,0,5,12,80,0,8,12,93,0,3,4,100,0,0,0,99,0,0,1,100,0,0,0,95,0,3,2,81,0,7,12,100,0,0,0,86,0,7,7,0,0,12,88,88,0,10,2,0,0,31,69,69,1,2,28,98,1,1,0,98,0,2,0,100,0,0,3,0,3,94,0,0,0,100,0,100,0,0,0,0,100,0,0,0,0,0,0,47,28,18,7,0,3,32,56,9,0,0,1,42,43,14,0,2,40,45,13,0,3,10,56,31,0,1,53,43,3,93,3,4,93,5,2,93,7,0,93,7,0,93,4,3,93,6,1,93,7,0,93,6,1,93,6,1,12,82,0,11,7,82,0,13,5,82,0,14,4,82,0,17,1,82,0,6,12,82,0,12,6,82,0,17,1,82,0,18,0,82,0,16,2,12,72,0,10,18,72,0,22,6,72,0,27,1,72,0,26,2,72,0,12,16,72,0,12,16,72,0,28,0,72,0,28,0,72,0,23,5,12,100,0,0,100,0,100,0,100,0,0,100,0,0,100,0,0,100,0,0,100,0,100,0,12,95,0,5,0,95,0,4,1,95,0,3,2,95,0,5,0,95,0,4,1,95,0,4,1,95,0,4,1,0,0,20,23,36,21,0,1,80,19,0,1,99,0,0,1,96,3,0,1,96,3,0,1,84,15,0,1,98,1,0,1,96,3,0,1,95,4,0,1,87,12,0,1,49,50,45,0,2,53,1,0,11,88,12,12,12,97,0,1,2,97,1,1,1,97,1,1,1,97,1,0,2,97,1,0,2,97,1,1,1,38,2,0,60,38,2,1,59,38,2,3,57,38,3,0,59,38,2,5,55,38,2,7,53,38,2,1,59,88,1,0,11,88,1,0,11,88,1,1,10,88,1,1,10,88,0,3,9,0,2,50,48,0,0,71,29,0,1,43,56,0,1,61,38,0,2,24,74,0,2,7,91,0,0,63,37,37,0,29,10,7,17,0,0,1,5,35,59,0,2,98,0,0,0,16,84,0,0,7,5,16,15,54,3,0,0,19,15,33,33,0,0,10,26,38,26,0,100,100,50,0,12,38,29,1,21,49,57,0,8,35,39,0,8,53,76,0,3,21,93,0,4,3,0,0,2,3,5,12,78,0,0,1,3,10,17,69,0,1,14,26,35,24,0,0,4,4,19,73,0,0,6,15,36,43,79,1,16,4,79,3,6,12,79,4,6,11,0,1,75,24,76,0,7,17,93,0,1,1,0,0,0,1,4,18,0,3,6,6,8,1,6,7,6,0,3,10,4,0,6,16,0,1,45,53,0,1,0,0,0,0,100,0,0,0,0,0,4,52,28,16,0,2,10,24,40,20,4,3.0869565217391304,3.271602305065834,1.4166666666666667,0.5149286505444373,12.226190476190476,5.5370628342788,3.351063829787234,1.373383286557663
NZL,New Zealand,4,2021-03-07,2021-03-01,100,0,0,0,0,7,100,398504.5624138467,100,0,0,100,0,6,94,0,0,100,0,12,88,0,6,94,0,15,85,0,3,97,0,1,99,0,1,99,0,0,100,0,3,97,0,10,90,0,1,99,0,4,96,100,0,0,0,94,0,3,3,100,0,0,0,88,0,3,9,94,0,5,1,85,0,3,12,97,0,1,2,99,0,1,0,99,0,0,1,100,0,0,0,97,0,1,2,90,0,4,6,99,0,1,0,96,0,3,1,0,0,5,95,95,0,5,0,0,3,35,62,65,0,9,26,91,0,8,1,91,0,9,0,100,0,0,12,0,4,84,0,0,2,98,0,98,0,2,0,0,98,0,0,2,0,2,0,54,27,13,4,2,2,33,52,11,0,2,2,34,50,12,2,2,34,49,13,2,3,9,56,30,2,2,56,34,6,96,0,4,96,1,3,96,3,1,96,3,1,96,1,3,96,3,1,96,4,0,96,4,0,96,4,0,36,87,0,6,7,87,0,9,4,87,0,9,4,87,0,12,1,87,0,5,8,87,0,8,5,87,0,12,1,87,0,13,0,87,0,13,0,36,73,0,16,11,73,0,18,9,73,0,27,0,73,0,26,1,73,0,13,14,73,0,13,14,73,0,27,0,73,0,27,0,73,0,26,1,36,100,0,0,100,0,100,0,100,0,0,100,0,0,100,0,0,100,0,0,100,0,100,0,36,95,0,5,0,95,0,3,2,95,0,2,3,95,0,0,5,95,0,4,1,95,0,3,2,95,0,5,0,0,0,21,21,31,27,0,0,89,11,0,0,98,2,0,0,97,3,0,0,89,11,0,0,76,24,0,0,100,0,0,0,91,9,0,0,92,8,0,0,83,17,0,0,55,45,33,0,1,66,0,0,13,87,36,36,36,96,1,1,2,96,2,0,2,96,2,0,2,96,2,1,1,96,2,0,2,96,2,1,1,40,4,0,56,40,4,0,56,40,4,2,54,40,4,0,56,40,4,3,53,40,4,5,51,40,4,1,55,92,0,0,8,92,0,1,7,92,0,0,8,92,0,1,7,92,0,0,8,0,1,47,52,0,2,67,31,0,2,42,56,0,1,54,45,0,3,23,74,0,4,10,86,0,0,53,47,47,0,21,7,11,14,0,0,1,4,29,66,0,0,99,1,0,0,19,81,0,0,2,9,12,11,61,5,0,0,21,17,32,30,0,1,14,24,38,23,0,100,100,53,0,8,39,33,0,12,55,58,0,2,40,46,0,5,49,77,0,1,22,90,0,6,4,0,0,0,0,5,15,80,0,0,0,1,6,15,78,0,0,15,34,33,18,0,0,1,9,26,64,0,0,5,25,31,39,70,1,16,13,70,3,6,21,70,2,9,19,0,0,75,25,75,0,7,18,93,0,0,0,2,0,1,0,4,18,0,4,2,2,9,4,2,8,5,1,1,10,5,1,4,24,0,0,33,65,0,2,0,0,0,0,0,100,0,0,0,0,3,49,29,19,0,1,15,22,39,14,9,3.4516129032258065,3.4335473364769498,1.4,0.5477225575051661,11.489247311827956,5.660685593090665,3.01010101010101,1.3209068429121074
NZL,New Zealand,5,2021-03-07,2021-03-01,100,0,0,0,0,0,100,366730.3597459355,98,2,0,98,2,7,91,1,4,95,2,14,84,1,9,90,2,11,87,2,3,95,2,4,94,2,3,95,1,0,99,2,3,95,2,9,89,2,2,96,2,7,91,100,0,0,0,93,0,3,4,96,0,2,2,86,0,4,10,91,0,2,7,89,0,3,8,97,0,2,1,96,0,2,2,97,0,2,1,100,0,0,0,97,0,1,2,91,0,2,7,98,0,1,1,93,0,2,5,0,0,0,100,100,0,0,0,0,0,33,67,67,1,3,29,97,0,2,1,97,1,2,0,99,0,1,4,1,1,94,0,0,1,99,0,99,0,1,0,0,99,0,0,1,0,1,0,55,23,14,7,1,5,27,59,8,0,1,3,38,48,10,1,4,37,48,10,1,6,16,52,25,1,3,49,44,3,93,2,5,93,4,3,93,4,3,93,4,3,93,6,1,93,6,1,93,7,0,93,7,0,93,6,1,39,86,0,7,7,86,0,14,0,86,0,13,1,86,0,12,2,86,0,11,3,86,0,9,5,86,0,14,0,86,0,13,1,86,0,13,1,39,77,0,15,8,77,0,19,4,77,0,22,1,77,0,21,2,77,0,13,10,77,0,11,12,77,0,22,1,77,0,23,0,77,0,21,2,39,100,0,0,100,0,100,0,100,0,0,100,0,0,100,0,0,100,0,0,100,0,100,0,39,95,0,5,0,95,0,3,2,95,0,4,1,95,0,4,1,95,0,5,0,95,0,4,1,95,0,4,1,0,1,17,22,35,25,0,0,83,17,0,0,98,2,0,0,93,7,0,0,89,11,0,0,63,37,0,0,98,2,0,0,90,10,0,0,88,12,0,0,83,17,0,0,62,38,43,0,1,56,0,1,17,82,39,39,39,99,1,0,0,99,1,0,0,99,1,0,0,99,1,0,0,99,0,1,0,99,1,0,0,47,7,0,46,47,6,1,46,47,7,0,46,47,6,1,46,47,4,8,41,47,7,2,44,47,6,4,43,89,2,0,9,89,2,1,8,89,2,1,8,89,2,0,9,89,2,2,7,0,2,44,54,0,0,68,32,0,2,39,59,0,1,58,41,0,2,15,83,0,2,8,90,0,0,58,42,42,0,19,13,14,12,0,0,0,3,36,61,0,1,99,0,0,1,23,76,0,0,7,10,12,10,54,7,0,0,21,18,21,40,0,0,11,31,32,26,0,100,100,56,0,10,34,32,3,18,47,61,3,4,32,42,3,8,47,85,1,0,14,92,0,7,1,0,0,2,1,1,4,92,0,0,0,1,3,15,81,0,0,12,34,30,24,0,0,1,7,17,75,0,0,5,24,21,50,71,3,23,3,71,8,5,16,71,6,11,12,0,1,66,33,67,0,12,21,88,0,1,0,4,0,0,1,6,22,0,3,4,4,7,3,3,15,5,0,1,3,4,2,4,20,0,0,43,57,0,0,0,0,0,0,0,0,100,0,0,0,2,43,32,23,0,1,25,18,33,18,5,4.6875,6.336975466617818,0,0,12.191489361702128,5.050873651129135,2.377551020408163,1.2964289264312208
NZL,New Zealand,6,2021-03-07,2021-02-28,100,0,0,0,0,0,99,443782.4664738242,89,0,0,100,0,6,94,0,0,100,0,7,93,0,8,92,0,5,95,0,3,97,0,2,98,1,0,99,0,0,100,0,2,98,0,3,97,0,0,100,0,3,97,100,0,0,0,94,0,0,6,100,0,0,0,93,0,4,3,92,0,4,4,95,0,1,4,97,0,1,2,98,0,0,2,100,0,0,0,100,0,0,0,98,0,1,1,97,0,1,2,100,0,0,0,97,0,0,3,0,1,0,99,100,0,0,0,0,1,24,75,76,0,2,22,98,0,2,0,98,0,2,0,100,0,0,3,3,1,93,0,1,0,99,0,100,0,0,0,0,100,0,0,0,0,0,0,64,25,4,7,0,3,35,53,9,0,0,3,41,44,12,0,4,41,47,8,0,5,14,61,20,0,1,66,29,4,93,5,2,93,6,1,93,5,2,93,5,2,93,3,4,93,5,2,93,6,1,93,7,0,93,6,1,18,96,0,3,1,96,0,4,0,96,0,4,0,96,0,4,0,96,0,1,3,96,0,2,2,96,0,4,0,96,0,4,0,96,0,4,0,18,75,0,17,8,75,0,19,6,75,0,25,0,75,0,24,1,75,0,17,8,75,0,12,13,75,0,24,1,75,0,25,0,75,0,24,1,18,100,0,0,100,0,100,0,100,0,0,100,0,0,100,0,0,100,0,0,100,0,100,0,18,98,0,2,0,98,0,1,1,98,0,2,0,98,0,2,0,98,0,2,0,98,0,2,0,98,0,1,1,0,0,16,16,42,26,0,2,86,12,0,2,92,6,0,2,87,11,0,2,84,14,0,2,58,40,0,2,95,3,0,2,88,10,0,2,86,12,0,2,85,13,0,2,64,34,45,0,2,53,8,1,6,85,18,18,18,99,0,0,1,99,0,0,1,99,0,0,1,99,0,0,1,99,0,0,1,99,0,0,1,21,12,0,67,21,12,0,67,21,11,4,64,21,12,0,67,21,11,14,54,21,11,4,64,21,11,9,59,83,1,0,16,83,1,2,14,83,1,0,16,83,1,0,16,83,1,0,16,0,1,24,75,0,1,67,32,0,1,44,55,0,1,48,51,0,1,23,76,0,1,9,90,0,1,48,51,52,0,21,11,5,11,0,0,0,2,30,68,0,1,98,1,0,1,20,79,0,0,7,5,9,8,67,4,0,1,30,20,26,23,0,1,7,24,36,32,0,100,100,76,2,5,17,33,0,14,53,56,1,7,36,52,0,8,40,77,0,3,20,91,0,5,4,0,0,2,1,3,7,87,0,0,1,1,3,9,86,0,1,12,30,33,24,0,0,1,4,14,81,0,0,3,13,20,64,84,0,10,6,84,4,2,10,84,4,5,7,0,0,38,62,38,1,10,51,90,0,2,1,3,0,0,0,4,52,0,2,4,3,10,0,1,7,2,0,1,3,1,5,2,7,0,2,38,60,0,0,0,0,0,0,0,0,0,100,0,5,8,35,28,24,5,6,26,21,31,9,2,4.846153846153846,4.524860105501492,0,0,11.866666666666667,4.620909974102942,2.067415730337079,1.222866907284502
NZL,New Zealand,7,2021-03-07,2021-02-26,100,0,0,0,0,2,100,425818.4178894241,96,1,0,99,2,8,90,2,4,94,2,16,82,2,11,87,2,15,83,2,0,98,2,2,96,2,4,94,2,1,97,1,3,96,2,5,93,2,0,98,2,7,91,100,0,0,0,92,1,1,6,96,1,0,3,84,1,5,10,89,0,3,8,85,2,2,11,100,0,0,0,98,0,2,0,96,1,1,2,99,0,1,0,97,0,1,2,95,2,1,2,100,0,0,0,93,0,4,3,0,0,2,98,98,0,1,1,0,0,27,73,73,1,3,23,97,0,3,0,97,0,3,0,100,0,0,4,6,1,89,0,2,0,97,1,100,0,0,0,0,100,0,0,0,0,0,0,76,17,3,4,0,12,35,43,10,0,0,12,47,33,8,0,9,57,27,7,0,13,20,42,25,0,6,73,18,3,96,2,2,96,3,1,96,4,0,96,4,0,96,3,1,96,3,1,96,4,0,96,3,1,96,2,2,9,97,0,1,2,97,0,2,1,97,0,2,1,97,0,2,1,97,0,1,2,97,0,2,1,97,0,3,0,97,0,3,0,97,0,3,0,9,83,0,12,5,83,0,13,4,83,0,17,0,83,0,16,1,83,0,12,5,83,0,7,10,83,0,17,0,83,0,17,0,83,0,17,0,9,100,0,0,100,0,100,0,100,0,0,100,0,0,100,0,0,100,0,0,100,0,100,0,9,99,0,1,0,99,0,0,1,99,0,0,1,99,0,1,0,99,0,1,0,99,0,1,0,99,0,1,0,0,2,13,15,28,42,0,1,81,18,0,1,86,13,0,1,87,12,0,1,78,21,0,1,51,48,0,1,89,10,0,1,89,10,0,1,72,27,0,1,84,15,0,1,80,19,45,3,0,52,3,4,1,92,9,9,9,99,0,0,1,99,0,1,0,99,0,0,1,99,0,0,1,99,0,1,0,99,0,0,1,73,1,0,26,73,1,1,25,73,1,1,25,73,1,0,26,73,1,5,21,73,1,1,25,73,1,4,22,94,0,0,6,94,0,0,6,94,0,0,6,94,0,0,6,94,0,1,5,0,4,12,84,0,1,51,48,0,1,38,61,0,3,50,47,0,2,24,74,0,3,8,89,0,1,61,38,39,0,31,8,11,11,0,1,0,5,39,55,0,1,99,0,0,0,20,80,0,0,3,8,11,9,56,13,0,0,29,24,34,13,0,4,6,20,30,40,0,100,100,88,1,0,11,49,1,11,39,62,2,4,32,50,1,7,42,76,1,3,20,92,1,4,3,0,1,1,1,0,4,93,0,0,0,0,1,11,88,0,0,7,24,33,36,0,1,0,2,7,90,0,0,0,4,30,66,96,0,1,3,96,1,1,2,96,1,1,2,0,1,10,89,11,1,10,78,90,0,0,0,1,0,0,0,9,80,0,1,2,1,3,0,1,0,0,0,2,4,0,1,2,3,0,2,43,55,0,0,0,0,0,0,0,0,0,0,100,3,8,35,34,20,3,5,20,27,27,16,2,9.181818181818182,9.251535499089277,1,0,12.988095238095237,4.224124768885216,1.955056179775281,1.0325400317965947
NZL,New Zealand,-99,2021-03-08,2021-03-01,100,0,0,0,0,1,83,442844.74491797923,0,0,0,100,0,7,93,0,4,96,0,20,80,0,10,90,0,16,84,0,3,97,0,3,97,0,5,95,0,0,100,0,3,97,0,15,85,0,1,99,0,17,83,100,0,0,0,93,0,3,4,96,0,2,2,80,0,6,14,90,0,2,8,84,0,7,9,97,0,3,0,97,0,1,2,95,0,3,2,100,0,0,0,97,0,1,2,85,0,3,12,99,0,0,1,83,1,5,11,17,0,1,82,100,0,0,0,20,1,25,54,75,0,6,19,94,0,6,0,94,0,6,0,100,0,0,27,0,2,71,21,0,2,76,1,98,0,2,0,0,98,0,1,1,0,26,0,39,21,7,7,32,5,26,31,6,0,32,4,26,27,11,32,6,26,27,9,32,5,13,31,19,32,3,38,23,4,93,2,5,93,6,1,93,4,3,93,4,3,93,6,1,93,5,2,93,5,2,93,6,1,93,6,1,42,94,0,4,2,94,0,4,2,94,0,5,1,94,0,4,2,94,0,3,3,94,0,4,2,94,0,5,1,94,0,6,0,94,0,6,0,42,79,1,12,8,79,1,15,5,79,1,19,1,79,1,19,1,79,1,10,10,79,1,8,12,79,1,18,2,79,1,20,0,79,1,20,0,42,100,0,0,100,0,100,0,100,0,0,100,0,0,100,0,0,100,0,0,100,0,100,0,42,95,0,5,0,95,0,4,1,95,0,4,1,95,0,4,1,95,0,5,0,95,0,3,2,95,0,1,4,32,1,14,18,22,13,37,4,45,14,37,4,57,2,37,4,57,2,37,4,52,7,37,4,43,16,37,4,56,3,37,4,58,1,37,4,50,9,37,4,52,7,37,4,31,28,100,0,0,0,100,0,0,0,42,42,42,98,0,1,1,98,1,0,1,98,1,0,1,98,1,1,0,98,1,0,1,98,1,0,1,73,2,0,25,73,2,0,25,73,2,0,25,73,2,0,25,73,2,3,22,73,2,4,21,73,3,1,23,95,1,0,4,95,1,1,3,95,1,0,4,95,1,0,4,95,1,0,4,46,0,24,30,46,1,34,19,46,1,18,35,46,1,25,28,46,1,12,41,46,1,3,50,49,1,18,32,82,0,6,5,3,4,54,0,0,3,13,30,54,0,46,0,60,1,5,34,60,0,10,3,5,4,16,2,60,0,17,10,8,5,63,1,7,12,11,6,0,100,100,77,0,7,16,67,0,10,23,83,1,4,12,76,0,2,22,88,0,0,12,97,0,2,1,68,1,1,1,4,1,24,68,1,1,2,2,4,22,73,1,9,5,8,4,73,1,4,5,8,9,73,0,4,8,11,4,89,3,6,2,89,4,3,4,89,4,4,3,78,0,6,16,84,0,9,7,99,0,0,0,0,0,0,0,1,97,0,0,0,1,1,0,0,0,0,0,0,0,0,0,0,1,100,0,0,0,0,0,100,0,0,0,0,0,0,0,0,100,0,0,0,0,100,0,0,0,0,0,0,6.296296296296297,9.160176412538785,0,0,0,0,0,0
NZL,New Zealand,1,2021-03-08,2021-02-28,100,3,10045.91735920926,2,6209.114657590289,12,100,540902.6499568251,98,0,3,97,0,19,81,0,5,95,0,26,74,0,17,83,0,23,77,0,9,91,0,3,97,0,6,94,0,0,100,0,6,94,0,28,72,0,2,98,0,19,81,97,0,2,1,81,0,8,11,95,0,1,4,74,0,2,24,83,0,4,13,77,1,4,18,91,0,7,2,97,0,1,2,94,0,1,5,100,0,0,0,94,0,2,4,72,0,5,23,98,0,0,2,81,0,6,13,0,0,5,95,95,0,4,1,0,1,29,70,71,0,2,27,98,0,2,0,98,0,2,0,100,0,0,3,0,6,91,0,0,0,99,1,100,0,0,0,0,100,0,0,0,0,0,0,48,28,17,7,0,0,37,57,6,0,0,0,46,47,7,0,0,50,40,10,0,0,19,54,27,0,0,65,29,6,93,3,4,93,4,3,93,4,3,93,6,1,93,4,3,93,6,1,93,7,0,93,7,0,93,6,1,18,83,0,5,12,83,0,8,9,83,0,15,2,83,0,16,1,83,0,3,14,83,0,7,10,83,0,15,2,83,0,17,0,83,0,15,2,18,72,0,18,10,72,0,21,7,72,0,24,4,72,0,25,3,72,0,15,13,72,0,9,19,72,0,23,5,72,0,28,0,72,0,27,1,18,100,0,0,100,0,100,0,100,0,0,100,0,0,100,0,0,100,0,0,100,0,100,0,18,91,0,9,0,91,0,5,4,91,0,4,5,91,0,7,2,91,0,9,0,91,0,7,2,91,0,6,3,0,0,18,18,36,28,0,1,78,21,0,1,98,1,0,1,99,0,0,1,99,0,0,1,96,3,0,1,99,0,0,1,92,7,0,1,95,4,0,1,96,3,0,1,31,68,32,0,3,65,2,0,13,85,18,18,18,94,0,2,4,94,0,0,6,94,0,0,6,94,0,1,5,94,0,1,5,94,0,1,5,58,1,0,41,58,1,0,41,58,1,1,40,58,1,0,41,58,1,3,38,58,1,6,35,58,1,3,38,92,0,1,7,92,0,1,7,92,0,1,7,92,0,0,8,92,0,1,7,0,0,44,56,0,0,67,33,0,1,48,51,0,0,61,39,0,0,33,67,0,0,18,82,0,0,52,48,48,0,23,8,6,15,0,0,2,13,38,47,0,0,98,2,0,2,9,89,0,0,11,9,19,21,37,3,0,0,23,17,30,30,0,0,13,32,31,24,0,100,100,56,0,13,31,33,0,17,50,52,0,8,40,39,0,8,53,67,0,6,27,82,0,14,4,0,0,3,7,11,21,58,0,0,7,7,19,20,47,0,2,15,27,26,30,0,0,6,8,27,59,0,0,17,14,34,35,69,0,21,10,69,1,3,27,69,1,8,22,0,0,66,34,66,0,10,24,90,0,0,0,1,2,1,1,5,24,0,3,12,1,2,2,1,2,3,0,3,3,5,2,3,34,0,2,31,66,1,0,0,0,100,0,0,0,0,0,0,2,4,46,36,12,2,0,12,18,30,26,12,6.390625,7.76360492992376,2.4,0.8944271909999157,11.472826086956522,5.2630602233374475,3.563829787234043,1.3800304705869149
NZL,New Zealand,2,2021-03-08,2021-02-28,100,1,4555.7656405501,1,4555.7656405501,11,100,476832.0848929752,99,0,1,99,0,7,93,0,2,98,0,21,79,0,16,84,0,13,87,0,9,91,0,2,98,0,3,97,0,0,100,0,4,96,0,22,78,0,2,98,0,16,84,99,0,0,1,93,0,5,2,98,0,1,1,79,0,5,16,84,0,5,11,87,0,2,11,91,0,5,4,98,0,2,0,97,0,1,2,100,0,0,0,96,0,1,3,78,0,6,16,98,0,1,1,84,0,7,9,0,0,6,94,94,0,6,0,0,0,30,70,70,0,2,28,98,0,2,0,98,0,2,0,100,0,0,2,0,2,96,0,0,2,98,0,98,0,1,1,0,99,0,0,1,0,2,0,47,33,12,6,2,0,35,57,6,0,2,1,50,36,11,2,0,44,48,6,2,1,11,63,23,2,0,59,38,1,94,3,3,94,6,0,94,6,0,94,5,1,94,4,2,94,4,2,94,6,0,94,5,1,94,4,2,22,88,0,4,8,88,0,9,3,88,0,11,1,88,0,12,0,88,0,5,7,88,0,6,6,88,0,12,0,88,0,12,0,88,0,9,3,22,67,0,16,17,67,0,30,3,67,0,33,0,67,0,31,2,67,0,16,17,67,0,11,22,67,0,32,1,67,0,33,0,67,0,32,1,22,100,0,0,100,0,100,0,100,0,0,100,0,0,100,0,0,100,0,0,100,0,100,0,22,99,0,1,0,99,0,0,1,99,0,0,1,99,0,0,1,99,0,1,0,99,0,1,0,99,0,0,1,0,0,17,19,42,22,0,4,76,20,0,4,96,0,0,4,95,1,0,4,93,3,0,4,87,9,0,4,96,0,0,4,88,8,0,4,95,1,0,4,84,12,0,4,35,61,34,0,3,63,1,0,19,80,22,22,22,98,0,0,2,98,0,0,2,98,0,0,2,98,0,0,2,98,0,1,1,98,0,0,2,28,0,0,72,28,0,0,72,28,0,2,70,28,0,2,70,28,0,4,68,28,1,3,68,28,0,6,66,90,1,1,8,90,1,0,9,90,1,1,8,90,1,0,9,90,1,0,9,0,0,49,51,0,0,69,31,0,0,46,54,0,0,54,46,0,0,25,75,0,0,10,90,0,0,53,47,47,0,19,12,10,12,0,0,0,10,35,55,0,0,100,0,0,1,18,81,0,0,7,12,13,12,53,3,0,0,16,19,31,34,0,1,9,30,35,25,0,100,100,51,0,12,37,31,0,16,53,54,0,8,38,46,0,6,48,75,0,3,22,90,0,7,3,0,0,3,6,8,13,70,0,0,1,4,10,24,61,0,0,12,24,39,25,0,1,3,7,11,78,0,0,9,13,21,57,78,0,16,6,78,0,6,16,78,2,5,15,0,0,76,24,76,1,11,12,89,1,3,0,0,1,0,1,5,13,0,1,9,7,9,1,4,7,3,0,3,13,0,2,2,26,0,0,33,67,0,0,0,0,0,100,0,0,0,0,0,1,1,52,24,22,1,0,21,26,28,18,6,4.019607843137255,5.808580535994767,1.8333333333333333,1.6020819787597222,12.867346938775508,6.240271199337349,3.0842105263157893,1.2937094768634556
NZL,New Zealand,3,2021-03-08,2021-02-28,100,0,0,0,0,17,100,473623.977440918,99,0,1,99,0,8,92,0,0,100,0,18,82,0,18,82,0,23,77,0,7,93,0,1,99,0,1,99,0,0,100,0,6,94,0,20,80,0,1,99,0,15,85,99,0,1,0,92,0,4,4,100,0,0,0,82,0,5,13,82,0,5,13,77,0,9,14,93,0,3,4,99,0,0,1,99,0,0,1,100,0,0,0,94,0,4,2,80,0,7,13,99,0,1,0,85,0,7,8,0,0,12,88,88,0,10,2,0,0,33,67,67,1,2,30,98,1,1,0,98,0,2,0,100,0,0,3,0,3,94,0,0,1,99,0,99,0,1,0,0,99,0,0,0,1,1,0,47,29,17,6,1,3,32,55,9,0,1,1,41,43,14,1,2,40,45,12,1,3,10,56,30,1,1,52,43,3,94,3,3,94,4,2,94,6,0,94,6,0,94,3,3,94,5,1,94,6,0,94,5,1,94,5,1,15,83,0,10,7,83,0,12,5,83,0,13,4,83,0,16,1,83,0,6,11,83,0,11,6,83,0,16,1,83,0,17,0,83,0,15,2,15,71,0,11,18,71,0,23,6,71,0,28,1,71,0,27,2,71,0,13,16,71,0,12,17,71,0,29,0,71,0,29,0,71,0,24,5,15,99,1,0,99,1,99,1,99,1,0,99,0,1,99,1,0,99,1,0,99,1,99,1,15,95,0,5,0,95,0,4,1,95,0,3,2,95,0,5,0,95,0,4,1,95,0,4,1,95,0,4,1,0,0,19,22,37,22,0,1,80,19,0,1,99,0,0,1,96,3,0,1,96,3,0,1,84,15,0,1,98,1,0,1,95,4,0,1,95,4,0,1,87,12,0,1,50,49,44,0,2,54,1,0,13,86,15,15,15,97,0,1,2,97,1,1,1,97,1,1,1,97,1,0,2,97,1,0,2,97,1,1,1,38,2,0,60,38,2,1,59,38,2,3,57,38,3,0,59,38,2,5,55,38,2,7,53,38,2,1,59,88,1,0,11,88,1,0,11,88,1,1,10,88,1,1,10,88,0,3,9,0,2,51,47,0,0,71,29,0,1,42,57,0,1,61,38,0,2,24,74,0,2,7,91,0,0,63,37,37,0,29,9,8,17,0,0,1,5,34,60,0,2,98,0,0,0,15,85,0,0,6,6,16,14,55,3,0,0,18,16,34,32,0,0,11,25,40,24,0,100,100,49,0,12,39,29,1,19,51,58,0,7,35,39,0,7,54,76,0,2,22,93,0,4,3,0,0,2,3,4,13,78,0,0,1,3,10,17,69,0,1,14,25,35,25,0,0,4,4,19,73,0,0,6,14,37,43,80,0,16,4,80,3,5,12,80,3,6,11,0,1,75,24,76,0,7,17,93,0,1,1,0,0,0,1,4,18,0,3,6,6,8,1,5,7,6,0,3,10,4,0,5,18,0,1,44,54,0,1,0,0,0,0,100,0,0,0,0,0,4,50,30,16,0,2,10,24,40,20,4,3.5833333333333335,4.041451884327381,1.4166666666666667,0.5149286505444373,11.964285714285714,5.517652784901676,3.351063829787234,1.373383286557663
NZL,New Zealand,4,2021-03-08,2021-03-01,100,0,0,0,0,6,100,396433.57448227855,100,0,0,100,0,6,94,0,0,100,0,12,88,0,5,95,0,14,86,0,3,97,0,1,99,0,1,99,0,0,100,0,3,97,0,10,90,0,1,99,0,4,96,100,0,0,0,94,0,3,3,100,0,0,0,88,0,3,9,95,0,4,1,86,0,3,11,97,0,1,2,99,0,1,0,99,0,0,1,100,0,0,0,97,0,1,2,90,0,4,6,99,0,1,0,96,0,3,1,0,0,4,96,96,0,4,0,0,3,35,62,65,0,9,26,91,0,8,1,91,0,9,0,100,0,0,12,0,3,85,0,0,2,98,0,98,0,2,0,0,98,0,0,2,0,2,0,54,27,13,4,2,2,33,52,11,0,2,2,34,50,12,2,2,34,49,13,2,3,9,56,30,2,2,55,35,6,96,0,4,96,1,3,96,3,1,96,3,1,96,1,3,96,3,1,96,4,0,96,4,0,96,4,0,37,87,0,6,7,87,0,9,4,87,0,9,4,87,0,12,1,87,0,5,8,87,0,8,5,87,0,12,1,87,0,13,0,87,0,13,0,37,73,0,16,11,73,0,18,9,73,0,27,0,73,0,26,1,73,0,13,14,73,0,13,14,73,0,27,0,73,0,27,0,73,0,26,1,37,100,0,0,100,0,100,0,100,0,0,100,0,0,100,0,0,100,0,0,100,0,100,0,37,95,0,5,0,95,0,3,2,95,0,2,3,95,0,0,5,95,0,4,1,95,0,3,2,95,0,5,0,0,0,21,21,31,27,0,0,89,11,0,0,98,2,0,0,97,3,0,0,89,11,0,0,77,23,0,0,100,0,0,0,91,9,0,0,92,8,0,0,83,17,0,0,54,46,33,0,1,66,0,0,13,87,37,37,37,97,1,0,2,97,1,0,2,97,1,0,2,97,1,1,1,97,1,0,2,97,1,1,1,41,4,0,55,41,4,0,55,41,4,2,53,41,4,0,55,41,4,3,52,41,4,5,50,41,4,1,54,92,0,0,8,92,0,1,7,92,0,0,8,92,0,1,7,92,0,0,8,0,1,47,52,0,2,67,31,0,2,41,57,0,1,54,45,0,3,23,74,0,4,10,86,0,0,53,47,47,0,21,8,11,13,0,0,1,4,29,66,0,0,99,1,0,0,19,81,0,0,2,9,12,11,61,5,0,0,20,17,33,30,0,1,14,24,37,24,0,100,100,53,0,8,39,33,0,12,55,59,0,2,39,46,0,5,49,77,0,1,22,90,0,6,4,0,0,0,0,5,15,80,0,0,0,1,6,16,77,0,0,15,34,33,18,0,0,1,9,26,64,0,0,5,25,32,38,70,1,16,13,70,3,6,21,70,2,9,19,0,0,75,25,75,0,7,18,93,0,0,0,2,0,1,0,4,18,0,5,2,2,9,4,2,8,5,1,1,10,4,1,4,24,0,0,33,65,0,2,0,0,0,0,0,100,0,0,0,0,3,48,30,19,0,1,15,23,38,14,9,3.5333333333333337,3.461446113317713,1.5,0.5773502691896257,11.5,5.670288697504165,3,1.324802642213672
NZL,New Zealand,5,2021-03-08,2021-03-01,100,0,0,0,0,0,100,368469.58419673465,98,2,0,98,2,7,91,1,4,95,2,13,85,1,8,91,2,10,88,2,3,95,2,4,94,2,3,95,1,0,99,2,3,95,2,9,89,2,2,96,2,7,91,100,0,0,0,93,0,3,4,96,0,2,2,87,0,4,9,92,0,2,6,90,0,3,7,97,0,2,1,96,0,2,2,97,0,2,1,100,0,0,0,97,0,1,2,91,0,2,7,98,0,1,1,93,0,2,5,0,0,0,100,100,0,0,0,0,0,33,67,67,1,3,29,97,0,2,1,97,1,2,0,99,0,1,4,1,1,94,0,0,1,99,0,99,0,1,0,0,99,0,0,1,0,1,0,56,23,14,6,1,5,27,58,9,0,1,3,39,47,10,1,4,38,47,10,1,6,16,53,24,1,3,50,43,3,94,2,4,94,3,3,94,3,3,94,3,3,94,5,1,94,5,1,94,6,0,94,6,0,94,6,0,40,86,0,7,7,86,0,14,0,86,0,13,1,86,0,12,2,86,0,11,3,86,0,9,5,86,0,14,0,86,0,13,1,86,0,13,1,40,77,0,15,8,77,0,19,4,77,0,22,1,77,0,21,2,77,0,13,10,77,0,11,12,77,0,22,1,77,0,23,0,77,0,21,2,40,100,0,0,100,0,100,0,100,0,0,100,0,0,100,0,0,100,0,0,100,0,100,0,40,95,0,5,0,95,0,3,2,95,0,4,1,95,0,4,1,95,0,5,0,95,0,4,1,95,0,4,1,0,1,16,22,36,25,0,0,82,18,0,0,98,2,0,0,93,7,0,0,89,11,0,0,62,38,0,0,98,2,0,0,90,10,0,0,88,12,0,0,83,17,0,0,63,37,43,0,1,56,0,1,17,82,40,40,40,99,1,0,0,99,1,0,0,99,1,0,0,99,1,0,0,99,0,1,0,99,1,0,0,48,7,0,45,48,6,1,45,48,7,0,45,48,6,1,45,48,4,8,40,48,7,2,43,48,6,4,42,89,2,0,9,89,2,1,8,89,2,1,8,89,2,0,9,89,2,2,7,0,2,45,53,0,0,69,31,0,2,40,58,0,1,59,40,0,2,16,82,0,2,8,90,0,0,59,41,41,0,19,13,14,13,0,0,0,3,35,62,0,1,99,0,0,1,23,76,0,0,7,10,12,10,54,7,0,0,21,18,20,41,0,0,11,31,31,27,0,100,100,55,0,10,35,31,3,18,48,60,3,4,33,41,3,8,48,84,1,0,15,92,0,7,1,0,0,2,1,1,4,92,0,0,0,1,3,15,81,0,0,12,34,30,24,0,0,1,7,17,75,0,0,5,24,21,50,71,3,23,3,71,8,5,16,71,6,11,12,0,1,66,33,67,0,12,21,88,0,1,0,4,0,0,1,6,22,0,3,4,4,7,3,3,15,5,0,1,3,5,2,4,19,0,0,43,57,0,0,0,0,0,0,0,0,100,0,0,0,2,44,32,22,0,1,25,17,33,19,5,4.806451612903226,6.405306939503158,0,0,12.170212765957446,5.077121989491622,2.3979591836734695,1.2902472864426116
NZL,New Zealand,6,2021-03-08,2021-03-01,100,0,0,0,0,0,99,451140.42850148387,90,0,0,100,0,5,95,0,0,100,0,6,94,0,8,92,0,4,96,0,3,97,0,2,98,1,0,99,0,0,100,0,2,98,0,4,96,0,0,100,0,3,97,100,0,0,0,95,0,0,5,100,0,0,0,94,0,3,3,92,0,5,3,96,0,1,3,97,0,1,2,98,0,0,2,100,0,0,0,100,0,0,0,98,0,1,1,96,0,1,3,100,0,0,0,97,0,0,3,0,1,0,99,100,0,0,0,0,1,25,74,75,0,2,23,98,0,2,0,98,0,2,0,100,0,0,3,2,1,94,0,1,0,99,0,100,0,0,0,0,100,0,0,0,0,0,0,66,23,4,7,0,2,36,52,10,0,0,2,44,42,12,0,4,42,46,8,0,3,15,61,21,0,1,66,29,4,93,5,2,93,6,1,93,5,2,93,5,2,93,3,4,93,5,2,93,6,1,93,7,0,93,6,1,26,96,0,3,1,96,0,4,0,96,0,4,0,96,0,4,0,96,0,1,3,96,0,2,2,96,0,4,0,96,0,4,0,96,0,4,0,26,77,0,17,6,77,0,18,5,77,0,23,0,77,0,22,1,77,0,17,6,77,0,10,13,77,0,22,1,77,0,23,0,77,0,22,1,26,100,0,0,100,0,100,0,100,0,0,100,0,0,100,0,0,100,0,0,100,0,100,0,26,98,0,2,0,98,0,1,1,98,0,2,0,98,0,2,0,98,0,2,0,98,0,2,0,98,0,1,1,0,0,14,15,43,28,0,3,85,12,0,3,91,6,0,3,85,12,0,3,82,15,0,3,60,37,0,3,94,3,0,3,88,9,0,3,87,10,0,3,83,14,0,3,63,34,44,1,1,54,7,2,4,87,26,26,26,99,0,0,1,99,0,0,1,99,0,0,1,99,0,0,1,99,0,0,1,99,0,0,1,28,12,0,60,28,12,0,60,28,11,4,57,28,12,0,60,28,11,12,49,28,11,3,58,28,11,7,54,85,1,0,14,85,1,2,12,85,1,0,14,85,1,0,14,85,1,0,14,0,1,23,76,0,1,65,34,0,1,42,57,0,1,45,54,0,1,22,77,0,1,8,91,0,1,50,49,50,0,25,9,4,12,0,0,0,3,31,66,0,1,98,1,0,1,17,82,0,0,8,6,7,8,66,5,0,1,31,18,28,22,0,1,6,23,32,38,0,100,100,77,2,5,16,35,0,15,50,58,1,7,34,55,0,7,38,78,0,3,19,92,0,5,3,0,0,2,1,3,7,87,0,0,1,1,3,9,86,0,1,13,31,31,24,0,0,1,4,12,83,0,0,3,13,16,68,84,0,10,6,84,4,2,10,84,4,5,7,0,0,40,60,40,1,10,49,90,0,2,1,3,0,0,0,4,50,0,2,4,3,11,0,1,6,2,0,1,3,1,5,2,9,0,2,38,60,0,0,0,0,0,0,0,0,0,100,0,4,7,34,32,23,4,5,25,21,31,11,3,4.615384615384615,4.64647647037447,0,0,12.166666666666666,4.647700893506984,2.087912087912088,1.20782956531634
NZL,New Zealand,7,2021-03-08,2021-02-26,100,0,0,0,0,2,100,424001.11638290813,96,2,0,98,3,8,89,3,4,93,3,16,81,3,11,86,3,15,82,3,0,97,3,2,95,3,4,93,3,1,96,2,3,95,3,5,92,3,0,97,3,7,90,100,0,0,0,92,1,1,6,96,1,0,3,84,1,5,10,89,0,3,8,85,2,2,11,100,0,0,0,98,0,2,0,96,1,1,2,99,0,1,0,97,0,1,2,95,2,1,2,100,0,0,0,93,0,4,3,0,0,2,98,98,0,1,1,0,0,27,73,73,1,3,23,97,0,3,0,97,0,3,0,100,0,0,4,6,1,89,0,2,0,97,1,100,0,0,0,0,100,0,0,0,0,0,0,77,16,3,4,0,11,35,43,11,0,0,12,47,33,8,0,9,57,27,7,0,12,20,42,26,0,6,72,18,4,96,2,2,96,3,1,96,4,0,96,4,0,96,3,1,96,3,1,96,4,0,96,3,1,96,2,2,10,97,0,1,2,97,0,2,1,97,0,2,1,97,0,2,1,97,0,1,2,97,0,2,1,97,0,3,0,97,0,3,0,97,0,3,0,10,84,0,11,5,84,0,12,4,84,0,16,0,84,0,15,1,84,0,11,5,84,0,7,9,84,0,16,0,84,0,16,0,84,0,16,0,10,100,0,0,100,0,100,0,100,0,0,100,0,0,100,0,0,100,0,0,100,0,100,0,10,99,0,1,0,99,0,0,1,99,0,0,1,99,0,1,0,99,0,1,0,99,0,1,0,99,0,1,0,0,2,13,16,28,41,0,1,81,18,0,1,86,13,0,1,87,12,0,1,78,21,0,1,51,48,0,1,89,10,0,1,89,10,0,1,72,27,0,1,84,15,0,1,80,19,44,3,0,53,3,4,1,92,10,10,10,99,0,0,1,99,0,1,0,99,0,0,1,99,0,0,1,99,0,1,0,99,0,0,1,73,1,0,26,73,1,1,25,73,1,1,25,73,1,0,26,73,1,5,21,73,1,1,25,73,1,4,22,94,0,0,6,94,0,0,6,94,0,0,6,94,0,0,6,94,0,1,5,0,5,12,83,0,1,51,48,0,2,38,60,0,4,50,46,0,3,24,73,0,4,8,88,0,1,61,38,39,0,32,7,11,11,0,1,0,5,39,55,0,1,99,0,0,0,20,80,0,0,3,9,11,9,55,13,0,0,30,24,33,13,0,4,6,21,30,39,0,100,100,88,1,0,11,49,1,12,38,62,2,4,32,50,1,7,42,76,1,3,20,92,1,4,3,0,0,1,1,0,5,93,0,0,0,0,1,12,87,0,0,7,24,33,36,0,1,0,2,7,90,0,0,0,4,30,66,96,0,1,3,96,1,1,2,96,1,1,2,0,1,10,89,11,1,11,77,89,0,0,0,1,0,0,0,10,79,0,1,2,1,3,0,1,0,0,0,2,4,0,1,2,4,0,2,42,56,0,0,0,0,0,0,0,0,0,0,100,3,8,35,34,20,3,5,20,28,26,16,2,9.181818181818182,9.251535499089277,1,0,12.845238095238095,4.356117558513717,1.955056179775281,1.0325400317965947
NZL,New Zealand,-99,2021-03-09,2021-03-01,100,0,0,0,0,1,83,456145.87508081086,0,0,0,100,0,7,93,0,4,96,0,19,81,0,10,90,0,16,84,0,3,97,0,3,97,0,5,95,0,0,100,0,3,97,0,14,86,0,1,99,0,17,83,100,0,0,0,93,0,3,4,96,0,2,2,81,0,6,13,90,0,2,8,84,0,7,9,97,0,3,0,97,0,1,2,95,0,3,2,100,0,0,0,97,0,1,2,86,0,3,11,99,0,0,1,83,1,5,11,17,0,1,82,100,0,0,0,20,1,24,55,76,0,6,18,94,0,6,0,94,0,6,0,100,0,0,27,0,2,71,21,0,2,76,1,98,0,2,0,0,98,0,1,1,0,26,0,39,21,7,7,33,4,27,30,6,0,33,3,27,27,10,33,5,27,27,8,33,4,14,31,18,33,3,39,21,4,93,2,5,93,6,1,93,4,3,93,4,3,93,6,1,93,5,2,93,5,2,93,6,1,93,6,1,46,94,0,4,2,94,0,4,2,94,0,5,1,94,0,4,2,94,0,3,3,94,0,4,2,94,0,5,1,94,0,6,0,94,0,6,0,46,80,1,11,8,80,1,14,5,80,1,18,1,80,1,18,1,80,1,9,10,80,1,8,11,80,1,17,2,80,1,19,0,80,1,19,0,46,100,0,0,100,0,100,0,100,0,0,100,0,0,100,0,0,100,0,0,100,0,100,0,46,95,0,5,0,95,0,4,1,95,0,4,1,95,0,4,1,95,0,5,0,95,0,3,2,95,0,1,4,33,1,13,18,22,13,38,4,44,14,38,4,56,2,38,4,56,2,38,4,52,6,38,4,43,15,38,4,55,3,38,4,57,1,38,4,49,9,38,4,51,7,38,4,30,28,100,0,0,0,100,0,0,0,46,46,46,98,0,1,1,98,1,0,1,98,1,0,1,98,1,1,0,98,1,0,1,98,1,0,1,76,2,0,22,76,2,0,22,76,2,0,22,76,2,0,22,76,2,3,19,76,2,4,18,76,3,1,20,95,1,0,4,95,1,1,3,95,1,0,4,95,1,0,4,95,1,0,4,47,0,25,28,47,2,32,19,47,2,17,34,47,2,25,26,47,2,12,39,47,2,3,48,50,1,19,30,81,0,6,5,3,5,55,0,0,3,11,31,55,0,45,0,61,1,4,34,61,0,8,4,5,4,17,1,61,0,16,9,8,6,64,1,6,11,11,7,0,100,100,76,0,7,17,69,0,9,22,84,1,4,11,76,0,2,22,88,0,0,12,97,0,2,1,68,1,1,1,4,1,24,68,1,1,2,2,4,22,73,1,9,5,7,5,73,1,4,5,8,9,73,0,4,8,11,4,89,3,6,2,89,4,3,4,89,4,4,3,77,0,6,17,83,0,10,7,99,0,0,0,0,0,0,0,1,97,0,0,0,1,1,0,0,0,0,0,0,0,0,0,0,1,100,0,0,0,0,0,100,0,0,0,0,0,0,0,0,100,0,0,0,0,100,0,0,0,0,0,0,6.346153846153846,9.337846893978536,0,0,0,0,0,0
NZL,New Zealand,1,2021-03-09,2021-02-28,100,3,10045.91735920926,2,6209.114657590289,12,100,550759.1354731042,98,0,3,97,0,18,82,0,5,95,0,26,74,0,17,83,0,22,78,0,9,91,0,3,97,0,6,94,0,0,100,0,6,94,0,28,72,0,2,98,0,18,82,97,0,2,1,82,0,8,10,95,0,1,4,74,0,2,24,83,0,4,13,78,1,4,17,91,0,7,2,97,0,1,2,94,0,1,5,100,0,0,0,94,0,2,4,72,0,5,23,98,0,0,2,82,0,5,13,0,0,5,95,95,0,4,1,0,1,29,70,71,0,2,27,98,0,2,0,98,0,2,0,100,0,0,3,0,7,90,0,0,0,99,1,100,0,0,0,0,100,0,0,0,0,0,0,49,28,16,7,0,0,37,57,6,0,0,0,46,47,7,0,0,50,40,10,0,0,20,53,27,0,0,66,28,6,93,3,4,93,4,3,93,4,3,93,6,1,93,4,3,93,6,1,93,7,0,93,7,0,93,6,1,19,84,0,5,11,84,0,8,8,84,0,14,2,84,0,15,1,84,0,3,13,84,0,7,9,84,0,14,2,84,0,16,0,84,0,14,2,19,72,0,18,10,72,0,21,7,72,0,24,4,72,0,25,3,72,0,15,13,72,0,9,19,72,0,23,5,72,0,28,0,72,0,27,1,19,100,0,0,100,0,100,0,100,0,0,100,0,0,100,0,0,100,0,0,100,0,100,0,19,91,0,9,0,91,0,5,4,91,0,4,5,91,0,7,2,91,0,9,0,91,0,7,2,91,0,6,3,0,0,18,18,35,29,0,1,78,21,0,1,98,1,0,1,99,0,0,1,99,0,0,1,96,3,0,1,99,0,0,1,92,7,0,1,95,4,0,1,96,3,0,1,31,68,33,0,3,64,2,0,13,85,19,19,19,93,0,2,5,93,0,0,7,93,0,0,7,93,0,1,6,93,0,1,6,93,0,1,6,58,1,0,41,58,1,0,41,58,1,1,40,58,1,0,41,58,1,3,38,58,1,6,35,58,1,3,38,92,0,1,7,92,0,1,7,92,0,1,7,92,0,0,8,92,0,1,7,0,0,44,56,0,0,67,33,0,1,48,51,0,0,61,39,0,0,34,66,0,0,18,82,0,0,51,49,49,0,23,8,6,14,0,0,2,13,39,46,0,0,98,2,0,2,9,89,0,0,11,9,19,22,36,3,0,0,23,17,31,29,0,0,13,32,32,23,0,100,100,56,0,13,31,33,0,18,49,52,0,8,40,39,0,8,53,66,0,6,28,82,0,14,4,0,0,3,7,11,21,58,0,0,7,7,18,20,48,0,2,15,27,25,31,0,0,6,8,26,60,0,0,17,14,33,36,69,0,21,10,69,1,3,27,69,1,8,22,0,0,65,35,65,0,10,25,90,0,0,0,1,2,1,1,5,25,0,3,12,1,2,2,1,2,3,0,3,3,5,2,3,33,0,2,32,65,1,0,0,0,100,0,0,0,0,0,0,2,4,46,36,12,2,0,12,18,29,26,13,6.4603174603174605,7.8057575872234635,2.4,0.8944271909999157,11.527173913043478,5.304654876053415,3.5744680851063833,1.387264359160248
NZL,New Zealand,2,2021-03-09,2021-03-01,100,1,4555.7656405501,1,4555.7656405501,11,100,490406.70030934917,99,0,1,99,0,7,93,0,2,98,0,21,79,0,17,83,0,13,87,0,9,91,0,2,98,0,3,97,0,0,100,0,4,96,0,23,77,0,2,98,0,16,84,99,0,0,1,93,0,5,2,98,0,1,1,79,0,5,16,83,0,5,12,87,0,2,11,91,0,5,4,98,0,2,0,97,0,1,2,100,0,0,0,96,0,1,3,77,0,6,17,98,0,1,1,84,0,7,9,0,0,6,94,94,0,6,0,0,0,30,70,70,0,2,28,98,0,2,0,98,0,2,0,100,0,0,2,0,2,96,0,0,2,98,0,98,0,1,1,0,99,0,0,1,0,2,0,47,34,12,5,2,0,34,58,6,0,2,1,50,36,11,2,0,44,48,6,2,1,11,63,23,2,0,60,37,1,95,2,3,95,5,0,95,5,0,95,4,1,95,3,2,95,3,2,95,5,0,95,4,1,95,4,1,24,88,0,4,8,88,0,9,3,88,0,11,1,88,0,12,0,88,0,5,7,88,0,6,6,88,0,12,0,88,0,12,0,88,0,9,3,24,66,0,17,17,66,0,31,3,66,0,34,0,66,0,32,2,66,0,17,17,66,0,11,23,66,0,33,1,66,0,34,0,66,0,33,1,24,100,0,0,100,0,100,0,100,0,0,100,0,0,100,0,0,100,0,0,100,0,100,0,24,99,0,1,0,99,0,0,1,99,0,0,1,99,0,0,1,99,0,1,0,99,0,1,0,99,0,0,1,0,0,16,19,42,23,0,4,77,19,0,4,96,0,0,4,95,1,0,4,93,3,0,4,87,9,0,4,96,0,0,4,89,7,0,4,95,1,0,4,84,12,0,4,35,61,35,0,3,62,1,0,19,80,24,24,24,98,0,0,2,98,0,0,2,98,0,0,2,98,0,0,2,98,0,1,1,98,0,0,2,30,0,0,70,30,0,0,70,30,0,2,68,30,0,2,68,30,0,4,66,30,1,3,66,30,0,6,64,90,1,1,8,90,1,0,9,90,1,1,8,90,1,0,9,90,1,0,9,0,0,50,50,0,0,69,31,0,0,46,54,0,0,53,47,0,0,26,74,0,0,10,90,0,0,52,48,48,0,18,12,10,12,0,0,0,11,35,54,0,0,100,0,0,1,18,81,0,0,7,12,13,11,54,3,0,0,16,20,30,34,0,1,9,30,35,25,0,100,100,50,0,12,38,31,0,16,53,54,0,8,38,47,0,6,47,74,0,3,23,90,0,7,3,0,0,3,6,7,13,71,0,0,0,4,10,25,61,0,0,11,24,41,24,0,1,3,7,12,77,0,0,9,13,22,56,78,0,16,6,78,0,6,16,78,2,5,15,0,0,76,24,76,1,11,12,89,1,3,0,0,1,1,1,4,13,0,1,9,7,9,2,4,7,3,0,3,13,0,2,2,25,0,0,34,66,0,0,0,0,0,100,0,0,0,0,0,1,1,51,26,21,1,0,21,26,27,19,6,3.9615384615384617,5.766575557916359,1.8333333333333333,1.6020819787597222,12.755102040816327,6.147770066748108,3.0526315789473686,1.2830185572083894
NZL,New Zealand,3,2021-03-09,2021-02-28,100,0,0,0,0,17,100,476209.05706114444,99,0,1,99,0,8,92,0,0,100,0,19,81,0,18,82,0,24,76,0,7,93,0,1,99,0,1,99,0,0,100,0,6,94,0,20,80,0,1,99,0,15,85,99,0,1,0,92,0,4,4,100,0,0,0,81,0,5,14,82,0,5,13,76,0,9,15,93,0,3,4,99,0,0,1,99,0,0,1,100,0,0,0,94,0,4,2,80,0,7,13,99,0,1,0,85,0,7,8,0,0,12,88,88,0,10,2,0,0,32,68,68,1,2,29,98,1,1,0,98,0,2,0,100,0,0,3,0,3,94,0,0,1,99,0,99,0,1,0,0,99,0,0,0,1,1,0,48,28,17,6,1,3,32,55,9,0,1,1,41,43,14,1,2,40,45,12,1,3,10,56,30,1,1,52,43,3,94,3,3,94,4,2,94,6,0,94,6,0,94,3,3,94,5,1,94,6,0,94,5,1,94,5,1,16,83,0,10,7,83,0,12,5,83,0,13,4,83,0,16,1,83,0,6,11,83,0,11,6,83,0,16,1,83,0,17,0,83,0,15,2,16,72,0,10,18,72,0,22,6,72,0,27,1,72,0,26,2,72,0,12,16,72,0,11,17,72,0,28,0,72,0,28,0,72,0,24,4,16,99,1,0,99,1,99,1,99,1,0,99,0,1,99,1,0,99,1,0,99,1,99,1,16,95,0,5,0,95,0,4,1,95,0,3,2,95,0,5,0,95,0,4,1,95,0,4,1,95,0,4,1,0,0,19,22,37,22,0,1,80,19,0,1,99,0,0,1,95,4,0,1,96,3,0,1,83,16,0,1,98,1,0,1,95,4,0,1,95,4,0,1,87,12,0,1,51,48,44,0,1,55,1,0,13,86,16,16,16,97,0,1,2,97,1,1,1,97,1,1,1,97,1,0,2,97,1,0,2,97,1,1,1,38,2,0,60,38,2,1,59,38,2,3,57,38,3,0,59,38,2,5,55,38,2,7,53,38,2,1,59,88,1,0,11,88,1,0,11,88,1,1,10,88,1,1,10,88,0,3,9,0,2,52,46,0,0,71,29,0,1,42,57,0,1,61,38,0,2,24,74,0,2,7,91,0,0,63,37,37,0,28,10,8,17,0,0,1,5,34,60,0,2,98,0,0,0,15,85,0,0,6,6,16,14,55,3,0,0,18,16,33,33,0,0,11,25,40,24,0,100,100,48,0,12,40,29,1,19,51,58,0,7,35,39,0,7,54,76,0,2,22,93,0,4,3,0,0,2,3,4,13,78,0,0,1,3,10,17,69,0,1,14,25,35,25,0,0,4,4,19,73,0,0,6,14,36,44,80,0,16,4,80,3,5,12,80,3,6,11,0,1,75,24,76,0,7,17,93,0,1,1,0,0,0,1,4,18,0,4,6,6,7,1,5,7,6,0,3,10,4,0,5,18,0,1,44,54,0,1,0,0,0,0,100,0,0,0,0,0,4,50,29,17,0,2,10,24,40,20,4,3.6122448979591835,4.004249443459058,1.4166666666666667,0.5149286505444373,12.011904761904763,5.491491880642069,3.351063829787234,1.373383286557663
NZL,New Zealand,4,2021-03-09,2021-03-01,100,0,0,0,0,4,100,407029.1059294813,100,0,0,100,0,6,94,0,0,100,0,12,88,0,5,95,0,14,86,0,4,96,0,0,100,0,1,99,0,0,100,0,3,97,0,9,91,0,2,98,0,4,96,100,0,0,0,94,0,3,3,100,0,0,0,88,0,3,9,95,0,4,1,86,0,3,11,96,0,1,3,100,0,0,0,99,0,0,1,100,0,0,0,97,0,1,2,91,0,4,5,98,0,2,0,96,0,3,1,0,0,3,97,97,0,3,0,0,3,35,62,65,0,8,27,92,0,7,1,92,0,8,0,100,0,0,11,0,2,87,0,0,2,98,0,98,0,2,0,0,98,0,0,2,0,2,0,55,30,10,3,2,2,33,53,10,0,2,2,36,50,10,2,2,36,49,11,2,3,9,58,28,2,2,57,35,4,97,0,3,97,1,2,97,2,1,97,3,0,97,1,2,97,3,0,97,3,0,97,3,0,97,3,0,42,90,0,5,5,90,0,6,4,90,0,6,4,90,0,9,1,90,0,4,6,90,0,5,5,90,0,9,1,90,0,10,0,90,0,10,0,42,70,0,18,12,70,0,21,9,70,0,30,0,70,0,28,2,70,0,16,14,70,0,15,15,70,0,30,0,70,0,30,0,70,0,29,1,42,100,0,0,100,0,100,0,100,0,0,100,0,0,100,0,0,100,0,0,100,0,100,0,42,95,0,5,0,95,0,3,2,95,0,2,3,95,0,0,5,95,0,4,1,95,0,3,2,95,0,5,0,0,0,20,22,30,28,0,0,88,12,0,0,97,3,0,0,97,3,0,0,89,11,0,0,78,22,0,0,100,0,0,0,89,11,0,0,92,8,0,0,84,16,0,0,54,46,33,0,1,66,0,0,14,86,42,42,42,98,0,0,2,98,0,0,2,98,0,0,2,98,0,1,1,98,0,0,2,98,0,1,1,46,2,0,52,46,2,0,52,46,2,2,50,46,2,0,52,46,2,3,49,46,2,5,47,46,2,1,51,92,0,0,8,92,0,1,7,92,0,0,8,92,0,1,7,92,0,0,8,0,1,49,50,0,2,67,31,0,2,42,56,0,1,56,43,0,3,25,72,0,4,11,85,0,0,52,48,48,0,19,9,9,15,0,0,1,3,29,67,0,0,100,0,0,0,19,81,0,0,3,9,13,11,60,4,0,0,19,18,33,30,0,1,12,24,38,25,0,100,100,51,0,10,39,33,0,11,56,58,0,2,40,44,0,6,50,75,0,2,23,89,0,7,4,0,0,0,0,5,16,79,0,0,0,1,6,17,76,0,0,15,33,34,18,0,0,1,9,24,66,0,0,5,26,31,38,69,1,17,13,69,3,6,22,69,2,9,20,0,0,77,23,77,0,7,16,93,0,0,0,2,1,1,0,3,16,0,7,3,2,10,4,3,8,5,1,1,9,4,1,4,22,0,0,33,65,0,2,0,0,0,0,0,100,0,0,0,0,3,49,30,18,0,1,14,22,39,15,9,3.266666666666666,2.947042156343266,1.3333333333333333,0.5773502691896257,11.85483870967742,5.433681515387076,3.0202020202020203,1.2855539422222717
NZL,New Zealand,5,2021-03-09,2021-03-01,100,0,0,0,0,0,100,373708.36253770633,98,2,0,98,2,7,91,1,4,95,2,12,86,1,8,91,2,10,88,2,3,95,2,4,94,2,3,95,1,0,99,2,3,95,2,9,89,2,2,96,2,7,91,100,0,0,0,93,0,3,4,96,0,2,2,88,0,4,8,92,0,2,6,90,0,3,7,97,0,2,1,96,0,2,2,97,0,2,1,100,0,0,0,97,0,1,2,91,0,2,7,98,0,1,1,93,0,2,5,0,0,0,100,100,0,0,0,0,0,33,67,67,1,3,29,97,0,2,1,97,1,2,0,99,0,1,4,1,1,94,0,0,1,99,0,99,0,1,0,0,99,0,0,1,0,1,0,57,23,13,6,1,5,27,59,8,0,1,3,39,48,9,1,4,38,48,9,1,6,16,54,23,1,3,49,44,3,94,2,4,94,3,3,94,3,3,94,3,3,94,5,1,94,5,1,94,6,0,94,6,0,94,6,0,41,87,0,7,6,87,0,13,0,87,0,12,1,87,0,11,2,87,0,10,3,87,0,8,5,87,0,13,0,87,0,12,1,87,0,12,1,41,77,0,15,8,77,0,19,4,77,0,22,1,77,0,21,2,77,0,13,10,77,0,11,12,77,0,22,1,77,0,23,0,77,0,21,2,41,100,0,0,100,0,100,0,100,0,0,100,0,0,100,0,0,100,0,0,100,0,100,0,41,95,0,5,0,95,0,3,2,95,0,4,1,95,0,4,1,95,0,5,0,95,0,4,1,95,0,4,1,0,1,15,22,36,26,0,0,83,17,0,0,98,2,0,0,93,7,0,0,90,10,0,0,63,37,0,0,98,2,0,0,90,10,0,0,89,11,0,0,84,16,0,0,62,38,44,0,1,55,0,1,17,82,41,41,41,99,1,0,0,99,1,0,0,99,1,0,0,99,1,0,0,99,0,1,0,99,1,0,0,49,6,0,45,49,5,1,45,49,6,0,45,49,5,1,45,49,3,8,40,49,6,2,43,49,5,4,42,89,2,0,9,89,2,1,8,89,2,1,8,89,2,0,9,89,2,2,7,0,2,45,53,0,0,69,31,0,2,40,58,0,1,59,40,0,2,16,82,0,2,8,90,0,0,59,41,41,0,20,12,14,13,0,0,0,3,36,61,0,1,99,0,0,1,22,77,0,0,7,10,12,10,54,7,0,0,21,18,20,41,0,0,11,31,31,27,0,100,100,55,0,10,35,31,3,18,48,60,3,4,33,41,3,8,48,84,1,0,15,92,0,7,1,0,0,2,1,1,4,92,0,0,0,1,3,15,81,0,0,12,33,30,25,0,0,1,7,17,75,0,0,5,24,20,51,71,3,23,3,71,8,5,16,71,6,11,12,0,1,67,32,68,0,11,21,89,0,1,0,4,0,0,0,6,22,0,3,4,4,8,3,3,14,5,0,1,3,5,2,4,19,0,0,44,56,0,0,0,0,0,0,0,0,100,0,0,0,2,44,32,22,0,1,25,17,34,19,4,4.966666666666667,6.451320812816943,0,0,12.106382978723405,5.142000960059765,2.377551020408163,1.2478047207321434
NZL,New Zealand,6,2021-03-09,2021-03-01,100,0,0,0,0,0,99,467984.7480330605,90,0,0,100,0,6,94,0,0,100,0,7,93,0,9,91,0,5,95,0,3,97,0,2,98,1,0,99,0,0,100,0,2,98,0,5,95,0,0,100,0,3,97,100,0,0,0,94,0,0,6,100,0,0,0,93,0,2,5,91,0,5,4,95,0,1,4,97,0,1,2,98,0,0,2,100,0,0,0,100,0,0,0,98,0,1,1,95,0,1,4,100,0,0,0,97,0,0,3,0,1,0,99,100,0,0,0,0,0,24,76,76,0,3,21,97,0,3,0,97,0,3,0,100,0,0,3,2,1,94,0,0,0,100,0,100,0,0,0,0,100,0,0,0,0,0,0,67,24,3,6,0,2,37,51,10,0,0,2,45,42,11,0,4,42,47,7,0,3,14,62,21,0,1,68,28,3,94,4,2,94,6,0,94,4,2,94,5,1,94,3,3,94,5,1,94,5,1,94,6,0,94,5,1,31,97,0,2,1,97,0,3,0,97,0,3,0,97,0,3,0,97,0,0,3,97,0,2,1,97,0,3,0,97,0,3,0,97,0,3,0,31,76,0,17,7,76,0,19,5,76,0,24,0,76,0,23,1,76,0,18,6,76,0,11,13,76,0,23,1,76,0,24,0,76,0,23,1,31,100,0,0,100,0,100,0,100,0,0,100,0,0,100,0,0,100,0,0,100,0,100,0,31,98,0,2,0,98,0,1,1,98,0,2,0,98,0,2,0,98,0,2,0,98,0,2,0,98,0,1,1,0,0,14,17,41,28,0,3,83,14,0,3,92,5,0,3,85,12,0,3,83,14,0,3,60,37,0,3,94,3,0,3,87,10,0,3,87,10,0,3,82,15,0,3,64,33,45,1,1,53,7,2,3,88,31,31,31,99,0,0,1,99,0,0,1,99,0,0,1,99,0,0,1,99,0,0,1,99,0,0,1,33,10,0,57,33,10,0,57,33,9,3,55,33,10,0,57,33,9,10,48,33,9,3,55,33,9,7,51,87,1,0,12,87,1,1,11,87,1,0,12,87,1,0,12,87,1,0,12,0,1,23,76,0,1,64,35,0,1,43,56,0,1,45,54,0,1,21,78,0,1,8,91,0,1,47,52,53,0,24,9,3,11,0,0,0,3,30,67,0,1,98,1,0,1,16,83,0,0,9,5,9,8,64,5,0,1,33,18,28,20,0,1,7,23,32,37,0,100,100,77,2,5,16,36,0,17,47,57,1,8,34,55,0,8,37,79,0,3,18,92,0,5,3,0,0,2,1,3,7,87,0,0,1,1,4,9,85,0,1,13,33,30,23,0,0,1,3,13,83,0,0,2,14,15,69,84,0,10,6,84,4,1,11,84,4,5,7,0,0,38,62,38,1,11,50,89,0,2,1,3,0,0,0,5,51,0,2,4,2,11,0,1,6,2,0,1,2,2,5,3,8,0,2,39,59,0,0,0,0,0,0,0,0,0,100,0,4,7,35,30,24,4,5,25,22,30,11,3,4.642857142857143,4.601122653258623,0,0,12.097826086956522,4.5646991947611015,2.098901098901099,1.2207005734863443
NZL,New Zealand,7,2021-03-09,2021-02-26,100,0,0,0,0,2,100,424001.11638290813,96,2,0,98,3,8,89,3,4,93,3,16,81,3,11,86,3,15,82,3,0,97,3,2,95,3,4,93,3,1,96,2,3,95,3,5,92,3,0,97,3,7,90,100,0,0,0,92,1,1,6,96,1,0,3,84,1,5,10,89,0,3,8,85,2,2,11,100,0,0,0,98,0,2,0,96,1,1,2,99,0,1,0,97,0,1,2,95,2,1,2,100,0,0,0,93,0,4,3,0,0,2,98,98,0,1,1,0,0,27,73,73,1,3,23,97,0,3,0,97,0,3,0,100,0,0,4,6,1,89,0,2,0,97,1,100,0,0,0,0,100,0,0,0,0,0,0,77,16,3,4,0,11,35,43,11,0,0,12,47,33,8,0,9,57,27,7,0,12,20,42,26,0,6,72,18,4,96,2,2,96,3,1,96,4,0,96,4,0,96,3,1,96,3,1,96,4,0,96,3,1,96,2,2,10,97,0,1,2,97,0,2,1,97,0,2,1,97,0,2,1,97,0,1,2,97,0,2,1,97,0,3,0,97,0,3,0,97,0,3,0,10,84,0,11,5,84,0,12,4,84,0,16,0,84,0,15,1,84,0,11,5,84,0,7,9,84,0,16,0,84,0,16,0,84,0,16,0,10,100,0,0,100,0,100,0,100,0,0,100,0,0,100,0,0,100,0,0,100,0,100,0,10,99,0,1,0,99,0,0,1,99,0,0,1,99,0,1,0,99,0,1,0,99,0,1,0,99,0,1,0,0,2,13,16,28,41,0,1,81,18,0,1,86,13,0,1,87,12,0,1,78,21,0,1,51,48,0,1,89,10,0,1,89,10,0,1,72,27,0,1,84,15,0,1,80,19,44,3,0,53,3,4,1,92,10,10,10,99,0,0,1,99,0,1,0,99,0,0,1,99,0,0,1,99,0,1,0,99,0,0,1,73,1,0,26,73,1,1,25,73,1,1,25,73,1,0,26,73,1,5,21,73,1,1,25,73,1,4,22,94,0,0,6,94,0,0,6,94,0,0,6,94,0,0,6,94,0,1,5,0,5,12,83,0,1,51,48,0,2,38,60,0,4,50,46,0,3,24,73,0,4,8,88,0,1,61,38,39,0,32,7,11,11,0,1,0,5,39,55,0,1,99,0,0,0,20,80,0,0,3,9,11,9,55,13,0,0,30,24,33,13,0,4,6,21,30,39,0,100,100,88,1,0,11,49,1,12,38,62,2,4,32,50,1,7,42,76,1,3,20,92,1,4,3,0,0,1,1,0,5,93,0,0,0,0,1,12,87,0,0,7,24,33,36,0,1,0,2,7,90,0,0,0,4,30,66,96,0,1,3,96,1,1,2,96,1,1,2,0,1,10,89,11,1,11,77,89,0,0,0,1,0,0,0,10,79,0,1,2,1,3,0,1,0,0,0,2,4,0,1,2,4,0,2,42,56,0,0,0,0,0,0,0,0,0,0,100,3,8,35,34,20,3,5,20,28,26,16,2,9.181818181818182,9.251535499089277,1,0,12.845238095238095,4.356117558513717,1.955056179775281,1.0325400317965947
NZL,New Zealand,-99,2021-03-10,2021-03-01,100,0,0,0,0,1,83,468577.13897860964,0,0,0,100,0,8,92,0,3,97,0,18,82,0,11,89,0,17,83,0,3,97,0,3,97,0,5,95,0,0,100,0,3,97,0,16,84,0,1,99,0,17,83,100,0,0,0,92,0,2,6,97,0,1,2,82,0,6,12,89,0,1,10,83,0,8,9,97,0,3,0,97,0,1,2,95,0,3,2,100,0,0,0,97,0,1,2,84,0,3,13,99,0,0,1,83,1,5,11,17,0,1,82,100,0,0,0,21,1,23,55,77,0,6,17,94,0,6,0,94,0,6,0,100,0,0,28,0,2,70,22,0,2,75,1,98,0,2,0,0,98,0,1,1,0,27,0,38,21,7,7,34,4,26,30,6,0,34,3,27,27,9,34,5,27,27,7,34,4,14,32,16,34,3,39,21,3,93,2,5,93,6,1,93,4,3,93,4,3,93,6,1,93,5,2,93,5,2,93,6,1,93,6,1,50,94,0,4,2,94,0,4,2,94,0,5,1,94,0,4,2,94,0,3,3,94,0,4,2,94,0,5,1,94,0,6,0,94,0,6,0,50,81,1,10,8,81,1,13,5,81,1,17,1,81,1,17,1,81,1,9,9,81,1,8,10,81,1,16,2,81,1,18,0,81,1,18,0,50,100,0,0,100,0,100,0,100,0,0,100,0,0,100,0,0,100,0,0,100,0,100,0,50,95,0,5,0,95,0,4,1,95,0,4,1,95,0,4,1,95,0,5,0,95,0,3,2,95,0,1,4,34,1,13,17,22,13,39,4,43,14,39,4,55,2,39,4,55,2,39,4,51,6,39,4,42,15,39,4,54,3,39,4,56,1,39,4,49,8,39,4,50,7,39,4,29,28,100,0,0,0,100,0,0,0,50,50,50,98,0,1,1,98,1,0,1,98,1,0,1,98,1,1,0,98,1,0,1,98,1,0,1,77,2,0,21,77,2,0,21,77,2,0,21,77,2,0,21,77,2,3,18,77,2,3,18,77,3,1,19,96,0,0,4,96,0,1,3,96,0,0,4,96,0,0,4,96,0,0,4,47,0,25,28,47,2,32,19,47,2,18,33,47,2,26,25,47,2,11,40,47,2,2,49,50,1,20,29,80,0,6,6,3,5,55,0,0,3,11,31,55,0,45,0,62,1,4,33,62,0,8,3,5,4,17,1,62,0,15,9,8,6,65,1,6,10,11,7,0,100,100,76,0,7,17,69,0,8,23,83,1,4,12,75,0,2,23,89,0,0,11,98,0,2,0,69,1,1,1,4,1,23,69,1,1,2,1,4,22,74,1,8,5,7,5,74,1,4,4,8,9,74,0,4,8,10,4,89,3,6,2,89,4,3,4,89,4,4,3,78,0,6,16,84,0,10,6,99,0,0,0,0,0,0,0,1,97,0,0,0,1,1,0,0,0,0,0,0,0,0,0,0,1,100,0,0,0,0,0,100,0,0,0,0,0,0,0,0,100,0,0,0,0,100,0,0,0,0,0,0,6.071428571428571,9.042814095871195,0,0,0,0,0,0
NZL,New Zealand,1,2021-03-10,2021-02-28,100,3,10045.91735920926,2,6209.114657590289,12,100,550759.1354731042,98,0,3,97,0,18,82,0,5,95,0,26,74,0,17,83,0,22,78,0,9,91,0,3,97,0,6,94,0,0,100,0,6,94,0,28,72,0,2,98,0,18,82,97,0,2,1,82,0,8,10,95,0,1,4,74,0,2,24,83,0,4,13,78,1,4,17,91,0,7,2,97,0,1,2,94,0,1,5,100,0,0,0,94,0,2,4,72,0,5,23,98,0,0,2,82,0,5,13,0,0,5,95,95,0,4,1,0,1,29,70,71,0,2,27,98,0,2,0,98,0,2,0,100,0,0,3,0,7,90,0,0,0,99,1,100,0,0,0,0,100,0,0,0,0,0,0,49,28,16,7,0,0,37,57,6,0,0,0,46,47,7,0,0,50,40,10,0,0,20,53,27,0,0,66,28,6,93,3,4,93,4,3,93,4,3,93,6,1,93,4,3,93,6,1,93,7,0,93,7,0,93,6,1,19,84,0,5,11,84,0,8,8,84,0,14,2,84,0,15,1,84,0,3,13,84,0,7,9,84,0,14,2,84,0,16,0,84,0,14,2,19,72,0,18,10,72,0,21,7,72,0,24,4,72,0,25,3,72,0,15,13,72,0,9,19,72,0,23,5,72,0,28,0,72,0,27,1,19,100,0,0,100,0,100,0,100,0,0,100,0,0,100,0,0,100,0,0,100,0,100,0,19,91,0,9,0,91,0,5,4,91,0,4,5,91,0,7,2,91,0,9,0,91,0,7,2,91,0,6,3,0,0,18,18,35,29,0,1,78,21,0,1,98,1,0,1,99,0,0,1,99,0,0,1,96,3,0,1,99,0,0,1,92,7,0,1,95,4,0,1,96,3,0,1,31,68,33,0,3,64,2,0,13,85,19,19,19,93,0,2,5,93,0,0,7,93,0,0,7,93,0,1,6,93,0,1,6,93,0,1,6,58,1,0,41,58,1,0,41,58,1,1,40,58,1,0,41,58,1,3,38,58,1,6,35,58,1,3,38,92,0,1,7,92,0,1,7,92,0,1,7,92,0,0,8,92,0,1,7,0,0,44,56,0,0,67,33,0,1,48,51,0,0,61,39,0,0,34,66,0,0,18,82,0,0,51,49,49,0,23,8,6,14,0,0,2,13,39,46,0,0,98,2,0,2,9,89,0,0,11,9,19,22,36,3,0,0,23,17,31,29,0,0,13,32,32,23,0,100,100,56,0,13,31,33,0,18,49,52,0,8,40,39,0,8,53,66,0,6,28,82,0,14,4,0,0,3,7,11,21,58,0,0,7,7,18,20,48,0,2,15,27,25,31,0,0,6,8,26,60,0,0,17,14,33,36,69,0,21,10,69,1,3,27,69,1,8,22,0,0,65,35,65,0,10,25,90,0,0,0,1,2,1,1,5,25,0,3,12,1,2,2,1,2,3,0,3,3,5,2,3,33,0,2,32,65,1,0,0,0,100,0,0,0,0,0,0,2,4,46,36,12,2,0,12,18,29,26,13,6.4603174603174605,7.8057575872234635,2.4,0.8944271909999157,11.527173913043478,5.304654876053415,3.5744680851063833,1.387264359160248
NZL,New Zealand,2,2021-03-10,2021-03-01,100,1,4555.7656405501,1,4555.7656405501,11,100,490406.70030934917,99,0,1,99,0,7,93,0,2,98,0,21,79,0,17,83,0,13,87,0,9,91,0,2,98,0,3,97,0,0,100,0,4,96,0,23,77,0,2,98,0,16,84,99,0,0,1,93,0,5,2,98,0,1,1,79,0,5,16,83,0,5,12,87,0,2,11,91,0,5,4,98,0,2,0,97,0,1,2,100,0,0,0,96,0,1,3,77,0,6,17,98,0,1,1,84,0,7,9,0,0,6,94,94,0,6,0,0,0,30,70,70,0,2,28,98,0,2,0,98,0,2,0,100,0,0,2,0,2,96,0,0,2,98,0,98,0,1,1,0,99,0,0,1,0,2,0,47,34,12,5,2,0,34,58,6,0,2,1,50,36,11,2,0,44,48,6,2,1,11,63,23,2,0,60,37,1,95,2,3,95,5,0,95,5,0,95,4,1,95,3,2,95,3,2,95,5,0,95,4,1,95,4,1,24,88,0,4,8,88,0,9,3,88,0,11,1,88,0,12,0,88,0,5,7,88,0,6,6,88,0,12,0,88,0,12,0,88,0,9,3,24,66,0,17,17,66,0,31,3,66,0,34,0,66,0,32,2,66,0,17,17,66,0,11,23,66,0,33,1,66,0,34,0,66,0,33,1,24,100,0,0,100,0,100,0,100,0,0,100,0,0,100,0,0,100,0,0,100,0,100,0,24,99,0,1,0,99,0,0,1,99,0,0,1,99,0,0,1,99,0,1,0,99,0,1,0,99,0,0,1,0,0,16,19,42,23,0,4,77,19,0,4,96,0,0,4,95,1,0,4,93,3,0,4,87,9,0,4,96,0,0,4,89,7,0,4,95,1,0,4,84,12,0,4,35,61,35,0,3,62,1,0,19,80,24,24,24,98,0,0,2,98,0,0,2,98,0,0,2,98,0,0,2,98,0,1,1,98,0,0,2,30,0,0,70,30,0,0,70,30,0,2,68,30,0,2,68,30,0,4,66,30,1,3,66,30,0,6,64,90,1,1,8,90,1,0,9,90,1,1,8,90,1,0,9,90,1,0,9,0,0,50,50,0,0,69,31,0,0,46,54,0,0,53,47,0,0,26,74,0,0,10,90,0,0,52,48,48,0,18,12,10,12,0,0,0,11,35,54,0,0,100,0,0,1,18,81,0,0,7,12,13,11,54,3,0,0,16,20,30,34,0,1,9,30,35,25,0,100,100,50,0,12,38,31,0,16,53,54,0,8,38,47,0,6,47,74,0,3,23,90,0,7,3,0,0,3,6,7,13,71,0,0,0,4,10,25,61,0,0,11,24,41,24,0,1,3,7,12,77,0,0,9,13,22,56,78,0,16,6,78,0,6,16,78,2,5,15,0,0,76,24,76,1,11,12,89,1,3,0,0,1,1,1,4,13,0,1,9,7,9,2,4,7,3,0,3,13,0,2,2,25,0,0,34,66,0,0,0,0,0,100,0,0,0,0,0,1,1,51,26,21,1,0,21,26,27,19,6,3.9615384615384617,5.766575557916359,1.8333333333333333,1.6020819787597222,12.755102040816327,6.147770066748108,3.0526315789473686,1.2830185572083894
NZL,New Zealand,3,2021-03-10,2021-02-28,100,0,0,0,0,17,100,476209.05706114444,99,0,1,99,0,8,92,0,0,100,0,19,81,0,18,82,0,24,76,0,7,93,0,1,99,0,1,99,0,0,100,0,6,94,0,20,80,0,1,99,0,15,85,99,0,1,0,92,0,4,4,100,0,0,0,81,0,5,14,82,0,5,13,76,0,9,15,93,0,3,4,99,0,0,1,99,0,0,1,100,0,0,0,94,0,4,2,80,0,7,13,99,0,1,0,85,0,7,8,0,0,12,88,88,0,10,2,0,0,32,68,68,1,2,29,98,1,1,0,98,0,2,0,100,0,0,3,0,3,94,0,0,1,99,0,99,0,1,0,0,99,0,0,0,1,1,0,48,28,17,6,1,3,32,55,9,0,1,1,41,43,14,1,2,40,45,12,1,3,10,56,30,1,1,52,43,3,94,3,3,94,4,2,94,6,0,94,6,0,94,3,3,94,5,1,94,6,0,94,5,1,94,5,1,16,83,0,10,7,83,0,12,5,83,0,13,4,83,0,16,1,83,0,6,11,83,0,11,6,83,0,16,1,83,0,17,0,83,0,15,2,16,72,0,10,18,72,0,22,6,72,0,27,1,72,0,26,2,72,0,12,16,72,0,11,17,72,0,28,0,72,0,28,0,72,0,24,4,16,99,1,0,99,1,99,1,99,1,0,99,0,1,99,1,0,99,1,0,99,1,99,1,16,95,0,5,0,95,0,4,1,95,0,3,2,95,0,5,0,95,0,4,1,95,0,4,1,95,0,4,1,0,0,19,22,37,22,0,1,80,19,0,1,99,0,0,1,95,4,0,1,96,3,0,1,83,16,0,1,98,1,0,1,95,4,0,1,95,4,0,1,87,12,0,1,51,48,44,0,1,55,1,0,13,86,16,16,16,97,0,1,2,97,1,1,1,97,1,1,1,97,1,0,2,97,1,0,2,97,1,1,1,38,2,0,60,38,2,1,59,38,2,3,57,38,3,0,59,38,2,5,55,38,2,7,53,38,2,1,59,88,1,0,11,88,1,0,11,88,1,1,10,88,1,1,10,88,0,3,9,0,2,52,46,0,0,71,29,0,1,42,57,0,1,61,38,0,2,24,74,0,2,7,91,0,0,63,37,37,0,28,10,8,17,0,0,1,5,34,60,0,2,98,0,0,0,15,85,0,0,6,6,16,14,55,3,0,0,18,16,33,33,0,0,11,25,40,24,0,100,100,48,0,12,40,29,1,19,51,58,0,7,35,39,0,7,54,76,0,2,22,93,0,4,3,0,0,2,3,4,13,78,0,0,1,3,10,17,69,0,1,14,25,35,25,0,0,4,4,19,73,0,0,6,14,36,44,80,0,16,4,80,3,5,12,80,3,6,11,0,1,75,24,76,0,7,17,93,0,1,1,0,0,0,1,4,18,0,4,6,6,7,1,5,7,6,0,3,10,4,0,5,18,0,1,44,54,0,1,0,0,0,0,100,0,0,0,0,0,4,50,29,17,0,2,10,24,40,20,4,3.6122448979591835,4.004249443459058,1.4166666666666667,0.5149286505444373,12.011904761904763,5.491491880642069,3.351063829787234,1.373383286557663
NZL,New Zealand,4,2021-03-10,2021-03-01,100,0,0,0,0,4,100,407890.87221326056,100,0,0,100,0,6,94,0,0,100,0,12,88,0,5,95,0,14,86,0,4,96,0,0,100,0,1,99,0,0,100,0,3,97,0,9,91,0,2,98,0,4,96,100,0,0,0,94,0,3,3,100,0,0,0,88,0,3,9,95,0,4,1,86,0,3,11,96,0,1,3,100,0,0,0,99,0,0,1,100,0,0,0,97,0,1,2,91,0,4,5,98,0,2,0,96,0,3,1,0,0,3,97,97,0,3,0,0,3,35,62,65,0,8,27,92,0,7,1,92,0,8,0,100,0,0,11,0,2,87,0,0,2,98,0,98,0,2,0,0,98,0,0,2,0,2,0,56,30,9,3,2,2,34,52,10,0,2,2,37,49,10,2,2,37,48,11,2,3,9,59,27,2,2,57,35,4,97,0,3,97,1,2,97,2,1,97,3,0,97,1,2,97,3,0,97,3,0,97,3,0,97,3,0,43,91,0,5,4,91,0,5,4,91,0,5,4,91,0,8,1,91,0,3,6,91,0,4,5,91,0,8,1,91,0,9,0,91,0,9,0,43,70,0,18,12,70,0,21,9,70,0,30,0,70,0,28,2,70,0,16,14,70,0,15,15,70,0,30,0,70,0,30,0,70,0,29,1,43,100,0,0,100,0,100,0,100,0,0,100,0,0,100,0,0,100,0,0,100,0,100,0,43,95,0,5,0,95,0,3,2,95,0,2,3,95,0,0,5,95,0,4,1,95,0,3,2,95,0,5,0,0,0,19,22,30,29,0,1,87,12,0,1,96,3,0,1,96,3,0,1,88,11,0,1,77,22,0,1,99,0,0,1,88,11,0,1,92,7,0,1,84,15,0,1,53,46,33,0,1,66,0,0,14,86,43,43,43,98,0,0,2,98,0,0,2,98,0,0,2,98,0,1,1,98,0,0,2,98,0,1,1,47,2,0,51,47,2,0,51,47,2,2,49,47,2,0,51,47,2,3,48,47,2,5,46,47,2,1,50,92,0,0,8,92,0,1,7,92,0,0,8,92,0,1,7,92,0,0,8,0,1,49,50,0,2,68,30,0,2,42,56,0,1,57,42,0,3,26,71,0,4,11,85,0,0,52,48,48,0,18,9,9,16,0,0,1,3,29,67,0,0,100,0,0,0,19,81,0,0,3,9,13,11,60,4,0,0,19,18,33,30,0,1,12,24,37,26,0,100,100,51,0,10,39,32,0,11,57,58,0,2,40,43,0,6,51,74,0,2,24,89,0,7,4,0,0,0,0,5,16,79,0,0,0,1,6,17,76,0,0,15,32,35,18,0,0,1,9,23,67,0,0,5,25,31,39,70,1,17,12,70,3,5,22,70,2,8,20,0,0,77,23,77,0,7,16,93,0,0,0,2,1,1,0,3,16,0,7,3,2,10,4,3,8,5,1,1,9,4,2,4,21,0,0,33,65,0,2,0,0,0,0,0,100,0,0,0,0,3,49,30,18,0,1,15,21,39,15,9,3.266666666666666,2.947042156343266,1.3333333333333333,0.5773502691896257,11.887096774193548,5.431454801641277,3.01010101010101,1.2816996806293977
NZL,New Zealand,5,2021-03-10,2021-03-01,100,0,0,0,0,0,100,373708.36253770633,98,2,0,98,2,7,91,1,4,95,2,12,86,1,8,91,2,10,88,2,3,95,2,4,94,2,3,95,1,0,99,2,3,95,2,9,89,2,2,96,2,7,91,100,0,0,0,93,0,3,4,96,0,2,2,88,0,4,8,92,0,2,6,90,0,3,7,97,0,2,1,96,0,2,2,97,0,2,1,100,0,0,0,97,0,1,2,91,0,2,7,98,0,1,1,93,0,2,5,0,0,0,100,100,0,0,0,0,0,33,67,67,1,3,29,97,0,2,1,97,1,2,0,99,0,1,4,1,1,94,0,0,1,99,0,99,0,1,0,0,99,0,0,1,0,1,0,57,23,13,6,1,5,27,59,8,0,1,3,39,48,9,1,4,38,48,9,1,6,16,54,23,1,3,49,44,3,94,2,4,94,3,3,94,3,3,94,3,3,94,5,1,94,5,1,94,6,0,94,6,0,94,6,0,41,87,0,7,6,87,0,13,0,87,0,12,1,87,0,11,2,87,0,10,3,87,0,8,5,87,0,13,0,87,0,12,1,87,0,12,1,41,77,0,15,8,77,0,19,4,77,0,22,1,77,0,21,2,77,0,13,10,77,0,11,12,77,0,22,1,77,0,23,0,77,0,21,2,41,100,0,0,100,0,100,0,100,0,0,100,0,0,100,0,0,100,0,0,100,0,100,0,41,95,0,5,0,95,0,3,2,95,0,4,1,95,0,4,1,95,0,5,0,95,0,4,1,95,0,4,1,0,1,15,22,36,26,0,0,83,17,0,0,98,2,0,0,93,7,0,0,90,10,0,0,63,37,0,0,98,2,0,0,90,10,0,0,89,11,0,0,84,16,0,0,62,38,44,0,1,55,0,1,17,82,41,41,41,99,1,0,0,99,1,0,0,99,1,0,0,99,1,0,0,99,0,1,0,99,1,0,0,49,6,0,45,49,5,1,45,49,6,0,45,49,5,1,45,49,3,8,40,49,6,2,43,49,5,4,42,89,2,0,9,89,2,1,8,89,2,1,8,89,2,0,9,89,2,2,7,0,2,45,53,0,0,69,31,0,2,40,58,0,1,59,40,0,2,16,82,0,2,8,90,0,0,59,41,41,0,20,12,14,13,0,0,0,3,36,61,0,1,99,0,0,1,22,77,0,0,7,10,12,10,54,7,0,0,21,18,20,41,0,0,11,31,31,27,0,100,100,55,0,10,35,31,3,18,48,60,3,4,33,41,3,8,48,84,1,0,15,92,0,7,1,0,0,2,1,1,4,92,0,0,0,1,3,15,81,0,0,12,33,30,25,0,0,1,7,17,75,0,0,5,24,20,51,71,3,23,3,71,8,5,16,71,6,11,12,0,1,67,32,68,0,11,21,89,0,1,0,4,0,0,0,6,22,0,3,4,4,8,3,3,14,5,0,1,3,5,2,4,19,0,0,44,56,0,0,0,0,0,0,0,0,100,0,0,0,2,44,32,22,0,1,25,17,34,19,4,4.966666666666667,6.451320812816943,0,0,12.106382978723405,5.142000960059765,2.377551020408163,1.2478047207321434
NZL,New Zealand,6,2021-03-10,2021-03-01,100,0,0,0,0,0,99,467984.7480330605,90,0,0,100,0,6,94,0,0,100,0,7,93,0,9,91,0,5,95,0,3,97,0,2,98,1,0,99,0,0,100,0,2,98,0,5,95,0,0,100,0,3,97,100,0,0,0,94,0,0,6,100,0,0,0,93,0,2,5,91,0,5,4,95,0,1,4,97,0,1,2,98,0,0,2,100,0,0,0,100,0,0,0,98,0,1,1,95,0,1,4,100,0,0,0,97,0,0,3,0,1,0,99,100,0,0,0,0,0,24,76,76,0,3,21,97,0,3,0,97,0,3,0,100,0,0,3,2,1,94,0,0,0,100,0,100,0,0,0,0,100,0,0,0,0,0,0,67,24,3,6,0,2,37,51,10,0,0,2,45,42,11,0,4,42,47,7,0,3,14,62,21,0,1,68,28,3,94,4,2,94,6,0,94,4,2,94,5,1,94,3,3,94,5,1,94,5,1,94,6,0,94,5,1,31,97,0,2,1,97,0,3,0,97,0,3,0,97,0,3,0,97,0,0,3,97,0,2,1,97,0,3,0,97,0,3,0,97,0,3,0,31,76,0,17,7,76,0,19,5,76,0,24,0,76,0,23,1,76,0,18,6,76,0,11,13,76,0,23,1,76,0,24,0,76,0,23,1,31,100,0,0,100,0,100,0,100,0,0,100,0,0,100,0,0,100,0,0,100,0,100,0,31,98,0,2,0,98,0,1,1,98,0,2,0,98,0,2,0,98,0,2,0,98,0,2,0,98,0,1,1,0,0,14,17,41,28,0,3,83,14,0,3,92,5,0,3,85,12,0,3,83,14,0,3,60,37,0,3,94,3,0,3,87,10,0,3,87,10,0,3,82,15,0,3,64,33,45,1,1,53,7,2,3,88,31,31,31,99,0,0,1,99,0,0,1,99,0,0,1,99,0,0,1,99,0,0,1,99,0,0,1,33,10,0,57,33,10,0,57,33,9,3,55,33,10,0,57,33,9,10,48,33,9,3,55,33,9,7,51,87,1,0,12,87,1,1,11,87,1,0,12,87,1,0,12,87,1,0,12,0,1,23,76,0,1,64,35,0,1,43,56,0,1,45,54,0,1,21,78,0,1,8,91,0,1,47,52,53,0,24,9,3,11,0,0,0,3,30,67,0,1,98,1,0,1,16,83,0,0,9,5,9,8,64,5,0,1,33,18,28,20,0,1,7,23,32,37,0,100,100,77,2,5,16,36,0,17,47,57,1,8,34,55,0,8,37,79,0,3,18,92,0,5,3,0,0,2,1,3,7,87,0,0,1,1,4,9,85,0,1,13,33,30,23,0,0,1,3,13,83,0,0,2,14,15,69,84,0,10,6,84,4,1,11,84,4,5,7,0,0,38,62,38,1,11,50,89,0,2,1,3,0,0,0,5,51,0,2,4,2,11,0,1,6,2,0,1,2,2,5,3,8,0,2,39,59,0,0,0,0,0,0,0,0,0,100,0,4,7,35,30,24,4,5,25,22,30,11,3,4.642857142857143,4.601122653258623,0,0,12.097826086956522,4.5646991947611015,2.098901098901099,1.2207005734863443
NZL,New Zealand,7,2021-03-10,2021-02-26,100,0,0,0,0,2,100,422175.8284063895,96,2,0,98,3,8,89,3,3,94,3,15,82,3,11,86,3,15,82,3,0,97,3,2,95,3,4,93,3,1,96,2,3,95,3,5,92,3,1,96,3,7,90,100,0,0,0,92,1,1,6,97,1,0,2,85,1,5,9,89,0,3,8,85,2,2,11,100,0,0,0,98,0,2,0,96,1,1,2,99,0,1,0,97,0,1,2,95,2,1,2,99,0,0,1,93,0,4,3,0,0,2,98,98,0,1,1,0,0,26,74,74,1,3,22,97,0,3,0,97,0,3,0,100,0,0,4,6,1,89,0,2,0,97,1,100,0,0,0,0,100,0,0,0,0,0,0,77,16,3,4,0,11,34,44,11,0,0,12,46,34,8,0,9,56,28,7,0,12,19,43,26,0,6,71,19,4,96,2,2,96,3,1,96,4,0,96,4,0,96,3,1,96,3,1,96,4,0,96,3,1,96,2,2,11,97,0,1,2,97,0,2,1,97,0,2,1,97,0,2,1,97,0,1,2,97,0,2,1,97,0,3,0,97,0,3,0,97,0,3,0,11,84,0,11,5,84,0,12,4,84,0,16,0,84,0,15,1,84,0,11,5,84,0,7,9,84,0,16,0,84,0,16,0,84,0,16,0,11,100,0,0,100,0,100,0,100,0,0,100,0,0,100,0,0,100,0,0,100,0,100,0,11,99,0,1,0,99,0,0,1,99,0,0,1,99,0,1,0,99,0,1,0,99,0,1,0,99,0,1,0,0,2,13,15,28,42,0,1,82,17,0,1,87,12,0,1,87,12,0,1,78,21,0,1,50,49,0,1,89,10,0,1,90,9,0,1,73,26,0,1,84,15,0,1,80,19,43,3,0,54,3,4,1,92,11,11,11,99,0,0,1,99,0,1,0,99,0,0,1,99,0,0,1,99,0,1,0,99,0,0,1,73,1,0,26,73,1,1,25,73,1,1,25,73,1,0,26,73,1,5,21,73,1,1,25,73,1,4,22,94,0,0,6,94,0,0,6,94,0,0,6,94,0,0,6,94,0,1,5,0,5,11,84,0,1,51,48,0,2,38,60,0,4,50,46,0,3,25,72,0,4,7,89,0,1,61,38,39,0,32,7,11,11,0,1,0,5,39,55,0,1,99,0,0,0,20,80,0,0,3,9,10,10,55,13,0,0,30,24,32,14,0,4,6,21,30,39,0,100,100,89,1,0,10,49,1,12,38,62,2,3,33,50,1,8,41,75,1,4,20,93,1,3,3,0,0,1,1,0,5,93,0,0,0,0,1,12,87,0,0,7,24,33,36,0,1,0,2,7,90,0,0,0,4,30,66,96,0,1,3,96,1,1,2,96,1,1,2,0,1,9,90,10,1,11,78,89,0,0,0,1,0,0,0,10,80,0,1,2,1,3,0,1,0,0,0,2,3,0,1,2,4,0,2,41,57,0,0,0,0,0,0,0,0,0,0,100,3,8,36,33,20,3,5,19,29,26,16,2,9.15625,9.398384813188605,1,0,12.869047619047619,4.373468095050883,1.955056179775281,1.0325400317965947
NZL,New Zealand,-99,2021-03-11,2021-03-01,100,0,0,0,0,2,83,474066.6299741466,0,0,0,100,0,8,92,0,3,97,0,18,82,0,11,89,0,17,83,0,3,97,0,3,97,0,5,95,0,0,100,0,3,97,0,16,84,0,1,99,0,17,83,100,0,0,0,92,0,2,6,97,0,1,2,82,0,6,12,89,0,1,10,83,0,8,9,97,0,3,0,97,0,1,2,95,0,3,2,100,0,0,0,97,0,1,2,84,0,3,13,99,0,0,1,83,1,5,11,17,0,2,81,100,0,0,0,22,1,22,55,78,0,6,16,94,0,6,0,94,0,6,0,100,0,0,29,0,2,69,23,0,2,74,1,98,0,2,0,0,98,0,1,1,0,28,0,37,20,7,8,35,4,26,28,7,0,35,3,27,25,10,35,5,27,25,8,35,4,14,30,17,35,3,39,19,4,92,2,6,92,7,1,92,4,4,92,4,4,92,7,1,92,6,2,92,6,2,92,7,1,92,7,1,52,94,0,4,2,94,0,4,2,94,0,5,1,94,0,4,2,94,0,3,3,94,0,4,2,94,0,5,1,94,0,6,0,94,0,6,0,52,82,1,10,7,82,1,12,5,82,1,16,1,82,1,16,1,82,1,9,8,82,1,8,9,82,1,15,2,82,1,17,0,82,1,17,0,52,100,0,0,100,0,100,0,100,0,0,100,0,0,100,0,0,100,0,0,100,0,100,0,52,94,0,6,0,94,0,5,1,94,0,5,1,94,0,5,1,94,0,5,1,94,0,4,2,94,0,2,4,35,1,13,17,22,12,40,4,42,14,40,4,54,2,40,4,54,2,40,4,50,6,40,4,41,15,40,4,53,3,40,4,55,1,40,4,48,8,40,4,49,7,40,4,29,27,100,0,0,0,100,0,0,0,52,52,52,98,0,1,1,98,1,0,1,98,1,0,1,98,1,1,0,98,1,0,1,98,1,0,1,78,1,0,21,78,1,0,21,78,1,0,21,78,1,0,21,78,1,3,18,78,1,3,18,78,2,1,19,96,0,0,4,96,0,1,3,96,0,0,4,96,0,0,4,96,0,0,4,47,0,24,29,47,2,32,19,47,2,18,33,47,2,26,25,47,2,11,40,47,2,2,49,50,1,19,30,81,0,6,6,3,4,55,0,0,3,11,31,55,0,45,0,63,1,4,32,63,0,8,3,5,4,16,1,63,0,15,9,8,5,66,1,6,10,10,7,0,100,100,77,0,7,16,69,0,8,23,83,0,4,13,75,0,2,23,89,0,0,11,98,0,2,0,70,0,1,1,4,1,23,70,0,1,2,1,4,22,75,0,8,5,7,5,75,0,4,4,8,9,75,0,4,7,10,4,89,3,6,2,89,4,3,4,89,4,4,3,78,0,6,16,84,0,10,6,99,0,0,0,0,0,0,0,1,97,0,0,0,1,1,0,0,0,0,0,0,0,0,0,0,1,100,0,0,0,0,0,100,0,0,0,0,0,0,0,0,100,0,0,0,0,100,0,0,0,0,0,0,6.071428571428571,9.042814095871195,0,0,0,0,0,0
NZL,New Zealand,1,2021-03-11,2021-02-28,100,3,10045.91735920926,2,6209.114657590289,12,100,550759.1354731042,98,0,3,97,0,18,82,0,5,95,0,26,74,0,17,83,0,22,78,0,9,91,0,3,97,0,6,94,0,0,100,0,6,94,0,28,72,0,2,98,0,18,82,97,0,2,1,82,0,8,10,95,0,1,4,74,0,2,24,83,0,4,13,78,1,4,17,91,0,7,2,97,0,1,2,94,0,1,5,100,0,0,0,94,0,2,4,72,0,5,23,98,0,0,2,82,0,5,13,0,0,5,95,95,0,4,1,0,1,29,70,71,0,2,27,98,0,2,0,98,0,2,0,100,0,0,3,0,7,90,0,0,0,99,1,100,0,0,0,0,100,0,0,0,0,0,0,49,28,16,7,0,0,37,57,6,0,0,0,46,47,7,0,0,50,40,10,0,0,20,53,27,0,0,66,28,6,93,3,4,93,4,3,93,4,3,93,6,1,93,4,3,93,6,1,93,7,0,93,7,0,93,6,1,19,84,0,5,11,84,0,8,8,84,0,14,2,84,0,15,1,84,0,3,13,84,0,7,9,84,0,14,2,84,0,16,0,84,0,14,2,19,72,0,18,10,72,0,21,7,72,0,24,4,72,0,25,3,72,0,15,13,72,0,9,19,72,0,23,5,72,0,28,0,72,0,27,1,19,100,0,0,100,0,100,0,100,0,0,100,0,0,100,0,0,100,0,0,100,0,100,0,19,91,0,9,0,91,0,5,4,91,0,4,5,91,0,7,2,91,0,9,0,91,0,7,2,91,0,6,3,0,0,18,18,35,29,0,1,78,21,0,1,98,1,0,1,99,0,0,1,99,0,0,1,96,3,0,1,99,0,0,1,92,7,0,1,95,4,0,1,96,3,0,1,31,68,33,0,3,64,2,0,13,85,19,19,19,93,0,2,5,93,0,0,7,93,0,0,7,93,0,1,6,93,0,1,6,93,0,1,6,58,1,0,41,58,1,0,41,58,1,1,40,58,1,0,41,58,1,3,38,58,1,6,35,58,1,3,38,92,0,1,7,92,0,1,7,92,0,1,7,92,0,0,8,92,0,1,7,0,0,44,56,0,0,67,33,0,1,48,51,0,0,61,39,0,0,34,66,0,0,18,82,0,0,51,49,49,0,23,8,6,14,0,0,2,13,39,46,0,0,98,2,0,2,9,89,0,0,11,9,19,22,36,3,0,0,23,17,31,29,0,0,13,32,32,23,0,100,100,56,0,13,31,33,0,18,49,52,0,8,40,39,0,8,53,66,0,6,28,82,0,14,4,0,0,3,7,11,21,58,0,0,7,7,18,20,48,0,2,15,27,25,31,0,0,6,8,26,60,0,0,17,14,33,36,69,0,21,10,69,1,3,27,69,1,8,22,0,0,65,35,65,0,10,25,90,0,0,0,1,2,1,1,5,25,0,3,12,1,2,2,1,2,3,0,3,3,5,2,3,33,0,2,32,65,1,0,0,0,100,0,0,0,0,0,0,2,4,46,36,12,2,0,12,18,29,26,13,6.4603174603174605,7.8057575872234635,2.4,0.8944271909999157,11.527173913043478,5.304654876053415,3.5744680851063833,1.387264359160248
NZL,New Zealand,2,2021-03-11,2021-03-01,100,1,4555.7656405501,1,4555.7656405501,11,100,490406.70030934917,99,0,1,99,0,7,93,0,2,98,0,21,79,0,17,83,0,13,87,0,9,91,0,2,98,0,3,97,0,0,100,0,4,96,0,23,77,0,2,98,0,16,84,99,0,0,1,93,0,5,2,98,0,1,1,79,0,5,16,83,0,5,12,87,0,2,11,91,0,5,4,98,0,2,0,97,0,1,2,100,0,0,0,96,0,1,3,77,0,6,17,98,0,1,1,84,0,7,9,0,0,6,94,94,0,6,0,0,0,30,70,70,0,2,28,98,0,2,0,98,0,2,0,100,0,0,2,0,2,96,0,0,2,98,0,98,0,1,1,0,99,0,0,1,0,2,0,47,34,12,5,2,0,34,58,6,0,2,1,50,36,11,2,0,44,48,6,2,1,11,63,23,2,0,60,37,1,95,2,3,95,5,0,95,5,0,95,4,1,95,3,2,95,3,2,95,5,0,95,4,1,95,4,1,24,88,0,4,8,88,0,9,3,88,0,11,1,88,0,12,0,88,0,5,7,88,0,6,6,88,0,12,0,88,0,12,0,88,0,9,3,24,66,0,17,17,66,0,31,3,66,0,34,0,66,0,32,2,66,0,17,17,66,0,11,23,66,0,33,1,66,0,34,0,66,0,33,1,24,100,0,0,100,0,100,0,100,0,0,100,0,0,100,0,0,100,0,0,100,0,100,0,24,99,0,1,0,99,0,0,1,99,0,0,1,99,0,0,1,99,0,1,0,99,0,1,0,99,0,0,1,0,0,16,19,42,23,0,4,77,19,0,4,96,0,0,4,95,1,0,4,93,3,0,4,87,9,0,4,96,0,0,4,89,7,0,4,95,1,0,4,84,12,0,4,35,61,35,0,3,62,1,0,19,80,24,24,24,98,0,0,2,98,0,0,2,98,0,0,2,98,0,0,2,98,0,1,1,98,0,0,2,30,0,0,70,30,0,0,70,30,0,2,68,30,0,2,68,30,0,4,66,30,1,3,66,30,0,6,64,90,1,1,8,90,1,0,9,90,1,1,8,90,1,0,9,90,1,0,9,0,0,50,50,0,0,69,31,0,0,46,54,0,0,53,47,0,0,26,74,0,0,10,90,0,0,52,48,48,0,18,12,10,12,0,0,0,11,35,54,0,0,100,0,0,1,18,81,0,0,7,12,13,11,54,3,0,0,16,20,30,34,0,1,9,30,35,25,0,100,100,50,0,12,38,31,0,16,53,54,0,8,38,47,0,6,47,74,0,3,23,90,0,7,3,0,0,3,6,7,13,71,0,0,0,4,10,25,61,0,0,11,24,41,24,0,1,3,7,12,77,0,0,9,13,22,56,78,0,16,6,78,0,6,16,78,2,5,15,0,0,76,24,76,1,11,12,89,1,3,0,0,1,1,1,4,13,0,1,9,7,9,2,4,7,3,0,3,13,0,2,2,25,0,0,34,66,0,0,0,0,0,100,0,0,0,0,0,1,1,51,26,21,1,0,21,26,27,19,6,3.9615384615384617,5.766575557916359,1.8333333333333333,1.6020819787597222,12.755102040816327,6.147770066748108,3.0526315789473686,1.2830185572083894
NZL,New Zealand,3,2021-03-11,2021-02-28,100,0,0,0,0,17,100,476209.05706114444,99,0,1,99,0,8,92,0,0,100,0,19,81,0,18,82,0,24,76,0,7,93,0,1,99,0,1,99,0,0,100,0,6,94,0,20,80,0,1,99,0,15,85,99,0,1,0,92,0,4,4,100,0,0,0,81,0,5,14,82,0,5,13,76,0,9,15,93,0,3,4,99,0,0,1,99,0,0,1,100,0,0,0,94,0,4,2,80,0,7,13,99,0,1,0,85,0,7,8,0,0,12,88,88,0,10,2,0,0,32,68,68,1,2,29,98,1,1,0,98,0,2,0,100,0,0,3,0,3,94,0,0,1,99,0,99,0,1,0,0,99,0,0,0,1,1,0,48,28,17,6,1,3,32,55,9,0,1,1,41,43,14,1,2,40,45,12,1,3,10,56,30,1,1,52,43,3,94,3,3,94,4,2,94,6,0,94,6,0,94,3,3,94,5,1,94,6,0,94,5,1,94,5,1,16,83,0,10,7,83,0,12,5,83,0,13,4,83,0,16,1,83,0,6,11,83,0,11,6,83,0,16,1,83,0,17,0,83,0,15,2,16,72,0,10,18,72,0,22,6,72,0,27,1,72,0,26,2,72,0,12,16,72,0,11,17,72,0,28,0,72,0,28,0,72,0,24,4,16,99,1,0,99,1,99,1,99,1,0,99,0,1,99,1,0,99,1,0,99,1,99,1,16,95,0,5,0,95,0,4,1,95,0,3,2,95,0,5,0,95,0,4,1,95,0,4,1,95,0,4,1,0,0,19,22,37,22,0,1,80,19,0,1,99,0,0,1,95,4,0,1,96,3,0,1,83,16,0,1,98,1,0,1,95,4,0,1,95,4,0,1,87,12,0,1,51,48,44,0,1,55,1,0,13,86,16,16,16,97,0,1,2,97,1,1,1,97,1,1,1,97,1,0,2,97,1,0,2,97,1,1,1,38,2,0,60,38,2,1,59,38,2,3,57,38,3,0,59,38,2,5,55,38,2,7,53,38,2,1,59,88,1,0,11,88,1,0,11,88,1,1,10,88,1,1,10,88,0,3,9,0,2,52,46,0,0,71,29,0,1,42,57,0,1,61,38,0,2,24,74,0,2,7,91,0,0,63,37,37,0,28,10,8,17,0,0,1,5,34,60,0,2,98,0,0,0,15,85,0,0,6,6,16,14,55,3,0,0,18,16,33,33,0,0,11,25,40,24,0,100,100,48,0,12,40,29,1,19,51,58,0,7,35,39,0,7,54,76,0,2,22,93,0,4,3,0,0,2,3,4,13,78,0,0,1,3,10,17,69,0,1,14,25,35,25,0,0,4,4,19,73,0,0,6,14,36,44,80,0,16,4,80,3,5,12,80,3,6,11,0,1,75,24,76,0,7,17,93,0,1,1,0,0,0,1,4,18,0,4,6,6,7,1,5,7,6,0,3,10,4,0,5,18,0,1,44,54,0,1,0,0,0,0,100,0,0,0,0,0,4,50,29,17,0,2,10,24,40,20,4,3.6122448979591835,4.004249443459058,1.4166666666666667,0.5149286505444373,12.011904761904763,5.491491880642069,3.351063829787234,1.373383286557663
NZL,New Zealand,4,2021-03-11,2021-03-01,100,0,0,0,0,4,100,407890.87221326056,100,0,0,100,0,6,94,0,0,100,0,12,88,0,5,95,0,14,86,0,4,96,0,0,100,0,1,99,0,0,100,0,3,97,0,9,91,0,2,98,0,4,96,100,0,0,0,94,0,3,3,100,0,0,0,88,0,3,9,95,0,4,1,86,0,3,11,96,0,1,3,100,0,0,0,99,0,0,1,100,0,0,0,97,0,1,2,91,0,4,5,98,0,2,0,96,0,3,1,0,0,3,97,97,0,3,0,0,3,35,62,65,0,8,27,92,0,7,1,92,0,8,0,100,0,0,11,0,2,87,0,0,2,98,0,98,0,2,0,0,98,0,0,2,0,2,0,56,30,9,3,2,2,34,52,10,0,2,2,37,49,10,2,2,37,48,11,2,3,9,59,27,2,2,57,35,4,97,0,3,97,1,2,97,2,1,97,3,0,97,1,2,97,3,0,97,3,0,97,3,0,97,3,0,43,91,0,5,4,91,0,5,4,91,0,5,4,91,0,8,1,91,0,3,6,91,0,4,5,91,0,8,1,91,0,9,0,91,0,9,0,43,70,0,18,12,70,0,21,9,70,0,30,0,70,0,28,2,70,0,16,14,70,0,15,15,70,0,30,0,70,0,30,0,70,0,29,1,43,100,0,0,100,0,100,0,100,0,0,100,0,0,100,0,0,100,0,0,100,0,100,0,43,95,0,5,0,95,0,3,2,95,0,2,3,95,0,0,5,95,0,4,1,95,0,3,2,95,0,5,0,0,0,19,22,30,29,0,1,87,12,0,1,96,3,0,1,96,3,0,1,88,11,0,1,77,22,0,1,99,0,0,1,88,11,0,1,92,7,0,1,84,15,0,1,53,46,33,0,1,66,0,0,14,86,43,43,43,98,0,0,2,98,0,0,2,98,0,0,2,98,0,1,1,98,0,0,2,98,0,1,1,47,2,0,51,47,2,0,51,47,2,2,49,47,2,0,51,47,2,3,48,47,2,5,46,47,2,1,50,92,0,0,8,92,0,1,7,92,0,0,8,92,0,1,7,92,0,0,8,0,1,49,50,0,2,68,30,0,2,42,56,0,1,57,42,0,3,26,71,0,4,11,85,0,0,52,48,48,0,18,9,9,16,0,0,1,3,29,67,0,0,100,0,0,0,19,81,0,0,3,9,13,11,60,4,0,0,19,18,33,30,0,1,12,24,37,26,0,100,100,51,0,10,39,32,0,11,57,58,0,2,40,43,0,6,51,74,0,2,24,89,0,7,4,0,0,0,0,5,16,79,0,0,0,1,6,17,76,0,0,15,32,35,18,0,0,1,9,23,67,0,0,5,25,31,39,70,1,17,12,70,3,5,22,70,2,8,20,0,0,77,23,77,0,7,16,93,0,0,0,2,1,1,0,3,16,0,7,3,2,10,4,3,8,5,1,1,9,4,2,4,21,0,0,33,65,0,2,0,0,0,0,0,100,0,0,0,0,3,49,30,18,0,1,15,21,39,15,9,3.266666666666666,2.947042156343266,1.3333333333333333,0.5773502691896257,11.887096774193548,5.431454801641277,3.01010101010101,1.2816996806293977
NZL,New Zealand,5,2021-03-11,2021-03-01,100,0,0,0,0,0,100,373708.36253770633,98,2,0,98,2,7,91,1,4,95,2,12,86,1,8,91,2,10,88,2,3,95,2,4,94,2,3,95,1,0,99,2,3,95,2,9,89,2,2,96,2,7,91,100,0,0,0,93,0,3,4,96,0,2,2,88,0,4,8,92,0,2,6,90,0,3,7,97,0,2,1,96,0,2,2,97,0,2,1,100,0,0,0,97,0,1,2,91,0,2,7,98,0,1,1,93,0,2,5,0,0,0,100,100,0,0,0,0,0,33,67,67,1,3,29,97,0,2,1,97,1,2,0,99,0,1,4,1,1,94,0,0,1,99,0,99,0,1,0,0,99,0,0,1,0,1,0,57,23,13,6,1,5,27,59,8,0,1,3,39,48,9,1,4,38,48,9,1,6,16,54,23,1,3,49,44,3,94,2,4,94,3,3,94,3,3,94,3,3,94,5,1,94,5,1,94,6,0,94,6,0,94,6,0,41,87,0,7,6,87,0,13,0,87,0,12,1,87,0,11,2,87,0,10,3,87,0,8,5,87,0,13,0,87,0,12,1,87,0,12,1,41,77,0,15,8,77,0,19,4,77,0,22,1,77,0,21,2,77,0,13,10,77,0,11,12,77,0,22,1,77,0,23,0,77,0,21,2,41,100,0,0,100,0,100,0,100,0,0,100,0,0,100,0,0,100,0,0,100,0,100,0,41,95,0,5,0,95,0,3,2,95,0,4,1,95,0,4,1,95,0,5,0,95,0,4,1,95,0,4,1,0,1,15,22,36,26,0,0,83,17,0,0,98,2,0,0,93,7,0,0,90,10,0,0,63,37,0,0,98,2,0,0,90,10,0,0,89,11,0,0,84,16,0,0,62,38,44,0,1,55,0,1,17,82,41,41,41,99,1,0,0,99,1,0,0,99,1,0,0,99,1,0,0,99,0,1,0,99,1,0,0,49,6,0,45,49,5,1,45,49,6,0,45,49,5,1,45,49,3,8,40,49,6,2,43,49,5,4,42,89,2,0,9,89,2,1,8,89,2,1,8,89,2,0,9,89,2,2,7,0,2,45,53,0,0,69,31,0,2,40,58,0,1,59,40,0,2,16,82,0,2,8,90,0,0,59,41,41,0,20,12,14,13,0,0,0,3,36,61,0,1,99,0,0,1,22,77,0,0,7,10,12,10,54,7,0,0,21,18,20,41,0,0,11,31,31,27,0,100,100,55,0,10,35,31,3,18,48,60,3,4,33,41,3,8,48,84,1,0,15,92,0,7,1,0,0,2,1,1,4,92,0,0,0,1,3,15,81,0,0,12,33,30,25,0,0,1,7,17,75,0,0,5,24,20,51,71,3,23,3,71,8,5,16,71,6,11,12,0,1,67,32,68,0,11,21,89,0,1,0,4,0,0,0,6,22,0,3,4,4,8,3,3,14,5,0,1,3,5,2,4,19,0,0,44,56,0,0,0,0,0,0,0,0,100,0,0,0,2,44,32,22,0,1,25,17,34,19,4,4.966666666666667,6.451320812816943,0,0,12.106382978723405,5.142000960059765,2.377551020408163,1.2478047207321434
NZL,New Zealand,6,2021-03-11,2021-03-01,100,0,0,0,0,0,99,467984.7480330605,90,0,0,100,0,6,94,0,0,100,0,7,93,0,9,91,0,5,95,0,3,97,0,2,98,1,0,99,0,0,100,0,2,98,0,5,95,0,0,100,0,3,97,100,0,0,0,94,0,0,6,100,0,0,0,93,0,2,5,91,0,5,4,95,0,1,4,97,0,1,2,98,0,0,2,100,0,0,0,100,0,0,0,98,0,1,1,95,0,1,4,100,0,0,0,97,0,0,3,0,1,0,99,100,0,0,0,0,0,24,76,76,0,3,21,97,0,3,0,97,0,3,0,100,0,0,3,2,1,94,0,0,0,100,0,100,0,0,0,0,100,0,0,0,0,0,0,67,24,3,6,0,2,37,51,10,0,0,2,45,42,11,0,4,42,47,7,0,3,14,62,21,0,1,68,28,3,94,4,2,94,6,0,94,4,2,94,5,1,94,3,3,94,5,1,94,5,1,94,6,0,94,5,1,31,97,0,2,1,97,0,3,0,97,0,3,0,97,0,3,0,97,0,0,3,97,0,2,1,97,0,3,0,97,0,3,0,97,0,3,0,31,76,0,17,7,76,0,19,5,76,0,24,0,76,0,23,1,76,0,18,6,76,0,11,13,76,0,23,1,76,0,24,0,76,0,23,1,31,100,0,0,100,0,100,0,100,0,0,100,0,0,100,0,0,100,0,0,100,0,100,0,31,98,0,2,0,98,0,1,1,98,0,2,0,98,0,2,0,98,0,2,0,98,0,2,0,98,0,1,1,0,0,14,17,41,28,0,3,83,14,0,3,92,5,0,3,85,12,0,3,83,14,0,3,60,37,0,3,94,3,0,3,87,10,0,3,87,10,0,3,82,15,0,3,64,33,45,1,1,53,7,2,3,88,31,31,31,99,0,0,1,99,0,0,1,99,0,0,1,99,0,0,1,99,0,0,1,99,0,0,1,33,10,0,57,33,10,0,57,33,9,3,55,33,10,0,57,33,9,10,48,33,9,3,55,33,9,7,51,87,1,0,12,87,1,1,11,87,1,0,12,87,1,0,12,87,1,0,12,0,1,23,76,0,1,64,35,0,1,43,56,0,1,45,54,0,1,21,78,0,1,8,91,0,1,47,52,53,0,24,9,3,11,0,0,0,3,30,67,0,1,98,1,0,1,16,83,0,0,9,5,9,8,64,5,0,1,33,18,28,20,0,1,7,23,32,37,0,100,100,77,2,5,16,36,0,17,47,57,1,8,34,55,0,8,37,79,0,3,18,92,0,5,3,0,0,2,1,3,7,87,0,0,1,1,4,9,85,0,1,13,33,30,23,0,0,1,3,13,83,0,0,2,14,15,69,84,0,10,6,84,4,1,11,84,4,5,7,0,0,38,62,38,1,11,50,89,0,2,1,3,0,0,0,5,51,0,2,4,2,11,0,1,6,2,0,1,2,2,5,3,8,0,2,39,59,0,0,0,0,0,0,0,0,0,100,0,4,7,35,30,24,4,5,25,22,30,11,3,4.642857142857143,4.601122653258623,0,0,12.097826086956522,4.5646991947611015,2.098901098901099,1.2207005734863443
NZL,New Zealand,7,2021-03-11,2021-02-26,100,0,0,0,0,2,100,422175.8284063895,96,2,0,98,3,8,89,3,3,94,3,15,82,3,11,86,3,15,82,3,0,97,3,2,95,3,4,93,3,1,96,2,3,95,3,5,92,3,1,96,3,7,90,100,0,0,0,92,1,1,6,97,1,0,2,85,1,5,9,89,0,3,8,85,2,2,11,100,0,0,0,98,0,2,0,96,1,1,2,99,0,1,0,97,0,1,2,95,2,1,2,99,0,0,1,93,0,4,3,0,0,2,98,98,0,1,1,0,0,26,74,74,1,3,22,97,0,3,0,97,0,3,0,100,0,0,4,6,1,89,0,2,0,97,1,100,0,0,0,0,100,0,0,0,0,0,0,77,16,3,4,0,11,34,44,11,0,0,12,46,34,8,0,9,56,28,7,0,12,19,43,26,0,6,71,19,4,96,2,2,96,3,1,96,4,0,96,4,0,96,3,1,96,3,1,96,4,0,96,3,1,96,2,2,11,97,0,1,2,97,0,2,1,97,0,2,1,97,0,2,1,97,0,1,2,97,0,2,1,97,0,3,0,97,0,3,0,97,0,3,0,11,84,0,11,5,84,0,12,4,84,0,16,0,84,0,15,1,84,0,11,5,84,0,7,9,84,0,16,0,84,0,16,0,84,0,16,0,11,100,0,0,100,0,100,0,100,0,0,100,0,0,100,0,0,100,0,0,100,0,100,0,11,99,0,1,0,99,0,0,1,99,0,0,1,99,0,1,0,99,0,1,0,99,0,1,0,99,0,1,0,0,2,13,15,28,42,0,1,82,17,0,1,87,12,0,1,87,12,0,1,78,21,0,1,50,49,0,1,89,10,0,1,90,9,0,1,73,26,0,1,84,15,0,1,80,19,43,3,0,54,3,4,1,92,11,11,11,99,0,0,1,99,0,1,0,99,0,0,1,99,0,0,1,99,0,1,0,99,0,0,1,73,1,0,26,73,1,1,25,73,1,1,25,73,1,0,26,73,1,5,21,73,1,1,25,73,1,4,22,94,0,0,6,94,0,0,6,94,0,0,6,94,0,0,6,94,0,1,5,0,5,11,84,0,1,51,48,0,2,38,60,0,4,50,46,0,3,25,72,0,4,7,89,0,1,61,38,39,0,32,7,11,11,0,1,0,5,39,55,0,1,99,0,0,0,20,80,0,0,3,9,10,10,55,13,0,0,30,24,32,14,0,4,6,21,30,39,0,100,100,89,1,0,10,49,1,12,38,62,2,3,33,50,1,8,41,75,1,4,20,93,1,3,3,0,0,1,1,0,5,93,0,0,0,0,1,12,87,0,0,7,24,33,36,0,1,0,2,7,90,0,0,0,4,30,66,96,0,1,3,96,1,1,2,96,1,1,2,0,1,9,90,10,1,11,78,89,0,0,0,1,0,0,0,10,80,0,1,2,1,3,0,1,0,0,0,2,3,0,1,2,4,0,2,41,57,0,0,0,0,0,0,0,0,0,0,100,3,8,36,33,20,3,5,19,29,26,16,2,9.15625,9.398384813188605,1,0,12.869047619047619,4.373468095050883,1.955056179775281,1.0325400317965947
NZL,New Zealand,-99,2021-03-12,2021-03-01,100,0,0,0,0,2,83,474491.83426443243,0,0,0,100,0,8,92,0,3,97,0,18,82,0,11,89,0,17,83,0,3,97,0,3,97,0,5,95,0,0,100,0,3,97,0,16,84,0,1,99,0,18,82,100,0,0,0,92,0,2,6,97,0,1,2,82,0,6,12,89,0,1,10,83,0,8,9,97,0,3,0,97,0,1,2,95,0,3,2,100,0,0,0,97,0,1,2,84,0,3,13,99,0,0,1,82,1,5,12,17,0,2,81,100,0,0,0,22,1,22,55,78,0,6,16,94,0,6,0,94,0,6,0,100,0,0,29,0,1,70,23,0,2,74,1,98,0,2,0,0,98,0,1,1,0,28,0,37,20,7,8,35,4,25,29,7,0,35,3,26,26,10,35,5,27,26,7,35,4,14,31,16,35,3,39,19,4,92,2,6,92,7,1,92,4,4,92,4,4,92,7,1,92,6,2,92,6,2,92,7,1,92,7,1,53,94,0,4,2,94,0,4,2,94,0,5,1,94,0,4,2,94,0,3,3,94,0,4,2,94,0,5,1,94,0,6,0,94,0,6,0,53,82,1,11,6,82,1,13,4,82,1,16,1,82,1,16,1,82,1,9,8,82,1,7,10,82,1,15,2,82,1,17,0,82,1,17,0,53,100,0,0,100,0,100,0,100,0,0,100,0,0,100,0,0,100,0,0,100,0,100,0,53,94,0,6,0,94,0,5,1,94,0,5,1,94,0,5,1,94,0,5,1,94,0,4,2,94,0,2,4,35,1,13,16,23,12,40,4,42,14,40,4,54,2,40,4,54,2,40,4,50,6,40,4,41,15,40,4,53,3,40,4,55,1,40,4,48,8,40,4,49,7,40,4,29,27,100,0,0,0,100,0,0,0,53,53,53,99,0,1,0,99,1,0,0,99,1,0,0,99,1,0,0,99,1,0,0,99,1,0,0,79,1,0,20,79,1,0,20,79,1,0,20,79,1,0,20,79,1,3,17,79,1,3,17,79,2,1,18,96,0,0,4,96,0,1,3,96,0,0,4,96,0,0,4,96,0,0,4,47,0,23,30,47,2,32,19,47,2,18,33,47,2,27,24,47,2,12,39,47,2,2,49,50,1,20,29,80,0,6,6,4,4,55,0,0,2,11,32,55,0,45,0,62,1,4,33,62,0,8,3,5,4,17,1,62,0,15,9,8,6,65,1,6,11,10,7,0,100,100,78,0,6,16,69,0,8,23,83,0,4,13,74,0,2,24,88,0,1,11,98,0,2,0,69,0,1,1,4,1,24,69,0,1,2,1,4,23,74,0,8,5,7,6,74,0,4,4,8,10,74,0,4,7,11,4,89,3,6,2,89,4,3,4,89,4,4,3,77,0,7,16,84,0,10,6,99,0,0,0,0,0,0,0,1,96,0,0,0,1,1,0,0,0,0,0,0,0,0,0,1,1,100,0,0,0,0,0,100,0,0,0,0,0,0,0,0,100,0,0,0,0,100,0,0,0,0,0,0,5.9655172413793105,8.898164973829033,0,0,0,0,0,0
NZL,New Zealand,1,2021-03-12,2021-02-28,100,3,10045.91735920926,2,6209.114657590289,12,100,550759.1354731042,98,0,3,97,0,18,82,0,5,95,0,26,74,0,17,83,0,22,78,0,9,91,0,3,97,0,6,94,0,0,100,0,6,94,0,28,72,0,2,98,0,18,82,97,0,2,1,82,0,8,10,95,0,1,4,74,0,2,24,83,0,4,13,78,1,4,17,91,0,7,2,97,0,1,2,94,0,1,5,100,0,0,0,94,0,2,4,72,0,5,23,98,0,0,2,82,0,5,13,0,0,5,95,95,0,4,1,0,1,29,70,71,0,2,27,98,0,2,0,98,0,2,0,100,0,0,3,0,7,90,0,0,0,99,1,100,0,0,0,0,100,0,0,0,0,0,0,49,28,16,7,0,0,37,57,6,0,0,0,46,47,7,0,0,50,40,10,0,0,20,53,27,0,0,66,28,6,93,3,4,93,4,3,93,4,3,93,6,1,93,4,3,93,6,1,93,7,0,93,7,0,93,6,1,19,84,0,5,11,84,0,8,8,84,0,14,2,84,0,15,1,84,0,3,13,84,0,7,9,84,0,14,2,84,0,16,0,84,0,14,2,19,72,0,18,10,72,0,21,7,72,0,24,4,72,0,25,3,72,0,15,13,72,0,9,19,72,0,23,5,72,0,28,0,72,0,27,1,19,100,0,0,100,0,100,0,100,0,0,100,0,0,100,0,0,100,0,0,100,0,100,0,19,91,0,9,0,91,0,5,4,91,0,4,5,91,0,7,2,91,0,9,0,91,0,7,2,91,0,6,3,0,0,18,18,35,29,0,1,78,21,0,1,98,1,0,1,99,0,0,1,99,0,0,1,96,3,0,1,99,0,0,1,92,7,0,1,95,4,0,1,96,3,0,1,31,68,33,0,3,64,2,0,13,85,19,19,19,93,0,2,5,93,0,0,7,93,0,0,7,93,0,1,6,93,0,1,6,93,0,1,6,58,1,0,41,58,1,0,41,58,1,1,40,58,1,0,41,58,1,3,38,58,1,6,35,58,1,3,38,92,0,1,7,92,0,1,7,92,0,1,7,92,0,0,8,92,0,1,7,0,0,44,56,0,0,67,33,0,1,48,51,0,0,61,39,0,0,34,66,0,0,18,82,0,0,51,49,49,0,23,8,6,14,0,0,2,13,39,46,0,0,98,2,0,2,9,89,0,0,11,9,19,22,36,3,0,0,23,17,31,29,0,0,13,32,32,23,0,100,100,56,0,13,31,33,0,18,49,52,0,8,40,39,0,8,53,66,0,6,28,82,0,14,4,0,0,3,7,11,21,58,0,0,7,7,18,20,48,0,2,15,27,25,31,0,0,6,8,26,60,0,0,17,14,33,36,69,0,21,10,69,1,3,27,69,1,8,22,0,0,65,35,65,0,10,25,90,0,0,0,1,2,1,1,5,25,0,3,12,1,2,2,1,2,3,0,3,3,5,2,3,33,0,2,32,65,1,0,0,0,100,0,0,0,0,0,0,2,4,46,36,12,2,0,12,18,29,26,13,6.4603174603174605,7.8057575872234635,2.4,0.8944271909999157,11.527173913043478,5.304654876053415,3.5744680851063833,1.387264359160248
NZL,New Zealand,2,2021-03-12,2021-03-01,100,1,4555.7656405501,1,4555.7656405501,11,100,490406.70030934917,99,0,1,99,0,7,93,0,2,98,0,21,79,0,17,83,0,13,87,0,9,91,0,2,98,0,3,97,0,0,100,0,4,96,0,23,77,0,2,98,0,16,84,99,0,0,1,93,0,5,2,98,0,1,1,79,0,5,16,83,0,5,12,87,0,2,11,91,0,5,4,98,0,2,0,97,0,1,2,100,0,0,0,96,0,1,3,77,0,6,17,98,0,1,1,84,0,7,9,0,0,6,94,94,0,6,0,0,0,30,70,70,0,2,28,98,0,2,0,98,0,2,0,100,0,0,2,0,2,96,0,0,2,98,0,98,0,1,1,0,99,0,0,1,0,2,0,47,34,12,5,2,0,34,58,6,0,2,1,50,36,11,2,0,44,48,6,2,1,11,63,23,2,0,60,37,1,95,2,3,95,5,0,95,5,0,95,4,1,95,3,2,95,3,2,95,5,0,95,4,1,95,4,1,24,88,0,4,8,88,0,9,3,88,0,11,1,88,0,12,0,88,0,5,7,88,0,6,6,88,0,12,0,88,0,12,0,88,0,9,3,24,66,0,17,17,66,0,31,3,66,0,34,0,66,0,32,2,66,0,17,17,66,0,11,23,66,0,33,1,66,0,34,0,66,0,33,1,24,100,0,0,100,0,100,0,100,0,0,100,0,0,100,0,0,100,0,0,100,0,100,0,24,99,0,1,0,99,0,0,1,99,0,0,1,99,0,0,1,99,0,1,0,99,0,1,0,99,0,0,1,0,0,16,19,42,23,0,4,77,19,0,4,96,0,0,4,95,1,0,4,93,3,0,4,87,9,0,4,96,0,0,4,89,7,0,4,95,1,0,4,84,12,0,4,35,61,35,0,3,62,1,0,19,80,24,24,24,98,0,0,2,98,0,0,2,98,0,0,2,98,0,0,2,98,0,1,1,98,0,0,2,30,0,0,70,30,0,0,70,30,0,2,68,30,0,2,68,30,0,4,66,30,1,3,66,30,0,6,64,90,1,1,8,90,1,0,9,90,1,1,8,90,1,0,9,90,1,0,9,0,0,50,50,0,0,69,31,0,0,46,54,0,0,53,47,0,0,26,74,0,0,10,90,0,0,52,48,48,0,18,12,10,12,0,0,0,11,35,54,0,0,100,0,0,1,18,81,0,0,7,12,13,11,54,3,0,0,16,20,30,34,0,1,9,30,35,25,0,100,100,50,0,12,38,31,0,16,53,54,0,8,38,47,0,6,47,74,0,3,23,90,0,7,3,0,0,3,6,7,13,71,0,0,0,4,10,25,61,0,0,11,24,41,24,0,1,3,7,12,77,0,0,9,13,22,56,78,0,16,6,78,0,6,16,78,2,5,15,0,0,76,24,76,1,11,12,89,1,3,0,0,1,1,1,4,13,0,1,9,7,9,2,4,7,3,0,3,13,0,2,2,25,0,0,34,66,0,0,0,0,0,100,0,0,0,0,0,1,1,51,26,21,1,0,21,26,27,19,6,3.9615384615384617,5.766575557916359,1.8333333333333333,1.6020819787597222,12.755102040816327,6.147770066748108,3.0526315789473686,1.2830185572083894
NZL,New Zealand,3,2021-03-12,2021-02-28,100,0,0,0,0,17,100,476209.05706114444,99,0,1,99,0,8,92,0,0,100,0,19,81,0,18,82,0,24,76,0,7,93,0,1,99,0,1,99,0,0,100,0,6,94,0,20,80,0,1,99,0,15,85,99,0,1,0,92,0,4,4,100,0,0,0,81,0,5,14,82,0,5,13,76,0,9,15,93,0,3,4,99,0,0,1,99,0,0,1,100,0,0,0,94,0,4,2,80,0,7,13,99,0,1,0,85,0,7,8,0,0,12,88,88,0,10,2,0,0,32,68,68,1,2,29,98,1,1,0,98,0,2,0,100,0,0,3,0,3,94,0,0,1,99,0,99,0,1,0,0,99,0,0,0,1,1,0,48,28,17,6,1,3,32,55,9,0,1,1,41,43,14,1,2,40,45,12,1,3,10,56,30,1,1,52,43,3,94,3,3,94,4,2,94,6,0,94,6,0,94,3,3,94,5,1,94,6,0,94,5,1,94,5,1,16,83,0,10,7,83,0,12,5,83,0,13,4,83,0,16,1,83,0,6,11,83,0,11,6,83,0,16,1,83,0,17,0,83,0,15,2,16,72,0,10,18,72,0,22,6,72,0,27,1,72,0,26,2,72,0,12,16,72,0,11,17,72,0,28,0,72,0,28,0,72,0,24,4,16,99,1,0,99,1,99,1,99,1,0,99,0,1,99,1,0,99,1,0,99,1,99,1,16,95,0,5,0,95,0,4,1,95,0,3,2,95,0,5,0,95,0,4,1,95,0,4,1,95,0,4,1,0,0,19,22,37,22,0,1,80,19,0,1,99,0,0,1,95,4,0,1,96,3,0,1,83,16,0,1,98,1,0,1,95,4,0,1,95,4,0,1,87,12,0,1,51,48,44,0,1,55,1,0,13,86,16,16,16,97,0,1,2,97,1,1,1,97,1,1,1,97,1,0,2,97,1,0,2,97,1,1,1,38,2,0,60,38,2,1,59,38,2,3,57,38,3,0,59,38,2,5,55,38,2,7,53,38,2,1,59,88,1,0,11,88,1,0,11,88,1,1,10,88,1,1,10,88,0,3,9,0,2,52,46,0,0,71,29,0,1,42,57,0,1,61,38,0,2,24,74,0,2,7,91,0,0,63,37,37,0,28,10,8,17,0,0,1,5,34,60,0,2,98,0,0,0,15,85,0,0,6,6,16,14,55,3,0,0,18,16,33,33,0,0,11,25,40,24,0,100,100,48,0,12,40,29,1,19,51,58,0,7,35,39,0,7,54,76,0,2,22,93,0,4,3,0,0,2,3,4,13,78,0,0,1,3,10,17,69,0,1,14,25,35,25,0,0,4,4,19,73,0,0,6,14,36,44,80,0,16,4,80,3,5,12,80,3,6,11,0,1,75,24,76,0,7,17,93,0,1,1,0,0,0,1,4,18,0,4,6,6,7,1,5,7,6,0,3,10,4,0,5,18,0,1,44,54,0,1,0,0,0,0,100,0,0,0,0,0,4,50,29,17,0,2,10,24,40,20,4,3.6122448979591835,4.004249443459058,1.4166666666666667,0.5149286505444373,12.011904761904763,5.491491880642069,3.351063829787234,1.373383286557663
NZL,New Zealand,4,2021-03-12,2021-03-01,100,0,0,0,0,4,100,407890.87221326056,100,0,0,100,0,6,94,0,0,100,0,12,88,0,5,95,0,14,86,0,4,96,0,0,100,0,1,99,0,0,100,0,3,97,0,9,91,0,2,98,0,4,96,100,0,0,0,94,0,3,3,100,0,0,0,88,0,3,9,95,0,4,1,86,0,3,11,96,0,1,3,100,0,0,0,99,0,0,1,100,0,0,0,97,0,1,2,91,0,4,5,98,0,2,0,96,0,3,1,0,0,3,97,97,0,3,0,0,3,35,62,65,0,8,27,92,0,7,1,92,0,8,0,100,0,0,11,0,2,87,0,0,2,98,0,98,0,2,0,0,98,0,0,2,0,2,0,56,30,9,3,2,2,34,52,10,0,2,2,37,49,10,2,2,37,48,11,2,3,9,59,27,2,2,57,35,4,97,0,3,97,1,2,97,2,1,97,3,0,97,1,2,97,3,0,97,3,0,97,3,0,97,3,0,43,91,0,5,4,91,0,5,4,91,0,5,4,91,0,8,1,91,0,3,6,91,0,4,5,91,0,8,1,91,0,9,0,91,0,9,0,43,70,0,18,12,70,0,21,9,70,0,30,0,70,0,28,2,70,0,16,14,70,0,15,15,70,0,30,0,70,0,30,0,70,0,29,1,43,100,0,0,100,0,100,0,100,0,0,100,0,0,100,0,0,100,0,0,100,0,100,0,43,95,0,5,0,95,0,3,2,95,0,2,3,95,0,0,5,95,0,4,1,95,0,3,2,95,0,5,0,0,0,19,22,30,29,0,1,87,12,0,1,96,3,0,1,96,3,0,1,88,11,0,1,77,22,0,1,99,0,0,1,88,11,0,1,92,7,0,1,84,15,0,1,53,46,33,0,1,66,0,0,14,86,43,43,43,98,0,0,2,98,0,0,2,98,0,0,2,98,0,1,1,98,0,0,2,98,0,1,1,47,2,0,51,47,2,0,51,47,2,2,49,47,2,0,51,47,2,3,48,47,2,5,46,47,2,1,50,92,0,0,8,92,0,1,7,92,0,0,8,92,0,1,7,92,0,0,8,0,1,49,50,0,2,68,30,0,2,42,56,0,1,57,42,0,3,26,71,0,4,11,85,0,0,52,48,48,0,18,9,9,16,0,0,1,3,29,67,0,0,100,0,0,0,19,81,0,0,3,9,13,11,60,4,0,0,19,18,33,30,0,1,12,24,37,26,0,100,100,51,0,10,39,32,0,11,57,58,0,2,40,43,0,6,51,74,0,2,24,89,0,7,4,0,0,0,0,5,16,79,0,0,0,1,6,17,76,0,0,15,32,35,18,0,0,1,9,23,67,0,0,5,25,31,39,70,1,17,12,70,3,5,22,70,2,8,20,0,0,77,23,77,0,7,16,93,0,0,0,2,1,1,0,3,16,0,7,3,2,10,4,3,8,5,1,1,9,4,2,4,21,0,0,33,65,0,2,0,0,0,0,0,100,0,0,0,0,3,49,30,18,0,1,15,21,39,15,9,3.266666666666666,2.947042156343266,1.3333333333333333,0.5773502691896257,11.887096774193548,5.431454801641277,3.01010101010101,1.2816996806293977
NZL,New Zealand,5,2021-03-12,2021-03-01,100,0,0,0,0,0,100,373708.36253770633,98,2,0,98,2,7,91,1,4,95,2,12,86,1,8,91,2,10,88,2,3,95,2,4,94,2,3,95,1,0,99,2,3,95,2,9,89,2,2,96,2,7,91,100,0,0,0,93,0,3,4,96,0,2,2,88,0,4,8,92,0,2,6,90,0,3,7,97,0,2,1,96,0,2,2,97,0,2,1,100,0,0,0,97,0,1,2,91,0,2,7,98,0,1,1,93,0,2,5,0,0,0,100,100,0,0,0,0,0,33,67,67,1,3,29,97,0,2,1,97,1,2,0,99,0,1,4,1,1,94,0,0,1,99,0,99,0,1,0,0,99,0,0,1,0,1,0,57,23,13,6,1,5,27,59,8,0,1,3,39,48,9,1,4,38,48,9,1,6,16,54,23,1,3,49,44,3,94,2,4,94,3,3,94,3,3,94,3,3,94,5,1,94,5,1,94,6,0,94,6,0,94,6,0,41,87,0,7,6,87,0,13,0,87,0,12,1,87,0,11,2,87,0,10,3,87,0,8,5,87,0,13,0,87,0,12,1,87,0,12,1,41,77,0,15,8,77,0,19,4,77,0,22,1,77,0,21,2,77,0,13,10,77,0,11,12,77,0,22,1,77,0,23,0,77,0,21,2,41,100,0,0,100,0,100,0,100,0,0,100,0,0,100,0,0,100,0,0,100,0,100,0,41,95,0,5,0,95,0,3,2,95,0,4,1,95,0,4,1,95,0,5,0,95,0,4,1,95,0,4,1,0,1,15,22,36,26,0,0,83,17,0,0,98,2,0,0,93,7,0,0,90,10,0,0,63,37,0,0,98,2,0,0,90,10,0,0,89,11,0,0,84,16,0,0,62,38,44,0,1,55,0,1,17,82,41,41,41,99,1,0,0,99,1,0,0,99,1,0,0,99,1,0,0,99,0,1,0,99,1,0,0,49,6,0,45,49,5,1,45,49,6,0,45,49,5,1,45,49,3,8,40,49,6,2,43,49,5,4,42,89,2,0,9,89,2,1,8,89,2,1,8,89,2,0,9,89,2,2,7,0,2,45,53,0,0,69,31,0,2,40,58,0,1,59,40,0,2,16,82,0,2,8,90,0,0,59,41,41,0,20,12,14,13,0,0,0,3,36,61,0,1,99,0,0,1,22,77,0,0,7,10,12,10,54,7,0,0,21,18,20,41,0,0,11,31,31,27,0,100,100,55,0,10,35,31,3,18,48,60,3,4,33,41,3,8,48,84,1,0,15,92,0,7,1,0,0,2,1,1,4,92,0,0,0,1,3,15,81,0,0,12,33,30,25,0,0,1,7,17,75,0,0,5,24,20,51,71,3,23,3,71,8,5,16,71,6,11,12,0,1,67,32,68,0,11,21,89,0,1,0,4,0,0,0,6,22,0,3,4,4,8,3,3,14,5,0,1,3,5,2,4,19,0,0,44,56,0,0,0,0,0,0,0,0,100,0,0,0,2,44,32,22,0,1,25,17,34,19,4,4.966666666666667,6.451320812816943,0,0,12.106382978723405,5.142000960059765,2.377551020408163,1.2478047207321434
NZL,New Zealand,6,2021-03-12,2021-03-01,100,0,0,0,0,0,99,467984.7480330605,90,0,0,100,0,6,94,0,0,100,0,7,93,0,9,91,0,5,95,0,3,97,0,2,98,1,0,99,0,0,100,0,2,98,0,5,95,0,0,100,0,3,97,100,0,0,0,94,0,0,6,100,0,0,0,93,0,2,5,91,0,5,4,95,0,1,4,97,0,1,2,98,0,0,2,100,0,0,0,100,0,0,0,98,0,1,1,95,0,1,4,100,0,0,0,97,0,0,3,0,1,0,99,100,0,0,0,0,0,24,76,76,0,3,21,97,0,3,0,97,0,3,0,100,0,0,3,2,1,94,0,0,0,100,0,100,0,0,0,0,100,0,0,0,0,0,0,67,24,3,6,0,2,37,51,10,0,0,2,45,42,11,0,4,42,47,7,0,3,14,62,21,0,1,68,28,3,94,4,2,94,6,0,94,4,2,94,5,1,94,3,3,94,5,1,94,5,1,94,6,0,94,5,1,31,97,0,2,1,97,0,3,0,97,0,3,0,97,0,3,0,97,0,0,3,97,0,2,1,97,0,3,0,97,0,3,0,97,0,3,0,31,76,0,17,7,76,0,19,5,76,0,24,0,76,0,23,1,76,0,18,6,76,0,11,13,76,0,23,1,76,0,24,0,76,0,23,1,31,100,0,0,100,0,100,0,100,0,0,100,0,0,100,0,0,100,0,0,100,0,100,0,31,98,0,2,0,98,0,1,1,98,0,2,0,98,0,2,0,98,0,2,0,98,0,2,0,98,0,1,1,0,0,14,17,41,28,0,3,83,14,0,3,92,5,0,3,85,12,0,3,83,14,0,3,60,37,0,3,94,3,0,3,87,10,0,3,87,10,0,3,82,15,0,3,64,33,45,1,1,53,7,2,3,88,31,31,31,99,0,0,1,99,0,0,1,99,0,0,1,99,0,0,1,99,0,0,1,99,0,0,1,33,10,0,57,33,10,0,57,33,9,3,55,33,10,0,57,33,9,10,48,33,9,3,55,33,9,7,51,87,1,0,12,87,1,1,11,87,1,0,12,87,1,0,12,87,1,0,12,0,1,23,76,0,1,64,35,0,1,43,56,0,1,45,54,0,1,21,78,0,1,8,91,0,1,47,52,53,0,24,9,3,11,0,0,0,3,30,67,0,1,98,1,0,1,16,83,0,0,9,5,9,8,64,5,0,1,33,18,28,20,0,1,7,23,32,37,0,100,100,77,2,5,16,36,0,17,47,57,1,8,34,55,0,8,37,79,0,3,18,92,0,5,3,0,0,2,1,3,7,87,0,0,1,1,4,9,85,0,1,13,33,30,23,0,0,1,3,13,83,0,0,2,14,15,69,84,0,10,6,84,4,1,11,84,4,5,7,0,0,38,62,38,1,11,50,89,0,2,1,3,0,0,0,5,51,0,2,4,2,11,0,1,6,2,0,1,2,2,5,3,8,0,2,39,59,0,0,0,0,0,0,0,0,0,100,0,4,7,35,30,24,4,5,25,22,30,11,3,4.642857142857143,4.601122653258623,0,0,12.097826086956522,4.5646991947611015,2.098901098901099,1.2207005734863443
NZL,New Zealand,7,2021-03-12,2021-02-26,100,0,0,0,0,2,100,421879.55628142913,96,2,0,98,3,8,89,3,3,94,3,15,82,3,11,86,3,15,82,3,0,97,3,2,95,3,4,93,3,1,96,2,3,95,3,5,92,3,1,96,3,7,90,100,0,0,0,92,1,1,6,97,1,0,2,85,1,5,9,89,0,3,8,85,2,2,11,100,0,0,0,98,0,2,0,96,1,1,2,99,0,1,0,97,0,1,2,95,2,1,2,99,0,0,1,93,0,4,3,0,0,2,98,98,0,1,1,0,0,26,74,74,1,3,22,97,0,3,0,97,0,3,0,100,0,0,4,6,1,89,0,2,0,97,1,100,0,0,0,0,100,0,0,0,0,0,0,77,17,3,3,0,11,34,44,11,0,0,12,46,34,8,0,9,56,28,7,0,12,19,43,26,0,6,72,18,4,97,1,2,97,2,1,97,3,0,97,3,0,97,2,1,97,3,0,97,3,0,97,2,1,97,2,1,12,97,0,1,2,97,0,2,1,97,0,2,1,97,0,2,1,97,0,1,2,97,0,2,1,97,0,3,0,97,0,3,0,97,0,3,0,12,83,0,11,6,83,0,13,4,83,0,17,0,83,0,16,1,83,0,12,5,83,0,8,9,83,0,17,0,83,0,17,0,83,0,17,0,12,100,0,0,100,0,100,0,100,0,0,100,0,0,100,0,0,100,0,0,100,0,100,0,12,99,0,1,0,99,0,0,1,99,0,0,1,99,0,1,0,99,0,1,0,99,0,1,0,99,0,1,0,0,2,12,15,28,43,0,1,82,17,0,1,87,12,0,1,87,12,0,1,77,22,0,1,49,50,0,1,89,10,0,1,90,9,0,1,72,27,0,1,84,15,0,1,81,18,43,3,0,54,3,4,1,92,12,12,12,99,0,0,1,99,0,1,0,99,0,0,1,99,0,0,1,99,0,1,0,99,0,0,1,73,1,0,26,73,1,1,25,73,1,1,25,73,1,0,26,73,1,5,21,73,1,1,25,73,1,4,22,94,0,0,6,94,0,0,6,94,0,0,6,94,0,0,6,94,0,1,5,0,5,12,83,0,1,50,49,0,2,38,60,0,4,50,46,0,3,25,72,0,4,7,89,0,1,60,39,40,0,32,7,11,10,0,1,0,5,39,55,0,1,99,0,0,0,21,79,0,0,3,9,9,10,56,13,0,0,30,24,32,14,0,4,6,21,30,39,0,100,100,88,1,0,11,50,1,11,38,62,2,3,33,50,1,9,40,75,1,4,20,93,1,3,3,0,0,1,1,0,5,93,0,0,0,0,1,12,87,0,0,7,23,33,37,0,1,0,2,7,90,0,0,0,3,30,67,97,0,1,2,97,1,1,1,97,1,1,1,0,1,9,90,10,1,11,78,89,0,0,0,1,0,0,0,10,80,0,1,2,1,3,0,1,0,0,0,2,3,0,1,2,4,0,2,41,57,0,0,0,0,0,0,0,0,0,0,100,3,8,35,33,21,3,5,18,29,27,16,2,9.15625,9.398384813188605,1,0,12.785714285714286,4.379776713710658,1.9662921348314606,1.0384586283421913
NZL,New Zealand,-99,2021-03-13,2021-03-01,100,0,0,0,0,2,83,474491.83426443243,0,0,0,100,0,8,92,0,3,97,0,18,82,0,11,89,0,17,83,0,3,97,0,3,97,0,5,95,0,0,100,0,3,97,0,16,84,0,1,99,0,18,82,100,0,0,0,92,0,2,6,97,0,1,2,82,0,6,12,89,0,1,10,83,0,8,9,97,0,3,0,97,0,1,2,95,0,3,2,100,0,0,0,97,0,1,2,84,0,3,13,99,0,0,1,82,1,5,12,17,0,2,81,100,0,0,0,22,1,22,55,78,0,6,16,94,0,6,0,94,0,6,0,100,0,0,29,0,1,70,23,0,2,74,1,98,0,2,0,0,98,0,1,1,0,28,0,37,20,7,8,35,4,25,29,7,0,35,3,26,26,10,35,5,27,26,7,35,4,14,31,16,35,3,39,19,4,92,2,6,92,7,1,92,4,4,92,4,4,92,7,1,92,6,2,92,6,2,92,7,1,92,7,1,53,94,0,4,2,94,0,4,2,94,0,5,1,94,0,4,2,94,0,3,3,94,0,4,2,94,0,5,1,94,0,6,0,94,0,6,0,53,82,1,11,6,82,1,13,4,82,1,16,1,82,1,16,1,82,1,9,8,82,1,7,10,82,1,15,2,82,1,17,0,82,1,17,0,53,100,0,0,100,0,100,0,100,0,0,100,0,0,100,0,0,100,0,0,100,0,100,0,53,94,0,6,0,94,0,5,1,94,0,5,1,94,0,5,1,94,0,5,1,94,0,4,2,94,0,2,4,35,1,13,16,23,12,40,4,42,14,40,4,54,2,40,4,54,2,40,4,50,6,40,4,41,15,40,4,53,3,40,4,55,1,40,4,48,8,40,4,49,7,40,4,29,27,100,0,0,0,100,0,0,0,53,53,53,99,0,1,0,99,1,0,0,99,1,0,0,99,1,0,0,99,1,0,0,99,1,0,0,79,1,0,20,79,1,0,20,79,1,0,20,79,1,0,20,79,1,3,17,79,1,3,17,79,2,1,18,96,0,0,4,96,0,1,3,96,0,0,4,96,0,0,4,96,0,0,4,47,0,23,30,47,2,32,19,47,2,18,33,47,2,27,24,47,2,12,39,47,2,2,49,50,1,20,29,80,0,6,6,4,4,55,0,0,2,11,32,55,0,45,0,62,1,4,33,62,0,8,3,5,4,17,1,62,0,15,9,8,6,65,1,6,11,10,7,0,100,100,78,0,6,16,69,0,8,23,83,0,4,13,74,0,2,24,88,0,1,11,98,0,2,0,69,0,1,1,4,1,24,69,0,1,2,1,4,23,74,0,8,5,7,6,74,0,4,4,8,10,74,0,4,7,11,4,89,3,6,2,89,4,3,4,89,4,4,3,77,0,7,16,84,0,10,6,99,0,0,0,0,0,0,0,1,96,0,0,0,1,1,0,0,0,0,0,0,0,0,0,1,1,100,0,0,0,0,0,100,0,0,0,0,0,0,0,0,100,0,0,0,0,100,0,0,0,0,0,0,5.9655172413793105,8.898164973829033,0,0,0,0,0,0
NZL,New Zealand,1,2021-03-13,2021-02-28,100,3,10045.91735920926,2,6209.114657590289,12,100,550759.1354731042,98,0,3,97,0,18,82,0,5,95,0,26,74,0,17,83,0,22,78,0,9,91,0,3,97,0,6,94,0,0,100,0,6,94,0,28,72,0,2,98,0,18,82,97,0,2,1,82,0,8,10,95,0,1,4,74,0,2,24,83,0,4,13,78,1,4,17,91,0,7,2,97,0,1,2,94,0,1,5,100,0,0,0,94,0,2,4,72,0,5,23,98,0,0,2,82,0,5,13,0,0,5,95,95,0,4,1,0,1,29,70,71,0,2,27,98,0,2,0,98,0,2,0,100,0,0,3,0,7,90,0,0,0,99,1,100,0,0,0,0,100,0,0,0,0,0,0,49,28,16,7,0,0,37,57,6,0,0,0,46,47,7,0,0,50,40,10,0,0,20,53,27,0,0,66,28,6,93,3,4,93,4,3,93,4,3,93,6,1,93,4,3,93,6,1,93,7,0,93,7,0,93,6,1,19,84,0,5,11,84,0,8,8,84,0,14,2,84,0,15,1,84,0,3,13,84,0,7,9,84,0,14,2,84,0,16,0,84,0,14,2,19,72,0,18,10,72,0,21,7,72,0,24,4,72,0,25,3,72,0,15,13,72,0,9,19,72,0,23,5,72,0,28,0,72,0,27,1,19,100,0,0,100,0,100,0,100,0,0,100,0,0,100,0,0,100,0,0,100,0,100,0,19,91,0,9,0,91,0,5,4,91,0,4,5,91,0,7,2,91,0,9,0,91,0,7,2,91,0,6,3,0,0,18,18,35,29,0,1,78,21,0,1,98,1,0,1,99,0,0,1,99,0,0,1,96,3,0,1,99,0,0,1,92,7,0,1,95,4,0,1,96,3,0,1,31,68,33,0,3,64,2,0,13,85,19,19,19,93,0,2,5,93,0,0,7,93,0,0,7,93,0,1,6,93,0,1,6,93,0,1,6,58,1,0,41,58,1,0,41,58,1,1,40,58,1,0,41,58,1,3,38,58,1,6,35,58,1,3,38,92,0,1,7,92,0,1,7,92,0,1,7,92,0,0,8,92,0,1,7,0,0,44,56,0,0,67,33,0,1,48,51,0,0,61,39,0,0,34,66,0,0,18,82,0,0,51,49,49,0,23,8,6,14,0,0,2,13,39,46,0,0,98,2,0,2,9,89,0,0,11,9,19,22,36,3,0,0,23,17,31,29,0,0,13,32,32,23,0,100,100,56,0,13,31,33,0,18,49,52,0,8,40,39,0,8,53,66,0,6,28,82,0,14,4,0,0,3,7,11,21,58,0,0,7,7,18,20,48,0,2,15,27,25,31,0,0,6,8,26,60,0,0,17,14,33,36,69,0,21,10,69,1,3,27,69,1,8,22,0,0,65,35,65,0,10,25,90,0,0,0,1,2,1,1,5,25,0,3,12,1,2,2,1,2,3,0,3,3,5,2,3,33,0,2,32,65,1,0,0,0,100,0,0,0,0,0,0,2,4,46,36,12,2,0,12,18,29,26,13,6.4603174603174605,7.8057575872234635,2.4,0.8944271909999157,11.527173913043478,5.304654876053415,3.5744680851063833,1.387264359160248
NZL,New Zealand,2,2021-03-13,2021-03-01,100,1,4555.7656405501,1,4555.7656405501,11,100,490406.70030934917,99,0,1,99,0,7,93,0,2,98,0,21,79,0,17,83,0,13,87,0,9,91,0,2,98,0,3,97,0,0,100,0,4,96,0,23,77,0,2,98,0,16,84,99,0,0,1,93,0,5,2,98,0,1,1,79,0,5,16,83,0,5,12,87,0,2,11,91,0,5,4,98,0,2,0,97,0,1,2,100,0,0,0,96,0,1,3,77,0,6,17,98,0,1,1,84,0,7,9,0,0,6,94,94,0,6,0,0,0,30,70,70,0,2,28,98,0,2,0,98,0,2,0,100,0,0,2,0,2,96,0,0,2,98,0,98,0,1,1,0,99,0,0,1,0,2,0,47,34,12,5,2,0,34,58,6,0,2,1,50,36,11,2,0,44,48,6,2,1,11,63,23,2,0,60,37,1,95,2,3,95,5,0,95,5,0,95,4,1,95,3,2,95,3,2,95,5,0,95,4,1,95,4,1,24,88,0,4,8,88,0,9,3,88,0,11,1,88,0,12,0,88,0,5,7,88,0,6,6,88,0,12,0,88,0,12,0,88,0,9,3,24,66,0,17,17,66,0,31,3,66,0,34,0,66,0,32,2,66,0,17,17,66,0,11,23,66,0,33,1,66,0,34,0,66,0,33,1,24,100,0,0,100,0,100,0,100,0,0,100,0,0,100,0,0,100,0,0,100,0,100,0,24,99,0,1,0,99,0,0,1,99,0,0,1,99,0,0,1,99,0,1,0,99,0,1,0,99,0,0,1,0,0,16,19,42,23,0,4,77,19,0,4,96,0,0,4,95,1,0,4,93,3,0,4,87,9,0,4,96,0,0,4,89,7,0,4,95,1,0,4,84,12,0,4,35,61,35,0,3,62,1,0,19,80,24,24,24,98,0,0,2,98,0,0,2,98,0,0,2,98,0,0,2,98,0,1,1,98,0,0,2,30,0,0,70,30,0,0,70,30,0,2,68,30,0,2,68,30,0,4,66,30,1,3,66,30,0,6,64,90,1,1,8,90,1,0,9,90,1,1,8,90,1,0,9,90,1,0,9,0,0,50,50,0,0,69,31,0,0,46,54,0,0,53,47,0,0,26,74,0,0,10,90,0,0,52,48,48,0,18,12,10,12,0,0,0,11,35,54,0,0,100,0,0,1,18,81,0,0,7,12,13,11,54,3,0,0,16,20,30,34,0,1,9,30,35,25,0,100,100,50,0,12,38,31,0,16,53,54,0,8,38,47,0,6,47,74,0,3,23,90,0,7,3,0,0,3,6,7,13,71,0,0,0,4,10,25,61,0,0,11,24,41,24,0,1,3,7,12,77,0,0,9,13,22,56,78,0,16,6,78,0,6,16,78,2,5,15,0,0,76,24,76,1,11,12,89,1,3,0,0,1,1,1,4,13,0,1,9,7,9,2,4,7,3,0,3,13,0,2,2,25,0,0,34,66,0,0,0,0,0,100,0,0,0,0,0,1,1,51,26,21,1,0,21,26,27,19,6,3.9615384615384617,5.766575557916359,1.8333333333333333,1.6020819787597222,12.755102040816327,6.147770066748108,3.0526315789473686,1.2830185572083894
NZL,New Zealand,3,2021-03-13,2021-02-28,100,0,0,0,0,17,100,476209.05706114444,99,0,1,99,0,8,92,0,0,100,0,19,81,0,18,82,0,24,76,0,7,93,0,1,99,0,1,99,0,0,100,0,6,94,0,20,80,0,1,99,0,15,85,99,0,1,0,92,0,4,4,100,0,0,0,81,0,5,14,82,0,5,13,76,0,9,15,93,0,3,4,99,0,0,1,99,0,0,1,100,0,0,0,94,0,4,2,80,0,7,13,99,0,1,0,85,0,7,8,0,0,12,88,88,0,10,2,0,0,32,68,68,1,2,29,98,1,1,0,98,0,2,0,100,0,0,3,0,3,94,0,0,1,99,0,99,0,1,0,0,99,0,0,0,1,1,0,48,28,17,6,1,3,32,55,9,0,1,1,41,43,14,1,2,40,45,12,1,3,10,56,30,1,1,52,43,3,94,3,3,94,4,2,94,6,0,94,6,0,94,3,3,94,5,1,94,6,0,94,5,1,94,5,1,16,83,0,10,7,83,0,12,5,83,0,13,4,83,0,16,1,83,0,6,11,83,0,11,6,83,0,16,1,83,0,17,0,83,0,15,2,16,72,0,10,18,72,0,22,6,72,0,27,1,72,0,26,2,72,0,12,16,72,0,11,17,72,0,28,0,72,0,28,0,72,0,24,4,16,99,1,0,99,1,99,1,99,1,0,99,0,1,99,1,0,99,1,0,99,1,99,1,16,95,0,5,0,95,0,4,1,95,0,3,2,95,0,5,0,95,0,4,1,95,0,4,1,95,0,4,1,0,0,19,22,37,22,0,1,80,19,0,1,99,0,0,1,95,4,0,1,96,3,0,1,83,16,0,1,98,1,0,1,95,4,0,1,95,4,0,1,87,12,0,1,51,48,44,0,1,55,1,0,13,86,16,16,16,97,0,1,2,97,1,1,1,97,1,1,1,97,1,0,2,97,1,0,2,97,1,1,1,38,2,0,60,38,2,1,59,38,2,3,57,38,3,0,59,38,2,5,55,38,2,7,53,38,2,1,59,88,1,0,11,88,1,0,11,88,1,1,10,88,1,1,10,88,0,3,9,0,2,52,46,0,0,71,29,0,1,42,57,0,1,61,38,0,2,24,74,0,2,7,91,0,0,63,37,37,0,28,10,8,17,0,0,1,5,34,60,0,2,98,0,0,0,15,85,0,0,6,6,16,14,55,3,0,0,18,16,33,33,0,0,11,25,40,24,0,100,100,48,0,12,40,29,1,19,51,58,0,7,35,39,0,7,54,76,0,2,22,93,0,4,3,0,0,2,3,4,13,78,0,0,1,3,10,17,69,0,1,14,25,35,25,0,0,4,4,19,73,0,0,6,14,36,44,80,0,16,4,80,3,5,12,80,3,6,11,0,1,75,24,76,0,7,17,93,0,1,1,0,0,0,1,4,18,0,4,6,6,7,1,5,7,6,0,3,10,4,0,5,18,0,1,44,54,0,1,0,0,0,0,100,0,0,0,0,0,4,50,29,17,0,2,10,24,40,20,4,3.6122448979591835,4.004249443459058,1.4166666666666667,0.5149286505444373,12.011904761904763,5.491491880642069,3.351063829787234,1.373383286557663
NZL,New Zealand,4,2021-03-13,2021-03-01,100,0,0,0,0,4,100,407890.87221326056,100,0,0,100,0,6,94,0,0,100,0,12,88,0,5,95,0,14,86,0,4,96,0,0,100,0,1,99,0,0,100,0,3,97,0,9,91,0,2,98,0,4,96,100,0,0,0,94,0,3,3,100,0,0,0,88,0,3,9,95,0,4,1,86,0,3,11,96,0,1,3,100,0,0,0,99,0,0,1,100,0,0,0,97,0,1,2,91,0,4,5,98,0,2,0,96,0,3,1,0,0,3,97,97,0,3,0,0,3,35,62,65,0,8,27,92,0,7,1,92,0,8,0,100,0,0,11,0,2,87,0,0,2,98,0,98,0,2,0,0,98,0,0,2,0,2,0,56,30,9,3,2,2,34,52,10,0,2,2,37,49,10,2,2,37,48,11,2,3,9,59,27,2,2,57,35,4,97,0,3,97,1,2,97,2,1,97,3,0,97,1,2,97,3,0,97,3,0,97,3,0,97,3,0,43,91,0,5,4,91,0,5,4,91,0,5,4,91,0,8,1,91,0,3,6,91,0,4,5,91,0,8,1,91,0,9,0,91,0,9,0,43,70,0,18,12,70,0,21,9,70,0,30,0,70,0,28,2,70,0,16,14,70,0,15,15,70,0,30,0,70,0,30,0,70,0,29,1,43,100,0,0,100,0,100,0,100,0,0,100,0,0,100,0,0,100,0,0,100,0,100,0,43,95,0,5,0,95,0,3,2,95,0,2,3,95,0,0,5,95,0,4,1,95,0,3,2,95,0,5,0,0,0,19,22,30,29,0,1,87,12,0,1,96,3,0,1,96,3,0,1,88,11,0,1,77,22,0,1,99,0,0,1,88,11,0,1,92,7,0,1,84,15,0,1,53,46,33,0,1,66,0,0,14,86,43,43,43,98,0,0,2,98,0,0,2,98,0,0,2,98,0,1,1,98,0,0,2,98,0,1,1,47,2,0,51,47,2,0,51,47,2,2,49,47,2,0,51,47,2,3,48,47,2,5,46,47,2,1,50,92,0,0,8,92,0,1,7,92,0,0,8,92,0,1,7,92,0,0,8,0,1,49,50,0,2,68,30,0,2,42,56,0,1,57,42,0,3,26,71,0,4,11,85,0,0,52,48,48,0,18,9,9,16,0,0,1,3,29,67,0,0,100,0,0,0,19,81,0,0,3,9,13,11,60,4,0,0,19,18,33,30,0,1,12,24,37,26,0,100,100,51,0,10,39,32,0,11,57,58,0,2,40,43,0,6,51,74,0,2,24,89,0,7,4,0,0,0,0,5,16,79,0,0,0,1,6,17,76,0,0,15,32,35,18,0,0,1,9,23,67,0,0,5,25,31,39,70,1,17,12,70,3,5,22,70,2,8,20,0,0,77,23,77,0,7,16,93,0,0,0,2,1,1,0,3,16,0,7,3,2,10,4,3,8,5,1,1,9,4,2,4,21,0,0,33,65,0,2,0,0,0,0,0,100,0,0,0,0,3,49,30,18,0,1,15,21,39,15,9,3.266666666666666,2.947042156343266,1.3333333333333333,0.5773502691896257,11.887096774193548,5.431454801641277,3.01010101010101,1.2816996806293977
NZL,New Zealand,5,2021-03-13,2021-03-01,100,0,0,0,0,0,100,373242.01564287173,98,2,0,98,2,7,91,1,4,95,2,13,85,1,8,91,2,11,87,2,3,95,2,4,94,2,3,95,1,0,99,2,3,95,2,10,88,2,2,96,2,7,91,100,0,0,0,93,0,3,4,96,0,2,2,87,0,4,9,92,0,2,6,89,0,3,8,97,0,2,1,96,0,2,2,97,0,2,1,100,0,0,0,97,0,1,2,90,0,2,8,98,0,1,1,93,0,2,5,0,0,0,100,100,0,0,0,0,0,34,66,66,1,3,30,97,0,2,1,97,1,2,0,99,0,1,4,1,1,94,0,0,1,99,0,99,0,1,0,0,99,0,0,1,0,1,0,58,22,13,6,1,5,27,59,8,0,1,3,39,48,9,1,4,38,48,9,1,6,16,54,23,1,3,50,43,3,94,2,4,94,3,3,94,3,3,94,3,3,94,5,1,94,5,1,94,6,0,94,6,0,94,6,0,42,87,0,7,6,87,0,13,0,87,0,12,1,87,0,11,2,87,0,10,3,87,0,8,5,87,0,13,0,87,0,12,1,87,0,12,1,42,78,0,15,7,78,0,18,4,78,0,21,1,78,0,20,2,78,0,13,9,78,0,11,11,78,0,21,1,78,0,22,0,78,0,20,2,42,100,0,0,100,0,100,0,100,0,0,100,0,0,100,0,0,100,0,0,100,0,100,0,42,95,0,5,0,95,0,3,2,95,0,4,1,95,0,4,1,95,0,5,0,95,0,4,1,95,0,4,1,0,1,15,23,35,26,0,0,83,17,0,0,98,2,0,0,93,7,0,0,89,11,0,0,62,38,0,0,98,2,0,0,90,10,0,0,88,12,0,0,83,17,0,0,63,37,43,0,1,56,0,1,17,82,42,42,42,99,1,0,0,99,1,0,0,99,1,0,0,99,1,0,0,99,0,1,0,99,1,0,0,50,6,0,44,50,5,1,44,50,6,0,44,50,5,1,44,50,3,8,39,50,6,2,42,50,5,3,42,90,2,0,8,90,2,1,7,90,2,1,7,90,2,0,8,90,2,1,7,0,2,44,54,0,0,70,30,0,2,40,58,0,1,60,39,0,2,17,81,0,2,8,90,0,0,60,40,40,0,20,12,14,14,0,0,0,3,36,61,0,1,99,0,0,1,22,77,0,0,7,10,11,10,55,7,0,0,21,18,20,41,0,0,11,31,31,27,0,100,100,56,0,10,34,30,3,19,48,60,3,4,33,40,3,9,48,83,1,1,15,92,0,7,1,0,0,2,1,1,4,92,0,0,0,1,3,15,81,0,0,12,34,30,24,0,0,1,7,17,75,0,0,5,24,21,50,71,3,23,3,71,8,5,16,71,6,11,12,0,1,67,32,68,0,11,21,89,0,1,0,4,0,0,0,6,22,0,3,4,4,8,3,3,15,5,0,1,3,5,2,4,18,0,0,43,57,0,0,0,0,0,0,0,0,100,0,0,0,2,44,32,22,0,1,24,17,34,20,4,4.838709677419355,6.382772512493028,0,0,12.042553191489361,5.142935218183345,2.377551020408163,1.2478047207321434
NZL,New Zealand,6,2021-03-13,2021-03-01,100,0,0,0,0,0,99,467984.7480330605,90,0,0,100,0,6,94,0,0,100,0,7,93,0,9,91,0,5,95,0,3,97,0,2,98,1,0,99,0,0,100,0,2,98,0,5,95,0,0,100,0,3,97,100,0,0,0,94,0,0,6,100,0,0,0,93,0,2,5,91,0,5,4,95,0,1,4,97,0,1,2,98,0,0,2,100,0,0,0,100,0,0,0,98,0,1,1,95,0,1,4,100,0,0,0,97,0,0,3,0,1,0,99,100,0,0,0,0,0,24,76,76,0,3,21,97,0,3,0,97,0,3,0,100,0,0,3,2,1,94,0,0,0,100,0,100,0,0,0,0,100,0,0,0,0,0,0,67,24,3,6,0,2,37,51,10,0,0,2,45,42,11,0,4,42,47,7,0,3,14,62,21,0,1,68,28,3,94,4,2,94,6,0,94,4,2,94,5,1,94,3,3,94,5,1,94,5,1,94,6,0,94,5,1,31,97,0,2,1,97,0,3,0,97,0,3,0,97,0,3,0,97,0,0,3,97,0,2,1,97,0,3,0,97,0,3,0,97,0,3,0,31,76,0,17,7,76,0,19,5,76,0,24,0,76,0,23,1,76,0,18,6,76,0,11,13,76,0,23,1,76,0,24,0,76,0,23,1,31,100,0,0,100,0,100,0,100,0,0,100,0,0,100,0,0,100,0,0,100,0,100,0,31,98,0,2,0,98,0,1,1,98,0,2,0,98,0,2,0,98,0,2,0,98,0,2,0,98,0,1,1,0,0,14,17,41,28,0,3,83,14,0,3,92,5,0,3,85,12,0,3,83,14,0,3,60,37,0,3,94,3,0,3,87,10,0,3,87,10,0,3,82,15,0,3,64,33,45,1,1,53,7,2,3,88,31,31,31,99,0,0,1,99,0,0,1,99,0,0,1,99,0,0,1,99,0,0,1,99,0,0,1,33,10,0,57,33,10,0,57,33,9,3,55,33,10,0,57,33,9,10,48,33,9,3,55,33,9,7,51,87,1,0,12,87,1,1,11,87,1,0,12,87,1,0,12,87,1,0,12,0,1,23,76,0,1,64,35,0,1,43,56,0,1,45,54,0,1,21,78,0,1,8,91,0,1,47,52,53,0,24,9,3,11,0,0,0,3,30,67,0,1,98,1,0,1,16,83,0,0,9,5,9,8,64,5,0,1,33,18,28,20,0,1,7,23,32,37,0,100,100,77,2,5,16,36,0,17,47,57,1,8,34,55,0,8,37,79,0,3,18,92,0,5,3,0,0,2,1,3,7,87,0,0,1,1,4,9,85,0,1,13,33,30,23,0,0,1,3,13,83,0,0,2,14,15,69,84,0,10,6,84,4,1,11,84,4,5,7,0,0,38,62,38,1,11,50,89,0,2,1,3,0,0,0,5,51,0,2,4,2,11,0,1,6,2,0,1,2,2,5,3,8,0,2,39,59,0,0,0,0,0,0,0,0,0,100,0,4,7,35,30,24,4,5,25,22,30,11,3,4.642857142857143,4.601122653258623,0,0,12.097826086956522,4.5646991947611015,2.098901098901099,1.2207005734863443
NZL,New Zealand,7,2021-03-13,2021-02-26,100,0,0,0,0,2,100,421879.55628142913,96,2,0,98,3,8,89,3,3,94,3,15,82,3,11,86,3,15,82,3,0,97,3,2,95,3,4,93,3,1,96,2,3,95,3,5,92,3,1,96,3,7,90,100,0,0,0,92,1,1,6,97,1,0,2,85,1,5,9,89,0,3,8,85,2,2,11,100,0,0,0,98,0,2,0,96,1,1,2,99,0,1,0,97,0,1,2,95,2,1,2,99,0,0,1,93,0,4,3,0,0,2,98,98,0,1,1,0,0,26,74,74,1,3,22,97,0,3,0,97,0,3,0,100,0,0,4,6,1,89,0,2,0,97,1,100,0,0,0,0,100,0,0,0,0,0,0,77,17,3,3,0,11,34,44,11,0,0,12,46,34,8,0,9,56,28,7,0,12,19,43,26,0,6,72,18,4,97,1,2,97,2,1,97,3,0,97,3,0,97,2,1,97,3,0,97,3,0,97,2,1,97,2,1,12,97,0,1,2,97,0,2,1,97,0,2,1,97,0,2,1,97,0,1,2,97,0,2,1,97,0,3,0,97,0,3,0,97,0,3,0,12,83,0,11,6,83,0,13,4,83,0,17,0,83,0,16,1,83,0,12,5,83,0,8,9,83,0,17,0,83,0,17,0,83,0,17,0,12,100,0,0,100,0,100,0,100,0,0,100,0,0,100,0,0,100,0,0,100,0,100,0,12,99,0,1,0,99,0,0,1,99,0,0,1,99,0,1,0,99,0,1,0,99,0,1,0,99,0,1,0,0,2,12,15,28,43,0,1,82,17,0,1,87,12,0,1,87,12,0,1,77,22,0,1,49,50,0,1,89,10,0,1,90,9,0,1,72,27,0,1,84,15,0,1,81,18,43,3,0,54,3,4,1,92,12,12,12,99,0,0,1,99,0,1,0,99,0,0,1,99,0,0,1,99,0,1,0,99,0,0,1,73,1,0,26,73,1,1,25,73,1,1,25,73,1,0,26,73,1,5,21,73,1,1,25,73,1,4,22,94,0,0,6,94,0,0,6,94,0,0,6,94,0,0,6,94,0,1,5,0,5,12,83,0,1,50,49,0,2,38,60,0,4,50,46,0,3,25,72,0,4,7,89,0,1,60,39,40,0,32,7,11,10,0,1,0,5,39,55,0,1,99,0,0,0,21,79,0,0,3,9,9,10,56,13,0,0,30,24,32,14,0,4,6,21,30,39,0,100,100,88,1,0,11,50,1,11,38,62,2,3,33,50,1,9,40,75,1,4,20,93,1,3,3,0,0,1,1,0,5,93,0,0,0,0,1,12,87,0,0,7,23,33,37,0,1,0,2,7,90,0,0,0,3,30,67,97,0,1,2,97,1,1,1,97,1,1,1,0,1,9,90,10,1,11,78,89,0,0,0,1,0,0,0,10,80,0,1,2,1,3,0,1,0,0,0,2,3,0,1,2,4,0,2,41,57,0,0,0,0,0,0,0,0,0,0,100,3,8,35,33,21,3,5,18,29,27,16,2,9.15625,9.398384813188605,1,0,12.785714285714286,4.379776713710658,1.9662921348314606,1.0384586283421913
