ISO2,ISO_3,country_agg,date,first_date,day_count,weight,Finished,B2,B4,E5,E6,pos_RF,count,symptomatic,infected,not_infected,vaccinated,unvaccinated,vac1dose,vac2doses,cli,cli_weight,cli_vaccinated,cli_unvaccinated,cli_vac1dose,cli_vac2doses,cliWHO,cliWHO_weight,cli_local,count_local,reach,stringent_cli,stringent_cli_vaccinated,stringent_cli_unvaccinated,stringent_cli_vac1dose,stringent_cli_vac2doses,classic_cli,classic_cli_vaccinated,classic_cli_unvaccinated,classic_cli_vac1dose,classic_cli_vac2doses,broad_cli,broad_cli_vaccinated,broad_cli_unvaccinated,broad_cli_vac1dose,broad_cli_vac2doses,test_recent,tested_vaccinated,tested_unvaccinated,tested_vac1dose,tested_vac2doses,positive_recent,positive_vaccinated,positive_unvaccinated,positive_vac1dose,positive_vac2doses,positive_symptomatic,pos_RF_vaccinated,pos_RF_unvaccinated,pos_RF_vac1dose,pos_RF_vac2doses,pos_RF_symptomatic,positive_Fever_B1_1,positive_Cough_B1_2,positive_Difficulty_breathing_B1_3,positive_Fatigue_B1_4,positive_Stuffy_or_runny_nose_B1_5,positive_Aches_or_muscle_pain_B1_6,positive_Sore_throat_B1_7,positive_Chest_pain_B1_8,positive_Nausea_B1_9,positive_Loss_of_smell_or_taste_B1_10,positive_Headache_B1_12,positive_Chills_B1_13,pos_vaccinated_Fever_B1_1,pos_vaccinated_Cough_B1_2,pos_vaccinated_Difficulty_breathing_B1_3,pos_vaccinated_Fatigue_B1_4,pos_vaccinated_Stuffy_or_runny_nose_B1_5,pos_vaccinated_Aches_or_muscle_pain_B1_6,pos_vaccinated_Sore_throat_B1_7,pos_vaccinated_Chest_pain_B1_8,pos_vaccinated_Nausea_B1_9,pos_vaccinated_Loss_of_smell_or_taste_B1_10,pos_vaccinated_Headache_B1_12,pos_vaccinated_Chills_B1_13,pos_RF_Fever_B1_1,pos_RF_Cough_B1_2,pos_RF_Difficulty_breathing_B1_3,pos_RF_Fatigue_B1_4,pos_RF_Stuffy_or_runny_nose_B1_5,pos_RF_Aches_or_muscle_pain_B1_6,pos_RF_Sore_throat_B1_7,pos_RF_Chest_pain_B1_8,pos_RF_Nausea_B1_9,pos_RF_Loss_of_smell_or_taste_B1_10,pos_RF_Headache_B1_12,pos_RF_Chills_B1_13,pos_RF_vaccinated_Fever_B1_1,pos_RF_vaccinated_Cough_B1_2,pos_RF_vaccinated_Difficulty_breathing_B1_3,pos_RF_vaccinated_Fatigue_B1_4,pos_RF_vaccinated_Stuffy_or_runny_nose_B1_5,pos_RF_vaccinated_Aches_or_muscle_pain_B1_6,pos_RF_vaccinated_Sore_throat_B1_7,pos_RF_vaccinated_Chest_pain_B1_8,pos_RF_vaccinated_Nausea_B1_9,pos_RF_vaccinated_Loss_of_smell_or_taste_B1_10,pos_RF_vaccinated_Headache_B1_12,pos_RF_vaccinated_Chills_B1_13,days_aggregated,p_rf,p_rf_CI,p_cli,p_cli_CI,p_cli_weight,p_cli_weight_CI,p_cliWHO,p_cliWHO_CI,p_cliWHO_weight,p_cliWHO_weight_CI,p_cli_local,p_cli_local_CI
MY,MYS,Malaysia,2021-07-01,2021-07-01,720,20312783.5761989,570,792,257,2530,0,10,720,213,38,662,310,385,195,108,1,24023.7755207891,1,0,1,0,0,0,259,715,41197.5944490109,3,1,2,1,0,16,3,12,1,2,26,9,14,6,3,86,31,0,0,0,8,2,6,1,1,4,3,7,2,1,6,1,1,0,1,0,3,2,0,0,1,2,0,0,0,0,0,0,1,0,0,0,0,0,0,1,3,0,1,0,4,2,0,0,2,3,0,0,1,0,0,0,1,0,0,0,0,0,0,1,0.0138888888888889,0.00854827570192515,0.00138888888888889,0.00272028114654425,0.00118269243753173,1.49465964815087e-05,0,0,0,0,0.00628677483391797,0.000763232139132137
MY,MYS,Malaysia,2021-07-02,2021-07-02,669,20358665.9562967,522,881,198,2099,0,15,669,194,45,600,282,361,177,103,4,65964.7742971814,2,1,0,2,3,51981.8078911716,203,658,37913.3106957331,7,4,2,2,2,15,4,9,1,3,18,8,8,4,4,77,31,0,0,0,6,0,6,0,0,3,4,10,2,2,12,1,1,1,1,0,0,1,0,1,2,1,2,0,0,0,0,0,0,0,0,0,0,0,0,3,6,4,6,5,6,4,3,4,9,6,6,1,1,1,2,2,4,2,1,1,4,2,2,1,0.0224215246636771,0.0112187228194684,0.00597907324364723,0.0058418410036689,0.00324013245459137,2.46859637390241e-05,0.00448430493273543,0.00506298518186215,0.00255330128225294,2.19214518051591e-05,0.00535432006002173,0.000734579155235836
MY,MYS,Malaysia,2021-07-03,2021-07-03,785,21674536.2608923,623,1016.6,186,2527,0,7,785,223,46,714,360,377,225,130,1,17352.1622014755,0,1,0,0,0,0,188,767,44193.7831362117,1,1,0,0,1,14,5,7,3,2,16,7,7,6,1,104,47,0,0,0,7,4,3,3,1,2,4,3,3,1,2,0,1,0,1,0,1,1,0,0,1,0,1,0,0,0,0,0,0,0,0,0,0,0,0,0,1,0,1,0,1,1,0,0,1,0,1,0,0,0,0,0,0,0,0,0,0,0,0,1,0.0089171974522293,0.00657631222938471,0.00127388535031847,0.00249517860128452,0.000800578245024983,1.19069673593153e-05,0,0,0,0,0.0042539920020098,0.000606792385686566
MY,MYS,Malaysia,2021-07-04,2021-07-04,756,20502808.0769669,618,591,205,2384,0,18,756,192,47,681,325,395,194,123,4,151396.489719367,1,3,1,0,1,45215.7016275873,206,743,42810.9268190421,4,0,3,0,0,8,3,5,2,1,11,5,5,4,1,76,28,0,0,0,12,4,8,3,1,8,4,14,3,1,14,0,4,0,4,2,1,5,1,1,3,0,1,0,2,0,2,1,0,2,0,0,0,0,0,1,8,0,5,2,3,6,2,1,5,1,4,0,2,0,2,1,0,2,0,0,0,0,0,1,0.0238095238095238,0.0108675045634737,0.00529100529100529,0.00517135454456271,0.00738418313974504,3.70581080384442e-05,0.00132275132275132,0.00259082973957438,0.00220534189550275,2.03048585816644e-05,0.00481185564775889,0.000655510523185601
MY,MYS,Malaysia,2021-07-05,2021-07-05,726,21049644.5246619,576,635,256,2295,0,18,726,194,57,653,328,372,203,118,2,124856.139986536,1,1,0,1,1,67498.4614726843,256,706,40679.0233300723,5,2,2,2,0,13,5,7,4,1,23,13,8,12,1,90,39,0,0,0,13,3,10,2,0,3,5,12,3,1,8,1,1,0,1,1,1,0,0,0,1,2,1,0,0,0,0,0,0,0,0,0,0,1,0,2,4,1,3,5,6,3,0,3,4,4,4,1,1,0,1,2,2,1,0,1,1,2,1,1,0.0247933884297521,0.0113108707932573,0.00275482093663912,0.00381265440603374,0.00593150824187333,3.28032165781967e-05,0.00137741046831956,0.00269781498890451,0.00320663189317058,2.41519850828268e-05,0.00629316977260735,0.000768469603485188
MY,MYS,Malaysia,2021-07-06,2021-07-06,742,20108381.0114372,597,1042.7,138,2548.3,0,12,742,223,50,675,332,379,196,131,2,75691.1008985083,0,2,0,0,0,0,140,731,42119.4986604573,5,1,4,0,1,15,5,9,3,2,19,7,10,5,2,83,38,0,0,0,11,5,5,1,4,7,5,6,1,4,8,1,1,0,4,2,4,2,0,1,3,2,2,1,1,0,2,1,2,1,0,0,1,2,1,2,2,0,4,2,5,2,0,1,4,2,2,1,1,0,2,1,2,1,0,0,1,2,1,1,0.0161725067385445,0.00907599579888051,0.00269541778975741,0.0037305519383211,0.00376415688838683,2.67654455882247e-05,0,0,0,0,0.00332387622009934,0.00054967494657978
MY,MYS,Malaysia,2021-07-07,2021-07-07,728,21698539.3613087,562,1019.02,343,2275,0,15,728,221,54,649,339,358,178,156,10,446070.791602897,1,5,1,0,4,173264.290927946,347,713,41082.3564225801,9,3,5,0,3,22,6,11,4,2,26,13,10,8,5,77,34,0,0,0,7,0,6,0,0,6,3,9,1,2,14,2,5,3,4,1,3,5,2,3,4,5,3,0,0,0,0,0,0,0,0,0,0,0,0,5,11,4,6,4,7,10,5,6,10,10,5,0,2,0,0,1,1,2,0,0,3,0,0,1,0.0206043956043956,0.0103190903860721,0.0137362637362637,0.00845499284028056,0.0205576414234729,5.97047556596943e-05,0.0054945054945055,0.00536970343790007,0.00798506701501292,3.7448224216237e-05,0.00844644831057643,0.000884943552717268
MY,MYS,Malaysia,2021-07-08,2021-07-08,726,20531696.3835279,570,792,258,2506,0,12,726,204,51,646,317,375,192,117,3,94536.9393011622,0,2,0,0,1,19943.858268015,264,712,41024.7374093647,5,2,2,2,0,17,5,12,4,1,22,8,11,5,2,70,30,0,0,0,10,3,6,2,1,3,4,7,3,1,5,1,2,0,2,3,2,1,1,0,2,1,0,0,0,0,0,0,0,0,0,0,0,0,0,1,3,1,3,5,3,2,2,1,4,2,0,0,1,1,1,1,1,1,1,1,1,1,0,1,0.0165289256198347,0.00927433734490284,0.00413223140495868,0.00466630300307127,0.00460443879235458,2.92834253831518e-05,0.00137741046831956,0.00269781498890451,0.000971369237858761,1.34746289387906e-05,0.00643514173815862,0.000773753017573105
MY,MYS,Malaysia,2021-07-09,2021-07-09,744,21451675.6930939,594,926.2,282,2398,0,16,744,207,50,669,351,364,210,134,5,146458.010951494,3,1,2,1,4,94549.9930651085,285,729,42004.2606340265,6,2,4,0,2,19,7,10,4,3,21,11,8,6,5,81,39,0,0,0,13,2,10,1,1,7,3,12,1,2,10,0,3,1,4,3,2,2,1,1,3,2,0,0,0,0,1,0,0,0,0,0,0,1,0,0,5,2,5,4,4,3,1,1,5,2,0,0,0,0,1,0,1,0,0,0,1,1,0,1,0.021505376344086,0.0104235191516281,0.00672043010752688,0.00587078139257396,0.00682734594009569,3.48462309609192e-05,0.00537634408602151,0.00525453807375612,0.004407580760488,2.8032279167922e-05,0.00678502598779538,0.000785052689321883
MY,MYS,Malaysia,2021-07-10,2021-07-10,827,21064155.5875043,670,838,425,2750,0,19,827,236,66,735,385,411,231,146,11,371916.993860512,1,10,1,0,7,215627.776286741,428,813,46844.2577441201,7,1,5,1,0,20,4,16,2,2,23,9,12,3,6,103,44,0,0,0,16,6,10,2,4,10,6,13,2,4,13,2,5,1,2,4,4,3,2,3,7,3,1,1,1,0,0,2,1,1,0,1,3,1,1,5,8,3,4,7,7,5,4,5,8,6,3,1,1,0,0,2,1,1,0,1,3,1,1,1,0.0229746070133011,0.0102110947846182,0.0133010882708585,0.00780784617654433,0.0176563922686338,5.6241741534755e-05,0.00846432889963724,0.00624375384320171,0.0102367158935465,4.2985507528316e-05,0.00913665880539484,0.000861629370197657
MY,MYS,Malaysia,2021-07-11,2021-07-11,832,20517466.2510397,657,818.5,229,2648,0,15,832,228,60,753,397,400,233,155,4,71579.673833782,2,2,2,0,1,29606.2469811096,231,820,47247.5908366279,6,3,1,3,0,14,7,6,5,2,14,6,6,4,2,87,34,0,0,0,12,7,4,5,2,5,9,4,7,2,8,2,5,2,1,2,3,2,2,2,4,5,2,1,3,0,1,2,1,0,0,0,2,3,1,3,6,4,3,5,6,4,4,3,6,8,4,2,4,2,3,4,3,2,2,1,3,5,3,1,0.0180288461538462,0.00904106849320407,0.00480769230769231,0.00470011263509097,0.00348871897523676,2.5512929596291e-05,0.00120192307692308,0.00235430981662326,0.00144297773510944,1.64248902858248e-05,0.00488913817423515,0.000628941345825114
MY,MYS,Malaysia,2021-07-12,2021-07-12,801,20453936.0864573,651,801.5,233,2804,0,12,801,238,49,729,395,368,230,159,6,137722.70385708,2,3,1,1,3,40480.9166747558,234,784,45173.3063608735,4,1,2,0,1,17,6,9,4,2,21,6,12,5,1,95,48,0,0,0,6,2,4,1,1,2,4,7,2,2,8,1,1,1,0,0,2,1,1,0,1,1,1,0,0,0,0,0,0,0,0,0,0,0,0,2,5,2,1,3,4,4,3,1,4,4,2,0,2,1,1,1,1,1,1,0,1,1,0,1,0.0149812734082397,0.0084125651682273,0.00749063670411985,0.00597115722205183,0.00673331056061463,3.5441076287132e-05,0.00374531835205993,0.00423020476326352,0.00197912599822576,1.9260438838776e-05,0.00518005031844819,0.000661982309457886
MY,MYS,Malaysia,2021-07-13,2021-07-13,892,20547781.494835,686,1115,351,2799,0,18,892,255,54,811,458,397,278,173,6,91102.3728390812,2,1,2,0,3,32630.5820899761,353,875,50416.6365634749,6,1,4,1,0,20,8,6,6,2,27,13,9,11,2,101,49,0,0,0,11,5,5,3,2,4,8,8,6,2,11,1,2,1,1,1,3,1,1,0,1,1,1,0,1,0,0,0,0,0,0,0,0,0,0,6,7,2,6,6,9,5,2,2,6,7,6,2,4,0,2,2,3,2,0,0,1,3,2,1,0.0201793721973094,0.00922768537130905,0.00672645739910314,0.00536405590630344,0.00443368413577793,2.87265250258779e-05,0.00336322869955157,0.00379937636975553,0.00158803431398072,1.72167213858037e-05,0.00700165707316812,0.000727839860593223
MY,MYS,Malaysia,2021-07-14,2021-07-14,897,20749175.5845495,728,1035,324,3014,0,26,897,279,74,795,486,365,308,173,11,390067.122025571,3,6,1,1,4,88255.8128297342,329,875,50416.6365634749,10,2,8,1,1,17,4,11,0,3,29,11,14,7,3,112,56,0,0,0,18,8,10,5,3,10,10,15,5,5,18,3,4,4,4,3,5,3,4,2,4,5,4,1,1,3,1,2,1,1,1,1,1,2,2,7,9,8,8,9,9,7,6,6,9,10,7,2,3,5,3,4,3,3,2,3,2,4,3,1,0.0289855072463768,0.010978807692612,0.012263099219621,0.00720232359462696,0.0187991624262906,5.84380712180723e-05,0.00445930880713489,0.00436028775802929,0.00425346117825771,2.80022744314405e-05,0.00652562373108303,0.000702830347831411
MY,MYS,Malaysia,2021-07-15,2021-07-15,887,20360287.4358739,707,1017.5,265,3056,0,18,887,241,56,814,471,389,283,181,2,58576.1859424153,0,1,0,0,0,0,266,875,50416.6365634749,7,3,1,2,1,10,4,4,3,1,16,8,5,6,2,94,50,0,0,0,12,5,7,4,1,5,6,9,5,1,11,0,3,1,2,2,1,1,0,0,1,1,1,0,1,1,1,2,1,1,0,0,1,1,1,2,6,2,4,5,5,5,2,2,6,2,3,0,2,1,1,3,1,2,0,0,2,1,1,1,0.020293122886133,0.009279162964485,0.00225479143179256,0.00312139905426065,0.0028769822688852,2.32647881448133e-05,0,0,0,0,0.00527603620810969,0.000632362824132863
MY,MYS,Malaysia,2021-07-16,2021-07-16,847,20884863.8236849,672,942.5,301,2703,0,25,847,233,65,764,468,349,269,196,6,122537.289477069,1,5,1,0,4,93052.0535637551,304,830,47823.7809687819,10,3,4,1,2,16,5,8,1,3,24,13,8,5,7,103,60,0,0,0,16,7,9,6,1,8,9,11,6,3,17,3,4,2,2,2,2,1,2,0,5,4,1,0,1,1,1,0,1,0,1,0,0,1,0,4,11,7,7,8,7,7,7,3,12,8,5,0,3,1,2,1,2,1,1,0,1,2,1,1,0.0295159386068477,0.0113980061935879,0.00708382526564345,0.00564802484703305,0.00586727739819416,3.27546348670667e-05,0.00472255017709563,0.0046170731840884,0.00445547810841972,2.85633911790252e-05,0.00635667013025263,0.000712288995804305
MY,MYS,Malaysia,2021-07-17,2021-07-17,872,20521265.2556863,696,630.1,457,3142,0,20,872,234,62,788,502,338,313,176,4,209722.958978874,2,1,2,0,1,100575.811063105,459,847,48803.3041934437,8,1,5,1,0,15,3,8,1,2,24,7,12,5,2,96,50,0,0,0,11,3,7,3,0,3,4,13,4,0,12,0,0,0,1,2,0,0,0,0,1,2,0,0,0,0,1,1,0,0,0,0,0,2,0,3,4,2,6,7,8,2,3,2,9,9,6,1,0,1,2,1,1,0,0,0,1,3,1,1,0.0229357798165138,0.00993592166446879,0.00458715596330275,0.0044850079982734,0.0102197869559121,4.35147335883165e-05,0.00114678899082569,0.00224637595137102,0.00490105311782549,3.02150879010272e-05,0.00940510089605087,0.000856353842668244
MY,MYS,Malaysia,2021-07-18,2021-07-18,902,20604327.4226128,720,1113.01,409,2995,0,22,902,268,80,801,539,329,322,211,4,57930.8791908285,3,1,2,1,2,24269.3893466322,411,882,50819.9696559827,6,3,3,3,0,18,10,7,6,4,24,14,7,9,5,108,62,0,0,0,15,4,8,2,2,4,8,10,5,3,11,0,2,1,1,1,1,1,0,1,3,1,1,0,0,0,0,0,0,1,0,0,1,0,0,3,6,3,4,4,4,4,2,3,7,4,3,2,3,1,2,2,2,3,1,1,3,2,1,1,0.024390243902439,0.0100667888911343,0.00443458980044346,0.00433617148048719,0.00281158797385693,2.28630054440356e-05,0.00221729490022173,0.00306954876487038,0.00117787826066077,1.48102759025113e-05,0.00808737200714987,0.000778702035979483
MY,MYS,Malaysia,2021-07-19,2021-07-19,865,20779915.110513,679,978,271,2726,0,27,865,234,68,762,502,315,298,199,8,152994.554221207,2,3,1,1,3,66765.9467320146,275,843,48572.8281405821,5,2,2,1,1,21,11,7,6,5,21,13,7,8,5,110,71,0,0,0,18,9,8,3,6,11,10,13,4,6,20,3,7,2,5,6,6,7,4,3,4,5,5,1,3,0,2,3,3,3,1,0,2,2,2,6,12,3,8,11,8,9,5,6,8,10,6,1,4,0,3,4,3,3,1,0,2,2,2,1,0.0312138728323699,0.0115885159064553,0.0092485549132948,0.0063790988835734,0.00736261690230888,3.67567937737707e-05,0.00346820809248555,0.00391776326814088,0.00321300382494037,2.43322914409465e-05,0.00566160156876352,0.000667249339408503
MY,MYS,Malaysia,2021-07-20,2021-07-20,887,20164870.0014119,719,975,424,2968,0,22,887,259,55,804,550,296,315,226,3,40238.6468467471,2,1,2,0,1,6287.83425941922,429,872,50243.7795238286,4,2,2,1,1,11,6,5,3,3,15,8,6,3,5,109,69,0,0,0,16,7,8,6,1,7,10,10,8,2,13,2,0,0,2,0,2,0,0,1,2,3,2,0,0,0,0,0,0,0,0,0,0,1,0,4,4,1,5,2,4,2,1,2,6,5,2,1,3,0,1,2,1,1,1,0,1,2,0,1,0.0248027057497182,0.0102348635109268,0.00338218714768884,0.0038207570324169,0.0019954825815356,1.94778313836582e-05,0.00112739571589628,0.00220840907042865,0.000311821214765032,7.70611499685668e-06,0.00853837040257973,0.000804511750281064
MY,MYS,Malaysia,2021-07-21,2021-07-21,924,21417976.3662315,721,1095,509,3170,0,18,924,270,68,830,576,320,329,237,4,92954.8890466739,2,1,1,1,3,75182.8186493292,512,907,52260.4449863676,4,3,1,1,2,19,10,8,6,4,24,14,9,7,7,126,72,0,0,0,15,7,7,3,4,6,9,8,4,5,9,1,4,1,2,2,3,3,1,0,3,2,3,1,2,0,2,2,2,3,1,0,2,1,3,1,5,2,3,4,4,4,1,0,6,5,3,1,3,0,3,3,3,4,1,0,4,3,3,1,0.0194805194805195,0.00891128812132556,0.00432900432900433,0.00423315375974999,0.00434004069559207,2.7839491313909e-05,0.00324675324675325,0.00366801055441388,0.00351026714026381,2.50475569100892e-05,0.00979708458536006,0.000844446360993676
MY,MYS,Malaysia,2021-07-22,2021-07-22,901,20646274.3405653,695,1060.05,471.586,2761,0,22,901,280,57,818,563,301,325,232,7,96318.9523068971,1,6,0,1,3,42750.5055632618,477.586,884,50935.2076824134,9,4,4,4,0,25,13,11,9,4,26,14,10,11,3,121,79,0,0,0,14,9,4,6,3,8,12,9,9,3,16,2,6,3,5,2,5,1,2,3,2,2,3,1,4,1,4,1,2,0,0,2,2,1,2,5,12,4,9,9,10,6,3,6,8,7,6,1,6,1,6,4,3,2,0,3,4,2,2,1,0.0244173140954495,0.0100778219804737,0.00776914539400666,0.00573295699461636,0.0046651977358284,2.93931998161611e-05,0.00332963374028857,0.00376148816963309,0.00207061597933273,1.96077124833485e-05,0.00937634343179281,0.000836970499679347
MY,MYS,Malaysia,2021-07-23,2021-07-23,862,20115987.9317943,705,968,566,2920.1,0,16,862,258,65,779,551,284,293,244,5,167206.292743454,1,4,0,1,3,86382.1309876182,571,848,48860.9232066591,6,1,4,1,0,16,12,4,6,6,25,17,5,9,6,121,76,0,0,0,11,3,7,2,1,7,5,10,4,1,12,3,4,1,3,2,3,3,0,2,3,4,3,1,1,0,1,1,0,1,0,0,0,1,0,3,7,2,3,5,4,5,1,2,7,6,4,1,2,0,1,2,0,2,1,0,2,1,0,1,0.0185614849187935,0.00901015713692609,0.00580046403712297,0.00506947056114904,0.00831210941815969,3.96753291731967e-05,0.00348027842227378,0.00393137436582292,0.00429420276451286,2.85748657886007e-05,0.0116862302741382,0.000952910033353237
MY,MYS,Malaysia,2021-07-24,2021-07-24,923,20736450.4411643,733,1057.5,580,2995,0,24,923,297,85,808,577,310,318,251,9,159836.682008711,3,5,3,0,3,58065.8939067564,584,903,52029.968933506,4,0,4,0,0,17,9,8,9,0,32,16,14,13,3,127,72,0,0,0,19,8,10,6,2,10,9,14,6,3,15,3,5,2,4,1,5,3,2,1,4,4,2,2,1,0,2,0,2,1,0,0,1,1,0,4,6,3,6,2,6,4,3,2,8,6,3,2,1,0,2,0,2,1,0,0,2,1,0,1,0.0260021668472373,0.0102667031766938,0.00975081256771398,0.00633927937957829,0.00770800588375608,3.76419093451147e-05,0.00325027085590466,0.00367197808433614,0.00280018482775088,2.27439203460874e-05,0.0112243003786212,0.000905211036409341
MY,MYS,Malaysia,2021-07-25,2021-07-25,982,21063531.6455079,802,1163,577,3265,0,31,982,273,83,873,639,306,370,261,12,208160.850198589,9,3,8,1,6,72306.8743749819,582,965,55602.3477528608,12,9,3,8,0,25,15,8,11,4,28,16,10,9,6,144,95,0,0,0,29,21,7,17,4,21,22,8,18,4,23,7,12,0,8,8,10,5,1,3,10,5,5,6,10,0,6,7,7,5,0,2,9,3,3,9,14,1,9,8,12,7,3,5,12,7,6,7,11,0,7,7,8,6,1,3,10,4,3,1,0.0315682281059063,0.0109358353967552,0.0122199592668024,0.00687159174832609,0.0098825236765546,4.22434900298751e-05,0.00610997963340122,0.00487395363340492,0.00343279919017771,2.49781339659484e-05,0.0104671839143709,0.000845924404695288
MY,MYS,Malaysia,2021-07-26,2021-07-26,916,20849539.33086,731,1158.2,455,2995,0,22,916,256,66,827,585,297,310,267,4,119142.884547304,2,1,2,0,2,79478.2528550938,455,898,51741.873867429,6,3,3,3,0,15,6,8,6,0,17,8,6,7,1,135,92,0,0,0,17,9,7,7,2,7,12,9,8,4,12,2,6,0,3,2,3,2,0,3,3,6,2,2,3,0,2,2,2,2,0,2,2,4,1,4,10,1,5,3,4,5,1,4,6,10,2,3,6,1,3,3,3,4,1,3,3,7,1,1,0.0240174672489083,0.00991482333713534,0.00436681222707424,0.00427004346099193,0.00571441328542721,3.23549888509521e-05,0.00218340611353712,0.00302268559418021,0.00381199083556996,2.64512644882484e-05,0.00879365136960024,0.00080444003071699
MY,MYS,Malaysia,2021-07-27,2021-07-27,794,20619111.3270145,629,1073,589,2595,0,24,794,245,62,713,539,224,292,241,9,204385.367063886,5,4,4,1,4,108430.655604527,591,777,44769.9732683657,7,4,3,2,2,25,12,12,7,4,29,14,13,10,3,110,75,0,0,0,19,12,7,8,4,11,14,10,9,5,16,7,7,5,6,5,9,7,5,3,5,6,2,3,3,2,3,4,5,4,3,2,3,3,0,8,12,8,10,6,12,9,8,5,7,8,3,3,5,2,5,5,6,4,3,2,4,4,0,1,0.0302267002518892,0.0119088087520744,0.0113350125944584,0.00736331568893578,0.00991242366474382,4.27602122934658e-05,0.00503778337531486,0.00492448567767015,0.00525874533993445,3.12183003203059e-05,0.0132008119919428,0.00105722978072742
MY,MYS,Malaysia,2021-07-28,2021-07-28,931,20823964.6723227,727,945.5,429,3039,0,33,931,264,79,827,618,281,346,265,10,144036.062950883,6,4,4,2,6,97583.5926629457,433,913,52606.15906566,12,6,5,3,3,23,11,12,7,4,29,15,12,10,5,129,92,0,0,0,21,10,10,5,5,9,19,13,11,8,21,5,5,3,5,1,7,3,3,2,5,5,4,2,2,0,1,1,1,1,1,0,2,1,1,7,13,5,9,9,10,9,5,3,12,8,6,4,8,2,3,6,3,7,3,1,6,3,3,1,0.0354457572502685,0.011877326847633,0.0107411385606874,0.00662145427966221,0.00691684149571779,3.55969756983241e-05,0.00644468313641246,0.00514008216257306,0.0046861197758679,2.93327718679483e-05,0.00823097537798861,0.000772077178350829
MY,MYS,Malaysia,2021-07-29,2021-07-29,841,20507135.312912,652,1162.7,453,2530,0,29,841,241,71,744,560,247,296,258,8,201032.139962378,4,4,1,2,6,162528.569297164,458,825,47535.6859027049,15,11,4,6,4,24,18,5,10,6,25,18,6,10,7,142,88,0,0,0,19,10,9,8,2,15,16,13,10,6,25,3,11,0,6,6,8,6,3,3,8,8,4,1,8,0,2,5,4,3,0,1,6,4,2,8,15,2,10,13,14,8,5,5,15,13,8,4,10,1,4,9,8,3,0,3,11,6,5,1,0.0344827586206897,0.0123319317044857,0.00951248513674197,0.00656026815091858,0.00980303376824168,4.26419088526294e-05,0.00713436385255648,0.00568817514418058,0.00792546432337774,3.8377802306506e-05,0.00963486675962614,0.000878129842017587
MY,MYS,Malaysia,2021-07-30,2021-07-30,857,20121974.640311,681,852,496,2592.4,0,30,857,248,72,756,611,212,322,283,7,63680.3646489039,7,0,7,0,5,37442.5601504871,497,830,47823.7809687819,10,6,4,5,1,24,18,5,12,6,29,20,8,13,7,131,96,0,0,0,24,13,11,9,4,14,17,12,12,5,20,2,8,2,7,7,6,4,5,2,4,7,3,2,4,1,3,5,3,3,2,0,2,3,2,4,11,3,10,11,9,7,7,3,9,11,4,4,6,2,5,9,5,6,4,1,6,6,3,1,0.0350058343057176,0.0123052442988111,0.00816802800466745,0.00602608621752819,0.00316471746869868,2.45409835947191e-05,0.0058343057176196,0.00509896061793936,0.00186077961133483,1.88302385637151e-05,0.0103923192589986,0.000908895399996186
MY,MYS,Malaysia,2021-07-31,2021-07-31,918,21148549.9338111,752,1133,578,3348,0,18,918,257,71,823,657,228,362,293,10,296175.328900194,6,4,3,3,7,214642.053999781,581,897,51684.2548542136,10,4,6,2,2,21,14,6,9,5,25,17,6,10,7,141,104,0,0,0,9,4,4,2,2,5,7,9,3,4,14,3,2,1,4,1,1,2,2,2,2,2,2,2,2,1,2,1,1,2,1,2,2,2,2,6,8,4,11,5,8,5,8,5,9,9,6,2,4,1,3,2,2,3,2,2,4,4,2,1,0.0196078431372549,0.00896894945412948,0.0108932461873638,0.0067147058673685,0.0140045218148355,5.00817386278585e-05,0.00762527233115468,0.0056271990507499,0.0101492563164637,4.27178868129998e-05,0.0112413345541855,0.000908914536442845
MY,MYS,Malaysia,2021-08-01,2021-08-01,905,20493669.0748277,730,1243.5,523,2772,0,36,905,250,81,806,664,212,319,334,8,133548.816570913,6,2,2,4,1,9163.33044196185,526,882,50819.9696559827,12,5,5,3,2,30,19,8,7,11,36,21,13,8,12,148,104,0,0,0,29,19,8,12,6,19,21,11,13,7,26,2,12,5,4,12,8,8,2,2,8,11,4,2,7,3,2,8,4,6,1,1,6,6,2,4,18,8,7,16,12,11,5,2,13,14,6,3,9,4,2,9,4,7,2,1,6,7,2,1,0.0397790055248619,0.0127331648239027,0.00883977900552486,0.00609840744888651,0.00651658890769105,3.48360338426155e-05,0.00110497237569061,0.00216450920686615,0.0004471298140174,9.15288342978537e-06,0.0103502619848195,0.000879928367126249
MY,MYS,Malaysia,2021-08-02,2021-08-02,884,21226128.4560625,713,1026.4,545,2831,0,31,884,280,79,782,662,195,327,328,18,399707.919934265,12,4,8,4,8,168977.48864144,548,865,49840.4464313208,8,6,1,5,1,27,17,8,10,7,25,16,7,8,8,160,125,0,0,0,20,14,6,11,3,11,20,9,15,5,22,5,8,2,4,6,3,4,1,1,8,4,4,4,5,2,3,5,2,4,0,1,7,3,2,11,15,6,8,13,7,8,2,4,13,12,7,8,9,5,6,9,4,6,1,3,9,8,5,1,0.0350678733031674,0.0121262091898978,0.0203619909502262,0.00931032608664441,0.0188309385181405,5.78256605371871e-05,0.00904977375565611,0.00624261770969555,0.00796082474442852,3.78056004199636e-05,0.0109950861045182,0.000915494355997035
MY,MYS,Malaysia,2021-08-03,2021-08-03,844,20700405.2921927,685,1144.2,379,2739,0,26,844,277,70,756,652,162,332,308,6,106396.5634738,4,1,4,0,2,12743.8539246821,381,819,47189.9718234125,9,8,1,5,3,24,21,1,12,9,31,23,3,10,13,146,123,0,0,0,19,16,2,13,3,10,20,4,17,3,17,4,8,1,3,3,3,4,2,2,5,6,3,3,6,0,1,2,2,3,1,2,4,5,3,5,13,3,5,5,5,5,3,2,9,9,3,4,9,2,3,4,4,3,2,2,7,7,3,1,0.0308056872037915,0.0116572939268188,0.00710900473933649,0.00566802889527562,0.00513982996815665,3.08044929658646e-05,0.0023696682464455,0.003280238825272,0.00061563306344966,1.06852800890929e-05,0.00807374925812042,0.00080742195195421
MY,MYS,Malaysia,2021-08-04,2021-08-04,852,20796627.9253851,698,991.5,586,2711,0,21,852,247,65,759,635,183,282,346,10,219188.360505396,4,6,3,1,4,107636.071937823,588,835,48111.8760348589,6,3,3,2,1,21,13,8,6,7,22,15,7,5,10,139,105,0,0,0,17,10,6,2,8,9,12,7,3,9,13,5,5,3,2,4,5,6,2,3,3,4,2,2,3,0,2,2,2,4,0,1,1,1,0,6,8,4,3,7,7,8,2,3,7,7,4,3,5,0,2,3,3,5,0,1,3,3,1,1,0.0246478873239437,0.0104111537026204,0.0117370892018779,0.00723177231929035,0.0105396106182121,4.38897512798117e-05,0.00469483568075117,0.0045900415899973,0.0051756502219496,3.0839497472392e-05,0.0122215146957473,0.00098178014205268
MY,MYS,Malaysia,2021-08-05,2021-08-05,815,20566826.4985398,633,781,462,2504,0,34,815,238,70,718,617,166,310,303,7,126036.475037994,6,1,3,2,5,91253.8919961273,466,795,45807.1155062429,8,4,2,2,1,20,16,2,10,5,28,23,3,13,9,126,105,0,0,0,26,22,4,15,6,16,25,6,17,7,24,5,9,2,6,8,7,6,4,2,5,5,5,4,8,0,5,5,6,3,2,1,4,4,5,7,14,4,7,10,10,9,5,2,9,9,7,5,10,0,5,6,7,4,2,1,5,6,6,1,0.0417177914110429,0.0137270322299107,0.00858895705521472,0.00633528822989259,0.0061281440307255,3.37282747646482e-05,0.00613496932515337,0.00536091831058717,0.00443694568058938,2.87237336200029e-05,0.0101730919934588,0.000918941219247245
MY,MYS,Malaysia,2021-08-06,2021-08-06,854,20907488.3172328,686,1243,674,2791,0,40,854,264,95,733,643,181,267,363,11,245152.122249629,8,2,2,5,7,186322.821713354,676,837,48227.1140612897,10,7,1,2,5,19,16,2,6,9,25,21,3,9,11,143,112,0,0,0,31,27,3,15,12,16,33,5,17,15,25,1,7,2,3,4,2,4,1,1,5,2,1,1,7,2,3,4,2,3,1,1,3,2,1,6,14,4,10,8,8,7,4,3,12,6,4,4,11,4,8,8,7,5,4,2,8,5,3,1,0.0468384074941452,0.0141710974026303,0.0128805620608899,0.00756260495447488,0.0117255654304283,4.61426823615899e-05,0.00819672131147541,0.00604716766568427,0.00891177452242217,4.02842620909765e-05,0.0140170112426985,0.00104921593002845
MY,MYS,Malaysia,2021-08-07,2021-08-07,849,20427841.4501044,665,1084.8,504,2688,0,35,849,272,72,749,670,154,291,368,7,220157.466080816,7,0,5,2,5,140658.78831825,508,833,47996.6380084281,13,8,5,7,1,21,15,6,9,6,21,16,5,8,8,151,114,0,0,0,23,15,8,7,8,14,24,11,16,8,26,2,7,3,6,4,9,2,5,1,5,7,1,2,3,2,2,2,4,2,2,0,3,3,1,4,16,7,11,6,13,7,10,2,13,15,4,4,9,5,6,4,7,6,6,0,8,9,3,1,0.0412249705535925,0.013373121189475,0.00824499411071849,0.00608263310679488,0.010777324007461,4.47753875127738e-05,0.00588928150765607,0.00514686504845068,0.00688564127843921,3.5859867380786e-05,0.0105840746577041,0.000915500482791484
MY,MYS,Malaysia,2021-08-08,2021-08-08,869,21009785.5806479,714,1180,565,3167,0,20,869,277,79,774,695,150,276,410,12,319765.038608625,8,4,5,3,7,187055.650544123,570,856,49321.8753123823,11,6,5,3,3,27,18,9,8,10,28,19,9,10,9,148,119,0,0,0,16,10,5,5,5,12,12,7,6,6,16,5,8,2,6,6,6,5,2,1,7,6,5,3,5,1,4,6,4,4,1,0,6,3,3,6,12,3,6,9,7,7,4,2,9,8,5,3,7,1,4,7,5,5,1,0,6,4,3,1,0.0230149597238205,0.00996981889541748,0.0138089758342923,0.00775888759776447,0.015219814470794,5.23493882604156e-05,0.00805523590333717,0.00594321004358278,0.00890326318781755,4.01670475027874e-05,0.0115567381894926,0.000943239133169923
MY,MYS,Malaysia,2021-08-09,2021-08-09,894,21636035.6171592,728,1058,666,2982,0,31,894,262,74,784,709,146,303,397,9,203789.760028589,8,1,4,4,3,136338.687757545,669,872,50243.7795238286,12,7,5,4,3,27,19,7,9,10,37,26,10,12,14,134,109,0,0,0,23,14,7,12,2,12,18,11,15,3,20,3,10,3,4,5,5,5,3,2,4,5,3,3,7,2,3,4,3,3,1,1,3,4,2,6,13,3,7,8,11,7,4,4,11,9,8,4,8,2,5,5,6,4,2,1,7,6,5,1,0.034675615212528,0.0119930061835384,0.0100671140939597,0.00654387059978119,0.00941899725229546,4.07011405753739e-05,0.00335570469798658,0.00379089095571297,0.00630146345522823,3.33432004473767e-05,0.0133150811173097,0.00100223160471077
MY,MYS,Malaysia,2021-08-10,2021-08-10,899,20237093.2644755,724,1395.5,547,2954,0,32,899,274,73,796,704,154,281,412,6,122069.385565325,2,3,2,0,3,51319.1573709795,548,877,50531.8745899056,12,7,4,3,4,30,23,5,11,12,39,27,9,9,18,157,127,0,0,0,24,18,6,15,3,11,21,9,15,6,19,1,8,1,5,5,6,2,0,2,5,3,1,0,6,1,3,2,4,1,0,1,3,3,0,3,11,5,11,10,9,5,2,5,12,8,3,0,8,3,6,5,5,3,1,2,5,5,1,1,0.03559510567297,0.0121113649627918,0.00667408231368187,0.00532242938356324,0.00603196239548923,3.37356860783238e-05,0.00333704115684093,0.00376984232106918,0.00253589567930025,2.19123196254995e-05,0.0108446402285157,0.000903036313727483
MY,MYS,Malaysia,2021-08-11,2021-08-11,902,20928138.1991507,731,1309,635,3075,0,33,902,268,103,772,736,137,283,444,5,91582.2714062207,5,0,3,2,4,77840.9693198609,643,884,50935.2076824134,11,8,2,5,2,20,17,2,9,7,28,24,3,11,12,162,136,0,0,0,26,22,4,15,7,13,26,6,15,10,20,3,9,3,7,6,3,3,4,1,8,4,2,3,7,3,6,6,3,2,4,1,8,4,2,5,13,3,11,9,6,6,4,2,14,7,5,4,10,3,9,8,5,3,4,1,11,5,3,1,0.0365853658536585,0.012251947942864,0.00554323725055432,0.00484528701966772,0.00437603529443135,2.82794443908105e-05,0.00443458980044346,0.00433617148048719,0.00371944071561128,2.60802915554084e-05,0.0126238809903196,0.000969564723297156
MY,MYS,Malaysia,2021-08-12,2021-08-12,931,21036272.35699,756,1120,517,3003,0,43,931,278,90,809,728,171,279,442,12,250696.988055733,6,4,4,2,8,167664.605082344,518,914,52663.7780788754,13,6,4,6,0,27,18,6,8,9,30,21,6,10,10,169,135,0,0,0,33,24,9,14,10,14,28,12,17,11,24,5,9,2,7,5,7,5,2,6,8,4,7,2,5,0,4,3,4,2,0,3,4,1,3,7,17,4,11,10,12,10,3,7,14,9,10,2,7,1,6,6,6,4,0,3,7,3,4,1,0.046186895810956,0.0134823091163737,0.0128893662728249,0.00724555985150774,0.0119173674784844,4.6371430874486e-05,0.00859291084854995,0.00592883567572341,0.0079702621375613,3.79981407190131e-05,0.00983598250820863,0.000842858224403949
MY,MYS,Malaysia,2021-08-13,2021-08-13,849,20641510.1403372,682,961.5,532,2856,0,27,849,258,74,743,676,140,248,421,7,220082.695846409,5,1,1,4,5,170647.386774342,535,826,47593.3049159203,11,7,2,3,4,21,19,1,8,11,22,17,3,8,9,155,133,0,0,0,19,15,4,8,7,9,18,7,9,9,17,4,6,1,3,3,4,3,1,1,4,3,3,4,5,1,3,3,4,3,1,1,3,3,3,6,10,3,8,6,8,6,2,3,11,5,6,4,7,1,5,3,4,3,1,1,6,3,3,1,0.0318021201413428,0.0118033244858956,0.00824499411071849,0.00608263310679488,0.0106621412072137,4.43069532106355e-05,0.00588928150765607,0.00514686504845068,0.00826719487160321,3.90619378280403e-05,0.0112410768898093,0.000947162131861622
MY,MYS,Malaysia,2021-08-14,2021-08-14,857,20801130.9706134,698,1119.1,508,2928,0,38,857,264,74,754,693,127,232,454,4,108367.650078842,3,0,3,0,4,108367.650078842,512,837,48227.1140612897,11,10,0,7,3,18,13,2,8,5,20,14,3,5,9,160,125,0,0,0,27,20,5,9,11,14,29,5,15,14,25,2,5,1,2,6,7,2,3,0,6,3,2,2,5,1,1,6,4,2,2,0,6,1,2,6,15,3,8,11,11,7,7,4,13,10,7,5,13,2,6,10,7,7,5,3,12,7,6,1,0.044340723453909,0.0137819480113498,0.00466744457409568,0.00456332467486347,0.00520969990679534,3.09368962933472e-05,0.00466744457409568,0.00456332467486347,0.00520969990679534,3.09368962933472e-05,0.0106164345506829,0.000914690446847345
MY,MYS,Malaysia,2021-08-15,2021-08-15,847,20722085.7702083,708,1151,460,2764,0,31,847,248,72,754,692,131,251,439,11,343149.476891753,9,1,5,4,5,96430.9677921164,463,832,47939.0189952127,8,5,3,2,3,19,13,4,7,6,18,11,5,4,7,163,131,0,0,0,28,19,7,9,10,16,21,7,9,12,19,6,7,4,5,9,7,8,1,3,6,8,5,5,5,1,2,7,3,5,0,1,3,6,3,8,8,5,6,10,8,9,2,4,9,10,7,7,6,2,3,8,4,6,1,2,5,8,5,1,0.0365997638724911,0.0126458754998727,0.012987012987013,0.00762469466520781,0.0165596012243657,5.49452706551292e-05,0.00590318772136954,0.00515898212883547,0.00465353579082049,2.93028610544052e-05,0.00965810335097255,0.000875471515071797
MY,MYS,Malaysia,2021-08-16,2021-08-16,825,20731186.4945199,681,973.1,488,2824,0,42,825,246,91,712,646,146,209,433,10,231955.593015226,6,2,3,3,3,53113.2011526521,489,806,46440.9246516123,11,8,2,4,4,20,13,5,2,11,21,17,3,7,10,153,129,0,0,0,37,29,6,12,17,20,31,9,12,19,25,5,9,3,6,9,5,9,6,4,6,6,6,3,6,2,4,8,4,5,4,1,5,4,5,7,14,4,9,12,8,13,8,6,9,9,8,4,8,2,6,10,6,7,5,2,6,6,6,1,0.0509090909090909,0.0149993588140132,0.0121212121212121,0.00746699692645603,0.0111887273348557,4.52775648602782e-05,0.00363636363636364,0.00410736884243877,0.00256199524164678,2.17604627712876e-05,0.0105295061127303,0.000928331498727867
MY,MYS,Malaysia,2021-08-17,2021-08-17,838,20520929.0395689,674,1341.5,807,2805,0,24,838,251,82,727,701,105,213,480,11,199689.327048387,9,1,3,6,6,122509.81190828,811,821,47305.2098498433,9,5,2,4,1,24,17,4,6,11,24,17,5,2,15,157,134,0,0,0,15,10,5,7,3,11,15,6,8,7,20,4,6,4,1,5,4,3,4,1,6,5,3,4,6,3,1,4,3,2,3,1,4,4,3,7,13,6,5,9,7,9,7,4,9,10,6,6,11,4,4,6,5,6,5,3,5,7,5,1,0.0286396181384248,0.0112927544875598,0.013126491646778,0.00770603825117635,0.0097310081168032,4.2472232453239e-05,0.00715990453460621,0.00570846511539649,0.00596999344776514,3.33300723375849e-05,0.0171439890568985,0.00116975387831179
MY,MYS,Malaysia,2021-08-18,2021-08-18,853,20742738.6922337,681,1183,371,2901,0,37,853,291,73,752,693,119,187,500,8,401927.78226411,7,1,2,5,4,110913.647662628,373,828,47708.5429423511,11,10,1,8,2,27,23,3,9,14,24,22,1,9,13,153,129,0,0,0,26,24,1,15,8,14,31,4,20,10,25,1,8,1,3,7,3,5,0,2,6,3,0,1,8,1,2,7,3,5,0,2,6,2,0,3,15,5,8,11,7,10,2,4,12,7,3,3,11,4,7,10,7,10,2,4,11,5,3,1,0.0433763188745604,0.0136700620435117,0.00937866354044549,0.00646841524849738,0.0193767943677851,5.93208125530067e-05,0.00468933177022274,0.00458467320930992,0.00534710721222916,3.13841422714962e-05,0.0078183062612228,0.000790318155391772
MY,MYS,Malaysia,2021-08-19,2021-08-19,833,20641102.2786502,643,1346,479,2762,0,33,833,275,75,731,700,102,212,482,6,183201.457183877,5,0,3,2,3,56474.8844247572,482,811,46729.0197176893,10,4,5,2,2,25,19,4,5,14,35,25,8,10,15,149,122,0,0,0,27,20,6,9,11,10,24,7,10,14,16,3,5,0,3,3,3,3,2,1,3,3,2,1,4,0,2,1,1,2,1,1,1,1,2,6,9,4,5,7,5,4,2,3,8,5,5,3,7,2,3,3,2,3,1,2,4,2,3,1,0.0396158463385354,0.0132459329499141,0.00720288115246098,0.0057426053190794,0.00887556559289805,4.0461665794359e-05,0.00360144057623049,0.00406799361370823,0.00273604014273846,2.25345008550346e-05,0.0103147894587127,0.000916080164936201
MY,MYS,Malaysia,2021-08-20,2021-08-20,796,21013358.4597153,623,912,356,2520,0,29,796,241,66,710,661,115,195,454,8,462019.575186565,6,1,4,2,3,320789.549336884,358,778,44827.5922815811,7,5,2,1,4,15,10,3,4,6,22,15,5,5,10,140,119,0,0,0,23,20,3,8,12,11,23,5,11,12,17,2,5,1,2,4,5,4,3,1,4,5,3,2,5,1,2,3,4,3,2,0,3,4,2,4,8,1,4,6,6,7,3,1,8,6,5,4,8,1,3,5,5,6,2,0,4,5,3,1,0.0364321608040201,0.0130159289824849,0.0100502512562814,0.00692925576227333,0.0219869458788467,6.26982091130578e-05,0.00376884422110553,0.00425672614050363,0.015265981873001,5.24230395461153e-05,0.00798615276393277,0.000823954174261291
MY,MYS,Malaysia,2021-08-21,2021-08-21,822,20797832.8428756,661,821,387,2673,0,24,822,250,69,728,705,90,181,512,7,192466.176825898,6,1,2,4,4,77156.4514771544,390,799,46037.5915591045,10,8,2,3,5,22,18,3,7,11,23,18,4,7,11,158,144,0,0,0,18,16,2,8,8,10,20,4,11,9,16,3,7,4,3,6,4,4,3,1,7,4,4,3,6,3,3,5,4,3,3,1,7,3,3,3,10,6,7,10,8,7,7,1,12,7,6,3,7,5,5,7,6,4,5,1,10,4,4,1,0.0291970802919708,0.0115092607986134,0.00851581508515815,0.00628156978736618,0.00925414576989585,4.11517538594515e-05,0.0048661800486618,0.0047571518251602,0.00370983131079375,2.61281735971795e-05,0.00847133802599787,0.000837183066438694
MY,MYS,Malaysia,2021-08-22,2021-08-22,919,21552697.574109,745,1476,495,3167,0,42,919,283,85,791,756,113,190,557,12,253506.097619132,5,3,2,3,7,116730.326381806,503,888,51165.683735275,16,11,2,4,7,26,20,3,7,13,23,20,2,7,13,162,131,0,0,0,29,21,6,9,11,18,28,8,11,16,31,1,12,1,5,5,4,6,4,1,7,5,5,0,9,1,4,4,4,5,3,0,4,3,3,7,22,5,7,7,6,12,6,4,13,10,10,2,15,2,5,4,5,8,4,0,7,5,5,1,0.0457018498367791,0.0135020361313414,0.0130576713819369,0.00733954420464955,0.011762151663264,4.55167665135499e-05,0.00761697497279652,0.00562109937359546,0.00541604251534775,3.09855372651773e-05,0.00983080774611476,0.000854885609123659
MY,MYS,Malaysia,2021-08-23,2021-08-23,862,20050497.4622001,701,1120,413,2899,0,35,862,276,85,752,714,117,190,519,9,236606.531472982,7,2,4,3,7,155405.894842705,415,842,48515.2091273667,8,5,3,2,3,27,17,8,5,12,29,18,9,3,15,164,137,0,0,0,24,18,6,9,9,13,25,10,11,14,24,1,7,4,5,5,6,3,3,3,3,5,5,1,5,1,2,4,3,1,0,2,2,2,2,6,15,7,8,8,12,7,8,5,9,10,9,4,10,3,3,5,7,3,3,3,6,4,4,1,0.0406032482598608,0.0131757082366104,0.0104408352668213,0.00678551730779822,0.0118005317284043,4.7267062309472e-05,0.00812064965197216,0.00599127521320934,0.00775072514463454,3.83854890564839e-05,0.00855401857406207,0.00081946188809318
MY,MYS,Malaysia,2021-08-24,2021-08-24,863,20834603.1733958,679,1330,511,2967.2,0,39,863,282,84,742,716,104,166,543,9,195606.804634235,6,1,2,4,6,168380.123266458,515,844,48630.4471537975,16,12,1,5,7,30,23,2,6,16,38,28,3,9,18,167,137,0,0,0,32,27,5,10,17,21,31,5,11,20,28,5,14,4,10,5,9,7,2,3,10,10,7,5,13,4,7,5,8,7,2,3,8,10,6,9,19,5,15,9,15,11,5,7,16,15,13,8,15,4,10,8,11,9,4,5,11,13,10,1,0.0451911935110081,0.0138588695476323,0.0104287369640788,0.0067776960309591,0.00938855436824492,4.14101218144577e-05,0.00695249130938586,0.00554367719459278,0.00808175331515152,3.84455615872304e-05,0.0105900733006068,0.000909769921626308
MY,MYS,Malaysia,2021-08-25,2021-08-25,877,20518953.0366908,690,1016.5,423,2855,0,29,877,257,82,762,770,74,198,566,8,263888.883669246,4,1,2,2,3,105941.319624627,425,851,49033.7802463052,9,7,2,5,2,25,15,6,8,7,23,15,6,6,9,167,144,0,0,0,22,16,6,6,10,14,20,7,8,12,21,3,9,1,1,8,8,7,3,2,7,7,6,3,6,1,0,6,5,5,1,2,5,5,4,6,15,2,5,11,11,11,3,4,10,9,9,3,9,1,2,8,6,7,1,2,8,5,5,1,0.0330672748004561,0.0118343831544074,0.00912200684150513,0.00629221541999336,0.012860738225648,4.87520244065414e-05,0.00342075256556442,0.00386424847893229,0.00516309576980797,3.10099828733954e-05,0.00866749407990065,0.000820458942997331
MY,MYS,Malaysia,2021-08-26,2021-08-26,793,20900109.6063785,629,941.5,483,2391.2,0,34,793,244,75,695,688,77,167,517,11,400719.721442608,9,2,5,4,7,222821.719339501,490,775,44654.7352419349,10,6,3,2,4,24,20,3,7,13,23,21,2,5,16,140,124,0,0,0,25,18,7,6,12,10,24,9,8,16,19,0,6,2,3,1,2,4,2,1,2,3,5,0,4,2,2,0,1,3,2,1,2,3,5,5,14,3,9,7,6,8,4,6,9,8,10,4,9,3,6,4,4,6,4,5,6,7,9,1,0.042875157629256,0.0140993358773079,0.0138713745271122,0.00814025536415868,0.0191730918636097,5.87917072242341e-05,0.00882723833543506,0.0065102640437323,0.010661270373027,4.40302136898034e-05,0.0109730803988699,0.000966234785510252
MY,MYS,Malaysia,2021-08-27,2021-08-27,744,20546171.7451864,578,918,612,2433,0,39,744,233,78,646,642,72,147,487,15,382306.675671148,13,1,4,8,7,188226.361531404,616,726,41831.4035943803,11,9,0,2,6,30,27,2,7,20,40,35,2,9,25,148,129,0,0,0,29,23,6,12,10,20,29,8,13,15,30,4,11,5,9,7,8,7,5,3,6,8,4,4,10,5,9,7,8,7,5,3,5,8,4,10,19,6,14,15,14,12,7,7,13,12,5,8,15,5,12,11,12,11,6,5,10,11,4,1,0.0524193548387097,0.0160145798677009,0.0201612903225806,0.0100994583240504,0.0186071975067918,5.84311658957866e-05,0.00940860215053763,0.00693699612076543,0.0091611402778964,4.1196366772851e-05,0.0147257788902583,0.00115428903489515
MY,MYS,Malaysia,2021-08-28,2021-08-28,821,20563509.6998445,666,1432,371,2819,0,30,821,269,82,726,704,96,161,538,7,334103.073066072,3,4,0,3,4,276861.692600511,374,806,46440.9246516123,11,8,2,4,4,17,11,6,4,7,19,14,4,2,12,147,124,0,0,0,24,20,4,7,13,17,23,5,8,15,23,1,6,1,3,6,4,4,2,1,9,4,3,1,5,1,3,6,4,4,2,1,7,4,3,3,9,2,4,10,6,5,2,1,15,5,5,1,7,1,3,7,4,4,2,1,10,4,3,1,0.0365408038976857,0.0128345966412325,0.00852618757612668,0.00628918801001244,0.0162473759558953,5.46429374462776e-05,0.0048721071863581,0.00476293197919513,0.0134637373017411,4.98125543101588e-05,0.00805324189399007,0.000812881454118661
MY,MYS,Malaysia,2021-08-29,2021-08-29,835,21466722.8767528,653,1212.5,654,2609,0,38,835,247,82,724,716,74,122,589,11,352930.608009517,9,1,2,7,7,228748.28333978,655,810,46671.4007044739,11,10,0,3,7,27,21,1,6,15,25,18,2,7,11,174,152,0,0,0,31,25,5,5,20,13,30,5,6,24,20,3,9,1,2,6,3,4,2,1,5,5,0,3,8,0,2,6,2,3,2,1,5,4,0,7,15,2,7,11,6,9,5,2,11,8,5,6,13,1,6,9,5,7,4,2,9,7,4,1,0.0455089820359282,0.0141364166475746,0.0131736526946108,0.00773353982300793,0.0164408237827358,5.37931839787385e-05,0.00838323353293413,0.00618418632660302,0.0106559480295663,4.34345110066648e-05,0.0140342905958083,0.0010672073592034
MY,MYS,Malaysia,2021-08-30,2021-08-30,732,20401698.2928478,608,1098.1,492.3,2634.3,0,27,732,215,76,635,656,52,122,529,6,187300.497220196,5,0,0,5,4,97671.0403576255,496.3,714,41139.9754357955,8,6,1,3,3,20,16,3,2,14,24,18,4,3,15,140,126,0,0,0,24,20,2,6,14,15,23,2,7,16,18,5,9,4,7,7,10,9,5,5,9,7,8,4,8,2,6,6,8,7,3,4,7,7,6,6,9,4,8,9,11,9,5,5,12,8,9,5,8,2,7,8,9,7,3,4,10,8,7,1,0.0368852459016393,0.0136539374824547,0.00819672131147541,0.00653168760018269,0.0091806326381102,4.13855259585529e-05,0.00546448087431694,0.00534044140964131,0.00478739754679471,2.99517781661995e-05,0.0120636921812106,0.00105492278793443
MY,MYS,Malaysia,2021-08-31,2021-08-31,784,21130882.8269521,630,1071,474,2628,0,38,784,238,71,692,677,75,146,523,15,495034.645024731,11,1,3,8,8,212836.131420947,481,763,43963.3070833501,17,10,4,4,6,34,27,4,9,18,28,22,4,8,14,152,130,0,0,0,27,19,7,8,11,21,27,7,13,14,32,7,15,3,7,11,7,9,2,4,11,7,5,6,10,1,4,8,3,6,1,2,7,5,3,12,25,8,13,20,13,15,6,9,18,15,8,8,17,4,8,15,7,10,5,6,11,10,6,1,0.048469387755102,0.0150326383346464,0.0191326530612245,0.00958920926713302,0.0234270687637017,6.44912192147444e-05,0.0102040816326531,0.00703476916194486,0.0100722782462017,4.25750209745481e-05,0.0109409421608814,0.000972392022589393
MY,MYS,Malaysia,2021-09-01,2021-09-01,693,21602459.05561,545,1285,609,2216,0,37,693,205,84,589,619,47,117,498,8,315143.654984118,7,1,3,4,3,168302.606961206,612,669,38547.1198411025,14,12,1,8,4,16,14,1,6,8,26,23,2,10,13,157,145,0,0,0,28,24,3,9,15,16,30,5,13,17,25,5,10,3,5,6,8,5,3,6,7,7,3,5,10,3,5,6,8,5,3,6,7,6,3,6,13,5,12,12,16,9,5,10,15,11,8,5,11,5,10,10,13,7,4,9,13,9,7,1,0.0533910533910534,0.016737902002974,0.0115440115440115,0.00795313800190977,0.0145883232169477,5.05601130399426e-05,0.00432900432900433,0.00488802492542547,0.00779090040295665,3.70759190056213e-05,0.0158766725639364,0.00124783347263877
MY,MYS,Malaysia,2021-09-02,2021-09-02,730,19733753.7808368,573,1046,436,2210,0,27,730,221,81,625,644,56,122,518,7,185121.201197136,5,1,1,4,3,81733.3069523621,439,714,41139.9754357955,11,9,2,4,5,25,21,3,5,16,19,15,3,4,11,145,130,0,0,0,23,20,1,5,15,13,23,2,6,17,17,4,12,2,4,7,4,4,3,0,10,5,3,3,10,2,4,6,3,3,3,0,9,4,3,7,15,3,5,9,8,6,4,1,12,8,4,5,12,2,5,8,6,4,4,1,10,6,3,1,0.036986301369863,0.0136906272246554,0.00958904109589041,0.00706939046011047,0.00938094207787802,4.25323917235716e-05,0.00410958904109589,0.0046407869757918,0.00414180230786766,2.83358779140873e-05,0.0106708862936761,0.000992857036096952
MY,MYS,Malaysia,2021-09-03,2021-09-03,752,20557327.0600113,593,1064.6,466,2537,0,33,752,204,77,646,665,58,117,540,10,306623.607759485,8,1,1,7,3,107541.495180905,469,733,42234.7366868881,9,6,1,0,6,18,15,1,1,14,17,15,1,1,14,144,124,0,0,0,21,16,3,1,14,9,26,3,4,21,21,4,6,0,3,7,4,2,1,0,5,6,4,3,5,0,3,5,3,1,1,0,3,5,2,6,14,3,8,12,10,3,4,2,11,11,6,4,11,2,6,9,8,1,3,1,7,9,3,1,0.0438829787234043,0.0146400562463572,0.0132978723404255,0.00818697157955599,0.0149155387207872,5.23987557609224e-05,0.00398936170212766,0.00450529119426938,0.00523129757419183,3.11839077660886e-05,0.0111046033855256,0.000999401274799141
MY,MYS,Malaysia,2021-09-04,2021-09-04,750,20185703.5894772,585,1122.32,441,2407,0,21,750,240,88,642,687,41,118,562,7,208734.507817925,5,2,0,5,2,31743.4660968647,443,738,42522.8317529651,8,7,1,2,5,23,19,3,4,15,18,15,1,2,13,133,124,0,0,0,18,14,4,4,10,12,17,4,6,11,15,2,7,1,5,5,3,5,3,1,5,4,4,2,5,1,5,5,3,4,3,1,3,4,3,2,10,1,5,7,3,6,3,1,7,4,4,2,8,1,5,7,3,5,3,1,5,4,3,1,0.028,0.01180672933904,0.00933333333333333,0.00688176158781588,0.0103407100422667,4.41310416324514e-05,0.00266666666666667,0.00369081258406419,0.00157257169442499,1.72858055765027e-05,0.0104179327137382,0.000965058598013278
MY,MYS,Malaysia,2021-09-05,2021-09-05,824,21324711.3958581,662,949.3,294,2751,0,32,824,251,87,710,746,47,140,598,9,246028.687348043,8,1,4,4,5,127295.385675708,298,806,46440.9246516123,8,7,0,2,5,24,21,1,8,13,28,24,1,9,15,186,167,0,0,0,27,26,1,7,19,17,30,1,8,22,22,4,10,2,4,10,8,6,3,2,8,7,4,4,10,2,4,10,8,6,3,2,8,7,4,5,13,3,5,12,8,7,4,2,11,8,4,4,13,3,4,12,8,7,3,2,10,8,4,1,0.0388349514563107,0.0131915204004538,0.0109223300970874,0.00709671447712871,0.0115372575403683,4.53250149191354e-05,0.00606796116504854,0.00530254333562055,0.0059693837498046,3.26942319838186e-05,0.00641675423638781,0.000726202090544237
MY,MYS,Malaysia,2021-09-06,2021-09-06,754,20267529.4670946,617,1561.31,513,2664,0,36,754,245,87,644,686,41,136,544,9,216670.5306011,5,2,0,5,4,101596.241537629,518,742,42753.3078058267,14,11,2,3,8,19,14,3,3,11,20,16,3,3,13,157,145,0,0,0,26,25,0,7,18,17,32,1,8,24,27,1,8,0,4,5,4,6,3,1,4,2,3,1,8,0,4,5,4,6,3,1,4,2,3,7,16,3,9,12,11,14,6,4,12,7,8,5,13,2,7,10,9,11,5,2,10,6,7,1,0.0477453580901857,0.0152196457757867,0.0119363395225464,0.00775158410146197,0.0106905250071488,4.47727000472635e-05,0.00530503978779841,0.00518503508676882,0.00501275903916042,3.07464411892645e-05,0.0121160215801923,0.00103704170101165
MY,MYS,Malaysia,2021-09-07,2021-09-07,712,21031310.2122341,567,1185,328,2180,0,31,712,195,80,618,648,43,124,519,13,314207.965073775,11,1,5,6,7,180079.969894683,331,701,40390.9282639953,11,8,2,6,2,27,21,5,7,14,27,21,5,9,12,149,137,0,0,0,23,19,3,8,11,11,24,5,10,14,19,4,6,3,3,6,5,3,3,2,7,5,3,4,5,2,2,5,5,2,3,2,7,4,3,9,12,7,8,11,11,8,7,3,12,8,6,7,8,5,5,8,9,5,6,3,9,6,4,1,0.0435393258426966,0.0149893397486011,0.0182584269662921,0.00983418478811332,0.014940009058066,5.18467689726465e-05,0.0098314606741573,0.00724722390321796,0.0085624703395763,3.93774096511297e-05,0.00819490945681126,0.000879207572963696
MY,MYS,Malaysia,2021-09-08,2021-09-08,716,20478394.9494556,585,1230.6,531,2643,0,37,716,229,69,619,635,56,93,533,16,488669.774199667,13,1,3,10,6,191655.773325752,534,704,40563.7853036415,12,9,2,2,7,30,28,1,5,23,32,29,2,5,24,154,139,0,0,0,27,21,6,3,17,15,28,7,5,22,25,4,12,2,3,6,4,6,2,1,7,4,6,3,11,1,3,6,4,4,1,1,6,3,4,10,21,7,9,13,10,12,6,2,14,10,10,8,18,6,8,11,8,8,5,2,11,8,8,1,0.0516759776536313,0.0162149011978028,0.0223463687150838,0.0108264872529242,0.0238626989764478,6.61021171423157e-05,0.00837988826815642,0.00667703045477504,0.00935892553097027,4.17033838067366e-05,0.0131644518873849,0.00110918154964179
MY,MYS,Malaysia,2021-09-09,2021-09-09,654,20915085.7294373,505,1052.3,293,2188,0,24,654,203,57,576,600,34,110,484,6,189789.895101652,5,1,2,3,4,122413.978676892,295,639,36818.5494446405,9,7,1,3,4,12,11,1,4,7,15,13,1,2,11,127,117,0,0,0,19,15,4,3,12,11,20,4,5,15,16,3,7,1,5,5,6,3,2,1,4,4,4,2,6,0,4,5,5,3,1,1,3,3,3,4,11,2,8,6,6,4,3,1,8,5,4,3,10,1,7,6,5,4,2,1,7,4,3,1,0.036697247706422,0.014409780457982,0.0091743119266055,0.0073070923582604,0.00907430634312576,4.06392355050251e-05,0.00611620795107034,0.00597541595706736,0.00585290350995781,3.2691080341969e-05,0.0080122656772113,0.00091063759465298
MY,MYS,Malaysia,2021-09-10,2021-09-10,692,20750632.9075671,549,765.5,418,2211,0,24,692,203,76,590,617,47,95,515,7,185002.469635162,6,0,2,4,3,77698.1680190951,421,671,38662.3578675333,7,7,0,2,5,20,16,3,3,13,20,15,3,4,11,161,148,0,0,0,17,13,2,3,10,10,19,2,4,15,17,2,6,1,2,6,4,2,3,2,5,5,3,2,5,1,2,5,4,1,3,2,4,5,3,5,11,2,6,12,9,7,5,4,8,11,5,4,10,1,5,10,8,5,4,3,7,10,4,1,0.0346820809248555,0.0136327289940981,0.0101156069364162,0.00745561125183467,0.0089155097321247,4.0444628106423e-05,0.00433526011560694,0.00489507316735014,0.00374437581567746,2.62789208050996e-05,0.0108891444604193,0.00103448282966068
MY,MYS,Malaysia,2021-09-11,2021-09-11,657,20656953.5365237,527,936,300,2246,0,34,657,204,83,560,607,30,94,505,9,357580.563521664,8,1,2,6,5,237458.957673069,301,648,37337.1205635791,10,8,1,4,4,23,19,3,6,13,27,23,3,7,16,145,131,0,0,0,29,23,6,9,14,16,26,7,12,14,21,5,12,3,7,8,11,8,2,4,6,8,5,4,10,3,6,7,9,6,2,3,5,7,4,6,16,4,9,10,12,12,2,5,10,9,6,5,12,3,8,8,9,9,2,3,7,8,5,1,0.0517503805175038,0.0169388342559434,0.0136986301369863,0.00888809717837758,0.0173104210593989,5.62440966501079e-05,0.0076103500761035,0.00664521193973624,0.0114953522673716,4.59690421728707e-05,0.00806168219339372,0.00090705338877097
MY,MYS,Malaysia,2021-09-12,2021-09-12,671,20311020.4792933,531,695.5,486,2248.2,0,25,671,182,70,582,624,23,109,505,4,110599.505926373,3,0,1,2,4,110599.505926373,489,659,37970.9297089485,10,9,1,4,5,18,16,1,4,12,21,20,0,3,17,127,117,0,0,0,23,21,2,9,12,19,23,2,9,14,21,2,9,5,5,11,9,5,4,3,11,5,4,2,9,3,4,11,8,5,3,3,10,5,3,2,10,6,7,13,11,7,6,4,12,7,4,2,10,4,6,13,10,7,5,4,11,7,3,1,0.03725782414307,0.0143301446455843,0.00596125186289121,0.00582448087251092,0.00544529537740986,3.20042223089155e-05,0.00596125186289121,0.00582448087251092,0.00544529537740986,3.20042223089155e-05,0.0128782730301376,0.00113406160001596
MY,MYS,Malaysia,2021-09-13,2021-09-13,705,21012016.4297139,548,1266,372,2156,0,27,705,219,73,608,638,31,97,533,6,171349.566849078,3,1,1,1,4,138212.666986992,375,685,39469.0240525489,8,7,1,2,5,19,15,2,6,9,20,14,3,4,10,133,119,0,0,0,22,19,2,4,15,12,22,4,5,17,17,0,7,1,3,7,4,5,1,2,5,7,2,0,7,1,2,7,4,5,1,2,5,7,2,2,9,3,7,11,7,6,3,5,8,10,5,1,8,1,4,9,5,5,2,3,7,8,4,1,0.0382978723404255,0.014166453634366,0.00851063829787234,0.00678076398890613,0.00815483689641354,3.84542021170628e-05,0.00567375886524823,0.00554438551429171,0.00657779168645328,3.45637786535324e-05,0.00950112167710878,0.000957049346732514
MY,MYS,Malaysia,2021-09-14,2021-09-14,683,20975588.1808415,543,871,441.5,2204,0,32,683,189,74,588,628,27,76,545,6,264695.833512106,4,1,2,2,5,241724.778279597,444,665,38316.6437882409,9,7,2,2,5,17,14,1,3,11,19,15,2,2,13,138,127,0,0,0,25,22,2,5,17,16,27,3,6,21,23,5,9,4,6,2,7,6,3,2,8,7,5,4,8,3,5,2,6,5,2,1,7,6,4,6,13,6,11,4,11,7,5,5,13,10,6,4,11,3,8,4,8,5,2,2,11,7,4,1,0.0468521229868228,0.0158482939922043,0.00878477306002928,0.0069982103951604,0.0126192329497521,4.77694045247709e-05,0.00732064421669107,0.0063931792997455,0.0115241001203667,4.56748964134223e-05,0.011587653721808,0.00107157160086419
MY,MYS,Malaysia,2021-09-15,2021-09-15,607,20973728.8549056,476,711,244,1966,0,22,607,182,75,512,559,25,79,472,4,158642.394058022,4,0,1,3,4,158642.394058022,248,596,34340.9318763783,9,7,1,3,4,16,15,1,5,10,21,17,2,5,12,134,124,0,0,0,17,16,1,4,12,10,20,1,4,16,15,2,7,0,5,5,2,4,0,0,2,4,1,2,7,0,5,5,2,4,0,0,2,4,1,4,10,1,8,8,5,6,2,0,4,7,2,4,10,0,7,8,4,6,1,0,3,6,2,1,0.0362438220757825,0.0148680607818747,0.00658978583196046,0.00643655828301473,0.00756386216087258,3.70794560396226e-05,0.00658978583196046,0.00643655828301473,0.00756386216087258,3.70794560396226e-05,0.00722170268683329,0.000895546194516088
MY,MYS,Malaysia,2021-09-16,2021-09-16,594,20801569.6782414,475,741,468,2124,0,23,594,185,62,519,550,24,73,474,8,264429.038312026,7,0,3,4,6,226076.421474569,472,582,33534.2656913627,13,11,1,4,7,17,15,1,6,9,22,20,1,9,11,131,122,0,0,0,14,12,2,1,11,13,19,3,3,16,22,4,9,3,5,5,6,4,3,1,9,7,4,4,8,2,3,5,5,3,2,1,8,6,3,6,12,6,9,7,11,7,4,3,17,10,5,5,10,4,6,7,9,5,2,2,14,8,3,1,0.0387205387205387,0.0155149505486436,0.0134680134680135,0.00926962627661696,0.0127119752212075,4.81424835363118e-05,0.0101010101010101,0.0080414193713948,0.0108682385498555,4.45560509569003e-05,0.0140751553752248,0.00126081740306167
MY,MYS,Malaysia,2021-09-17,2021-09-17,569,19851502.2344596,451,921.2,200,1811,0,20,569,175,57,490,531,15,56,468,3,78332.1775649665,3,0,0,3,1,20568.8999592259,200,560,32266.6474006239,8,6,1,0,5,11,9,0,0,8,14,10,1,0,10,93,89,0,0,0,15,14,0,2,11,7,18,1,2,15,12,2,2,0,2,4,1,1,1,1,4,1,3,2,2,0,2,4,1,1,1,1,4,1,3,3,6,2,4,7,3,2,2,2,7,5,4,3,6,1,4,7,2,2,1,1,6,5,3,1,0.0351493848857645,0.0151314609531735,0.00527240773286468,0.00595043251830218,0.00394590679535537,2.7578222818694e-05,0.00175746924428823,0.00344154822310344,0.0010361382083982,1.41525642707084e-05,0.00619835080839954,0.000856365380460815
MY,MYS,Malaysia,2021-09-18,2021-09-18,626,21189062.1610494,494,670.3,407,2047,0,26,626,173,68,532,570,26,58,505,6,246039.705314335,3,2,1,2,4,182458.9682957,408,616,35493.3121406863,10,4,2,2,2,17,12,2,2,10,17,11,2,1,10,136,129,0,0,0,18,16,2,3,13,11,20,3,5,15,19,4,5,1,5,8,4,5,4,2,4,5,2,3,4,1,4,7,3,4,3,1,3,4,1,6,12,5,9,13,9,8,7,4,10,10,6,3,7,3,5,8,4,5,3,1,5,5,2,1,0.0415335463258786,0.0156296369561461,0.00958466453674121,0.00763234619276545,0.0116116373364846,4.56144840371421e-05,0.00638977635782748,0.00624182774347504,0.00861099783033831,3.93406029503332e-05,0.0114951233173955,0.00110897320340032
MY,MYS,Malaysia,2021-09-19,2021-09-19,572,20861294.163317,460,948,253,2086,0,21,572,158,61,487,514,24,55,451,7,406454.298227337,5,1,0,5,5,161543.747693679,253,552,31805.6952949007,6,5,0,0,5,15,11,3,1,10,15,10,2,2,8,126,114,0,0,0,18,17,0,6,11,11,18,0,6,12,14,3,9,2,5,5,6,5,1,3,3,5,3,3,9,2,5,5,5,5,1,3,3,4,3,4,10,3,6,6,7,7,2,4,6,5,4,3,10,2,5,6,5,6,1,3,4,4,4,1,0.0367132867132867,0.0154113078075364,0.0122377622377622,0.00901005188181973,0.0194836569124295,5.93116659410917e-05,0.00874125874125874,0.00762834944740204,0.00774370690662814,3.76152412807541e-05,0.00795455020411274,0.000976268422740332
MY,MYS,Malaysia,2021-09-20,2021-09-20,571,21625489.3398181,446,960,271,1863,0,23,571,157,58,494,517,28,47,463,5,221591.009217253,4,1,1,3,0,0,272,562,32381.8854270547,5,4,1,1,3,15,14,1,3,11,14,13,0,3,10,119,105,0,0,0,20,15,4,1,14,12,18,4,4,14,15,1,7,2,2,2,4,2,1,2,3,6,3,0,5,1,2,1,3,1,1,1,2,4,2,1,9,4,3,3,6,3,1,3,5,7,4,0,7,3,3,2,5,2,1,2,4,5,3,1,0.0402802101576182,0.0161267972490384,0.00875656742556918,0.00764165007036995,0.0102467512172891,4.24445255449409e-05,0,0,0,0,0.00839975796383824,0.00099402824118819
MY,MYS,Malaysia,2021-09-21,2021-09-21,599,21183798.899905,478,567,285,1991,0,24,599,167,67,518,546,34,52,488,5,196778.170758695,4,1,1,3,3,136284.038490833,285,589,33937.5987838705,5,4,1,0,4,14,13,1,4,9,18,15,3,4,11,126,117,0,0,0,24,20,1,5,14,15,20,1,5,14,15,2,8,4,3,5,7,6,3,3,5,6,2,2,6,3,2,3,5,6,2,2,4,5,2,2,8,4,3,5,7,6,3,3,5,6,2,2,6,3,2,3,5,6,2,2,4,5,2,1,0.0400667779632721,0.0157053420936469,0.00834724540901503,0.00728594824743361,0.00928908793406161,4.08513279657542e-05,0.00500834724540902,0.00565316439062099,0.00643340881089293,3.40459324570264e-05,0.00839776561138002,0.000970863465115726
MY,MYS,Malaysia,2021-09-22,2021-09-22,573,20140571.4657336,457,1247,454,1768,0,27,573,192,82,475,522,36,48,469,6,198541.457557335,5,1,2,3,3,64649.564690882,454,561,32324.2664138393,6,5,0,2,3,11,10,0,4,6,13,10,1,3,7,123,113,0,0,0,19,18,1,7,11,12,24,1,8,16,20,3,7,2,4,10,2,6,2,2,4,7,3,3,7,2,4,10,2,6,2,2,4,7,3,4,11,4,6,14,6,7,3,3,10,8,4,4,10,4,5,13,5,7,3,3,9,8,4,1,0.0471204188481675,0.0173497955528074,0.0104712041884817,0.00833457219230027,0.00985778670159014,4.3147008786824e-05,0.00523560209424084,0.00590900303801726,0.00320991709698378,2.47036405077223e-05,0.014045175664238,0.00128284991014789
MY,MYS,Malaysia,2021-09-23,2021-09-23,558,21045144.8200784,431,611,289.5,1618,0,22,558,161,72,467,513,25,47,463,5,188934.905289326,1,3,0,1,3,136696.71748306,290.5,544,31344.7431891775,11,4,4,0,4,13,9,2,1,8,18,12,4,1,11,114,101,0,0,0,14,11,2,0,11,10,14,4,0,14,18,2,4,1,5,5,6,3,1,0,3,3,3,1,3,0,4,4,5,2,0,0,2,2,2,6,8,5,10,10,11,6,4,3,11,7,6,1,4,1,6,7,6,4,2,0,5,3,3,1,0.039426523297491,0.0161469510191861,0.00896057347670251,0.00781887662563654,0.00897760062497031,4.02989757205962e-05,0.00537634408602151,0.00606741794270047,0.0064954039828057,3.43210175703736e-05,0.00926790174182387,0.00106080256279583
MY,MYS,Malaysia,2021-09-24,2021-09-24,504,21072083.7503869,388,605,519,1521,0,24,504,138,56,432,466,17,44,418,7,285799.252279871,4,0,0,4,4,115219.186484026,520,495,28521.4115416229,9,6,0,1,5,16,14,0,1,12,15,12,0,2,9,98,88,0,0,0,19,14,4,1,13,13,16,4,1,15,18,2,9,1,6,6,3,6,1,1,7,2,4,2,8,1,5,6,3,6,1,1,6,2,3,5,12,2,10,10,8,8,4,3,11,5,8,2,9,1,6,7,5,7,3,1,7,3,4,1,0.0476190476190476,0.01859210339355,0.0138888888888889,0.010217143679419,0.0135629326299836,4.93862264135643e-05,0.00793650793650794,0.00774670974731252,0.00546785917562187,3.14856324285373e-05,0.0182319167212722,0.00155268444532482
MY,MYS,Malaysia,2021-09-25,2021-09-25,540,20769605.725322,426,836,314,1700,0,17,540,154,64,462,493,24,41,445,3,168813.772072304,2,0,0,2,1,29760.7466819,316,531,30595.6960173773,4,4,0,0,4,9,9,0,0,9,9,8,0,0,8,113,103,0,0,0,13,12,1,1,10,10,15,1,1,13,14,0,6,0,1,4,0,2,1,0,3,3,0,0,6,0,1,4,0,2,1,0,3,3,0,1,9,1,2,5,2,4,1,0,6,3,1,1,8,1,2,5,2,4,1,0,6,3,1,1,0.0314814814814815,0.0147276263202305,0.00555555555555556,0.00626910034730847,0.00812792377018925,3.86146059842136e-05,0.00185185185185185,0.00362620067058785,0.00143289897148197,1.62678581611809e-05,0.0103282500852578,0.00113286166717353
MY,MYS,Malaysia,2021-09-26,2021-09-26,526,21595263.7771463,410,726,272,1553,0,19,526,138,43,462,487,18,33,449,4,185947.330639189,4,0,0,4,1,16845.9556318918,274,515,29673.7918059309,7,5,1,0,5,12,11,1,1,10,17,14,2,1,13,104,95,0,0,0,15,14,0,2,12,7,18,0,2,16,11,1,4,2,2,4,4,2,2,0,3,3,1,1,4,1,1,3,3,2,2,0,3,2,0,3,7,2,2,6,5,3,2,0,5,4,1,3,7,1,1,5,4,3,2,0,5,3,0,1,0.0361216730038023,0.0159459447474132,0.00760456273764259,0.00742394459290417,0.00861056074878661,3.8967872549636e-05,0.00190114068441065,0.00372262360183614,0.000780076400350313,1.17751906272427e-05,0.00923373735961966,0.00108826818245442
MY,MYS,Malaysia,2021-09-27,2021-09-27,588,20778985.4107489,479,1037.5,169,1943,0,26,588,147,71,501,538,29,32,495,3,137570.330741224,3,0,0,3,3,137570.330741224,171,578,33303.7896385011,8,6,2,0,6,19,18,1,1,17,17,15,2,1,14,142,132,0,0,0,22,22,0,3,17,9,25,1,3,20,13,1,6,1,3,2,4,2,1,0,4,3,1,1,6,1,3,2,4,2,1,0,4,3,1,4,8,2,6,4,6,4,2,1,7,6,3,3,8,2,5,4,6,4,2,1,6,5,3,1,0.0442176870748299,0.0166163998249327,0.00510204081632653,0.00575864971601463,0.00662064715970487,3.48693384640693e-05,0.00510204081632653,0.00575864971601463,0.00662064715970487,3.48693384640693e-05,0.00513455080806522,0.000767599469215818
MY,MYS,Malaysia,2021-09-28,2021-09-28,598,20702743.7623154,472,710,293,1733,0,24,598,144,81,508,553,25,37,507,6,386831.456192511,6,0,2,4,3,124203.63300344,298,590,33995.2177970859,4,4,0,2,2,13,13,0,2,11,14,14,0,2,12,126,111,0,0,0,19,15,0,5,10,10,19,0,5,14,15,3,4,4,3,4,5,3,2,4,3,7,3,3,4,4,3,4,5,3,2,4,3,6,3,4,8,4,5,7,5,4,2,5,6,8,4,4,7,4,5,7,5,3,2,5,6,7,4,1,0.040133779264214,0.015731056181613,0.0100334448160535,0.00798790320517836,0.0186850332803061,5.8329101516162e-05,0.00501672240802676,0.00566259401069734,0.0059993802961289,3.32644740664588e-05,0.00876593883818403,0.00099089241415839
MY,MYS,Malaysia,2021-09-29,2021-09-29,537,20203769.3164254,428,541,316,1858,0,22,537,139,81,441,489,28,32,450,5,145695.237638381,5,0,0,5,3,96945.8879588496,319,523,30134.7439116541,9,8,1,1,7,16,14,2,1,13,19,17,2,2,15,114,107,0,0,0,18,16,2,2,13,10,20,2,2,17,14,1,7,2,4,3,3,1,4,0,4,4,1,1,6,2,4,3,2,1,3,0,3,3,1,5,10,3,6,6,7,4,5,0,7,7,3,5,9,3,6,6,6,4,4,0,6,6,3,1,0.0409683426443203,0.0167649250966723,0.00931098696461825,0.00812320626083414,0.00721128990123307,3.68949378254886e-05,0.00558659217877095,0.00630402487762734,0.00479840600239054,3.01325522119942e-05,0.0105857876521271,0.00115548682945233
MY,MYS,Malaysia,2021-09-30,2021-09-30,509,21815449.8783702,399,559,151,1616,0,27,509,147,77,420,483,8,32,446,6,295371.578683826,6,0,2,4,1,49725.1420620773,152,497,28636.6495680537,5,5,0,2,3,8,8,0,2,6,8,8,0,1,7,110,103,0,0,0,23,19,2,2,17,15,23,2,4,19,19,1,8,0,6,3,3,2,1,2,4,1,2,1,7,0,6,3,3,2,1,2,4,1,2,5,12,1,7,7,6,5,2,3,7,4,3,5,11,1,7,7,6,5,2,3,7,4,3,1,0.0530451866404715,0.0194704871968698,0.0117878192534381,0.00937629008690621,0.0135395593641497,4.84962442718745e-05,0.00196463654223969,0.003846832474547,0.00227935441805301,2.00113511755203e-05,0.00530788350916468,0.000841573434627192
