"date","country","ISO3","ISO2","cases","deaths","cum_cases","cum_deaths","icu_patients","hosp_patients","weekly_icu_admissions","weekly_hosp_admissions","countrycode","population","cases_daily","cases_infected","cases_active","p_infected","p_daily","p_active"
2020-01-05,"Bolivia","BOL","BO",0,0,0,0,0,0,0,0,"BO",11513102,0,0,0,0,0,0
2020-01-06,"Bolivia","BOL","BO",0,0,0,0,0,0,0,0,"BO",11513102,0,0,0,0,0,0
2020-01-07,"Bolivia","BOL","BO",0,0,0,0,0,0,0,0,"BO",11513102,0,0,0,0,0,0
2020-01-08,"Bolivia","BOL","BO",0,0,0,0,0,0,0,0,"BO",11513102,0,0,0,0,0,0
2020-01-09,"Bolivia","BOL","BO",0,0,0,0,0,0,0,0,"BO",11513102,0,0,0,0,0,0
2020-01-10,"Bolivia","BOL","BO",0,0,0,0,0,0,0,0,"BO",11513102,0,0,0,0,0,0
2020-01-11,"Bolivia","BOL","BO",0,0,0,0,0,0,0,0,"BO",11513102,0,0,0,0,0,0
2020-01-12,"Bolivia","BOL","BO",0,0,0,0,0,0,0,0,"BO",11513102,0,0,0,0,0,0
2020-01-13,"Bolivia","BOL","BO",0,0,0,0,0,0,0,0,"BO",11513102,0,0,0,0,0,0
2020-01-14,"Bolivia","BOL","BO",0,0,0,0,0,0,0,0,"BO",11513102,0,0,0,0,0,0
2020-01-15,"Bolivia","BOL","BO",0,0,0,0,0,0,0,0,"BO",11513102,0,0,0,0,0,0
2020-01-16,"Bolivia","BOL","BO",0,0,0,0,0,0,0,0,"BO",11513102,0,0,0,0,0,0
2020-01-17,"Bolivia","BOL","BO",0,0,0,0,0,0,0,0,"BO",11513102,0,0,0,0,0,0
2020-01-18,"Bolivia","BOL","BO",0,0,0,0,NA,NA,NA,NA,"BO",11513102,0,0,0,0,0,0
2020-01-19,"Bolivia","BOL","BO",0,0,0,0,NA,NA,NA,NA,"BO",11513102,0,0,0,0,0,0
2020-01-20,"Bolivia","BOL","BO",0,0,0,0,NA,NA,NA,NA,"BO",11513102,0,0,0,0,0,0
2020-01-21,"Bolivia","BOL","BO",0,0,0,0,NA,NA,NA,NA,"BO",11513102,0,0,0,0,0,0
2020-01-22,"Bolivia","BOL","BO",0,0,0,0,NA,NA,NA,NA,"BO",11513102,0,0,0,0,0,0
2020-01-23,"Bolivia","BOL","BO",0,0,0,0,NA,NA,NA,NA,"BO",11513102,0,0,0,0,0,0
2020-01-24,"Bolivia","BOL","BO",0,0,0,0,NA,NA,NA,NA,"BO",11513102,0,0,0,0,0,0
2020-01-25,"Bolivia","BOL","BO",0,0,0,0,NA,NA,NA,NA,"BO",11513102,0,0,0,0,0,0
2020-01-26,"Bolivia","BOL","BO",0,0,0,0,NA,NA,NA,NA,"BO",11513102,0,0,0,0,0,0
2020-01-27,"Bolivia","BOL","BO",0,0,0,0,NA,NA,NA,NA,"BO",11513102,0,0,0,0,0,0
2020-01-28,"Bolivia","BOL","BO",0,0,0,0,NA,NA,NA,NA,"BO",11513102,0,0,0,0,0,0
2020-01-29,"Bolivia","BOL","BO",0,0,0,0,NA,NA,NA,NA,"BO",11513102,0,0,0,0,0,0
2020-01-30,"Bolivia","BOL","BO",0,0,0,0,NA,NA,NA,NA,"BO",11513102,0,0,0,0,0,0
2020-01-31,"Bolivia","BOL","BO",0,0,0,0,NA,NA,NA,NA,"BO",11513102,0,0,0,0,0,0
2020-02-01,"Bolivia","BOL","BO",0,0,0,0,NA,NA,NA,NA,"BO",11513102,0,0,0,0,0,0
2020-02-02,"Bolivia","BOL","BO",0,0,0,0,NA,NA,NA,NA,"BO",11513102,0,0,0,0,0,0
2020-02-03,"Bolivia","BOL","BO",0,0,0,0,NA,NA,NA,NA,"BO",11513102,0,0,0,0,0,0
2020-02-04,"Bolivia","BOL","BO",0,0,0,0,NA,NA,NA,NA,"BO",11513102,0,0,0,0,0,0
2020-02-05,"Bolivia","BOL","BO",0,0,0,0,NA,NA,NA,NA,"BO",11513102,0,0,0,0,0,0
2020-02-06,"Bolivia","BOL","BO",0,0,0,0,NA,NA,NA,NA,"BO",11513102,0,0,0,0,0,0
2020-02-07,"Bolivia","BOL","BO",0,0,0,0,NA,NA,NA,NA,"BO",11513102,0,0,0,0,0,0
2020-02-08,"Bolivia","BOL","BO",0,0,0,0,NA,NA,NA,NA,"BO",11513102,0,0,0,0,0,0
2020-02-09,"Bolivia","BOL","BO",0,0,0,0,NA,NA,NA,NA,"BO",11513102,0,0,0,0,0,0
2020-02-10,"Bolivia","BOL","BO",0,0,0,0,NA,NA,NA,NA,"BO",11513102,0,0,0,0,0,0
2020-02-11,"Bolivia","BOL","BO",0,0,0,0,NA,NA,NA,NA,"BO",11513102,0,0,0,0,0,0
2020-02-12,"Bolivia","BOL","BO",0,0,0,0,NA,NA,NA,NA,"BO",11513102,0,0,0,0,0,0
2020-02-13,"Bolivia","BOL","BO",0,0,0,0,NA,NA,NA,NA,"BO",11513102,0,0,0,0,0,0
2020-02-14,"Bolivia","BOL","BO",0,0,0,0,NA,NA,NA,NA,"BO",11513102,0,0,0,0,0,0
2020-02-15,"Bolivia","BOL","BO",0,0,0,0,NA,NA,NA,NA,"BO",11513102,0,0,0,0,0,0
2020-02-16,"Bolivia","BOL","BO",0,0,0,0,NA,NA,NA,NA,"BO",11513102,0,0,0,0,0,0
2020-02-17,"Bolivia","BOL","BO",0,0,0,0,NA,NA,NA,NA,"BO",11513102,0,0,0,0,0,0
2020-02-18,"Bolivia","BOL","BO",0,0,0,0,NA,NA,NA,NA,"BO",11513102,0,0,0,0,0,0
2020-02-19,"Bolivia","BOL","BO",0,0,0,0,NA,NA,NA,NA,"BO",11513102,0,0,0,0,0,0
2020-02-20,"Bolivia","BOL","BO",0,0,0,0,NA,NA,NA,NA,"BO",11513102,0,0,0,0,0,0
2020-02-21,"Bolivia","BOL","BO",0,0,0,0,NA,NA,NA,NA,"BO",11513102,0,0,0,0,0,0
2020-02-22,"Bolivia","BOL","BO",0,0,0,0,NA,NA,NA,NA,"BO",11513102,0,0,0,0,0,0
2020-02-23,"Bolivia","BOL","BO",0,0,0,0,NA,NA,NA,NA,"BO",11513102,0,0,0,0,0,0
2020-02-24,"Bolivia","BOL","BO",0,0,0,0,NA,NA,NA,NA,"BO",11513102,0,0,0,0,0,0
2020-02-25,"Bolivia","BOL","BO",0,0,0,0,NA,NA,NA,NA,"BO",11513102,0,0,0,0,0,0
2020-02-26,"Bolivia","BOL","BO",0,0,0,0,NA,NA,NA,NA,"BO",11513102,0,0,0,0,0,0
2020-02-27,"Bolivia","BOL","BO",0,0,0,0,NA,NA,NA,NA,"BO",11513102,0,0,0,0,0,0
2020-02-28,"Bolivia","BOL","BO",0,0,0,0,NA,NA,NA,NA,"BO",11513102,0,0,0,0,0,0
2020-02-29,"Bolivia","BOL","BO",0,0,0,0,NA,NA,NA,NA,"BO",11513102,0,0,0,0,0,0
2020-03-01,"Bolivia","BOL","BO",0,0,0,0,NA,NA,NA,NA,"BO",11513102,0,0,0,0,0,0
2020-03-02,"Bolivia","BOL","BO",0,0,0,0,NA,NA,NA,NA,"BO",11513102,0,0,0,0,0,0
2020-03-03,"Bolivia","BOL","BO",0,0,0,0,NA,NA,NA,NA,"BO",11513102,0,0,0,0,0,0
2020-03-04,"Bolivia","BOL","BO",0,0,0,0,NA,NA,NA,NA,"BO",11513102,0,0,0,0,0,0
2020-03-05,"Bolivia","BOL","BO",0,0,0,0,NA,NA,NA,NA,"BO",11513102,0,0,0,0,0,0
2020-03-06,"Bolivia","BOL","BO",0,0,0,0,NA,NA,NA,NA,"BO",11513102,0,0,0,0,0,0
2020-03-07,"Bolivia","BOL","BO",0,0,0,0,NA,NA,NA,NA,"BO",11513102,0,0,0,0,0,0
2020-03-08,"Bolivia","BOL","BO",0,0,0,0,NA,NA,NA,NA,"BO",11513102,0,0,0,0,0,0
2020-03-09,"Bolivia","BOL","BO",0,0,0,0,NA,NA,NA,NA,"BO",11513102,0,0,0,0,0,0
2020-03-10,"Bolivia","BOL","BO",0,0,0,0,NA,NA,NA,NA,"BO",11513102,0,0,0,0,0,0
2020-03-11,"Bolivia","BOL","BO",0,0,0,0,NA,NA,NA,NA,"BO",11513102,0,0,0,0,0,0
2020-03-12,"Bolivia","BOL","BO",0,0,0,0,NA,NA,NA,NA,"BO",11513102,0,0,0,0,0,0
2020-03-13,"Bolivia","BOL","BO",0,0,0,0,NA,NA,NA,NA,"BO",11513102,0,0,0,0,0,0
2020-03-14,"Bolivia","BOL","BO",0,0,0,0,NA,NA,NA,NA,"BO",11513102,0,0,0,0,0,0
2020-03-15,"Bolivia","BOL","BO",10,0,10,0,NA,NA,NA,NA,"BO",11513102,0.714285714285714,0.714285714285714,7.14285714285714,6.20411175272932e-08,6.20411175272932e-08,6.20411175272932e-07
2020-03-16,"Bolivia","BOL","BO",0,0,10,0,NA,NA,NA,NA,"BO",11513102,0.714285714285714,1.42857142857143,7.14285714285714,1.24082235054586e-07,6.20411175272932e-08,6.20411175272932e-07
2020-03-17,"Bolivia","BOL","BO",0,0,10,0,NA,NA,NA,NA,"BO",11513102,0.714285714285714,2.14285714285714,7.14285714285714,1.8612335258188e-07,6.20411175272932e-08,6.20411175272932e-07
2020-03-18,"Bolivia","BOL","BO",0,0,10,0,NA,NA,NA,NA,"BO",11513102,0.714285714285714,2.85714285714286,7.14285714285714,2.48164470109173e-07,6.20411175272932e-08,6.20411175272932e-07
2020-03-19,"Bolivia","BOL","BO",0,0,10,0,NA,NA,NA,NA,"BO",11513102,0.714285714285714,3.57142857142857,7.14285714285714,3.10205587636466e-07,6.20411175272932e-08,6.20411175272932e-07
2020-03-20,"Bolivia","BOL","BO",0,0,10,0,NA,NA,NA,NA,"BO",11513102,0.714285714285714,4.28571428571429,7.14285714285714,3.72246705163759e-07,6.20411175272932e-08,6.20411175272932e-07
2020-03-21,"Bolivia","BOL","BO",0,0,10,0,NA,NA,NA,NA,"BO",11513102,0.714285714285714,5,7.14285714285714,4.34287822691052e-07,6.20411175272932e-08,6.20411175272932e-07
2020-03-22,"Bolivia","BOL","BO",9,0,19,0,NA,NA,NA,NA,"BO",11513102,1.35714285714286,6.35714285714286,13.5714285714286,5.52165945992909e-07,1.17878123301857e-07,1.17878123301857e-06
2020-03-23,"Bolivia","BOL","BO",0,0,19,0,NA,NA,NA,NA,"BO",11513102,1.35714285714286,7.71428571428571,13.5714285714286,6.70044069294766e-07,1.17878123301857e-07,1.17878123301857e-06
2020-03-24,"Bolivia","BOL","BO",0,0,19,0,NA,NA,NA,NA,"BO",11513102,1.35714285714286,9.07142857142857,13.5714285714286,7.87922192596623e-07,1.17878123301857e-07,1.17878123301857e-06
2020-03-25,"Bolivia","BOL","BO",0,0,19,0,NA,NA,NA,NA,"BO",11513102,1.35714285714286,10.4285714285714,13.5714285714286,9.05800315898481e-07,1.17878123301857e-07,1.17878123301857e-06
2020-03-26,"Bolivia","BOL","BO",0,0,19,0,NA,NA,NA,NA,"BO",11513102,1.35714285714286,11.7857142857143,13.5714285714286,1.02367843920034e-06,1.17878123301857e-07,1.17878123301857e-06
2020-03-27,"Bolivia","BOL","BO",0,0,19,0,NA,NA,NA,NA,"BO",11513102,1.35714285714286,13.1428571428571,13.5714285714286,1.14155656250219e-06,1.17878123301857e-07,1.17878123301857e-06
2020-03-28,"Bolivia","BOL","BO",0,0,19,0,NA,NA,NA,NA,"BO",11513102,1.35714285714286,14.5,13.5714285714286,1.25943468580405e-06,1.17878123301857e-07,1.17878123301857e-06
2020-03-29,"Bolivia","BOL","BO",71,0,90,0,NA,NA,NA,NA,"BO",11513102,5.71428571428571,20.2142857142857,57.1428571428571,1.7557636260224e-06,4.96328940218346e-07,4.96328940218346e-06
2020-03-30,"Bolivia","BOL","BO",0,0,90,0,NA,NA,NA,NA,"BO",11513102,5.71428571428571,25.9285714285714,57.1428571428571,2.25209256624074e-06,4.96328940218346e-07,4.96328940218346e-06
2020-03-31,"Bolivia","BOL","BO",0,0,90,0,NA,NA,NA,NA,"BO",11513102,5.71428571428571,31.6428571428571,57.1428571428571,2.74842150645909e-06,4.96328940218346e-07,4.96328940218346e-06
2020-04-01,"Bolivia","BOL","BO",0,0,90,0,NA,NA,NA,NA,"BO",11513102,5.71428571428571,37.3571428571429,57.1428571428571,3.24475044667743e-06,4.96328940218346e-07,4.96328940218346e-06
2020-04-02,"Bolivia","BOL","BO",0,0,90,0,NA,NA,NA,NA,"BO",11513102,5.71428571428571,43.0714285714286,57.1428571428571,3.74107938689578e-06,4.96328940218346e-07,4.96328940218346e-06
2020-04-03,"Bolivia","BOL","BO",0,0,90,0,NA,NA,NA,NA,"BO",11513102,5.71428571428571,48.7857142857143,57.1428571428571,4.23740832711412e-06,4.96328940218346e-07,4.96328940218346e-06
2020-04-04,"Bolivia","BOL","BO",0,0,90,0,NA,NA,NA,NA,"BO",11513102,5.71428571428571,54.5,57.1428571428571,4.73373726733247e-06,4.96328940218346e-07,4.96328940218346e-06
2020-04-05,"Bolivia","BOL","BO",49,10,139,10,NA,NA,NA,NA,"BO",11513102,8.57142857142857,63.0714285714286,85.7142857142857,5.47823067765999e-06,7.44493410327518e-07,7.44493410327518e-06
2020-04-06,"Bolivia","BOL","BO",0,0,139,10,NA,NA,NA,NA,"BO",11513102,8.57142857142857,71.6428571428571,85.7142857142857,6.22272408798751e-06,7.44493410327518e-07,7.44493410327518e-06
2020-04-07,"Bolivia","BOL","BO",0,0,139,10,NA,NA,NA,NA,"BO",11513102,8.57142857142857,80.2142857142857,85.7142857142857,6.96721749831502e-06,7.44493410327518e-07,7.44493410327518e-06
2020-04-08,"Bolivia","BOL","BO",0,0,139,10,NA,NA,NA,NA,"BO",11513102,8.57142857142857,88.7857142857143,85.7142857142857,7.71171090864254e-06,7.44493410327518e-07,7.44493410327518e-06
2020-04-09,"Bolivia","BOL","BO",0,0,139,10,NA,NA,NA,NA,"BO",11513102,8.57142857142857,97.3571428571429,85.7142857142857,8.45620431897006e-06,7.44493410327518e-07,7.44493410327518e-06
2020-04-10,"Bolivia","BOL","BO",0,0,139,10,NA,NA,NA,NA,"BO",11513102,8.57142857142857,105.928571428571,85.7142857142857,9.20069772929758e-06,7.44493410327518e-07,7.44493410327518e-06
2020-04-11,"Bolivia","BOL","BO",0,0,139,10,NA,NA,NA,NA,"BO",11513102,8.57142857142857,114.5,85.7142857142857,9.9451911396251e-06,7.44493410327518e-07,7.44493410327518e-06
2020-04-12,"Bolivia","BOL","BO",136,10,275,20,NA,NA,NA,NA,"BO",11513102,13.2142857142857,127.714285714286,132.142857142857,1.109295181388e-05,1.14776067425492e-06,1.14776067425492e-05
2020-04-13,"Bolivia","BOL","BO",0,0,275,20,NA,NA,NA,NA,"BO",11513102,13.2142857142857,140.928571428571,132.142857142857,1.22407124881349e-05,1.14776067425492e-06,1.14776067425492e-05
2020-04-14,"Bolivia","BOL","BO",0,0,275,20,NA,NA,NA,NA,"BO",11513102,13.2142857142857,154.142857142857,132.142857142857,1.33884731623899e-05,1.14776067425492e-06,1.14776067425492e-05
2020-04-15,"Bolivia","BOL","BO",0,0,275,20,NA,NA,NA,NA,"BO",11513102,13.2142857142857,167.357142857143,132.142857142857,1.45362338366448e-05,1.14776067425492e-06,1.14776067425492e-05
2020-04-16,"Bolivia","BOL","BO",0,0,275,20,NA,NA,NA,NA,"BO",11513102,13.2142857142857,180.571428571429,132.142857142857,1.56839945108997e-05,1.14776067425492e-06,1.14776067425492e-05
2020-04-17,"Bolivia","BOL","BO",0,0,275,20,NA,NA,NA,NA,"BO",11513102,13.2142857142857,193.785714285714,132.142857142857,1.68317551851546e-05,1.14776067425492e-06,1.14776067425492e-05
2020-04-18,"Bolivia","BOL","BO",0,0,275,20,NA,NA,NA,NA,"BO",11513102,13.2142857142857,207,132.142857142857,1.79795158594096e-05,1.14776067425492e-06,1.14776067425492e-05
2020-04-19,"Bolivia","BOL","BO",218,11,493,31,NA,NA,NA,NA,"BO",11513102,25.2857142857143,232.285714285714,252.857142857143,2.01757714198757e-05,2.19625556046618e-06,2.19625556046618e-05
2020-04-20,"Bolivia","BOL","BO",0,0,493,31,NA,NA,NA,NA,"BO",11513102,25.2857142857143,257.571428571429,252.857142857143,2.23720269803419e-05,2.19625556046618e-06,2.19625556046618e-05
2020-04-21,"Bolivia","BOL","BO",0,0,493,31,NA,NA,NA,NA,"BO",11513102,25.2857142857143,282.857142857143,252.857142857143,2.45682825408081e-05,2.19625556046618e-06,2.19625556046618e-05
2020-04-22,"Bolivia","BOL","BO",0,0,493,31,NA,NA,NA,NA,"BO",11513102,25.2857142857143,308.142857142857,252.857142857143,2.67645381012743e-05,2.19625556046618e-06,2.19625556046618e-05
2020-04-23,"Bolivia","BOL","BO",0,0,493,31,NA,NA,NA,NA,"BO",11513102,25.2857142857143,333.428571428571,252.857142857143,2.89607936617405e-05,2.19625556046618e-06,2.19625556046618e-05
2020-04-24,"Bolivia","BOL","BO",0,0,493,31,NA,NA,NA,NA,"BO",11513102,25.2857142857143,358.714285714286,252.857142857143,3.11570492222066e-05,2.19625556046618e-06,2.19625556046618e-05
2020-04-25,"Bolivia","BOL","BO",0,0,493,31,NA,NA,NA,NA,"BO",11513102,25.2857142857143,384,252.857142857143,3.33533047826728e-05,2.19625556046618e-06,2.19625556046618e-05
2020-04-26,"Bolivia","BOL","BO",314,13,807,44,NA,NA,NA,NA,"BO",11513102,38,422,380,3.66538922351248e-05,3.300587452452e-06,3.300587452452e-05
2020-04-27,"Bolivia","BOL","BO",0,0,807,44,NA,NA,NA,NA,"BO",11513102,38,460,380,3.99544796875768e-05,3.300587452452e-06,3.300587452452e-05
2020-04-28,"Bolivia","BOL","BO",0,0,807,44,NA,NA,NA,NA,"BO",11513102,38,498,380,4.32550671400288e-05,3.300587452452e-06,3.300587452452e-05
2020-04-29,"Bolivia","BOL","BO",0,0,807,44,NA,NA,NA,NA,"BO",11513102,38,536,380,4.65556545924808e-05,3.300587452452e-06,3.300587452452e-05
2020-04-30,"Bolivia","BOL","BO",0,0,807,44,NA,NA,NA,NA,"BO",11513102,38,574,380,4.98562420449328e-05,3.300587452452e-06,3.300587452452e-05
2020-05-01,"Bolivia","BOL","BO",0,0,807,44,NA,NA,NA,NA,"BO",11513102,38,612,380,5.31568294973848e-05,3.300587452452e-06,3.300587452452e-05
2020-05-02,"Bolivia","BOL","BO",0,0,807,44,NA,NA,NA,NA,"BO",11513102,38,650,380,5.64574169498368e-05,3.300587452452e-06,3.300587452452e-05
2020-05-03,"Bolivia","BOL","BO",422,22,1229,66,NA,NA,NA,NA,"BO",11513102,52.5714285714286,702.571428571429,525.714285714286,6.10236431998456e-05,4.56622625000878e-06,4.56622625000878e-05
2020-05-04,"Bolivia","BOL","BO",0,0,1229,66,NA,NA,NA,NA,"BO",11513102,52.5714285714286,755.142857142857,525.714285714286,6.55898694498544e-05,4.56622625000878e-06,4.56622625000878e-05
2020-05-05,"Bolivia","BOL","BO",0,0,1229,66,NA,NA,NA,NA,"BO",11513102,52.5714285714286,807.714285714286,525.714285714286,7.01560956998631e-05,4.56622625000878e-06,4.56622625000878e-05
2020-05-06,"Bolivia","BOL","BO",0,0,1229,66,NA,NA,NA,NA,"BO",11513102,52.5714285714286,860.285714285714,525.714285714286,7.47223219498719e-05,4.56622625000878e-06,4.56622625000878e-05
2020-05-07,"Bolivia","BOL","BO",0,0,1229,66,NA,NA,NA,NA,"BO",11513102,52.5714285714286,912.857142857143,525.714285714286,7.92885481998807e-05,4.56622625000878e-06,4.56622625000878e-05
2020-05-08,"Bolivia","BOL","BO",0,0,1229,66,NA,NA,NA,NA,"BO",11513102,52.5714285714286,965.428571428571,525.714285714286,8.38547744498895e-05,4.56622625000878e-06,4.56622625000878e-05
2020-05-09,"Bolivia","BOL","BO",0,0,1229,66,NA,NA,NA,NA,"BO",11513102,52.5714285714286,1018,525.714285714286,8.84210006998983e-05,4.56622625000878e-06,4.56622625000878e-05
2020-05-10,"Bolivia","BOL","BO",1037,40,2266,106,NA,NA,NA,NA,"BO",11513102,104.214285714286,1122.21428571429,1042.14285714286,9.74727997471303e-05,9.05179904723208e-06,9.05179904723208e-05
2020-05-11,"Bolivia","BOL","BO",0,0,2266,106,NA,NA,NA,NA,"BO",11513102,104.214285714286,1226.42857142857,1042.14285714286,0.000106524598794362,9.05179904723208e-06,9.05179904723208e-05
2020-05-12,"Bolivia","BOL","BO",0,0,2266,106,NA,NA,NA,NA,"BO",11513102,104.214285714286,1330.64285714286,1042.14285714286,0.000115576397841594,9.05179904723208e-06,9.05179904723208e-05
2020-05-13,"Bolivia","BOL","BO",0,0,2266,106,NA,NA,NA,NA,"BO",11513102,104.214285714286,1434.85714285714,1042.14285714286,0.000124628196888827,9.05179904723208e-06,9.05179904723208e-05
2020-05-14,"Bolivia","BOL","BO",0,0,2266,106,NA,NA,NA,NA,"BO",11513102,104.214285714286,1539.07142857143,1042.14285714286,0.000133679995936059,9.05179904723208e-06,9.05179904723208e-05
2020-05-15,"Bolivia","BOL","BO",0,0,2266,106,NA,NA,NA,NA,"BO",11513102,104.214285714286,1643.28571428571,1042.14285714286,0.000142731794983291,9.05179904723208e-06,9.05179904723208e-05
2020-05-16,"Bolivia","BOL","BO",0,0,2266,106,NA,NA,NA,NA,"BO",11513102,104.214285714286,1747.5,1042.14285714286,0.000151783594030523,9.05179904723208e-06,9.05179904723208e-05
2020-05-17,"Bolivia","BOL","BO",1311,58,3577,164,NA,NA,NA,NA,"BO",11513102,167.714285714286,1915.21428571429,1677.14285714286,0.000166350848425931,1.45672543954084e-05,0.000145672543954084
2020-05-18,"Bolivia","BOL","BO",0,0,3577,164,NA,NA,NA,NA,"BO",11513102,167.714285714286,2082.92857142857,1677.14285714286,0.00018091810282134,1.45672543954084e-05,0.000145672543954084
2020-05-19,"Bolivia","BOL","BO",0,0,3577,164,NA,NA,NA,NA,"BO",11513102,167.714285714286,2250.64285714286,1677.14285714286,0.000195485357216748,1.45672543954084e-05,0.000145672543954084
2020-05-20,"Bolivia","BOL","BO",0,0,3577,164,NA,NA,NA,NA,"BO",11513102,167.714285714286,2418.35714285714,1677.14285714286,0.000210052611612157,1.45672543954084e-05,0.000145672543954084
2020-05-21,"Bolivia","BOL","BO",0,0,3577,164,NA,NA,NA,NA,"BO",11513102,167.714285714286,2586.07142857143,1677.14285714286,0.000224619866007565,1.45672543954084e-05,0.000145672543954084
2020-05-22,"Bolivia","BOL","BO",0,0,3577,164,NA,NA,NA,NA,"BO",11513102,167.714285714286,2753.78571428571,1677.14285714286,0.000239187120402973,1.45672543954084e-05,0.000145672543954084
2020-05-23,"Bolivia","BOL","BO",0,0,3577,164,NA,NA,NA,NA,"BO",11513102,167.714285714286,2921.5,1677.14285714286,0.000253754374798382,1.45672543954084e-05,0.000145672543954084
2020-05-24,"Bolivia","BOL","BO",2002,66,5579,230,NA,NA,NA,NA,"BO",11513102,236.642857142857,3158.14285714286,2366.42857142857,0.000274308597035174,2.05542222367922e-05,0.000205542222367922
2020-05-25,"Bolivia","BOL","BO",0,0,5579,230,NA,NA,NA,NA,"BO",11513102,236.642857142857,3394.78571428571,2366.42857142857,0.000294862819271966,2.05542222367922e-05,0.000205542222367922
2020-05-26,"Bolivia","BOL","BO",0,0,5579,230,NA,NA,NA,NA,"BO",11513102,236.642857142857,3631.42857142857,2366.42857142857,0.000315417041508759,2.05542222367922e-05,0.000205542222367922
2020-05-27,"Bolivia","BOL","BO",0,0,5579,230,NA,NA,NA,NA,"BO",11513102,236.642857142857,3868.07142857143,2366.42857142857,0.000335971263745551,2.05542222367922e-05,0.000205542222367922
2020-05-28,"Bolivia","BOL","BO",0,0,5579,230,NA,NA,NA,NA,"BO",11513102,236.642857142857,4104.71428571429,2366.42857142857,0.000356525485982343,2.05542222367922e-05,0.000205542222367922
2020-05-29,"Bolivia","BOL","BO",0,0,5579,230,NA,NA,NA,NA,"BO",11513102,236.642857142857,4341.35714285714,2366.42857142857,0.000377079708219135,2.05542222367922e-05,0.000205542222367922
2020-05-30,"Bolivia","BOL","BO",0,0,5579,230,NA,NA,NA,NA,"BO",11513102,236.642857142857,4578,2366.42857142857,0.000397633930455928,2.05542222367922e-05,0.000205542222367922
2020-05-31,"Bolivia","BOL","BO",3152,70,8731,300,NA,NA,NA,NA,"BO",11513102,368.142857142857,4946.14285714286,3681.42857142857,0.000429609922429494,3.19759919735669e-05,0.000319759919735669
2020-06-01,"Bolivia","BOL","BO",0,0,8731,300,NA,NA,NA,NA,"BO",11513102,368.142857142857,5314.28571428571,3681.42857142857,0.000461585914403061,3.19759919735669e-05,0.000319759919735669
2020-06-02,"Bolivia","BOL","BO",0,0,8731,300,NA,NA,NA,NA,"BO",11513102,368.142857142857,5682.42857142857,3681.42857142857,0.000493561906376628,3.19759919735669e-05,0.000319759919735669
2020-06-03,"Bolivia","BOL","BO",0,0,8731,300,NA,NA,NA,NA,"BO",11513102,368.142857142857,6050.57142857143,3681.42857142857,0.000525537898350195,3.19759919735669e-05,0.000319759919735669
2020-06-04,"Bolivia","BOL","BO",0,0,8731,300,NA,NA,NA,NA,"BO",11513102,368.142857142857,6418.71428571429,3681.42857142857,0.000557513890323762,3.19759919735669e-05,0.000319759919735669
2020-06-05,"Bolivia","BOL","BO",0,0,8731,300,NA,NA,NA,NA,"BO",11513102,368.142857142857,6786.85714285714,3681.42857142857,0.000589489882297329,3.19759919735669e-05,0.000319759919735669
2020-06-06,"Bolivia","BOL","BO",0,0,8731,300,NA,NA,NA,NA,"BO",11513102,368.142857142857,7155,3681.42857142857,0.000621465874270896,3.19759919735669e-05,0.000319759919735669
2020-06-07,"Bolivia","BOL","BO",3997,127,12728,427,NA,NA,NA,NA,"BO",11513102,510.642857142857,7665.64285714286,5106.42857142857,0.000665819069191158,4.43531949202619e-05,0.000443531949202619
2020-06-08,"Bolivia","BOL","BO",0,0,12728,427,NA,NA,NA,NA,"BO",11513102,510.642857142857,8176.28571428571,5106.42857142857,0.00071017226411142,4.43531949202619e-05,0.000443531949202619
2020-06-09,"Bolivia","BOL","BO",0,0,12728,427,NA,NA,NA,NA,"BO",11513102,510.642857142857,8686.92857142857,5106.42857142857,0.000754525459031682,4.43531949202619e-05,0.000443531949202619
2020-06-10,"Bolivia","BOL","BO",0,0,12728,427,NA,NA,NA,NA,"BO",11513102,510.642857142857,9197.57142857143,5106.42857142857,0.000798878653951944,4.43531949202619e-05,0.000443531949202619
2020-06-11,"Bolivia","BOL","BO",0,0,12728,427,NA,NA,NA,NA,"BO",11513102,510.642857142857,9708.21428571429,5106.42857142857,0.000843231848872205,4.43531949202619e-05,0.000443531949202619
2020-06-12,"Bolivia","BOL","BO",0,0,12728,427,NA,NA,NA,NA,"BO",11513102,510.642857142857,10218.8571428571,5106.42857142857,0.000887585043792467,4.43531949202619e-05,0.000443531949202619
2020-06-13,"Bolivia","BOL","BO",0,0,12728,427,NA,NA,NA,NA,"BO",11513102,510.642857142857,10729.5,5106.42857142857,0.000931938238712729,4.43531949202619e-05,0.000443531949202619
2020-06-14,"Bolivia","BOL","BO",4201,132,16929,559,NA,NA,NA,NA,"BO",11513102,585.571428571429,11315.0714285714,5855.71428571429,0.000982799546861604,5.0861308148875e-05,0.00050861308148875
2020-06-15,"Bolivia","BOL","BO",0,0,16929,559,NA,NA,NA,NA,"BO",11513102,585.571428571429,11900.6428571429,5855.71428571429,0.00103366085501048,5.0861308148875e-05,0.00050861308148875
2020-06-16,"Bolivia","BOL","BO",0,0,16929,559,NA,NA,NA,NA,"BO",11513102,585.571428571429,12486.2142857143,5855.71428571429,0.00108452216315935,5.0861308148875e-05,0.00050861308148875
2020-06-17,"Bolivia","BOL","BO",0,0,16929,559,NA,NA,NA,NA,"BO",11513102,585.571428571429,13071.7857142857,5855.71428571429,0.00113538347130823,5.0861308148875e-05,0.00050861308148875
2020-06-18,"Bolivia","BOL","BO",0,0,16929,559,NA,NA,NA,NA,"BO",11513102,585.571428571429,13657.3571428571,5855.71428571429,0.0011862447794571,5.0861308148875e-05,0.00050861308148875
2020-06-19,"Bolivia","BOL","BO",0,0,16929,559,NA,NA,NA,NA,"BO",11513102,585.571428571429,14242.9285714286,5855.71428571429,0.00123710608760598,5.0861308148875e-05,0.00050861308148875
2020-06-20,"Bolivia","BOL","BO",0,0,16929,559,NA,NA,NA,NA,"BO",11513102,585.571428571429,14828.5,5855.71428571429,0.00128796739575485,5.0861308148875e-05,0.00050861308148875
2020-06-21,"Bolivia","BOL","BO",5547,156,22476,715,NA,NA,NA,NA,"BO",11513102,696.285714285714,15524.7857142857,6962.85714285714,0.00134844507712046,6.04776813656054e-05,0.000604776813656054
2020-06-22,"Bolivia","BOL","BO",0,0,22476,715,NA,NA,NA,NA,"BO",11513102,696.285714285714,16221.0714285714,6962.85714285714,0.00140892275848606,6.04776813656054e-05,0.000604776813656054
2020-06-23,"Bolivia","BOL","BO",0,0,22476,715,NA,NA,NA,NA,"BO",11513102,696.285714285714,16917.3571428571,6962.85714285714,0.00146940043985167,6.04776813656054e-05,0.000604776813656054
2020-06-24,"Bolivia","BOL","BO",0,0,22476,715,NA,NA,NA,NA,"BO",11513102,696.285714285714,17613.6428571429,6962.85714285714,0.00152987812121728,6.04776813656054e-05,0.000604776813656054
2020-06-25,"Bolivia","BOL","BO",0,0,22476,715,NA,NA,NA,NA,"BO",11513102,696.285714285714,18309.9285714286,6962.85714285714,0.00159035580258288,6.04776813656054e-05,0.000604776813656054
2020-06-26,"Bolivia","BOL","BO",0,0,22476,715,NA,NA,NA,NA,"BO",11513102,696.285714285714,19006.2142857143,6962.85714285714,0.00165083348394849,6.04776813656054e-05,0.000604776813656054
2020-06-27,"Bolivia","BOL","BO",0,0,22476,715,NA,NA,NA,NA,"BO",11513102,696.285714285714,19702.5,6962.85714285714,0.00171131116531409,6.04776813656054e-05,0.000604776813656054
2020-06-28,"Bolivia","BOL","BO",6947,219,29423,934,NA,NA,NA,NA,"BO",11513102,892.428571428571,20594.9285714286,8924.28571428571,0.00178882533755269,7.75141722386001e-05,0.000775141722386001
2020-06-29,"Bolivia","BOL","BO",0,0,29423,934,NA,NA,NA,NA,"BO",11513102,892.428571428571,21487.3571428571,8924.28571428571,0.00186633950979129,7.75141722386001e-05,0.000775141722386001
2020-06-30,"Bolivia","BOL","BO",0,0,29423,934,NA,NA,NA,NA,"BO",11513102,892.428571428571,22379.7857142857,8924.28571428571,0.00194385368202989,7.75141722386001e-05,0.000775141722386001
2020-07-01,"Bolivia","BOL","BO",0,0,29423,934,NA,NA,NA,NA,"BO",11513102,892.428571428571,23272.2142857143,8924.28571428571,0.00202136785426849,7.75141722386001e-05,0.000775141722386001
2020-07-02,"Bolivia","BOL","BO",0,0,29423,934,NA,NA,NA,NA,"BO",11513102,892.428571428571,24164.6428571429,8924.28571428571,0.00209888202650709,7.75141722386001e-05,0.000775141722386001
2020-07-03,"Bolivia","BOL","BO",0,0,29423,934,NA,NA,NA,NA,"BO",11513102,892.428571428571,25057.0714285714,8924.28571428571,0.00217639619874569,7.75141722386001e-05,0.000775141722386001
2020-07-04,"Bolivia","BOL","BO",0,0,29423,934,NA,NA,NA,NA,"BO",11513102,892.428571428571,25949.5,8924.28571428571,0.00225391037098429,7.75141722386001e-05,0.000775141722386001
2020-07-05,"Bolivia","BOL","BO",7395,386,36818,1320,NA,NA,NA,NA,"BO",11513102,1024.42857142857,26973.9285714286,10244.2857142857,0.00234288974174194,8.89793707576439e-05,0.000889793707576439
2020-07-06,"Bolivia","BOL","BO",0,0,36818,1320,NA,NA,NA,NA,"BO",11513102,1024.42857142857,27998.3571428571,10244.2857142857,0.00243186911249958,8.89793707576439e-05,0.000889793707576439
2020-07-07,"Bolivia","BOL","BO",0,0,36818,1320,NA,NA,NA,NA,"BO",11513102,1024.42857142857,29022.7857142857,10244.2857142857,0.00252084848325722,8.89793707576439e-05,0.000889793707576439
2020-07-08,"Bolivia","BOL","BO",0,0,36818,1320,NA,NA,NA,NA,"BO",11513102,1024.42857142857,30047.2142857143,10244.2857142857,0.00260982785401487,8.89793707576439e-05,0.000889793707576439
2020-07-09,"Bolivia","BOL","BO",0,0,36818,1320,NA,NA,NA,NA,"BO",11513102,1024.42857142857,31071.6428571429,10244.2857142857,0.00269880722477251,8.89793707576439e-05,0.000889793707576439
2020-07-10,"Bolivia","BOL","BO",0,0,36818,1320,NA,NA,NA,NA,"BO",11513102,1024.42857142857,32096.0714285714,10244.2857142857,0.00278778659553016,8.89793707576439e-05,0.000889793707576439
2020-07-11,"Bolivia","BOL","BO",0,0,36818,1320,NA,NA,NA,NA,"BO",11513102,1024.42857142857,33120.5,10244.2857142857,0.0028767659662878,8.89793707576439e-05,0.000889793707576439
2020-07-12,"Bolivia","BOL","BO",8747,382,45565,1702,NA,NA,NA,NA,"BO",11513102,1153,34273.5,11530,0.00297691273820036,0.000100146771912557,0.00100146771912557
2020-07-13,"Bolivia","BOL","BO",0,0,45565,1702,NA,NA,NA,NA,"BO",11513102,1153,35426.5,11530,0.00307705951011291,0.000100146771912557,0.00100146771912557
2020-07-14,"Bolivia","BOL","BO",0,0,45565,1702,NA,NA,NA,NA,"BO",11513102,1153,36579.5,11530,0.00317720628202547,0.000100146771912557,0.00100146771912557
2020-07-15,"Bolivia","BOL","BO",0,0,45565,1702,NA,NA,NA,NA,"BO",11513102,1153,37732.5,11530,0.00327735305393803,0.000100146771912557,0.00100146771912557
2020-07-16,"Bolivia","BOL","BO",0,0,45565,1702,NA,NA,NA,NA,"BO",11513102,1153,38885.5,11530,0.00337749982585058,0.000100146771912557,0.00100146771912557
2020-07-17,"Bolivia","BOL","BO",0,0,45565,1702,NA,NA,NA,NA,"BO",11513102,1153,40038.5,11530,0.00347764659776314,0.000100146771912557,0.00100146771912557
2020-07-18,"Bolivia","BOL","BO",0,0,45565,1702,NA,NA,NA,NA,"BO",11513102,1153,41191.5,11530,0.0035777933696757,0.000100146771912557,0.00100146771912557
2020-07-19,"Bolivia","BOL","BO",10537,347,56102,2049,NA,NA,NA,NA,"BO",11513102,1377.42857142857,42568.9285714286,13774.2857142857,0.00369743346071533,0.000119640091039632,0.00119640091039632
2020-07-20,"Bolivia","BOL","BO",0,0,56102,2049,NA,NA,NA,NA,"BO",11513102,1377.42857142857,43946.3571428571,13774.2857142857,0.00381707355175496,0.000119640091039632,0.00119640091039632
2020-07-21,"Bolivia","BOL","BO",0,0,56102,2049,NA,NA,NA,NA,"BO",11513102,1377.42857142857,45323.7857142857,13774.2857142857,0.00393671364279459,0.000119640091039632,0.00119640091039632
2020-07-22,"Bolivia","BOL","BO",0,0,56102,2049,NA,NA,NA,NA,"BO",11513102,1377.42857142857,46701.2142857143,13774.2857142857,0.00405635373383422,0.000119640091039632,0.00119640091039632
2020-07-23,"Bolivia","BOL","BO",0,0,56102,2049,NA,NA,NA,NA,"BO",11513102,1377.42857142857,48078.6428571429,13774.2857142857,0.00417599382487386,0.000119640091039632,0.00119640091039632
2020-07-24,"Bolivia","BOL","BO",0,0,56102,2049,NA,NA,NA,NA,"BO",11513102,1377.42857142857,49456.0714285714,13774.2857142857,0.00429563391591349,0.000119640091039632,0.00119640091039632
2020-07-25,"Bolivia","BOL","BO",0,0,56102,2049,NA,NA,NA,NA,"BO",11513102,1377.42857142857,50833.5,13774.2857142857,0.00441527400695312,0.000119640091039632,0.00119640091039632
2020-07-26,"Bolivia","BOL","BO",10354,424,66456,2473,NA,NA,NA,NA,"BO",11513102,1492.21428571429,52325.7142857143,14922.1428571429,0.00454488410557939,0.000129610098626268,0.00129610098626268
2020-07-27,"Bolivia","BOL","BO",0,0,66456,2473,NA,NA,NA,NA,"BO",11513102,1492.21428571429,53817.9285714286,14922.1428571429,0.00467449420420566,0.000129610098626268,0.00129610098626268
2020-07-28,"Bolivia","BOL","BO",0,0,66456,2473,NA,NA,NA,NA,"BO",11513102,1492.21428571429,55310.1428571429,14922.1428571429,0.00480410430283193,0.000129610098626268,0.00129610098626268
2020-07-29,"Bolivia","BOL","BO",0,0,66456,2473,NA,NA,NA,NA,"BO",11513102,1492.21428571429,56802.3571428571,14922.1428571429,0.00493371440145819,0.000129610098626268,0.00129610098626268
2020-07-30,"Bolivia","BOL","BO",0,0,66456,2473,NA,NA,NA,NA,"BO",11513102,1492.21428571429,58294.5714285714,14922.1428571429,0.00506332450008446,0.000129610098626268,0.00129610098626268
2020-07-31,"Bolivia","BOL","BO",0,0,66456,2473,NA,NA,NA,NA,"BO",11513102,1492.21428571429,59786.7857142857,14922.1428571429,0.00519293459871073,0.000129610098626268,0.00129610098626268
2020-08-01,"Bolivia","BOL","BO",0,0,66456,2473,NA,NA,NA,NA,"BO",11513102,1492.21428571429,61279,14922.1428571429,0.005322544697337,0.000129610098626268,0.00129610098626268
2020-08-02,"Bolivia","BOL","BO",10333,504,76789,2977,NA,NA,NA,NA,"BO",11513102,1477.64285714286,62756.6428571429,14776.4285714286,0.00545088915716571,0.000128344459828711,0.00128344459828711
2020-08-03,"Bolivia","BOL","BO",0,0,76789,2977,NA,NA,NA,NA,"BO",11513102,1477.64285714286,64234.2857142857,14776.4285714286,0.00557923361699442,0.000128344459828711,0.00128344459828711
2020-08-04,"Bolivia","BOL","BO",0,0,76789,2977,NA,NA,NA,NA,"BO",11513102,1477.64285714286,65711.9285714286,14776.4285714286,0.00570757807682313,0.000128344459828711,0.00128344459828711
2020-08-05,"Bolivia","BOL","BO",0,0,76789,2977,NA,NA,NA,NA,"BO",11513102,1477.64285714286,67189.5714285714,14776.4285714286,0.00583592253665185,0.000128344459828711,0.00128344459828711
2020-08-06,"Bolivia","BOL","BO",0,0,76789,2977,NA,NA,NA,NA,"BO",11513102,1477.64285714286,68667.2142857143,14776.4285714286,0.00596426699648056,0.000128344459828711,0.00128344459828711
2020-08-07,"Bolivia","BOL","BO",0,0,76789,2977,NA,NA,NA,NA,"BO",11513102,1477.64285714286,70144.8571428571,14776.4285714286,0.00609261145630927,0.000128344459828711,0.00128344459828711
2020-08-08,"Bolivia","BOL","BO",0,0,76789,2977,NA,NA,NA,NA,"BO",11513102,1477.64285714286,71622.5,14776.4285714286,0.00622095591613798,0.000128344459828711,0.00128344459828711
2020-08-09,"Bolivia","BOL","BO",11102,547,87891,3524,NA,NA,NA,NA,"BO",11513102,1531.07142857143,73153.5714285714,15310.7142857143,0.00635394105155773,0.000132985135419753,0.00132985135419753
2020-08-10,"Bolivia","BOL","BO",0,0,87891,3524,NA,NA,NA,NA,"BO",11513102,1531.07142857143,74684.6428571429,15310.7142857143,0.00648692618697749,0.000132985135419753,0.00132985135419753
2020-08-11,"Bolivia","BOL","BO",0,0,87891,3524,NA,NA,NA,NA,"BO",11513102,1531.07142857143,76215.7142857143,15310.7142857143,0.00661991132239724,0.000132985135419753,0.00132985135419753
2020-08-12,"Bolivia","BOL","BO",0,0,87891,3524,NA,NA,NA,NA,"BO",11513102,1531.07142857143,77746.7857142857,15310.7142857143,0.00675289645781699,0.000132985135419753,0.00132985135419753
2020-08-13,"Bolivia","BOL","BO",0,0,87891,3524,NA,NA,NA,NA,"BO",11513102,1531.07142857143,79277.8571428571,15310.7142857143,0.00688588159323674,0.000132985135419753,0.00132985135419753
2020-08-14,"Bolivia","BOL","BO",0,0,87891,3524,NA,NA,NA,NA,"BO",11513102,1531.07142857143,80808.9285714286,15310.7142857143,0.0070188667286565,0.000132985135419753,0.00132985135419753
2020-08-15,"Bolivia","BOL","BO",0,0,87891,3524,NA,NA,NA,NA,"BO",11513102,1531.07142857143,82340,15310.7142857143,0.00715185186407625,0.000132985135419753,0.00132985135419753
2020-08-16,"Bolivia","BOL","BO",10059,415,97950,3939,NA,NA,NA,NA,"BO",11513102,1511.5,83851.5,15115,0.00728313707287576,0.000131285208799505,0.00131285208799505
2020-08-17,"Bolivia","BOL","BO",0,0,97950,3939,NA,NA,NA,NA,"BO",11513102,1511.5,85363,15115,0.00741442228167526,0.000131285208799505,0.00131285208799505
2020-08-18,"Bolivia","BOL","BO",0,0,97950,3939,NA,NA,NA,NA,"BO",11513102,1511.5,86874.5,15115,0.00754570749047477,0.000131285208799505,0.00131285208799505
2020-08-19,"Bolivia","BOL","BO",0,0,97950,3939,NA,NA,NA,NA,"BO",11513102,1511.5,88386,15115,0.00767699269927427,0.000131285208799505,0.00131285208799505
2020-08-20,"Bolivia","BOL","BO",0,0,97950,3939,NA,NA,NA,NA,"BO",11513102,1511.5,89897.5,15115,0.00780827790807378,0.000131285208799505,0.00131285208799505
2020-08-21,"Bolivia","BOL","BO",0,0,97950,3939,NA,NA,NA,NA,"BO",11513102,1511.5,91409,15115,0.00793956311687328,0.000131285208799505,0.00131285208799505
2020-08-22,"Bolivia","BOL","BO",0,0,97950,3939,NA,NA,NA,NA,"BO",11513102,1511.5,92920.5,15115,0.00807084832567279,0.000131285208799505,0.00131285208799505
2020-08-23,"Bolivia","BOL","BO",9485,427,107435,4366,NA,NA,NA,NA,"BO",11513102,1396,94316.5,13960,0.00819210148576813,0.000121253160095342,0.00121253160095342
2020-08-24,"Bolivia","BOL","BO",0,0,107435,4366,NA,NA,NA,NA,"BO",11513102,1396,95712.5,13960,0.00831335464586347,0.000121253160095342,0.00121253160095342
2020-08-25,"Bolivia","BOL","BO",0,0,107435,4366,NA,NA,NA,NA,"BO",11513102,1396,97108.5,13960,0.00843460780595881,0.000121253160095342,0.00121253160095342
2020-08-26,"Bolivia","BOL","BO",0,0,107435,4366,NA,NA,NA,NA,"BO",11513102,1396,98504.5,13960,0.00855586096605415,0.000121253160095342,0.00121253160095342
2020-08-27,"Bolivia","BOL","BO",0,0,107435,4366,NA,NA,NA,NA,"BO",11513102,1396,99900.5,13960,0.0086771141261495,0.000121253160095342,0.00121253160095342
2020-08-28,"Bolivia","BOL","BO",0,0,107435,4366,NA,NA,NA,NA,"BO",11513102,1396,101296.5,13960,0.00879836728624484,0.000121253160095342,0.00121253160095342
2020-08-29,"Bolivia","BOL","BO",0,0,107435,4366,NA,NA,NA,NA,"BO",11513102,1396,102692.5,13960,0.00891962044634018,0.000121253160095342,0.00121253160095342
2020-08-30,"Bolivia","BOL","BO",6974,480,114409,4846,NA,NA,NA,NA,"BO",11513102,1175.64285714286,103868.142857143,11756.4285714286,0.00902173392167835,0.000102113475338172,0.00102113475338172
2020-08-31,"Bolivia","BOL","BO",0,0,114409,4846,NA,NA,NA,NA,"BO",11513102,1175.64285714286,105043.785714286,11756.4285714286,0.00912384739701652,0.000102113475338172,0.00102113475338172
2020-09-01,"Bolivia","BOL","BO",0,0,114409,4846,NA,NA,NA,NA,"BO",11513102,1175.64285714286,106219.428571429,11756.4285714286,0.00922596087235469,0.000102113475338172,0.00102113475338172
2020-09-02,"Bolivia","BOL","BO",0,0,114409,4846,NA,NA,NA,NA,"BO",11513102,1175.64285714286,107395.071428571,11756.4285714286,0.00932807434769287,0.000102113475338172,0.00102113475338172
2020-09-03,"Bolivia","BOL","BO",0,0,114409,4846,NA,NA,NA,NA,"BO",11513102,1175.64285714286,108570.714285714,11756.4285714286,0.00943018782303104,0.000102113475338172,0.00102113475338172
2020-09-04,"Bolivia","BOL","BO",0,0,114409,4846,NA,NA,NA,NA,"BO",11513102,1175.64285714286,109746.357142857,11756.4285714286,0.00953230129836921,0.000102113475338172,0.00102113475338172
2020-09-05,"Bolivia","BOL","BO",0,0,114409,4846,NA,NA,NA,NA,"BO",11513102,1175.64285714286,110922,11756.4285714286,0.00963441477370738,0.000102113475338172,0.00102113475338172
2020-09-06,"Bolivia","BOL","BO",5171,497,119580,5343,NA,NA,NA,NA,"BO",11513102,867.5,111789.5,8675,0.00970976371094428,7.53489372368976e-05,0.000753489372368976
2020-09-07,"Bolivia","BOL","BO",0,0,119580,5343,NA,NA,NA,NA,"BO",11513102,867.5,112657,8675,0.00978511264818118,7.53489372368976e-05,0.000753489372368976
2020-09-08,"Bolivia","BOL","BO",0,0,119580,5343,NA,NA,NA,NA,"BO",11513102,867.5,113524.5,8675,0.00986046158541807,7.53489372368976e-05,0.000753489372368976
2020-09-09,"Bolivia","BOL","BO",0,0,119580,5343,NA,NA,NA,NA,"BO",11513102,867.5,114392,8675,0.00993581052265497,7.53489372368976e-05,0.000753489372368976
2020-09-10,"Bolivia","BOL","BO",0,0,119580,5343,NA,NA,NA,NA,"BO",11513102,867.5,115259.5,8675,0.0100111594598919,7.53489372368976e-05,0.000753489372368976
2020-09-11,"Bolivia","BOL","BO",0,0,119580,5343,NA,NA,NA,NA,"BO",11513102,867.5,116127,8675,0.0100865083971288,7.53489372368976e-05,0.000753489372368976
2020-09-12,"Bolivia","BOL","BO",0,0,119580,5343,NA,NA,NA,NA,"BO",11513102,867.5,116994.5,8675,0.0101618573343657,7.53489372368976e-05,0.000753489372368976
2020-09-13,"Bolivia","BOL","BO",5592,1907,125172,7250,NA,NA,NA,NA,"BO",11513102,768.785714285714,117763.285714286,7687.85714285714,0.0102286321891603,6.67748547946257e-05,0.000667748547946257
2020-09-14,"Bolivia","BOL","BO",0,0,125172,7250,NA,NA,NA,NA,"BO",11513102,768.785714285714,118532.071428571,7687.85714285714,0.0102954070439549,6.67748547946257e-05,0.000667748547946257
2020-09-15,"Bolivia","BOL","BO",0,0,125172,7250,NA,NA,NA,NA,"BO",11513102,768.785714285714,119300.857142857,7687.85714285714,0.0103621818987495,6.67748547946257e-05,0.000667748547946257
2020-09-16,"Bolivia","BOL","BO",0,0,125172,7250,NA,NA,NA,NA,"BO",11513102,768.785714285714,120069.642857143,7687.85714285714,0.0104289567535442,6.67748547946257e-05,0.000667748547946257
2020-09-17,"Bolivia","BOL","BO",0,0,125172,7250,NA,NA,NA,NA,"BO",11513102,768.785714285714,120838.428571429,7687.85714285714,0.0104957316083388,6.67748547946257e-05,0.000667748547946257
2020-09-18,"Bolivia","BOL","BO",0,0,125172,7250,NA,NA,NA,NA,"BO",11513102,768.785714285714,121607.214285714,7687.85714285714,0.0105625064631334,6.67748547946257e-05,0.000667748547946257
2020-09-19,"Bolivia","BOL","BO",0,0,125172,7250,NA,NA,NA,NA,"BO",11513102,768.785714285714,122376,7687.85714285714,0.010629281317928,6.67748547946257e-05,0.000667748547946257
2020-09-20,"Bolivia","BOL","BO",4879,300,130051,7550,NA,NA,NA,NA,"BO",11513102,747.928571428571,123123.928571429,7479.28571428571,0.0106942445720909,6.49632541628287e-05,0.000649632541628287
2020-09-21,"Bolivia","BOL","BO",0,0,130051,7550,NA,NA,NA,NA,"BO",11513102,747.928571428571,123871.857142857,7479.28571428571,0.0107592078262537,6.49632541628287e-05,0.000649632541628287
2020-09-22,"Bolivia","BOL","BO",0,0,130051,7550,NA,NA,NA,NA,"BO",11513102,747.928571428571,124619.785714286,7479.28571428571,0.0108241710804165,6.49632541628287e-05,0.000649632541628287
2020-09-23,"Bolivia","BOL","BO",0,0,130051,7550,NA,NA,NA,NA,"BO",11513102,747.928571428571,125367.714285714,7479.28571428571,0.0108891343345794,6.49632541628287e-05,0.000649632541628287
2020-09-24,"Bolivia","BOL","BO",0,0,130051,7550,NA,NA,NA,NA,"BO",11513102,747.928571428571,126115.642857143,7479.28571428571,0.0109540975887422,6.49632541628287e-05,0.000649632541628287
2020-09-25,"Bolivia","BOL","BO",0,0,130051,7550,NA,NA,NA,NA,"BO",11513102,747.928571428571,126863.571428571,7479.28571428571,0.011019060842905,6.49632541628287e-05,0.000649632541628287
2020-09-26,"Bolivia","BOL","BO",0,0,130051,7550,NA,NA,NA,NA,"BO",11513102,747.928571428571,127611.5,7479.28571428571,0.0110840240970678,6.49632541628287e-05,0.000649632541628287
2020-09-27,"Bolivia","BOL","BO",3171,250,133222,7800,NA,NA,NA,NA,"BO",11513102,575,128186.5,5750,0.0111339671966773,4.9943099609471e-05,0.00049943099609471
2020-09-28,"Bolivia","BOL","BO",0,0,133222,7800,NA,NA,NA,NA,"BO",11513102,575,128761.5,5750,0.0111839102962868,4.9943099609471e-05,0.00049943099609471
2020-09-29,"Bolivia","BOL","BO",0,0,133222,7800,NA,NA,NA,NA,"BO",11513102,575,129336.5,5750,0.0112338533958963,4.9943099609471e-05,0.00049943099609471
2020-09-30,"Bolivia","BOL","BO",0,0,133222,7800,NA,NA,NA,NA,"BO",11513102,575,129911.5,5750,0.0112837964955057,4.9943099609471e-05,0.00049943099609471
2020-10-01,"Bolivia","BOL","BO",0,0,133222,7800,NA,NA,NA,NA,"BO",11513102,575,130486.5,5750,0.0113337395951152,4.9943099609471e-05,0.00049943099609471
2020-10-02,"Bolivia","BOL","BO",0,0,133222,7800,NA,NA,NA,NA,"BO",11513102,575,131061.5,5750,0.0113836826947247,4.9943099609471e-05,0.00049943099609471
2020-10-03,"Bolivia","BOL","BO",0,0,133222,7800,NA,NA,NA,NA,"BO",11513102,575,131636.5,5750,0.0114336257943341,4.9943099609471e-05,0.00049943099609471
2020-10-04,"Bolivia","BOL","BO",2997,245,136219,8045,NA,NA,NA,NA,"BO",11513102,440.571428571429,132077.071428571,4405.71428571429,0.011471892755625,3.82669612908344e-05,0.000382669612908344
2020-10-05,"Bolivia","BOL","BO",0,0,136219,8045,NA,NA,NA,NA,"BO",11513102,440.571428571429,132517.642857143,4405.71428571429,0.0115101597169158,3.82669612908344e-05,0.000382669612908344
2020-10-06,"Bolivia","BOL","BO",0,0,136219,8045,NA,NA,NA,NA,"BO",11513102,440.571428571429,132958.214285714,4405.71428571429,0.0115484266782066,3.82669612908344e-05,0.000382669612908344
2020-10-07,"Bolivia","BOL","BO",0,0,136219,8045,NA,NA,NA,NA,"BO",11513102,440.571428571429,133398.785714286,4405.71428571429,0.0115866936394975,3.82669612908344e-05,0.000382669612908344
2020-10-08,"Bolivia","BOL","BO",0,0,136219,8045,NA,NA,NA,NA,"BO",11513102,440.571428571429,133839.357142857,4405.71428571429,0.0116249606007883,3.82669612908344e-05,0.000382669612908344
2020-10-09,"Bolivia","BOL","BO",0,0,136219,8045,NA,NA,NA,NA,"BO",11513102,440.571428571429,134279.928571429,4405.71428571429,0.0116632275620791,3.82669612908344e-05,0.000382669612908344
2020-10-10,"Bolivia","BOL","BO",0,0,136219,8045,NA,NA,NA,NA,"BO",11513102,440.571428571429,134720.5,4405.71428571429,0.01170149452337,3.82669612908344e-05,0.000382669612908344
2020-10-11,"Bolivia","BOL","BO",2007,217,138226,8262,NA,NA,NA,NA,"BO",11513102,357.428571428571,135077.928571429,3574.28571428571,0.0117325398985806,3.10453752106575e-05,0.000310453752106575
2020-10-12,"Bolivia","BOL","BO",0,0,138226,8262,NA,NA,NA,NA,"BO",11513102,357.428571428571,135435.357142857,3574.28571428571,0.0117635852737913,3.10453752106575e-05,0.000310453752106575
2020-10-13,"Bolivia","BOL","BO",0,0,138226,8262,NA,NA,NA,NA,"BO",11513102,357.428571428571,135792.785714286,3574.28571428571,0.011794630649002,3.10453752106575e-05,0.000310453752106575
2020-10-14,"Bolivia","BOL","BO",0,0,138226,8262,NA,NA,NA,NA,"BO",11513102,357.428571428571,136150.214285714,3574.28571428571,0.0118256760242126,3.10453752106575e-05,0.000310453752106575
2020-10-15,"Bolivia","BOL","BO",0,0,138226,8262,NA,NA,NA,NA,"BO",11513102,357.428571428571,136507.642857143,3574.28571428571,0.0118567213994233,3.10453752106575e-05,0.000310453752106575
2020-10-16,"Bolivia","BOL","BO",0,0,138226,8262,NA,NA,NA,NA,"BO",11513102,357.428571428571,136865.071428571,3574.28571428571,0.0118877667746339,3.10453752106575e-05,0.000310453752106575
2020-10-17,"Bolivia","BOL","BO",0,0,138226,8262,NA,NA,NA,NA,"BO",11513102,357.428571428571,137222.5,3574.28571428571,0.0119188121498446,3.10453752106575e-05,0.000310453752106575
2020-10-18,"Bolivia","BOL","BO",1336,177,139562,8439,NA,NA,NA,NA,"BO",11513102,238.785714285714,137461.285714286,2387.85714285714,0.011939552495434,2.07403455893741e-05,0.000207403455893741
2020-10-19,"Bolivia","BOL","BO",0,0,139562,8439,NA,NA,NA,NA,"BO",11513102,238.785714285714,137700.071428571,2387.85714285714,0.0119602928410233,2.07403455893741e-05,0.000207403455893741
2020-10-20,"Bolivia","BOL","BO",0,0,139562,8439,NA,NA,NA,NA,"BO",11513102,238.785714285714,137938.857142857,2387.85714285714,0.0119810331866127,2.07403455893741e-05,0.000207403455893741
2020-10-21,"Bolivia","BOL","BO",0,0,139562,8439,NA,NA,NA,NA,"BO",11513102,238.785714285714,138177.642857143,2387.85714285714,0.0120017735322021,2.07403455893741e-05,0.000207403455893741
2020-10-22,"Bolivia","BOL","BO",0,0,139562,8439,NA,NA,NA,NA,"BO",11513102,238.785714285714,138416.428571429,2387.85714285714,0.0120225138777915,2.07403455893741e-05,0.000207403455893741
2020-10-23,"Bolivia","BOL","BO",0,0,139562,8439,NA,NA,NA,NA,"BO",11513102,238.785714285714,138655.214285714,2387.85714285714,0.0120432542233808,2.07403455893741e-05,0.000207403455893741
2020-10-24,"Bolivia","BOL","BO",0,0,139562,8439,NA,NA,NA,NA,"BO",11513102,238.785714285714,138894,2387.85714285714,0.0120639945689702,2.07403455893741e-05,0.000207403455893741
2020-10-25,"Bolivia","BOL","BO",1050,169,140612,8608,NA,NA,NA,NA,"BO",11513102,170.428571428571,139064.428571429,1704.28571428571,0.0120787975796122,1.48030106420122e-05,0.000148030106420122
2020-10-26,"Bolivia","BOL","BO",0,0,140612,8608,NA,NA,NA,NA,"BO",11513102,170.428571428571,139234.857142857,1704.28571428571,0.0120936005902542,1.48030106420122e-05,0.000148030106420122
2020-10-27,"Bolivia","BOL","BO",0,0,140612,8608,NA,NA,NA,NA,"BO",11513102,170.428571428571,139405.285714286,1704.28571428571,0.0121084036008962,1.48030106420122e-05,0.000148030106420122
2020-10-28,"Bolivia","BOL","BO",0,0,140612,8608,NA,NA,NA,NA,"BO",11513102,170.428571428571,139575.714285714,1704.28571428571,0.0121232066115383,1.48030106420122e-05,0.000148030106420122
2020-10-29,"Bolivia","BOL","BO",0,0,140612,8608,NA,NA,NA,NA,"BO",11513102,170.428571428571,139746.142857143,1704.28571428571,0.0121380096221803,1.48030106420122e-05,0.000148030106420122
2020-10-30,"Bolivia","BOL","BO",0,0,140612,8608,NA,NA,NA,NA,"BO",11513102,170.428571428571,139916.571428571,1704.28571428571,0.0121528126328223,1.48030106420122e-05,0.000148030106420122
2020-10-31,"Bolivia","BOL","BO",0,0,140612,8608,NA,NA,NA,NA,"BO",11513102,170.428571428571,140087,1704.28571428571,0.0121676156434643,1.48030106420122e-05,0.000148030106420122
2020-11-01,"Bolivia","BOL","BO",1019,107,141631,8715,NA,NA,NA,NA,"BO",11513102,147.785714285714,140234.785714286,1477.85714285714,0.0121804519506807,1.2836307216397e-05,0.00012836307216397
2020-11-02,"Bolivia","BOL","BO",0,0,141631,8715,NA,NA,NA,NA,"BO",11513102,147.785714285714,140382.571428571,1477.85714285714,0.0121932882578971,1.2836307216397e-05,0.00012836307216397
2020-11-03,"Bolivia","BOL","BO",0,0,141631,8715,NA,NA,NA,NA,"BO",11513102,147.785714285714,140530.357142857,1477.85714285714,0.0122061245651135,1.2836307216397e-05,0.00012836307216397
2020-11-04,"Bolivia","BOL","BO",0,0,141631,8715,NA,NA,NA,NA,"BO",11513102,147.785714285714,140678.142857143,1477.85714285714,0.0122189608723299,1.2836307216397e-05,0.00012836307216397
2020-11-05,"Bolivia","BOL","BO",0,0,141631,8715,NA,NA,NA,NA,"BO",11513102,147.785714285714,140825.928571429,1477.85714285714,0.0122317971795463,1.2836307216397e-05,0.00012836307216397
2020-11-06,"Bolivia","BOL","BO",0,0,141631,8715,NA,NA,NA,NA,"BO",11513102,147.785714285714,140973.714285714,1477.85714285714,0.0122446334867627,1.2836307216397e-05,0.00012836307216397
2020-11-07,"Bolivia","BOL","BO",0,0,141631,8715,NA,NA,NA,NA,"BO",11513102,147.785714285714,141121.5,1477.85714285714,0.0122574697939791,1.2836307216397e-05,0.00012836307216397
2020-11-08,"Bolivia","BOL","BO",712,66,142343,8781,NA,NA,NA,NA,"BO",11513102,123.642857142857,141245.142857143,1236.42857142857,0.012268209111423,1.07393174439745e-05,0.000107393174439745
2020-11-09,"Bolivia","BOL","BO",0,0,142343,8781,NA,NA,NA,NA,"BO",11513102,123.642857142857,141368.785714286,1236.42857142857,0.012278948428867,1.07393174439745e-05,0.000107393174439745
2020-11-10,"Bolivia","BOL","BO",0,0,142343,8781,NA,NA,NA,NA,"BO",11513102,123.642857142857,141492.428571429,1236.42857142857,0.012289687746311,1.07393174439745e-05,0.000107393174439745
2020-11-11,"Bolivia","BOL","BO",0,0,142343,8781,NA,NA,NA,NA,"BO",11513102,123.642857142857,141616.071428571,1236.42857142857,0.012300427063755,1.07393174439745e-05,0.000107393174439745
2020-11-12,"Bolivia","BOL","BO",0,0,142343,8781,NA,NA,NA,NA,"BO",11513102,123.642857142857,141739.714285714,1236.42857142857,0.0123111663811989,1.07393174439745e-05,0.000107393174439745
2020-11-13,"Bolivia","BOL","BO",0,0,142343,8781,NA,NA,NA,NA,"BO",11513102,123.642857142857,141863.357142857,1236.42857142857,0.0123219056986429,1.07393174439745e-05,0.000107393174439745
2020-11-14,"Bolivia","BOL","BO",0,0,142343,8781,NA,NA,NA,NA,"BO",11513102,123.642857142857,141987,1236.42857142857,0.0123326450160869,1.07393174439745e-05,0.000107393174439745
2020-11-15,"Bolivia","BOL","BO",726,54,143069,8835,NA,NA,NA,NA,"BO",11513102,102.714285714286,142089.714285714,1027.14285714286,0.0123415665287873,8.92151270042476e-06,8.92151270042476e-05
2020-11-16,"Bolivia","BOL","BO",0,0,143069,8835,NA,NA,NA,NA,"BO",11513102,102.714285714286,142192.428571429,1027.14285714286,0.0123504880414877,8.92151270042476e-06,8.92151270042476e-05
2020-11-17,"Bolivia","BOL","BO",0,0,143069,8835,NA,NA,NA,NA,"BO",11513102,102.714285714286,142295.142857143,1027.14285714286,0.0123594095541882,8.92151270042476e-06,8.92151270042476e-05
2020-11-18,"Bolivia","BOL","BO",0,0,143069,8835,NA,NA,NA,NA,"BO",11513102,102.714285714286,142397.857142857,1027.14285714286,0.0123683310668886,8.92151270042476e-06,8.92151270042476e-05
2020-11-19,"Bolivia","BOL","BO",0,0,143069,8835,NA,NA,NA,NA,"BO",11513102,102.714285714286,142500.571428571,1027.14285714286,0.012377252579589,8.92151270042476e-06,8.92151270042476e-05
2020-11-20,"Bolivia","BOL","BO",0,0,143069,8835,NA,NA,NA,NA,"BO",11513102,102.714285714286,142603.285714286,1027.14285714286,0.0123861740922894,8.92151270042476e-06,8.92151270042476e-05
2020-11-21,"Bolivia","BOL","BO",0,0,143069,8835,NA,NA,NA,NA,"BO",11513102,102.714285714286,142706,1027.14285714286,0.0123950956049899,8.92151270042476e-06,8.92151270042476e-05
2020-11-22,"Bolivia","BOL","BO",785,65,143854,8900,NA,NA,NA,NA,"BO",11513102,107.928571428571,142813.928571429,1079.28571428571,0.0124044700178482,9.374412858374e-06,9.374412858374e-05
2020-11-23,"Bolivia","BOL","BO",0,0,143854,8900,NA,NA,NA,NA,"BO",11513102,107.928571428571,142921.857142857,1079.28571428571,0.0124138444307066,9.374412858374e-06,9.374412858374e-05
2020-11-24,"Bolivia","BOL","BO",0,0,143854,8900,NA,NA,NA,NA,"BO",11513102,107.928571428571,143029.785714286,1079.28571428571,0.012423218843565,9.374412858374e-06,9.374412858374e-05
2020-11-25,"Bolivia","BOL","BO",0,0,143854,8900,NA,NA,NA,NA,"BO",11513102,107.928571428571,143137.714285714,1079.28571428571,0.0124325932564234,9.374412858374e-06,9.374412858374e-05
2020-11-26,"Bolivia","BOL","BO",0,0,143854,8900,NA,NA,NA,NA,"BO",11513102,107.928571428571,143245.642857143,1079.28571428571,0.0124419676692817,9.374412858374e-06,9.374412858374e-05
2020-11-27,"Bolivia","BOL","BO",0,0,143854,8900,NA,NA,NA,NA,"BO",11513102,107.928571428571,143353.571428571,1079.28571428571,0.0124513420821401,9.374412858374e-06,9.374412858374e-05
2020-11-28,"Bolivia","BOL","BO",0,0,143854,8900,NA,NA,NA,NA,"BO",11513102,107.928571428571,143461.5,1079.28571428571,0.0124607164949985,9.374412858374e-06,9.374412858374e-05
2020-11-29,"Bolivia","BOL","BO",640,43,144494,8943,NA,NA,NA,NA,"BO",11513102,101.785714285714,143563.285714286,1017.85714285714,0.0124695573542461,8.84085924763928e-06,8.84085924763928e-05
2020-11-30,"Bolivia","BOL","BO",0,0,144494,8943,NA,NA,NA,NA,"BO",11513102,101.785714285714,143665.071428571,1017.85714285714,0.0124783982134938,8.84085924763928e-06,8.84085924763928e-05
2020-12-01,"Bolivia","BOL","BO",0,0,144494,8943,NA,NA,NA,NA,"BO",11513102,101.785714285714,143766.857142857,1017.85714285714,0.0124872390727414,8.84085924763928e-06,8.84085924763928e-05
2020-12-02,"Bolivia","BOL","BO",0,0,144494,8943,NA,NA,NA,NA,"BO",11513102,101.785714285714,143868.642857143,1017.85714285714,0.012496079931989,8.84085924763928e-06,8.84085924763928e-05
2020-12-03,"Bolivia","BOL","BO",0,0,144494,8943,NA,NA,NA,NA,"BO",11513102,101.785714285714,143970.428571429,1017.85714285714,0.0125049207912367,8.84085924763928e-06,8.84085924763928e-05
2020-12-04,"Bolivia","BOL","BO",0,0,144494,8943,NA,NA,NA,NA,"BO",11513102,101.785714285714,144072.214285714,1017.85714285714,0.0125137616504843,8.84085924763928e-06,8.84085924763928e-05
2020-12-05,"Bolivia","BOL","BO",0,0,144494,8943,NA,NA,NA,NA,"BO",11513102,101.785714285714,144174,1017.85714285714,0.012522602509732,8.84085924763928e-06,8.84085924763928e-05
2020-12-06,"Bolivia","BOL","BO",831,44,145325,8987,NA,NA,NA,NA,"BO",11513102,105.071428571429,144279.071428571,1050.71428571429,0.0125317287581202,9.12624838826483e-06,9.12624838826483e-05
2020-12-07,"Bolivia","BOL","BO",0,0,145325,8987,NA,NA,NA,NA,"BO",11513102,105.071428571429,144384.142857143,1050.71428571429,0.0125408550065085,9.12624838826483e-06,9.12624838826483e-05
2020-12-08,"Bolivia","BOL","BO",0,0,145325,8987,NA,NA,NA,NA,"BO",11513102,105.071428571429,144489.214285714,1050.71428571429,0.0125499812548968,9.12624838826483e-06,9.12624838826483e-05
2020-12-09,"Bolivia","BOL","BO",0,0,145325,8987,NA,NA,NA,NA,"BO",11513102,105.071428571429,144594.285714286,1050.71428571429,0.012559107503285,9.12624838826483e-06,9.12624838826483e-05
2020-12-10,"Bolivia","BOL","BO",0,0,145325,8987,NA,NA,NA,NA,"BO",11513102,105.071428571429,144699.357142857,1050.71428571429,0.0125682337516733,9.12624838826483e-06,9.12624838826483e-05
2020-12-11,"Bolivia","BOL","BO",0,0,145325,8987,NA,NA,NA,NA,"BO",11513102,105.071428571429,144804.428571429,1050.71428571429,0.0125773600000615,9.12624838826483e-06,9.12624838826483e-05
2020-12-12,"Bolivia","BOL","BO",0,0,145325,8987,NA,NA,NA,NA,"BO",11513102,105.071428571429,144909.5,1050.71428571429,0.0125864862484498,9.12624838826483e-06,9.12624838826483e-05
2020-12-13,"Bolivia","BOL","BO",1372,26,146697,9013,NA,NA,NA,NA,"BO",11513102,157.357142857143,145066.857142857,1573.57142857143,0.0126001539066411,1.36676581912627e-05,0.000136676581912627
2020-12-14,"Bolivia","BOL","BO",0,0,146697,9013,NA,NA,NA,NA,"BO",11513102,157.357142857143,145224.214285714,1573.57142857143,0.0126138215648323,1.36676581912627e-05,0.000136676581912627
2020-12-15,"Bolivia","BOL","BO",0,0,146697,9013,NA,NA,NA,NA,"BO",11513102,157.357142857143,145381.571428571,1573.57142857143,0.0126274892230236,1.36676581912627e-05,0.000136676581912627
2020-12-16,"Bolivia","BOL","BO",0,0,146697,9013,NA,NA,NA,NA,"BO",11513102,157.357142857143,145538.928571429,1573.57142857143,0.0126411568812149,1.36676581912627e-05,0.000136676581912627
2020-12-17,"Bolivia","BOL","BO",0,0,146697,9013,NA,NA,NA,NA,"BO",11513102,157.357142857143,145696.285714286,1573.57142857143,0.0126548245394061,1.36676581912627e-05,0.000136676581912627
2020-12-18,"Bolivia","BOL","BO",0,0,146697,9013,NA,NA,NA,NA,"BO",11513102,157.357142857143,145853.642857143,1573.57142857143,0.0126684921975974,1.36676581912627e-05,0.000136676581912627
2020-12-19,"Bolivia","BOL","BO",0,0,146697,9013,NA,NA,NA,NA,"BO",11513102,157.357142857143,146011,1573.57142857143,0.0126821598557886,1.36676581912627e-05,0.000136676581912627
2020-12-20,"Bolivia","BOL","BO",2452,20,149149,9033,NA,NA,NA,NA,"BO",11513102,273.142857142857,146284.142857143,2731.42857142857,0.0127058843791311,2.37245233424369e-05,0.000237245233424369
2020-12-21,"Bolivia","BOL","BO",0,0,149149,9033,NA,NA,NA,NA,"BO",11513102,273.142857142857,146557.285714286,2731.42857142857,0.0127296089024735,2.37245233424369e-05,0.000237245233424369
2020-12-22,"Bolivia","BOL","BO",0,0,149149,9033,NA,NA,NA,NA,"BO",11513102,273.142857142857,146830.428571429,2731.42857142857,0.012753333425816,2.37245233424369e-05,0.000237245233424369
2020-12-23,"Bolivia","BOL","BO",0,0,149149,9033,NA,NA,NA,NA,"BO",11513102,273.142857142857,147103.571428571,2731.42857142857,0.0127770579491584,2.37245233424369e-05,0.000237245233424369
2020-12-24,"Bolivia","BOL","BO",0,0,149149,9033,NA,NA,NA,NA,"BO",11513102,273.142857142857,147376.714285714,2731.42857142857,0.0128007824725008,2.37245233424369e-05,0.000237245233424369
2020-12-25,"Bolivia","BOL","BO",0,0,149149,9033,NA,NA,NA,NA,"BO",11513102,273.142857142857,147649.857142857,2731.42857142857,0.0128245069958433,2.37245233424369e-05,0.000237245233424369
2020-12-26,"Bolivia","BOL","BO",0,0,149149,9033,NA,NA,NA,NA,"BO",11513102,273.142857142857,147923,2731.42857142857,0.0128482315191857,2.37245233424369e-05,0.000237245233424369
2020-12-27,"Bolivia","BOL","BO",4441,50,153590,9083,NA,NA,NA,NA,"BO",11513102,492.357142857143,148415.357142857,4923.57142857143,0.0128909964614973,4.27649423115632e-05,0.000427649423115632
2020-12-28,"Bolivia","BOL","BO",0,0,153590,9083,NA,NA,NA,NA,"BO",11513102,492.357142857143,148907.714285714,4923.57142857143,0.0129337614038088,4.27649423115632e-05,0.000427649423115632
2020-12-29,"Bolivia","BOL","BO",0,0,153590,9083,NA,NA,NA,NA,"BO",11513102,492.357142857143,149400.071428571,4923.57142857143,0.0129765263461204,4.27649423115632e-05,0.000427649423115632
2020-12-30,"Bolivia","BOL","BO",0,0,153590,9083,NA,NA,NA,NA,"BO",11513102,492.357142857143,149892.428571429,4923.57142857143,0.013019291288432,4.27649423115632e-05,0.000427649423115632
2020-12-31,"Bolivia","BOL","BO",0,0,153590,9083,NA,NA,NA,NA,"BO",11513102,492.357142857143,150384.785714286,4923.57142857143,0.0130620562307435,4.27649423115632e-05,0.000427649423115632
2021-01-01,"Bolivia","BOL","BO",0,0,153590,9083,NA,NA,NA,NA,"BO",11513102,492.357142857143,150877.142857143,4923.57142857143,0.0131048211730551,4.27649423115632e-05,0.000427649423115632
2021-01-02,"Bolivia","BOL","BO",0,0,153590,9083,NA,NA,NA,NA,"BO",11513102,492.357142857143,151369.5,4923.57142857143,0.0131475861153666,4.27649423115632e-05,0.000427649423115632
2021-01-03,"Bolivia","BOL","BO",7395,92,160985,9175,NA,NA,NA,NA,"BO",11513102,845.428571428571,152214.928571429,8454.28571428571,0.013221017982072,7.34318667053042e-05,0.000734318667053042
2021-01-04,"Bolivia","BOL","BO",0,0,160985,9175,NA,NA,NA,NA,"BO",11513102,845.428571428571,153060.357142857,8454.28571428571,0.0132944498487773,7.34318667053042e-05,0.000734318667053042
2021-01-05,"Bolivia","BOL","BO",0,0,160985,9175,NA,NA,NA,NA,"BO",11513102,845.428571428571,153905.785714286,8454.28571428571,0.0133678817154826,7.34318667053042e-05,0.000734318667053042
2021-01-06,"Bolivia","BOL","BO",0,0,160985,9175,NA,NA,NA,NA,"BO",11513102,845.428571428571,154751.214285714,8454.28571428571,0.0134413135821879,7.34318667053042e-05,0.000734318667053042
2021-01-07,"Bolivia","BOL","BO",0,0,160985,9175,NA,NA,NA,NA,"BO",11513102,845.428571428571,155596.642857143,8454.28571428571,0.0135147454488932,7.34318667053042e-05,0.000734318667053042
2021-01-08,"Bolivia","BOL","BO",0,0,160985,9175,NA,NA,NA,NA,"BO",11513102,845.428571428571,156442.071428571,8454.28571428571,0.0135881773155985,7.34318667053042e-05,0.000734318667053042
2021-01-09,"Bolivia","BOL","BO",0,0,160985,9175,NA,NA,NA,NA,"BO",11513102,845.428571428571,157287.5,8454.28571428571,0.0136616091823038,7.34318667053042e-05,0.000734318667053042
2021-01-10,"Bolivia","BOL","BO",10169,153,171154,9328,NA,NA,NA,NA,"BO",11513102,1254.57142857143,158542.071428571,12545.7142857143,0.0137705782011287,0.000108969018824938,0.00108969018824938
2021-01-11,"Bolivia","BOL","BO",0,0,171154,9328,NA,NA,NA,NA,"BO",11513102,1254.57142857143,159796.642857143,12545.7142857143,0.0138795472199537,0.000108969018824938,0.00108969018824938
2021-01-12,"Bolivia","BOL","BO",0,0,171154,9328,NA,NA,NA,NA,"BO",11513102,1254.57142857143,161051.214285714,12545.7142857143,0.0139885162387786,0.000108969018824938,0.00108969018824938
2021-01-13,"Bolivia","BOL","BO",0,0,171154,9328,NA,NA,NA,NA,"BO",11513102,1254.57142857143,162305.785714286,12545.7142857143,0.0140974852576035,0.000108969018824938,0.00108969018824938
2021-01-14,"Bolivia","BOL","BO",0,0,171154,9328,NA,NA,NA,NA,"BO",11513102,1254.57142857143,163560.357142857,12545.7142857143,0.0142064542764285,0.000108969018824938,0.00108969018824938
2021-01-15,"Bolivia","BOL","BO",0,0,171154,9328,NA,NA,NA,NA,"BO",11513102,1254.57142857143,164814.928571429,12545.7142857143,0.0143154232952534,0.000108969018824938,0.00108969018824938
2021-01-16,"Bolivia","BOL","BO",0,0,171154,9328,NA,NA,NA,NA,"BO",11513102,1254.57142857143,166069.5,12545.7142857143,0.0144243923140783,0.000108969018824938,0.00108969018824938
2021-01-17,"Bolivia","BOL","BO",12435,243,183589,9571,NA,NA,NA,NA,"BO",11513102,1614.57142857143,167684.071428571,16145.7142857143,0.014564630056137,0.000140237742058694,0.00140237742058694
2021-01-18,"Bolivia","BOL","BO",0,0,183589,9571,NA,NA,NA,NA,"BO",11513102,1614.57142857143,169298.642857143,16145.7142857143,0.0147048677981957,0.000140237742058694,0.00140237742058694
2021-01-19,"Bolivia","BOL","BO",0,0,183589,9571,NA,NA,NA,NA,"BO",11513102,1614.57142857143,170913.214285714,16145.7142857143,0.0148451055402544,0.000140237742058694,0.00140237742058694
2021-01-20,"Bolivia","BOL","BO",0,0,183589,9571,NA,NA,NA,NA,"BO",11513102,1614.57142857143,172527.785714286,16145.7142857143,0.0149853432823131,0.000140237742058694,0.00140237742058694
2021-01-21,"Bolivia","BOL","BO",0,0,183589,9571,NA,NA,NA,NA,"BO",11513102,1614.57142857143,174142.357142857,16145.7142857143,0.0151255810243718,0.000140237742058694,0.00140237742058694
2021-01-22,"Bolivia","BOL","BO",0,0,183589,9571,NA,NA,NA,NA,"BO",11513102,1614.57142857143,175756.928571429,16145.7142857143,0.0152658187664305,0.000140237742058694,0.00140237742058694
2021-01-23,"Bolivia","BOL","BO",0,0,183589,9571,NA,NA,NA,NA,"BO",11513102,1614.57142857143,177371.5,16145.7142857143,0.0154060565084892,0.000140237742058694,0.00140237742058694
2021-01-24,"Bolivia","BOL","BO",14668,300,198257,9871,NA,NA,NA,NA,"BO",11513102,1935.92857142857,179307.428571429,19359.2857142857,0.0155742065493234,0.000168150040834223,0.00168150040834223
2021-01-25,"Bolivia","BOL","BO",0,0,198257,9871,NA,NA,NA,NA,"BO",11513102,1935.92857142857,181243.357142857,19359.2857142857,0.0157423565901576,0.000168150040834223,0.00168150040834223
2021-01-26,"Bolivia","BOL","BO",0,0,198257,9871,NA,NA,NA,NA,"BO",11513102,1935.92857142857,183179.285714286,19359.2857142857,0.0159105066309919,0.000168150040834223,0.00168150040834223
2021-01-27,"Bolivia","BOL","BO",0,0,198257,9871,NA,NA,NA,NA,"BO",11513102,1935.92857142857,185115.214285714,19359.2857142857,0.0160786566718261,0.000168150040834223,0.00168150040834223
2021-01-28,"Bolivia","BOL","BO",0,0,198257,9871,NA,NA,NA,NA,"BO",11513102,1935.92857142857,187051.142857143,19359.2857142857,0.0162468067126603,0.000168150040834223,0.00168150040834223
2021-01-29,"Bolivia","BOL","BO",0,0,198257,9871,NA,NA,NA,NA,"BO",11513102,1935.92857142857,188987.071428571,19359.2857142857,0.0164149567534945,0.000168150040834223,0.00168150040834223
2021-01-30,"Bolivia","BOL","BO",0,0,198257,9871,NA,NA,NA,NA,"BO",11513102,1935.92857142857,190923,19359.2857142857,0.0165831067943288,0.000168150040834223,0.00168150040834223
2021-01-31,"Bolivia","BOL","BO",15135,355,213392,10226,NA,NA,NA,NA,"BO",11513102,2128.78571428571,193051.785714286,21287.8571428571,0.0167680079368953,0.000184901142566592,0.00184901142566592
2021-02-01,"Bolivia","BOL","BO",0,0,213392,10226,NA,NA,NA,NA,"BO",11513102,2128.78571428571,195180.571428571,21287.8571428571,0.0169529090794619,0.000184901142566592,0.00184901142566592
2021-02-02,"Bolivia","BOL","BO",0,0,213392,10226,NA,NA,NA,NA,"BO",11513102,2128.78571428571,197309.357142857,21287.8571428571,0.0171378102220285,0.000184901142566592,0.00184901142566592
2021-02-03,"Bolivia","BOL","BO",0,0,213392,10226,NA,NA,NA,NA,"BO",11513102,2128.78571428571,199438.142857143,21287.8571428571,0.0173227113645951,0.000184901142566592,0.00184901142566592
2021-02-04,"Bolivia","BOL","BO",0,0,213392,10226,NA,NA,NA,NA,"BO",11513102,2128.78571428571,201566.928571429,21287.8571428571,0.0175076125071617,0.000184901142566592,0.00184901142566592
2021-02-05,"Bolivia","BOL","BO",0,0,213392,10226,NA,NA,NA,NA,"BO",11513102,2128.78571428571,203695.714285714,21287.8571428571,0.0176925136497283,0.000184901142566592,0.00184901142566592
2021-02-06,"Bolivia","BOL","BO",0,0,213392,10226,NA,NA,NA,NA,"BO",11513102,2128.78571428571,205824.5,21287.8571428571,0.0178774147922949,0.000184901142566592,0.00184901142566592
2021-02-07,"Bolivia","BOL","BO",12518,461,225910,10687,NA,NA,NA,NA,"BO",11513102,1975.21428571429,207799.714285714,19752.1428571429,0.0180489770945931,0.000171562302298224,0.00171562302298224
2021-02-08,"Bolivia","BOL","BO",0,0,225910,10687,NA,NA,NA,NA,"BO",11513102,1975.21428571429,209774.928571429,19752.1428571429,0.0182205393968913,0.000171562302298224,0.00171562302298224
2021-02-09,"Bolivia","BOL","BO",0,0,225910,10687,NA,NA,NA,NA,"BO",11513102,1975.21428571429,211750.142857143,19752.1428571429,0.0183921016991896,0.000171562302298224,0.00171562302298224
2021-02-10,"Bolivia","BOL","BO",0,0,225910,10687,NA,NA,NA,NA,"BO",11513102,1975.21428571429,213725.357142857,19752.1428571429,0.0185636640014878,0.000171562302298224,0.00171562302298224
2021-02-11,"Bolivia","BOL","BO",0,0,225910,10687,NA,NA,NA,NA,"BO",11513102,1975.21428571429,215700.571428571,19752.1428571429,0.018735226303786,0.000171562302298224,0.00171562302298224
2021-02-12,"Bolivia","BOL","BO",0,0,225910,10687,NA,NA,NA,NA,"BO",11513102,1975.21428571429,217675.785714286,19752.1428571429,0.0189067886060842,0.000171562302298224,0.00171562302298224
2021-02-13,"Bolivia","BOL","BO",0,0,225910,10687,NA,NA,NA,NA,"BO",11513102,1975.21428571429,219651,19752.1428571429,0.0190783509083825,0.000171562302298224,0.00171562302298224
2021-02-14,"Bolivia","BOL","BO",9188,420,235098,11107,NA,NA,NA,NA,"BO",11513102,1550.42857142857,221201.428571429,15504.2857142857,0.0192130173580872,0.000134666449704743,0.00134666449704743
2021-02-15,"Bolivia","BOL","BO",0,0,235098,11107,NA,NA,NA,NA,"BO",11513102,1550.42857142857,222751.857142857,15504.2857142857,0.019347683807792,0.000134666449704743,0.00134666449704743
2021-02-16,"Bolivia","BOL","BO",0,0,235098,11107,NA,NA,NA,NA,"BO",11513102,1550.42857142857,224302.285714286,15504.2857142857,0.0194823502574967,0.000134666449704743,0.00134666449704743
2021-02-17,"Bolivia","BOL","BO",0,0,235098,11107,NA,NA,NA,NA,"BO",11513102,1550.42857142857,225852.714285714,15504.2857142857,0.0196170167072014,0.000134666449704743,0.00134666449704743
2021-02-18,"Bolivia","BOL","BO",0,0,235098,11107,NA,NA,NA,NA,"BO",11513102,1550.42857142857,227403.142857143,15504.2857142857,0.0197516831569062,0.000134666449704743,0.00134666449704743
2021-02-19,"Bolivia","BOL","BO",0,0,235098,11107,NA,NA,NA,NA,"BO",11513102,1550.42857142857,228953.571428571,15504.2857142857,0.0198863496066109,0.000134666449704743,0.00134666449704743
2021-02-20,"Bolivia","BOL","BO",0,0,235098,11107,NA,NA,NA,NA,"BO",11513102,1550.42857142857,230504,15504.2857142857,0.0200210160563157,0.000134666449704743,0.00134666449704743
2021-02-21,"Bolivia","BOL","BO",5578,283,240676,11390,NA,NA,NA,NA,"BO",11513102,1054.71428571429,231558.714285714,10547.1428571429,0.0201126259704565,9.16099141408011e-05,0.000916099141408011
2021-02-22,"Bolivia","BOL","BO",0,0,240676,11390,NA,NA,NA,NA,"BO",11513102,1054.71428571429,232613.428571429,10547.1428571429,0.0202042358845973,9.16099141408011e-05,0.000916099141408011
2021-02-23,"Bolivia","BOL","BO",0,0,240676,11390,NA,NA,NA,NA,"BO",11513102,1054.71428571429,233668.142857143,10547.1428571429,0.0202958457987381,9.16099141408011e-05,0.000916099141408011
2021-02-24,"Bolivia","BOL","BO",0,0,240676,11390,NA,NA,NA,NA,"BO",11513102,1054.71428571429,234722.857142857,10547.1428571429,0.0203874557128789,9.16099141408011e-05,0.000916099141408011
2021-02-25,"Bolivia","BOL","BO",0,0,240676,11390,NA,NA,NA,NA,"BO",11513102,1054.71428571429,235777.571428571,10547.1428571429,0.0204790656270197,9.16099141408011e-05,0.000916099141408011
2021-02-26,"Bolivia","BOL","BO",0,0,240676,11390,NA,NA,NA,NA,"BO",11513102,1054.71428571429,236832.285714286,10547.1428571429,0.0205706755411605,9.16099141408011e-05,0.000916099141408011
2021-02-27,"Bolivia","BOL","BO",0,0,240676,11390,NA,NA,NA,NA,"BO",11513102,1054.71428571429,237887,10547.1428571429,0.0206622854553013,9.16099141408011e-05,0.000916099141408011
2021-02-28,"Bolivia","BOL","BO",7215,219,247891,11609,NA,NA,NA,NA,"BO",11513102,913.785714285714,238800.785714286,9137.85714285714,0.0207416546569539,7.93692016526662e-05,0.000793692016526662
2021-03-01,"Bolivia","BOL","BO",0,0,247891,11609,NA,NA,NA,NA,"BO",11513102,913.785714285714,239714.571428571,9137.85714285714,0.0208210238586066,7.93692016526662e-05,0.000793692016526662
2021-03-02,"Bolivia","BOL","BO",0,0,247891,11609,NA,NA,NA,NA,"BO",11513102,913.785714285714,240628.357142857,9137.85714285714,0.0209003930602593,7.93692016526662e-05,0.000793692016526662
2021-03-03,"Bolivia","BOL","BO",0,0,247891,11609,NA,NA,NA,NA,"BO",11513102,913.785714285714,241542.142857143,9137.85714285714,0.0209797622619119,7.93692016526662e-05,0.000793692016526662
2021-03-04,"Bolivia","BOL","BO",0,0,247891,11609,NA,NA,NA,NA,"BO",11513102,913.785714285714,242455.928571429,9137.85714285714,0.0210591314635646,7.93692016526662e-05,0.000793692016526662
2021-03-05,"Bolivia","BOL","BO",0,0,247891,11609,NA,NA,NA,NA,"BO",11513102,913.785714285714,243369.714285714,9137.85714285714,0.0211385006652173,7.93692016526662e-05,0.000793692016526662
2021-03-06,"Bolivia","BOL","BO",0,0,247891,11609,NA,NA,NA,NA,"BO",11513102,913.785714285714,244283.5,9137.85714285714,0.0212178698668699,7.93692016526662e-05,0.000793692016526662
2021-03-07,"Bolivia","BOL","BO",5406,180,253297,11789,NA,NA,NA,NA,"BO",11513102,901.5,245185,9015,0.0212961719613011,7.83020944311967e-05,0.000783020944311967
2021-03-08,"Bolivia","BOL","BO",0,0,253297,11789,NA,NA,NA,NA,"BO",11513102,901.5,246086.5,9015,0.0213744740557323,7.83020944311967e-05,0.000783020944311967
2021-03-09,"Bolivia","BOL","BO",0,0,253297,11789,NA,NA,NA,NA,"BO",11513102,901.5,246988,9015,0.0214527761501635,7.83020944311967e-05,0.000783020944311967
2021-03-10,"Bolivia","BOL","BO",0,0,253297,11789,NA,NA,NA,NA,"BO",11513102,901.5,247889.5,9015,0.0215310782445947,7.83020944311967e-05,0.000783020944311967
2021-03-11,"Bolivia","BOL","BO",0,0,253297,11789,NA,NA,NA,NA,"BO",11513102,901.5,248791,9015,0.0216093803390259,7.83020944311967e-05,0.000783020944311967
2021-03-12,"Bolivia","BOL","BO",0,0,253297,11789,NA,NA,NA,NA,"BO",11513102,901.5,249692.5,9015,0.0216876824334571,7.83020944311967e-05,0.000783020944311967
2021-03-13,"Bolivia","BOL","BO",0,0,253297,11789,NA,NA,NA,NA,"BO",11513102,901.5,250594,9015,0.0217659845278883,7.83020944311967e-05,0.000783020944311967
2021-03-14,"Bolivia","BOL","BO",5027,114,258324,11903,NA,NA,NA,NA,"BO",11513102,745.214285714286,251339.214285714,7452.14285714286,0.0218307120258045,6.4727497916225e-05,0.00064727497916225
2021-03-15,"Bolivia","BOL","BO",0,0,258324,11903,NA,NA,NA,NA,"BO",11513102,745.214285714286,252084.428571429,7452.14285714286,0.0218954395237208,6.4727497916225e-05,0.00064727497916225
2021-03-16,"Bolivia","BOL","BO",0,0,258324,11903,NA,NA,NA,NA,"BO",11513102,745.214285714286,252829.642857143,7452.14285714286,0.021960167021637,6.4727497916225e-05,0.00064727497916225
2021-03-17,"Bolivia","BOL","BO",0,0,258324,11903,NA,NA,NA,NA,"BO",11513102,745.214285714286,253574.857142857,7452.14285714286,0.0220248945195532,6.4727497916225e-05,0.00064727497916225
2021-03-18,"Bolivia","BOL","BO",0,0,258324,11903,NA,NA,NA,NA,"BO",11513102,745.214285714286,254320.071428571,7452.14285714286,0.0220896220174694,6.4727497916225e-05,0.00064727497916225
2021-03-19,"Bolivia","BOL","BO",0,0,258324,11903,NA,NA,NA,NA,"BO",11513102,745.214285714286,255065.285714286,7452.14285714286,0.0221543495153857,6.4727497916225e-05,0.00064727497916225
2021-03-20,"Bolivia","BOL","BO",0,0,258324,11903,NA,NA,NA,NA,"BO",11513102,745.214285714286,255810.5,7452.14285714286,0.0222190770133019,6.4727497916225e-05,0.00064727497916225
2021-03-21,"Bolivia","BOL","BO",5484,138,263808,12041,NA,NA,NA,NA,"BO",11513102,750.785714285714,256561.285714286,7507.85714285714,0.0222842884319348,6.52114186329379e-05,0.000652114186329379
2021-03-22,"Bolivia","BOL","BO",0,0,263808,12041,NA,NA,NA,NA,"BO",11513102,750.785714285714,257312.071428571,7507.85714285714,0.0223494998505678,6.52114186329379e-05,0.000652114186329379
2021-03-23,"Bolivia","BOL","BO",0,0,263808,12041,NA,NA,NA,NA,"BO",11513102,750.785714285714,258062.857142857,7507.85714285714,0.0224147112692007,6.52114186329379e-05,0.000652114186329379
2021-03-24,"Bolivia","BOL","BO",0,0,263808,12041,NA,NA,NA,NA,"BO",11513102,750.785714285714,258813.642857143,7507.85714285714,0.0224799226878336,6.52114186329379e-05,0.000652114186329379
2021-03-25,"Bolivia","BOL","BO",0,0,263808,12041,NA,NA,NA,NA,"BO",11513102,750.785714285714,259564.428571429,7507.85714285714,0.0225451341064666,6.52114186329379e-05,0.000652114186329379
2021-03-26,"Bolivia","BOL","BO",0,0,263808,12041,NA,NA,NA,NA,"BO",11513102,750.785714285714,260315.214285714,7507.85714285714,0.0226103455250995,6.52114186329379e-05,0.000652114186329379
2021-03-27,"Bolivia","BOL","BO",0,0,263808,12041,NA,NA,NA,NA,"BO",11513102,750.785714285714,261066,7507.85714285714,0.0226755569437325,6.52114186329379e-05,0.000652114186329379
2021-03-28,"Bolivia","BOL","BO",4903,102,268711,12143,NA,NA,NA,NA,"BO",11513102,741.928571428571,261807.928571429,7419.28571428571,0.0227399990525081,6.44421087755994e-05,0.000644421087755994
2021-03-29,"Bolivia","BOL","BO",0,0,268711,12143,NA,NA,NA,NA,"BO",11513102,741.928571428571,262549.857142857,7419.28571428571,0.0228044411612837,6.44421087755994e-05,0.000644421087755994
2021-03-30,"Bolivia","BOL","BO",0,0,268711,12143,NA,NA,NA,NA,"BO",11513102,741.928571428571,263291.785714286,7419.28571428571,0.0228688832700593,6.44421087755994e-05,0.000644421087755994
2021-03-31,"Bolivia","BOL","BO",0,0,268711,12143,NA,NA,NA,NA,"BO",11513102,741.928571428571,264033.714285714,7419.28571428571,0.0229333253788348,6.44421087755994e-05,0.000644421087755994
2021-04-01,"Bolivia","BOL","BO",0,0,268711,12143,NA,NA,NA,NA,"BO",11513102,741.928571428571,264775.642857143,7419.28571428571,0.0229977674876105,6.44421087755994e-05,0.000644421087755994
2021-04-02,"Bolivia","BOL","BO",0,0,268711,12143,NA,NA,NA,NA,"BO",11513102,741.928571428571,265517.571428571,7419.28571428571,0.023062209596386,6.44421087755994e-05,0.000644421087755994
2021-04-03,"Bolivia","BOL","BO",0,0,268711,12143,NA,NA,NA,NA,"BO",11513102,741.928571428571,266259.5,7419.28571428571,0.0231266517051616,6.44421087755994e-05,0.000644421087755994
2021-04-04,"Bolivia","BOL","BO",5236,162,273947,12305,NA,NA,NA,NA,"BO",11513102,724.214285714286,266983.714285714,7242.14285714286,0.0231895551942226,6.29034890609226e-05,0.000629034890609226
2021-04-05,"Bolivia","BOL","BO",0,0,273947,12305,NA,NA,NA,NA,"BO",11513102,724.214285714286,267707.928571429,7242.14285714286,0.0232524586832835,6.29034890609226e-05,0.000629034890609226
2021-04-06,"Bolivia","BOL","BO",0,0,273947,12305,NA,NA,NA,NA,"BO",11513102,724.214285714286,268432.142857143,7242.14285714286,0.0233153621723444,6.29034890609226e-05,0.000629034890609226
2021-04-07,"Bolivia","BOL","BO",0,0,273947,12305,NA,NA,NA,NA,"BO",11513102,724.214285714286,269156.357142857,7242.14285714286,0.0233782656614053,6.29034890609226e-05,0.000629034890609226
2021-04-08,"Bolivia","BOL","BO",0,0,273947,12305,NA,NA,NA,NA,"BO",11513102,724.214285714286,269880.571428571,7242.14285714286,0.0234411691504663,6.29034890609226e-05,0.000629034890609226
2021-04-09,"Bolivia","BOL","BO",0,0,273947,12305,NA,NA,NA,NA,"BO",11513102,724.214285714286,270604.785714286,7242.14285714286,0.0235040726395272,6.29034890609226e-05,0.000629034890609226
2021-04-10,"Bolivia","BOL","BO",0,0,273947,12305,NA,NA,NA,NA,"BO",11513102,724.214285714286,271329,7242.14285714286,0.0235669761285881,6.29034890609226e-05,0.000629034890609226
2021-04-11,"Bolivia","BOL","BO",6702,123,280649,12428,NA,NA,NA,NA,"BO",11513102,852.714285714286,272181.714285714,8527.14285714286,0.0236410408146922,7.40646861040826e-05,0.000740646861040826
2021-04-12,"Bolivia","BOL","BO",0,0,280649,12428,NA,NA,NA,NA,"BO",11513102,852.714285714286,273034.428571429,8527.14285714286,0.0237151055007963,7.40646861040826e-05,0.000740646861040826
2021-04-13,"Bolivia","BOL","BO",0,0,280649,12428,NA,NA,NA,NA,"BO",11513102,852.714285714286,273887.142857143,8527.14285714286,0.0237891701869004,7.40646861040826e-05,0.000740646861040826
2021-04-14,"Bolivia","BOL","BO",0,0,280649,12428,NA,NA,NA,NA,"BO",11513102,852.714285714286,274739.857142857,8527.14285714286,0.0238632348730044,7.40646861040826e-05,0.000740646861040826
2021-04-15,"Bolivia","BOL","BO",0,0,280649,12428,NA,NA,NA,NA,"BO",11513102,852.714285714286,275592.571428571,8527.14285714286,0.0239372995591085,7.40646861040826e-05,0.000740646861040826
2021-04-16,"Bolivia","BOL","BO",0,0,280649,12428,NA,NA,NA,NA,"BO",11513102,852.714285714286,276445.285714286,8527.14285714286,0.0240113642452126,7.40646861040826e-05,0.000740646861040826
2021-04-17,"Bolivia","BOL","BO",0,0,280649,12428,NA,NA,NA,NA,"BO",11513102,852.714285714286,277298,8527.14285714286,0.0240854289313167,7.40646861040826e-05,0.000740646861040826
2021-04-18,"Bolivia","BOL","BO",6711,197,287360,12625,NA,NA,NA,NA,"BO",11513102,958.071428571429,278256.071428571,9580.71428571429,0.024168644682256,8.32157509393584e-05,0.000832157509393584
2021-04-19,"Bolivia","BOL","BO",0,0,287360,12625,NA,NA,NA,NA,"BO",11513102,958.071428571429,279214.142857143,9580.71428571429,0.0242518604331954,8.32157509393584e-05,0.000832157509393584
2021-04-20,"Bolivia","BOL","BO",0,0,287360,12625,NA,NA,NA,NA,"BO",11513102,958.071428571429,280172.214285714,9580.71428571429,0.0243350761841348,8.32157509393584e-05,0.000832157509393584
2021-04-21,"Bolivia","BOL","BO",0,0,287360,12625,NA,NA,NA,NA,"BO",11513102,958.071428571429,281130.285714286,9580.71428571429,0.0244182919350741,8.32157509393584e-05,0.000832157509393584
2021-04-22,"Bolivia","BOL","BO",0,0,287360,12625,NA,NA,NA,NA,"BO",11513102,958.071428571429,282088.357142857,9580.71428571429,0.0245015076860135,8.32157509393584e-05,0.000832157509393584
2021-04-23,"Bolivia","BOL","BO",0,0,287360,12625,NA,NA,NA,NA,"BO",11513102,958.071428571429,283046.428571429,9580.71428571429,0.0245847234369528,8.32157509393584e-05,0.000832157509393584
2021-04-24,"Bolivia","BOL","BO",0,0,287360,12625,NA,NA,NA,NA,"BO",11513102,958.071428571429,284004.5,9580.71428571429,0.0246679391878922,8.32157509393584e-05,0.000832157509393584
2021-04-25,"Bolivia","BOL","BO",8532,158,295892,12783,NA,NA,NA,NA,"BO",11513102,1088.78571428571,285093.285714286,10887.8571428571,0.0247625084633391,9.4569275446853e-05,0.00094569275446853
2021-04-26,"Bolivia","BOL","BO",0,0,295892,12783,NA,NA,NA,NA,"BO",11513102,1088.78571428571,286182.071428571,10887.8571428571,0.0248570777387859,9.4569275446853e-05,0.00094569275446853
2021-04-27,"Bolivia","BOL","BO",0,0,295892,12783,NA,NA,NA,NA,"BO",11513102,1088.78571428571,287270.857142857,10887.8571428571,0.0249516470142328,9.4569275446853e-05,0.00094569275446853
2021-04-28,"Bolivia","BOL","BO",0,0,295892,12783,NA,NA,NA,NA,"BO",11513102,1088.78571428571,288359.642857143,10887.8571428571,0.0250462162896796,9.4569275446853e-05,0.00094569275446853
2021-04-29,"Bolivia","BOL","BO",0,0,295892,12783,NA,NA,NA,NA,"BO",11513102,1088.78571428571,289448.428571429,10887.8571428571,0.0251407855651265,9.4569275446853e-05,0.00094569275446853
2021-04-30,"Bolivia","BOL","BO",0,0,295892,12783,NA,NA,NA,NA,"BO",11513102,1088.78571428571,290537.214285714,10887.8571428571,0.0252353548405733,9.4569275446853e-05,0.00094569275446853
2021-05-01,"Bolivia","BOL","BO",0,0,295892,12783,NA,NA,NA,NA,"BO",11513102,1088.78571428571,291626,10887.8571428571,0.0253299241160202,9.4569275446853e-05,0.00094569275446853
2021-05-02,"Bolivia","BOL","BO",9702,192,305594,12975,NA,NA,NA,NA,"BO",11513102,1302.42857142857,292928.428571429,13024.2857142857,0.0254430498897194,0.000113125773699266,0.00113125773699266
2021-05-03,"Bolivia","BOL","BO",0,0,305594,12975,NA,NA,NA,NA,"BO",11513102,1302.42857142857,294230.857142857,13024.2857142857,0.0255561756634187,0.000113125773699266,0.00113125773699266
2021-05-04,"Bolivia","BOL","BO",0,0,305594,12975,NA,NA,NA,NA,"BO",11513102,1302.42857142857,295533.285714286,13024.2857142857,0.025669301437118,0.000113125773699266,0.00113125773699266
2021-05-05,"Bolivia","BOL","BO",0,0,305594,12975,NA,NA,NA,NA,"BO",11513102,1302.42857142857,296835.714285714,13024.2857142857,0.0257824272108172,0.000113125773699266,0.00113125773699266
2021-05-06,"Bolivia","BOL","BO",0,0,305594,12975,NA,NA,NA,NA,"BO",11513102,1302.42857142857,298138.142857143,13024.2857142857,0.0258955529845165,0.000113125773699266,0.00113125773699266
2021-05-07,"Bolivia","BOL","BO",0,0,305594,12975,NA,NA,NA,NA,"BO",11513102,1302.42857142857,299440.571428571,13024.2857142857,0.0260086787582158,0.000113125773699266,0.00113125773699266
2021-05-08,"Bolivia","BOL","BO",0,0,305594,12975,NA,NA,NA,NA,"BO",11513102,1302.42857142857,300743,13024.2857142857,0.026121804531915,0.000113125773699266,0.00113125773699266
2021-05-09,"Bolivia","BOL","BO",10559,207,316153,13182,NA,NA,NA,NA,"BO",11513102,1447.21428571429,302190.214285714,14472.1428571429,0.0262475060401371,0.000125701508222049,0.00125701508222049
2021-05-10,"Bolivia","BOL","BO",0,0,316153,13182,NA,NA,NA,NA,"BO",11513102,1447.21428571429,303637.428571429,14472.1428571429,0.0263732075483591,0.000125701508222049,0.00125701508222049
2021-05-11,"Bolivia","BOL","BO",0,0,316153,13182,NA,NA,NA,NA,"BO",11513102,1447.21428571429,305084.642857143,14472.1428571429,0.0264989090565812,0.000125701508222049,0.00125701508222049
2021-05-12,"Bolivia","BOL","BO",0,0,316153,13182,NA,NA,NA,NA,"BO",11513102,1447.21428571429,306531.857142857,14472.1428571429,0.0266246105648032,0.000125701508222049,0.00125701508222049
2021-05-13,"Bolivia","BOL","BO",0,0,316153,13182,NA,NA,NA,NA,"BO",11513102,1447.21428571429,307979.071428571,14472.1428571429,0.0267503120730253,0.000125701508222049,0.00125701508222049
2021-05-14,"Bolivia","BOL","BO",0,0,316153,13182,NA,NA,NA,NA,"BO",11513102,1447.21428571429,309426.285714286,14472.1428571429,0.0268760135812473,0.000125701508222049,0.00125701508222049
2021-05-15,"Bolivia","BOL","BO",0,0,316153,13182,NA,NA,NA,NA,"BO",11513102,1447.21428571429,310873.5,14472.1428571429,0.0270017150894694,0.000125701508222049,0.00125701508222049
2021-05-16,"Bolivia","BOL","BO",13580,269,329733,13451,NA,NA,NA,NA,"BO",11513102,1724.21428571429,312597.714285714,17242.1428571429,0.0271514761430685,0.000149761053599133,0.00149761053599133
2021-05-17,"Bolivia","BOL","BO",0,0,329733,13451,NA,NA,NA,NA,"BO",11513102,1724.21428571429,314321.928571429,17242.1428571429,0.0273012371966676,0.000149761053599133,0.00149761053599133
2021-05-18,"Bolivia","BOL","BO",0,0,329733,13451,NA,NA,NA,NA,"BO",11513102,1724.21428571429,316046.142857143,17242.1428571429,0.0274509982502668,0.000149761053599133,0.00149761053599133
2021-05-19,"Bolivia","BOL","BO",0,0,329733,13451,NA,NA,NA,NA,"BO",11513102,1724.21428571429,317770.357142857,17242.1428571429,0.0276007593038659,0.000149761053599133,0.00149761053599133
2021-05-20,"Bolivia","BOL","BO",0,0,329733,13451,NA,NA,NA,NA,"BO",11513102,1724.21428571429,319494.571428571,17242.1428571429,0.027750520357465,0.000149761053599133,0.00149761053599133
2021-05-21,"Bolivia","BOL","BO",0,0,329733,13451,148.642857142857,1532.5,NA,NA,"BO",11513102,1724.21428571429,321218.785714286,17242.1428571429,0.0279002814110642,0.000149761053599133,0.00149761053599133
2021-05-22,"Bolivia","BOL","BO",0,0,329733,13451,153.428571428571,1601.35714285714,NA,NA,"BO",11513102,1724.21428571429,322943,17242.1428571429,0.0280500424646633,0.000149761053599133,0.00149761053599133
2021-05-23,"Bolivia","BOL","BO",16337,406,346070,13857,158.357142857143,1658.64285714286,NA,NA,"BO",11513102,2136.92857142857,325079.928571429,21369.2857142857,0.0282356508759697,0.000185608411306403,0.00185608411306403
2021-05-24,"Bolivia","BOL","BO",0,0,346070,13857,162.428571428571,1709.85714285714,NA,NA,"BO",11513102,2136.92857142857,327216.857142857,21369.2857142857,0.0284212592872761,0.000185608411306403,0.00185608411306403
2021-05-25,"Bolivia","BOL","BO",0,0,346070,13857,166.785714285714,1771.14285714286,NA,NA,"BO",11513102,2136.92857142857,329353.785714286,21369.2857142857,0.0286068676985825,0.000185608411306403,0.00185608411306403
2021-05-26,"Bolivia","BOL","BO",0,0,346070,13857,172.357142857143,1843.71428571429,NA,NA,"BO",11513102,2136.92857142857,331490.714285714,21369.2857142857,0.0287924761098889,0.000185608411306403,0.00185608411306403
2021-05-27,"Bolivia","BOL","BO",0,0,346070,13857,176.285714285714,1907.78571428571,NA,NA,"BO",11513102,2136.92857142857,333627.642857143,21369.2857142857,0.0289780845211953,0.000185608411306403,0.00185608411306403
2021-05-28,"Bolivia","BOL","BO",0,0,346070,13857,179.857142857143,1967.78571428571,NA,NA,"BO",11513102,2136.92857142857,335764.571428571,21369.2857142857,0.0291636929325017,0.000185608411306403,0.00185608411306403
2021-05-29,"Bolivia","BOL","BO",0,0,346070,13857,184.214285714286,2014.85714285714,NA,NA,"BO",11513102,2136.92857142857,337901.5,21369.2857142857,0.0293493013438081,0.000185608411306403,0.00185608411306403
2021-05-30,"Bolivia","BOL","BO",18500,520,364570,14377,189.214285714286,2063.57142857143,NA,NA,"BO",11513102,2488.35714285714,340389.857142857,24883.5714285714,0.029565433984938,0.000216132641129831,0.00216132641129831
2021-05-31,"Bolivia","BOL","BO",0,0,364570,14377,193.285714285714,2112.64285714286,NA,NA,"BO",11513102,2488.35714285714,342878.214285714,24883.5714285714,0.0297815666260678,0.000216132641129831,0.00216132641129831
2021-06-01,"Bolivia","BOL","BO",0,0,364570,14377,197,2159.64285714286,NA,NA,"BO",11513102,2488.35714285714,345366.571428571,24883.5714285714,0.0299976992671976,0.000216132641129831,0.00216132641129831
2021-06-02,"Bolivia","BOL","BO",0,0,364570,14377,200.571428571429,2204.78571428571,NA,NA,"BO",11513102,2488.35714285714,347854.928571429,24883.5714285714,0.0302138319083275,0.000216132641129831,0.00216132641129831
2021-06-03,"Bolivia","BOL","BO",0,0,364570,14377,203.857142857143,2247.21428571429,NA,NA,"BO",11513102,2488.35714285714,350343.285714286,24883.5714285714,0.0304299645494573,0.000216132641129831,0.00216132641129831
2021-06-04,"Bolivia","BOL","BO",0,0,364570,14377,206.357142857143,2284.5,NA,NA,"BO",11513102,2488.35714285714,352831.642857143,24883.5714285714,0.0306460971905871,0.000216132641129831,0.00216132641129831
2021-06-05,"Bolivia","BOL","BO",0,0,364570,14377,208.071428571429,2322.5,NA,NA,"BO",11513102,2488.35714285714,355320,24883.5714285714,0.0308622298317169,0.000216132641129831,0.00216132641129831
2021-06-06,"Bolivia","BOL","BO",18887,523,383457,14900,209.428571428571,2360.64285714286,NA,NA,"BO",11513102,2670.5,357990.5,26705,0.0310941829578162,0.000231953126099291,0.00231953126099291
2021-06-07,"Bolivia","BOL","BO",0,0,383457,14900,210,2380.35714285714,NA,NA,"BO",11513102,2670.5,360661,26705,0.0313261360839155,0.000231953126099291,0.00231953126099291
2021-06-08,"Bolivia","BOL","BO",0,0,383457,14900,209.428571428571,2376.21428571429,NA,NA,"BO",11513102,2670.5,363331.5,26705,0.0315580892100148,0.000231953126099291,0.00231953126099291
2021-06-09,"Bolivia","BOL","BO",0,0,383457,14900,209.571428571429,2365.5,NA,NA,"BO",11513102,2670.5,366002,26705,0.0317900423361141,0.000231953126099291,0.00231953126099291
2021-06-10,"Bolivia","BOL","BO",0,0,383457,14900,209.857142857143,2353.64285714286,NA,NA,"BO",11513102,2670.5,368672.5,26705,0.0320219954622134,0.000231953126099291,0.00231953126099291
2021-06-11,"Bolivia","BOL","BO",0,0,383457,14900,210.142857142857,2341.78571428571,NA,NA,"BO",11513102,2670.5,371343,26705,0.0322539485883127,0.000231953126099291,0.00231953126099291
2021-06-12,"Bolivia","BOL","BO",0,0,383457,14900,210.714285714286,2333.42857142857,NA,NA,"BO",11513102,2670.5,374013.5,26705,0.032485901714412,0.000231953126099291,0.00231953126099291
2021-06-13,"Bolivia","BOL","BO",19834,517,403291,15417,211.357142857143,2322.42857142857,NA,NA,"BO",11513102,2765.78571428571,376779.285714286,27657.8571428571,0.0327261311255894,0.000240229411177432,0.00240229411177432
2021-06-14,"Bolivia","BOL","BO",0,0,403291,15417,212.571428571429,2308.07142857143,NA,NA,"BO",11513102,2765.78571428571,379545.071428571,27657.8571428571,0.0329663605367668,0.000240229411177432,0.00240229411177432
2021-06-15,"Bolivia","BOL","BO",0,0,403291,15417,213.571428571429,2291.85714285714,NA,NA,"BO",11513102,2765.78571428571,382310.857142857,27657.8571428571,0.0332065899479443,0.000240229411177432,0.00240229411177432
2021-06-16,"Bolivia","BOL","BO",0,0,403291,15417,214.357142857143,2274,NA,NA,"BO",11513102,2765.78571428571,385076.642857143,27657.8571428571,0.0334468193591217,0.000240229411177432,0.00240229411177432
2021-06-17,"Bolivia","BOL","BO",0,0,403291,15417,215.142857142857,2255.28571428571,NA,NA,"BO",11513102,2765.78571428571,387842.428571429,27657.8571428571,0.0336870487702991,0.000240229411177432,0.00240229411177432
2021-06-18,"Bolivia","BOL","BO",0,0,403291,15417,215.5,2237.21428571429,NA,NA,"BO",11513102,2765.78571428571,390608.214285714,27657.8571428571,0.0339272781814766,0.000240229411177432,0.00240229411177432
2021-06-19,"Bolivia","BOL","BO",0,0,403291,15417,215.714285714286,2215.64285714286,NA,NA,"BO",11513102,2765.78571428571,393374,27657.8571428571,0.034167507592654,0.000240229411177432,0.00240229411177432
2021-06-20,"Bolivia","BOL","BO",16022,592,419313,16009,215.642857142857,2191.14285714286,NA,NA,"BO",11513102,2561.14285714286,395935.142857143,25611.4285714286,0.0343899622236599,0.000222454631005862,0.00222454631005862
2021-06-21,"Bolivia","BOL","BO",0,0,419313,16009,215,2171.5,NA,NA,"BO",11513102,2561.14285714286,398496.285714286,25611.4285714286,0.0346124168546657,0.000222454631005862,0.00222454631005862
2021-06-22,"Bolivia","BOL","BO",0,0,419313,16009,214.285714285714,2157.21428571429,NA,NA,"BO",11513102,2561.14285714286,401057.428571429,25611.4285714286,0.0348348714856716,0.000222454631005862,0.00222454631005862
2021-06-23,"Bolivia","BOL","BO",0,0,419313,16009,212.714285714286,2141.35714285714,NA,NA,"BO",11513102,2561.14285714286,403618.571428571,25611.4285714286,0.0350573261166775,0.000222454631005862,0.00222454631005862
2021-06-24,"Bolivia","BOL","BO",0,0,419313,16009,210.642857142857,2123.64285714286,NA,NA,"BO",11513102,2561.14285714286,406179.714285714,25611.4285714286,0.0352797807476833,0.000222454631005862,0.00222454631005862
2021-06-25,"Bolivia","BOL","BO",0,0,419313,16009,208.142857142857,2104.64285714286,NA,NA,"BO",11513102,2561.14285714286,408740.857142857,25611.4285714286,0.0355022353786892,0.000222454631005862,0.00222454631005862
2021-06-26,"Bolivia","BOL","BO",0,0,419313,16009,204.357142857143,2079.92857142857,NA,NA,"BO",11513102,2561.14285714286,411302,25611.4285714286,0.035724690009695,0.000222454631005862,0.00222454631005862
2021-06-27,"Bolivia","BOL","BO",12047,487,431360,16496,199.571428571429,2052.5,NA,NA,"BO",11513102,2004.92857142857,413306.928571429,20049.2857142857,0.0358988332224824,0.000174143212787359,0.00174143212787359
2021-06-28,"Bolivia","BOL","BO",0,0,431360,16496,194.714285714286,2024.64285714286,NA,NA,"BO",11513102,2004.92857142857,415311.857142857,20049.2857142857,0.0360729764352698,0.000174143212787359,0.00174143212787359
2021-06-29,"Bolivia","BOL","BO",0,0,431360,16496,190.357142857143,1998.92857142857,NA,NA,"BO",11513102,2004.92857142857,417316.785714286,20049.2857142857,0.0362471196480571,0.000174143212787359,0.00174143212787359
2021-06-30,"Bolivia","BOL","BO",0,0,431360,16496,186.142857142857,1969.42857142857,NA,NA,"BO",11513102,2004.92857142857,419321.714285714,20049.2857142857,0.0364212628608445,0.000174143212787359,0.00174143212787359
2021-07-01,"Bolivia","BOL","BO",0,0,431360,16496,182.357142857143,1939.35714285714,NA,NA,"BO",11513102,2004.92857142857,421326.642857143,20049.2857142857,0.0365954060736318,0.000174143212787359,0.00174143212787359
2021-07-02,"Bolivia","BOL","BO",0,0,431360,16496,179.285714285714,1907.64285714286,NA,NA,"BO",11513102,2004.92857142857,423331.571428571,20049.2857142857,0.0367695492864192,0.000174143212787359,0.00174143212787359
2021-07-03,"Bolivia","BOL","BO",0,0,431360,16496,176.571428571429,1875.64285714286,NA,NA,"BO",11513102,2004.92857142857,425336.5,20049.2857142857,0.0369436924992066,0.000174143212787359,0.00174143212787359
2021-07-04,"Bolivia","BOL","BO",11524,383,442884,16879,173.357142857143,1841.07142857143,NA,NA,"BO",11513102,1683.64285714286,427020.142857143,16836.4285714286,0.0370899296173301,0.000146237118123583,0.00146237118123583
2021-07-05,"Bolivia","BOL","BO",0,0,442884,16879,170.285714285714,1805.78571428571,NA,NA,"BO",11513102,1683.64285714286,428703.785714286,16836.4285714286,0.0372361667354537,0.000146237118123583,0.00146237118123583
2021-07-06,"Bolivia","BOL","BO",0,0,442884,16879,166.571428571429,1768,NA,NA,"BO",11513102,1683.64285714286,430387.428571429,16836.4285714286,0.0373824038535773,0.000146237118123583,0.00146237118123583
2021-07-07,"Bolivia","BOL","BO",0,0,442884,16879,163.428571428571,1727.92857142857,NA,NA,"BO",11513102,1683.64285714286,432071.071428571,16836.4285714286,0.0375286409717009,0.000146237118123583,0.00146237118123583
2021-07-08,"Bolivia","BOL","BO",0,0,442884,16879,160.5,1685.21428571429,NA,NA,"BO",11513102,1683.64285714286,433754.714285714,16836.4285714286,0.0376748780898245,0.000146237118123583,0.00146237118123583
2021-07-09,"Bolivia","BOL","BO",0,0,442884,16879,157.928571428571,1644.14285714286,NA,NA,"BO",11513102,1683.64285714286,435438.357142857,16836.4285714286,0.0378211152079481,0.000146237118123583,0.00146237118123583
2021-07-10,"Bolivia","BOL","BO",0,0,442884,16879,156.285714285714,1603.78571428571,NA,NA,"BO",11513102,1683.64285714286,437122,16836.4285714286,0.0379673523260716,0.000146237118123583,0.00146237118123583
2021-07-11,"Bolivia","BOL","BO",9792,294,452676,17173,154.285714285714,1564.5,NA,NA,"BO",11513102,1522.57142857143,438644.571428571,15225.7142857143,0.0380995991721928,0.000132246846121178,0.00132246846121178
2021-07-12,"Bolivia","BOL","BO",0,0,452676,17173,153.285714285714,1526.78571428571,NA,NA,"BO",11513102,1522.57142857143,440167.142857143,15225.7142857143,0.038231846018314,0.000132246846121178,0.00132246846121178
2021-07-13,"Bolivia","BOL","BO",0,0,452676,17173,151.857142857143,1487.57142857143,NA,NA,"BO",11513102,1522.57142857143,441689.714285714,15225.7142857143,0.0383640928644352,0.000132246846121178,0.00132246846121178
2021-07-14,"Bolivia","BOL","BO",0,0,452676,17173,150.428571428571,1452.71428571429,NA,NA,"BO",11513102,1522.57142857143,443212.285714286,15225.7142857143,0.0384963397105563,0.000132246846121178,0.00132246846121178
2021-07-15,"Bolivia","BOL","BO",0,0,452676,17173,149.142857142857,1419.64285714286,NA,NA,"BO",11513102,1522.57142857143,444734.857142857,15225.7142857143,0.0386285865566775,0.000132246846121178,0.00132246846121178
2021-07-16,"Bolivia","BOL","BO",0,0,452676,17173,147.857142857143,1387.07142857143,NA,NA,"BO",11513102,1522.57142857143,446257.428571429,15225.7142857143,0.0387608334027987,0.000132246846121178,0.00132246846121178
2021-07-17,"Bolivia","BOL","BO",0,0,452676,17173,146.571428571429,1356.71428571429,NA,NA,"BO",11513102,1522.57142857143,447780,15225.7142857143,0.0388930802489199,0.000132246846121178,0.00132246846121178
2021-07-18,"Bolivia","BOL","BO",8142,233,460818,17406,146.214285714286,1330.07142857143,NA,NA,"BO",11513102,1281,449061,12810,0.0390043447890933,0.000111264540173448,0.00111264540173448
2021-07-19,"Bolivia","BOL","BO",0,0,460818,17406,146,1306.28571428571,NA,NA,"BO",11513102,1281,450342,12810,0.0391156093292668,0.000111264540173448,0.00111264540173448
2021-07-20,"Bolivia","BOL","BO",0,0,460818,17406,146.428571428571,1284.71428571429,NA,NA,"BO",11513102,1281,451623,12810,0.0392268738694402,0.000111264540173448,0.00111264540173448
2021-07-21,"Bolivia","BOL","BO",0,0,460818,17406,146.857142857143,1265.35714285714,NA,NA,"BO",11513102,1281,452904,12810,0.0393381384096137,0.000111264540173448,0.00111264540173448
2021-07-22,"Bolivia","BOL","BO",0,0,460818,17406,146.071428571429,1250.64285714286,NA,NA,"BO",11513102,1281,454185,12810,0.0394494029497871,0.000111264540173448,0.00111264540173448
2021-07-23,"Bolivia","BOL","BO",0,0,460818,17406,145.571428571429,1236,NA,NA,"BO",11513102,1281,455466,12810,0.0395606674899606,0.000111264540173448,0.00111264540173448
2021-07-24,"Bolivia","BOL","BO",0,0,460818,17406,144.428571428571,1223.07142857143,NA,NA,"BO",11513102,1281,456747,12810,0.039671932030134,0.000111264540173448,0.00111264540173448
2021-07-25,"Bolivia","BOL","BO",6525,207,467343,17613,143.857142857143,1208.57142857143,NA,NA,"BO",11513102,1047.64285714286,457794.642857143,10476.4285714286,0.0397629277372113,9.09957070772809e-05,0.000909957070772809
2021-07-26,"Bolivia","BOL","BO",0,0,467343,17613,142.285714285714,1192.71428571429,NA,NA,"BO",11513102,1047.64285714286,458842.285714286,10476.4285714286,0.0398539234442886,9.09957070772809e-05,0.000909957070772809
2021-07-27,"Bolivia","BOL","BO",0,0,467343,17613,141.071428571429,1176.78571428571,NA,NA,"BO",11513102,1047.64285714286,459889.928571429,10476.4285714286,0.0399449191513659,9.09957070772809e-05,0.000909957070772809
2021-07-28,"Bolivia","BOL","BO",0,0,467343,17613,140.357142857143,1160.57142857143,NA,NA,"BO",11513102,1047.64285714286,460937.571428571,10476.4285714286,0.0400359148584431,9.09957070772809e-05,0.000909957070772809
2021-07-29,"Bolivia","BOL","BO",0,0,467343,17613,139,1142.57142857143,NA,NA,"BO",11513102,1047.64285714286,461985.214285714,10476.4285714286,0.0401269105655204,9.09957070772809e-05,0.000909957070772809
2021-07-30,"Bolivia","BOL","BO",0,0,467343,17613,137.214285714286,1124.85714285714,NA,NA,"BO",11513102,1047.64285714286,463032.857142857,10476.4285714286,0.0402179062725977,9.09957070772809e-05,0.000909957070772809
2021-07-31,"Bolivia","BOL","BO",0,0,467343,17613,135.428571428571,1108.85714285714,NA,NA,"BO",11513102,1047.64285714286,464080.5,10476.4285714286,0.040308901979675,9.09957070772809e-05,0.000909957070772809
2021-08-01,"Bolivia","BOL","BO",5470,193,472813,17806,133.285714285714,1092.28571428571,NA,NA,"BO",11513102,856.785714285714,464937.285714286,8567.85714285714,0.040383320300149,7.44183204739882e-05,0.000744183204739882
2021-08-02,"Bolivia","BOL","BO",0,0,472813,17806,131.071428571429,1073.28571428571,NA,NA,"BO",11513102,856.785714285714,465794.071428571,8567.85714285714,0.040457738620623,7.44183204739882e-05,0.000744183204739882
2021-08-03,"Bolivia","BOL","BO",0,0,472813,17806,129.5,1052.57142857143,NA,NA,"BO",11513102,856.785714285714,466650.857142857,8567.85714285714,0.040532156941097,7.44183204739882e-05,0.000744183204739882
2021-08-04,"Bolivia","BOL","BO",0,0,472813,17806,127.785714285714,1035.5,NA,NA,"BO",11513102,856.785714285714,467507.642857143,8567.85714285714,0.0406065752615709,7.44183204739882e-05,0.000744183204739882
2021-08-05,"Bolivia","BOL","BO",0,0,472813,17806,127.5,1016.78571428571,NA,NA,"BO",11513102,856.785714285714,468364.428571429,8567.85714285714,0.0406809935820449,7.44183204739882e-05,0.000744183204739882
2021-08-06,"Bolivia","BOL","BO",0,0,472813,17806,125.928571428571,997.142857142857,NA,NA,"BO",11513102,856.785714285714,469221.214285714,8567.85714285714,0.0407554119025189,7.44183204739882e-05,0.000744183204739882
2021-08-07,"Bolivia","BOL","BO",0,0,472813,17806,124.5,975.357142857143,NA,NA,"BO",11513102,856.785714285714,470078,8567.85714285714,0.0408298302229929,7.44183204739882e-05,0.000744183204739882
2021-08-08,"Bolivia","BOL","BO",4449,153,477262,17959,123.285714285714,956.714285714286,NA,NA,"BO",11513102,708.5,470786.5,7085,0.0408913688074682,6.15385844753221e-05,0.000615385844753221
2021-08-09,"Bolivia","BOL","BO",0,0,477262,17959,122.285714285714,940.357142857143,NA,NA,"BO",11513102,708.5,471495,7085,0.0409529073919435,6.15385844753221e-05,0.000615385844753221
2021-08-10,"Bolivia","BOL","BO",0,0,477262,17959,121.428571428571,925.285714285714,NA,NA,"BO",11513102,708.5,472203.5,7085,0.0410144459764189,6.15385844753221e-05,0.000615385844753221
2021-08-11,"Bolivia","BOL","BO",0,0,477262,17959,120.071428571429,914.357142857143,NA,NA,"BO",11513102,708.5,472912,7085,0.0410759845608942,6.15385844753221e-05,0.000615385844753221
2021-08-12,"Bolivia","BOL","BO",0,0,477262,17959,119.642857142857,902.928571428571,NA,NA,"BO",11513102,708.5,473620.5,7085,0.0411375231453695,6.15385844753221e-05,0.000615385844753221
2021-08-13,"Bolivia","BOL","BO",0,0,477262,17959,120,894.214285714286,NA,NA,"BO",11513102,708.5,474329,7085,0.0411990617298448,6.15385844753221e-05,0.000615385844753221
2021-08-14,"Bolivia","BOL","BO",0,0,477262,17959,120.142857142857,882.857142857143,NA,NA,"BO",11513102,708.5,475037.5,7085,0.0412606003143202,6.15385844753221e-05,0.000615385844753221
2021-08-15,"Bolivia","BOL","BO",4369,193,481631,18152,119.642857142857,871.214285714286,NA,NA,"BO",11513102,629.857142857143,475667.357142857,6298.57142857143,0.0413153081717557,5.47078574355671e-05,0.000547078574355671
2021-08-16,"Bolivia","BOL","BO",0,0,481631,18152,119.357142857143,863.5,NA,NA,"BO",11513102,629.857142857143,476297.214285714,6298.57142857143,0.0413700160291913,5.47078574355671e-05,0.000547078574355671
2021-08-17,"Bolivia","BOL","BO",0,0,481631,18152,118.428571428571,857.428571428571,NA,NA,"BO",11513102,629.857142857143,476927.071428571,6298.57142857143,0.0414247238866269,5.47078574355671e-05,0.000547078574355671
2021-08-18,"Bolivia","BOL","BO",0,0,481631,18152,117.714285714286,848.357142857143,NA,NA,"BO",11513102,629.857142857143,477556.928571429,6298.57142857143,0.0414794317440624,5.47078574355671e-05,0.000547078574355671
2021-08-19,"Bolivia","BOL","BO",0,0,481631,18152,116.785714285714,840.571428571429,NA,NA,"BO",11513102,629.857142857143,478186.785714286,6298.57142857143,0.041534139601498,5.47078574355671e-05,0.000547078574355671
2021-08-20,"Bolivia","BOL","BO",0,0,481631,18152,116.642857142857,834.214285714286,NA,NA,"BO",11513102,629.857142857143,478816.642857143,6298.57142857143,0.0415888474589336,5.47078574355671e-05,0.000547078574355671
2021-08-21,"Bolivia","BOL","BO",0,0,481631,18152,115.928571428571,827.857142857143,NA,NA,"BO",11513102,629.857142857143,479446.5,6298.57142857143,0.0416435553163691,5.47078574355671e-05,0.000547078574355671
2021-08-22,"Bolivia","BOL","BO",4295,117,485926,18269,115.142857142857,821.071428571429,NA,NA,"BO",11513102,618.857142857143,480065.357142857,6188.57142857143,0.0416973077405948,5.37524242256468e-05,0.000537524242256468
2021-08-23,"Bolivia","BOL","BO",0,0,485926,18269,114.285714285714,813.714285714286,NA,NA,"BO",11513102,618.857142857143,480684.214285714,6188.57142857143,0.0417510601648204,5.37524242256468e-05,0.000537524242256468
2021-08-24,"Bolivia","BOL","BO",0,0,485926,18269,113.428571428571,806.714285714286,NA,NA,"BO",11513102,618.857142857143,481303.071428571,6188.57142857143,0.0418048125890461,5.37524242256468e-05,0.000537524242256468
2021-08-25,"Bolivia","BOL","BO",0,0,485926,18269,112.571428571429,797.142857142857,NA,NA,"BO",11513102,618.857142857143,481921.928571429,6188.57142857143,0.0418585650132717,5.37524242256468e-05,0.000537524242256468
2021-08-26,"Bolivia","BOL","BO",0,0,485926,18269,110.857142857143,789.571428571429,NA,NA,"BO",11513102,618.857142857143,482540.785714286,6188.57142857143,0.0419123174374974,5.37524242256468e-05,0.000537524242256468
2021-08-27,"Bolivia","BOL","BO",0,0,485926,18269,108.357142857143,780.785714285714,NA,NA,"BO",11513102,618.857142857143,483159.642857143,6188.57142857143,0.041966069861723,5.37524242256468e-05,0.000537524242256468
2021-08-28,"Bolivia","BOL","BO",0,0,485926,18269,105.714285714286,774.142857142857,NA,NA,"BO",11513102,618.857142857143,483778.5,6188.57142857143,0.0420198222859487,5.37524242256468e-05,0.000537524242256468
2021-08-29,"Bolivia","BOL","BO",3007,102,488933,18371,103.357142857143,769,NA,NA,"BO",11513102,521.571428571429,484300.071428571,5215.71428571429,0.0420651247099671,4.53024240184295e-05,0.000453024240184295
2021-08-30,"Bolivia","BOL","BO",0,0,488933,18371,100.928571428571,762.642857142857,NA,NA,"BO",11513102,521.571428571429,484821.642857143,5215.71428571429,0.0421104271339855,4.53024240184295e-05,0.000453024240184295
2021-08-31,"Bolivia","BOL","BO",0,0,488933,18371,98.2857142857143,758.428571428571,NA,NA,"BO",11513102,521.571428571429,485343.214285714,5215.71428571429,0.0421557295580039,4.53024240184295e-05,0.000453024240184295
2021-09-01,"Bolivia","BOL","BO",0,0,488933,18371,95.7142857142857,754.428571428571,NA,NA,"BO",11513102,521.571428571429,485864.785714286,5215.71428571429,0.0422010319820224,4.53024240184295e-05,0.000453024240184295
2021-09-02,"Bolivia","BOL","BO",0,0,488933,18371,93.0714285714286,748.357142857143,NA,NA,"BO",11513102,521.571428571429,486386.357142857,5215.71428571429,0.0422463344060408,4.53024240184295e-05,0.000453024240184295
2021-09-03,"Bolivia","BOL","BO",0,0,488933,18371,90.2857142857143,741.214285714286,NA,NA,"BO",11513102,521.571428571429,486907.928571429,5215.71428571429,0.0422916368300592,4.53024240184295e-05,0.000453024240184295
2021-09-04,"Bolivia","BOL","BO",0,0,488933,18371,88.1428571428571,734.714285714286,NA,NA,"BO",11513102,521.571428571429,487429.5,5215.71428571429,0.0423369392540777,4.53024240184295e-05,0.000453024240184295
2021-09-05,"Bolivia","BOL","BO",3287,126,492220,18497,86.4285714285714,727.428571428571,NA,NA,"BO",11513102,449.571428571429,487879.071428571,4495.71428571429,0.0423759879334493,3.90486793716783e-05,0.000390486793716783
2021-09-06,"Bolivia","BOL","BO",0,0,492220,18497,85.0714285714286,719.857142857143,NA,NA,"BO",11513102,449.571428571429,488328.642857143,4495.71428571429,0.042415036612821,3.90486793716783e-05,0.000390486793716783
2021-09-07,"Bolivia","BOL","BO",0,0,492220,18497,83.6428571428571,710.642857142857,NA,NA,"BO",11513102,449.571428571429,488778.214285714,4495.71428571429,0.0424540852921927,3.90486793716783e-05,0.000390486793716783
2021-09-08,"Bolivia","BOL","BO",0,0,492220,18497,82.0714285714286,701.142857142857,NA,NA,"BO",11513102,449.571428571429,489227.785714286,4495.71428571429,0.0424931339715644,3.90486793716783e-05,0.000390486793716783
2021-09-09,"Bolivia","BOL","BO",0,0,492220,18497,80.7857142857143,693.428571428571,NA,NA,"BO",11513102,449.571428571429,489677.357142857,4495.71428571429,0.042532182650936,3.90486793716783e-05,0.000390486793716783
2021-09-10,"Bolivia","BOL","BO",0,0,492220,18497,79.6428571428571,686.285714285714,NA,NA,"BO",11513102,449.571428571429,490126.928571429,4495.71428571429,0.0425712313303077,3.90486793716783e-05,0.000390486793716783
2021-09-11,"Bolivia","BOL","BO",0,0,492220,18497,78.7142857142857,678.857142857143,NA,NA,"BO",11513102,449.571428571429,490576.5,4495.71428571429,0.0426102800096794,3.90486793716783e-05,0.000390486793716783
2021-09-12,"Bolivia","BOL","BO",2444,71,494664,18568,78.0714285714286,670.071428571429,NA,NA,"BO",11513102,409.357142857143,490985.857142857,4093.57142857143,0.0426458357741343,3.55557644548917e-05,0.000355557644548917
2021-09-13,"Bolivia","BOL","BO",0,0,494664,18568,77.4285714285714,661.214285714286,NA,NA,"BO",11513102,409.357142857143,491395.214285714,4093.57142857143,0.0426813915385892,3.55557644548917e-05,0.000355557644548917
2021-09-14,"Bolivia","BOL","BO",0,0,494664,18568,77,650.642857142857,NA,NA,"BO",11513102,409.357142857143,491804.571428571,4093.57142857143,0.0427169473030441,3.55557644548917e-05,0.000355557644548917
2021-09-15,"Bolivia","BOL","BO",0,0,494664,18568,75.7142857142857,640.571428571429,NA,NA,"BO",11513102,409.357142857143,492213.928571429,4093.57142857143,0.042752503067499,3.55557644548917e-05,0.000355557644548917
2021-09-16,"Bolivia","BOL","BO",0,0,494664,18568,74,632.428571428571,NA,NA,"BO",11513102,409.357142857143,492623.285714286,4093.57142857143,0.0427880588319539,3.55557644548917e-05,0.000355557644548917
2021-09-17,"Bolivia","BOL","BO",0,0,494664,18568,74,627.214285714286,NA,NA,"BO",11513102,409.357142857143,493032.642857143,4093.57142857143,0.0428236145964088,3.55557644548917e-05,0.000355557644548917
2021-09-18,"Bolivia","BOL","BO",0,0,494664,18568,73.6428571428571,622.142857142857,NA,NA,"BO",11513102,409.357142857143,493442,4093.57142857143,0.0428591703608636,3.55557644548917e-05,0.000355557644548917
2021-09-19,"Bolivia","BOL","BO",2036,80,496700,18648,72.7857142857143,617.357142857143,NA,NA,"BO",11513102,320,493762,3200,0.0428869647815159,2.77944206522274e-05,0.000277944206522273
2021-09-20,"Bolivia","BOL","BO",0,0,496700,18648,71.5,612.928571428571,NA,NA,"BO",11513102,320,494082,3200,0.0429147592021681,2.77944206522274e-05,0.000277944206522273
2021-09-21,"Bolivia","BOL","BO",0,0,496700,18648,70.0714285714286,610.357142857143,NA,NA,"BO",11513102,320,494402,3200,0.0429425536228203,2.77944206522274e-05,0.000277944206522273
2021-09-22,"Bolivia","BOL","BO",0,0,496700,18648,69,607.214285714286,NA,NA,"BO",11513102,320,494722,3200,0.0429703480434726,2.77944206522274e-05,0.000277944206522273
2021-09-23,"Bolivia","BOL","BO",0,0,496700,18648,67.5714285714286,601.214285714286,NA,NA,"BO",11513102,320,495042,3200,0.0429981424641248,2.77944206522274e-05,0.000277944206522273
2021-09-24,"Bolivia","BOL","BO",0,0,496700,18648,66.2142857142857,593.285714285714,NA,NA,"BO",11513102,320,495362,3200,0.043025936884777,2.77944206522274e-05,0.000277944206522273
2021-09-25,"Bolivia","BOL","BO",0,0,496700,18648,65.1428571428571,582.857142857143,NA,NA,"BO",11513102,320,495682,3200,0.0430537313054292,2.77944206522274e-05,0.000277944206522273
2021-09-26,"Bolivia","BOL","BO",1895,48,498595,18696,64.2142857142857,572,NA,NA,"BO",11513102,280.785714285714,495962.785714286,2807.85714285714,0.0430781196687292,2.4388363299979e-05,0.00024388363299979
2021-09-27,"Bolivia","BOL","BO",0,0,498595,18696,63.5,560.357142857143,NA,NA,"BO",11513102,280.785714285714,496243.571428571,2807.85714285714,0.0431025080320292,2.4388363299979e-05,0.00024388363299979
2021-09-28,"Bolivia","BOL","BO",0,0,498595,18696,63.5,549,NA,NA,"BO",11513102,280.785714285714,496524.357142857,2807.85714285714,0.0431268963953292,2.4388363299979e-05,0.00024388363299979
2021-09-29,"Bolivia","BOL","BO",0,0,498595,18696,63.4285714285714,539.285714285714,NA,NA,"BO",11513102,280.785714285714,496805.142857143,2807.85714285714,0.0431512847586292,2.4388363299979e-05,0.00024388363299979
2021-09-30,"Bolivia","BOL","BO",0,0,498595,18696,63.6428571428571,529.428571428571,NA,NA,"BO",11513102,280.785714285714,497085.928571429,2807.85714285714,0.0431756731219291,2.4388363299979e-05,0.00024388363299979
2021-10-01,"Bolivia","BOL","BO",0,0,498595,18696,62.7142857142857,517.571428571429,NA,NA,"BO",11513102,280.785714285714,497366.714285714,2807.85714285714,0.0432000614852291,2.4388363299979e-05,0.00024388363299979
2021-10-02,"Bolivia","BOL","BO",0,0,498595,18696,62.1428571428571,505.857142857143,NA,NA,"BO",11513102,280.785714285714,497647.5,2807.85714285714,0.0432244498485291,2.4388363299979e-05,0.00024388363299979
2021-10-03,"Bolivia","BOL","BO",2228,54,500823,18750,62.0714285714286,493.928571428571,NA,NA,"BO",11513102,294.5,497942,2945,0.0432500294012856,2.5579552756503e-05,0.00025579552756503
2021-10-04,"Bolivia","BOL","BO",0,0,500823,18750,61.7857142857143,482.714285714286,NA,NA,"BO",11513102,294.5,498236.5,2945,0.0432756089540421,2.5579552756503e-05,0.00025579552756503
2021-10-05,"Bolivia","BOL","BO",0,0,500823,18750,61.4285714285714,472.214285714286,NA,NA,"BO",11513102,294.5,498531,2945,0.0433011885067986,2.5579552756503e-05,0.00025579552756503
2021-10-06,"Bolivia","BOL","BO",0,0,500823,18750,61.7857142857143,465.071428571429,NA,NA,"BO",11513102,294.5,498825.5,2945,0.0433267680595551,2.5579552756503e-05,0.00025579552756503
2021-10-07,"Bolivia","BOL","BO",0,0,500823,18750,62.6428571428571,459.785714285714,NA,NA,"BO",11513102,294.5,499120,2945,0.0433523476123116,2.5579552756503e-05,0.00025579552756503
2021-10-08,"Bolivia","BOL","BO",0,0,500823,18750,63.1428571428571,458,NA,NA,"BO",11513102,294.5,499414.5,2945,0.0433779271650681,2.5579552756503e-05,0.00025579552756503
2021-10-09,"Bolivia","BOL","BO",0,0,500823,18750,63.2857142857143,453.857142857143,NA,NA,"BO",11513102,294.5,499709,2945,0.0434035067178246,2.5579552756503e-05,0.00025579552756503
2021-10-10,"Bolivia","BOL","BO",2609,39,503432,18789,63.9285714285714,452.071428571429,NA,NA,"BO",11513102,345.5,500054.5,3455,0.0434335160063726,3.00092885479517e-05,0.000300092885479517
2021-10-11,"Bolivia","BOL","BO",0,0,503432,18789,65.4285714285714,456.714285714286,NA,NA,"BO",11513102,345.5,500400,3455,0.0434635252949205,3.00092885479517e-05,0.000300092885479517
2021-10-12,"Bolivia","BOL","BO",0,0,503432,18789,65.7142857142857,456.071428571429,NA,NA,"BO",11513102,345.5,500745.5,3455,0.0434935345834685,3.00092885479517e-05,0.000300092885479517
2021-10-13,"Bolivia","BOL","BO",0,0,503432,18789,67,455.285714285714,NA,NA,"BO",11513102,345.5,501091,3455,0.0435235438720164,3.00092885479517e-05,0.000300092885479517
2021-10-14,"Bolivia","BOL","BO",0,0,503432,18789,68,455.285714285714,NA,NA,"BO",11513102,345.5,501436.5,3455,0.0435535531605644,3.00092885479517e-05,0.000300092885479517
2021-10-15,"Bolivia","BOL","BO",0,0,503432,18789,68.2857142857143,454.428571428571,NA,NA,"BO",11513102,345.5,501782,3455,0.0435835624491123,3.00092885479517e-05,0.000300092885479517
2021-10-16,"Bolivia","BOL","BO",0,0,503432,18789,68.1428571428571,454.357142857143,NA,NA,"BO",11513102,345.5,502127.5,3455,0.0436135717376603,3.00092885479517e-05,0.000300092885479517
2021-10-17,"Bolivia","BOL","BO",2718,35,506150,18824,68,455.357142857143,NA,NA,"BO",11513102,380.5,502508,3805,0.0436466210409671,3.30493033067891e-05,0.000330493033067891
2021-10-18,"Bolivia","BOL","BO",0,0,506150,18824,68.0714285714286,456,NA,NA,"BO",11513102,380.5,502888.5,3805,0.0436796703442739,3.30493033067891e-05,0.000330493033067891
2021-10-19,"Bolivia","BOL","BO",0,0,506150,18824,68,455.071428571429,NA,NA,"BO",11513102,380.5,503269,3805,0.0437127196475806,3.30493033067891e-05,0.000330493033067891
2021-10-20,"Bolivia","BOL","BO",0,0,506150,18824,68.1428571428571,458.428571428571,NA,NA,"BO",11513102,380.5,503649.5,3805,0.0437457689508874,3.30493033067891e-05,0.000330493033067891
2021-10-21,"Bolivia","BOL","BO",0,0,506150,18824,69.4285714285714,466.285714285714,NA,NA,"BO",11513102,380.5,504030,3805,0.0437788182541942,3.30493033067891e-05,0.000330493033067891
2021-10-22,"Bolivia","BOL","BO",0,0,506150,18824,70.8571428571429,464.928571428571,NA,NA,"BO",11513102,380.5,504410.5,3805,0.043811867557501,3.30493033067891e-05,0.000330493033067891
2021-10-23,"Bolivia","BOL","BO",0,0,506150,18824,72.5714285714286,477.642857142857,NA,NA,"BO",11513102,380.5,504791,3805,0.0438449168608078,3.30493033067891e-05,0.000330493033067891
2021-10-24,"Bolivia","BOL","BO",3126,72,509276,18896,74,490.357142857143,NA,NA,"BO",11513102,417.428571428571,505208.428571429,4174.28571428571,0.0438811736898908,3.62568290829501e-05,0.000362568290829501
2021-10-25,"Bolivia","BOL","BO",0,0,509276,18896,75,499.214285714286,NA,NA,"BO",11513102,417.428571428571,505625.857142857,4174.28571428571,0.0439174305189737,3.62568290829501e-05,0.000362568290829501
2021-10-26,"Bolivia","BOL","BO",0,0,509276,18896,74.9285714285714,504.714285714286,NA,NA,"BO",11513102,417.428571428571,506043.285714286,4174.28571428571,0.0439536873480567,3.62568290829501e-05,0.000362568290829501
2021-10-27,"Bolivia","BOL","BO",0,0,509276,18896,73.7142857142857,506,NA,NA,"BO",11513102,417.428571428571,506460.714285714,4174.28571428571,0.0439899441771396,3.62568290829501e-05,0.000362568290829501
2021-10-28,"Bolivia","BOL","BO",0,0,509276,18896,73.2857142857143,506.714285714286,NA,NA,"BO",11513102,417.428571428571,506878.142857143,4174.28571428571,0.0440262010062226,3.62568290829501e-05,0.000362568290829501
2021-10-29,"Bolivia","BOL","BO",0,0,509276,18896,73.0714285714286,508.714285714286,NA,NA,"BO",11513102,417.428571428571,507295.571428571,4174.28571428571,0.0440624578353055,3.62568290829501e-05,0.000362568290829501
2021-10-30,"Bolivia","BOL","BO",0,0,509276,18896,73.4285714285714,508.928571428571,NA,NA,"BO",11513102,417.428571428571,507713,4174.28571428571,0.0440987146643885,3.62568290829501e-05,0.000362568290829501
2021-10-31,"Bolivia","BOL","BO",3836,28,513112,18924,73.3571428571429,509.285714285714,NA,NA,"BO",11513102,497.285714285714,508210.285714286,4972.85714285714,0.044141907690411,4.31930260225015e-05,0.000431930260225015
2021-11-01,"Bolivia","BOL","BO",0,0,513112,18924,73.4285714285714,510.857142857143,NA,NA,"BO",11513102,497.285714285714,508707.571428571,4972.85714285714,0.0441851007164335,4.31930260225015e-05,0.000431930260225015
2021-11-02,"Bolivia","BOL","BO",0,0,513112,18924,74.1428571428571,514.357142857143,NA,NA,"BO",11513102,497.285714285714,509204.857142857,4972.85714285714,0.044228293742456,4.31930260225015e-05,0.000431930260225015
2021-11-03,"Bolivia","BOL","BO",0,0,513112,18924,73.8571428571429,511.214285714286,NA,NA,"BO",11513102,497.285714285714,509702.142857143,4972.85714285714,0.0442714867684785,4.31930260225015e-05,0.000431930260225015
2021-11-04,"Bolivia","BOL","BO",0,0,513112,18924,72.7142857142857,505.785714285714,NA,NA,"BO",11513102,497.285714285714,510199.428571429,4972.85714285714,0.044314679794501,4.31930260225015e-05,0.000431930260225015
2021-11-05,"Bolivia","BOL","BO",0,0,513112,18924,71.8571428571429,507.285714285714,NA,NA,"BO",11513102,497.285714285714,510696.714285714,4972.85714285714,0.0443578728205235,4.31930260225015e-05,0.000431930260225015
2021-11-06,"Bolivia","BOL","BO",0,0,513112,18924,70.8571428571429,499.214285714286,NA,NA,"BO",11513102,497.285714285714,511194,4972.85714285714,0.044401065846546,4.31930260225015e-05,0.000431930260225015
2021-11-07,"Bolivia","BOL","BO",4117,36,517229,18960,69.4285714285714,490.714285714286,NA,NA,"BO",11513102,568.071428571429,511762.071428571,5680.71428571429,0.0444504071473154,4.93413007694563e-05,0.000493413007694563
2021-11-08,"Bolivia","BOL","BO",0,0,517229,18960,67.2142857142857,481.714285714286,NA,NA,"BO",11513102,568.071428571429,512330.142857143,5680.71428571429,0.0444997484480849,4.93413007694563e-05,0.000493413007694563
2021-11-09,"Bolivia","BOL","BO",0,0,517229,18960,66.7142857142857,482.571428571429,NA,NA,"BO",11513102,568.071428571429,512898.214285714,5680.71428571429,0.0445490897488543,4.93413007694563e-05,0.000493413007694563
2021-11-10,"Bolivia","BOL","BO",0,0,517229,18960,67.2857142857143,488.928571428571,NA,NA,"BO",11513102,568.071428571429,513466.285714286,5680.71428571429,0.0445984310496238,4.93413007694563e-05,0.000493413007694563
2021-11-11,"Bolivia","BOL","BO",0,0,517229,18960,68.0714285714286,497,NA,NA,"BO",11513102,568.071428571429,514034.357142857,5680.71428571429,0.0446477723503932,4.93413007694563e-05,0.000493413007694563
2021-11-12,"Bolivia","BOL","BO",0,0,517229,18960,69.4285714285714,506.214285714286,NA,NA,"BO",11513102,568.071428571429,514602.428571429,5680.71428571429,0.0446971136511627,4.93413007694563e-05,0.000493413007694563
2021-11-13,"Bolivia","BOL","BO",0,0,517229,18960,70.4285714285714,517.071428571429,NA,NA,"BO",11513102,568.071428571429,515170.5,5680.71428571429,0.0447464549519322,4.93413007694563e-05,0.000493413007694563
2021-11-14,"Bolivia","BOL","BO",5301,44,522530,19004,70.9285714285714,526.428571428571,NA,NA,"BO",11513102,672.714285714286,515843.214285714,6727.14285714286,0.0448048852764194,5.84303244872047e-05,0.000584303244872047
2021-11-15,"Bolivia","BOL","BO",0,0,522530,19004,72.1428571428571,536.214285714286,NA,NA,"BO",11513102,672.714285714286,516515.928571429,6727.14285714286,0.0448633156009066,5.84303244872047e-05,0.000584303244872047
2021-11-16,"Bolivia","BOL","BO",0,0,522530,19004,73.1428571428571,547.642857142857,NA,NA,"BO",11513102,672.714285714286,517188.642857143,6727.14285714286,0.0449217459253938,5.84303244872047e-05,0.000584303244872047
2021-11-17,"Bolivia","BOL","BO",0,0,522530,19004,74.2857142857143,559.785714285714,NA,NA,"BO",11513102,672.714285714286,517861.357142857,6727.14285714286,0.044980176249881,5.84303244872047e-05,0.000584303244872047
2021-11-18,"Bolivia","BOL","BO",0,0,522530,19004,75.2142857142857,570.214285714286,NA,NA,"BO",11513102,672.714285714286,518534.071428571,6727.14285714286,0.0450386065743682,5.84303244872047e-05,0.000584303244872047
2021-11-19,"Bolivia","BOL","BO",0,0,522530,19004,76.5,581.428571428571,NA,NA,"BO",11513102,672.714285714286,519206.785714286,6727.14285714286,0.0450970368988554,5.84303244872047e-05,0.000584303244872047
2021-11-20,"Bolivia","BOL","BO",0,0,522530,19004,77.7857142857143,592.785714285714,NA,NA,"BO",11513102,672.714285714286,519879.5,6727.14285714286,0.0451554672233426,5.84303244872047e-05,0.000584303244872047
2021-11-21,"Bolivia","BOL","BO",5877,47,528407,19051,79.5,603.785714285714,NA,NA,"BO",11513102,798.428571428571,520677.928571429,7984.28571428571,0.0452248167845146,6.93495611720083e-05,0.000693495611720083
2021-11-22,"Bolivia","BOL","BO",0,0,528407,19051,81.5714285714286,614.357142857143,NA,NA,"BO",11513102,798.428571428571,521476.357142857,7984.28571428571,0.0452941663456866,6.93495611720083e-05,0.000693495611720083
2021-11-23,"Bolivia","BOL","BO",0,0,528407,19051,83.3571428571429,625.214285714286,NA,NA,"BO",11513102,798.428571428571,522274.785714286,7984.28571428571,0.0453635159068586,6.93495611720083e-05,0.000693495611720083
2021-11-24,"Bolivia","BOL","BO",0,0,528407,19051,84.7857142857143,634.714285714286,NA,NA,"BO",11513102,798.428571428571,523073.214285714,7984.28571428571,0.0454328654680306,6.93495611720083e-05,0.000693495611720083
2021-11-25,"Bolivia","BOL","BO",0,0,528407,19051,86,642.714285714286,NA,NA,"BO",11513102,798.428571428571,523871.642857143,7984.28571428571,0.0455022150292026,6.93495611720083e-05,0.000693495611720083
2021-11-26,"Bolivia","BOL","BO",0,0,528407,19051,86.9285714285714,649.071428571429,NA,NA,"BO",11513102,798.428571428571,524670.071428571,7984.28571428571,0.0455715645903746,6.93495611720083e-05,0.000693495611720083
2021-11-27,"Bolivia","BOL","BO",0,0,528407,19051,88.3571428571429,656.5,NA,NA,"BO",11513102,798.428571428571,525468.5,7984.28571428571,0.0456409141515466,6.93495611720083e-05,0.000693495611720083
2021-11-28,"Bolivia","BOL","BO",6708,86,535115,19137,90.0714285714286,665.714285714286,NA,NA,"BO",11513102,898.928571428571,526367.428571429,8989.28571428571,0.0457189928979547,7.80787464080985e-05,0.000780787464080985
2021-11-29,"Bolivia","BOL","BO",0,0,535115,19137,91.3571428571429,674.714285714286,NA,NA,"BO",11513102,898.928571428571,527266.357142857,8989.28571428571,0.0457970716443628,7.80787464080985e-05,0.000780787464080985
2021-11-30,"Bolivia","BOL","BO",0,0,535115,19137,92.4285714285714,679.214285714286,NA,NA,"BO",11513102,898.928571428571,528165.285714286,8989.28571428571,0.0458751503907709,7.80787464080985e-05,0.000780787464080985
2021-12-01,"Bolivia","BOL","BO",0,0,535115,19137,93.5714285714286,684.357142857143,NA,NA,"BO",11513102,898.928571428571,529064.214285714,8989.28571428571,0.045953229137179,7.80787464080985e-05,0.000780787464080985
2021-12-02,"Bolivia","BOL","BO",0,0,535115,19137,94.6428571428571,689.285714285714,NA,NA,"BO",11513102,898.928571428571,529963.142857143,8989.28571428571,0.0460313078835871,7.80787464080985e-05,0.000780787464080985
2021-12-03,"Bolivia","BOL","BO",0,0,535115,19137,94.7857142857143,694.357142857143,NA,NA,"BO",11513102,898.928571428571,530862.071428571,8989.28571428571,0.0461093866299952,7.80787464080985e-05,0.000780787464080985
2021-12-04,"Bolivia","BOL","BO",0,0,535115,19137,95.1428571428571,698.928571428571,NA,NA,"BO",11513102,898.928571428571,531761,8989.28571428571,0.0461874653764033,7.80787464080985e-05,0.000780787464080985
2021-12-05,"Bolivia","BOL","BO",5754,68,540869,19205,95.1428571428571,702,NA,NA,"BO",11513102,890.142857142857,532651.142857143,8901.42857142857,0.0462647810170658,7.73156406625128e-05,0.000773156406625128
2021-12-06,"Bolivia","BOL","BO",0,0,540869,19205,95.5,704.214285714286,NA,NA,"BO",11513102,890.142857142857,533541.285714286,8901.42857142857,0.0463420966577284,7.73156406625128e-05,0.000773156406625128
2021-12-07,"Bolivia","BOL","BO",0,0,540869,19205,95.6428571428571,708.428571428571,NA,NA,"BO",11513102,890.142857142857,534431.428571429,8901.42857142857,0.0464194122983909,7.73156406625128e-05,0.000773156406625128
2021-12-08,"Bolivia","BOL","BO",0,0,540869,19205,95.2857142857143,712.357142857143,NA,NA,"BO",11513102,890.142857142857,535321.571428571,8901.42857142857,0.0464967279390534,7.73156406625128e-05,0.000773156406625128
2021-12-09,"Bolivia","BOL","BO",0,0,540869,19205,95.4285714285714,718.928571428571,NA,NA,"BO",11513102,890.142857142857,536211.714285714,8901.42857142857,0.0465740435797159,7.73156406625128e-05,0.000773156406625128
2021-12-10,"Bolivia","BOL","BO",0,0,540869,19205,96.0714285714286,725.714285714286,NA,NA,"BO",11513102,890.142857142857,537101.857142857,8901.42857142857,0.0466513592203784,7.73156406625128e-05,0.000773156406625128
2021-12-11,"Bolivia","BOL","BO",0,0,540869,19205,95.6428571428571,730.785714285714,NA,NA,"BO",11513102,890.142857142857,537992,8901.42857142857,0.0467286748610409,7.73156406625128e-05,0.000773156406625128
2021-12-12,"Bolivia","BOL","BO",10647,100,551516,19305,95.5,733.928571428571,NA,NA,"BO",11513102,1171.5,539163.5,11715,0.0468304284978974,0.000101753636856514,0.00101753636856514
2021-12-13,"Bolivia","BOL","BO",0,0,551516,19305,96,741,NA,NA,"BO",11513102,1171.5,540335,11715,0.046932182134754,0.000101753636856514,0.00101753636856514
2021-12-14,"Bolivia","BOL","BO",0,0,551516,19305,96.5714285714286,749.857142857143,NA,NA,"BO",11513102,1171.5,541506.5,11715,0.0470339357716105,0.000101753636856514,0.00101753636856514
2021-12-15,"Bolivia","BOL","BO",0,0,551516,19305,97.4285714285714,758.928571428571,NA,NA,"BO",11513102,1171.5,542678,11715,0.047135689408467,0.000101753636856514,0.00101753636856514
2021-12-16,"Bolivia","BOL","BO",0,0,551516,19305,98.5,768.428571428571,NA,NA,"BO",11513102,1171.5,543849.5,11715,0.0472374430453235,0.000101753636856514,0.00101753636856514
2021-12-17,"Bolivia","BOL","BO",0,0,551516,19305,100.142857142857,778.571428571429,NA,NA,"BO",11513102,1171.5,545021,11715,0.04733919668218,0.000101753636856514,0.00101753636856514
2021-12-18,"Bolivia","BOL","BO",0,0,551516,19305,102.214285714286,789.428571428571,NA,NA,"BO",11513102,1171.5,546192.5,11715,0.0474409503190365,0.000101753636856514,0.00101753636856514
2021-12-19,"Bolivia","BOL","BO",11122,103,562638,19408,104.714285714286,802.571428571429,NA,NA,"BO",11513102,1554.92857142857,547747.428571429,15549.2857142857,0.0475760076277817,0.000135057308745165,0.00135057308745165
2021-12-20,"Bolivia","BOL","BO",0,0,562638,19408,106.785714285714,818.714285714286,NA,NA,"BO",11513102,1554.92857142857,549302.357142857,15549.2857142857,0.0477110649365269,0.000135057308745165,0.00135057308745165
2021-12-21,"Bolivia","BOL","BO",0,0,562638,19408,108.714285714286,833.071428571429,NA,NA,"BO",11513102,1554.92857142857,550857.285714286,15549.2857142857,0.047846122245272,0.000135057308745165,0.00135057308745165
2021-12-22,"Bolivia","BOL","BO",0,0,562638,19408,112,847.285714285714,NA,NA,"BO",11513102,1554.92857142857,552412.214285714,15549.2857142857,0.0479811795540172,0.000135057308745165,0.00135057308745165
2021-12-23,"Bolivia","BOL","BO",0,0,562638,19408,114.142857142857,860.142857142857,NA,NA,"BO",11513102,1554.92857142857,553967.142857143,15549.2857142857,0.0481162368627623,0.000135057308745165,0.00135057308745165
2021-12-24,"Bolivia","BOL","BO",0,0,562638,19408,115.428571428571,871.285714285714,NA,NA,"BO",11513102,1554.92857142857,555522.071428571,15549.2857142857,0.0482512941715075,0.000135057308745165,0.00135057308745165
2021-12-25,"Bolivia","BOL","BO",0,0,562638,19408,117.428571428571,884.571428571429,NA,NA,"BO",11513102,1554.92857142857,557077,15549.2857142857,0.0483863514802527,0.000135057308745165,0.00135057308745165
2021-12-26,"Bolivia","BOL","BO",12609,122,575247,19530,119.642857142857,900.5,NA,NA,"BO",11513102,1695.07142857143,558772.071428571,16950.7142857143,0.0485335812562567,0.000147229776004019,0.00147229776004019
2021-12-27,"Bolivia","BOL","BO",0,0,575247,19530,121.071428571429,912.857142857143,NA,NA,"BO",11513102,1695.07142857143,560467.142857143,16950.7142857143,0.0486808110322607,0.000147229776004019,0.00147229776004019
2021-12-28,"Bolivia","BOL","BO",0,0,575247,19530,122.5,926.857142857143,NA,NA,"BO",11513102,1695.07142857143,562162.214285714,16950.7142857143,0.0488280408082647,0.000147229776004019,0.00147229776004019
2021-12-29,"Bolivia","BOL","BO",0,0,575247,19530,123.928571428571,943.5,NA,NA,"BO",11513102,1695.07142857143,563857.285714286,16950.7142857143,0.0489752705842687,0.000147229776004019,0.00147229776004019
2021-12-30,"Bolivia","BOL","BO",0,0,575247,19530,125.142857142857,963.142857142857,NA,NA,"BO",11513102,1695.07142857143,565552.357142857,16950.7142857143,0.0491225003602728,0.000147229776004019,0.00147229776004019
2021-12-31,"Bolivia","BOL","BO",0,0,575247,19530,126.142857142857,983.785714285714,NA,NA,"BO",11513102,1695.07142857143,567247.428571429,16950.7142857143,0.0492697301362768,0.000147229776004019,0.00147229776004019
2022-01-01,"Bolivia","BOL","BO",0,0,575247,19530,126.785714285714,1004.64285714286,NA,NA,"BO",11513102,1695.07142857143,568942.5,16950.7142857143,0.0494169599122808,0.000147229776004019,0.00147229776004019
2022-01-02,"Bolivia","BOL","BO",24506,150,599753,19680,126.785714285714,1027.28571428571,NA,NA,"BO",11513102,2651.07142857143,571593.571428571,26510.7142857143,0.0496472255199834,0.000230265607702549,0.00230265607702549
2022-01-03,"Bolivia","BOL","BO",0,0,599753,19680,126.785714285714,1048.64285714286,NA,NA,"BO",11513102,2651.07142857143,574244.642857143,26510.7142857143,0.0498774911276859,0.000230265607702549,0.00230265607702549
2022-01-04,"Bolivia","BOL","BO",0,0,599753,19680,127.214285714286,1075.92857142857,NA,NA,"BO",11513102,2651.07142857143,576895.714285714,26510.7142857143,0.0501077567353885,0.000230265607702549,0.00230265607702549
2022-01-05,"Bolivia","BOL","BO",0,0,599753,19680,127.285714285714,1108.92857142857,NA,NA,"BO",11513102,2651.07142857143,579546.785714286,26510.7142857143,0.050338022343091,0.000230265607702549,0.00230265607702549
2022-01-06,"Bolivia","BOL","BO",0,0,599753,19680,128.428571428571,1147.21428571429,NA,NA,"BO",11513102,2651.07142857143,582197.857142857,26510.7142857143,0.0505682879507936,0.000230265607702549,0.00230265607702549
2022-01-07,"Bolivia","BOL","BO",0,0,599753,19680,129.857142857143,1189,NA,NA,"BO",11513102,2651.07142857143,584848.928571429,26510.7142857143,0.0507985535584961,0.000230265607702549,0.00230265607702549
2022-01-08,"Bolivia","BOL","BO",0,0,599753,19680,131.071428571429,1232.42857142857,NA,NA,"BO",11513102,2651.07142857143,587500,26510.7142857143,0.0510288191661986,0.000230265607702549,0.00230265607702549
2022-01-09,"Bolivia","BOL","BO",53066,208,652819,19888,132.857142857143,1278.64285714286,NA,NA,"BO",11513102,5540.85714285714,593040.857142857,55408.5714285714,0.0515100845230814,0.000481265356882719,0.00481265356882719
2022-01-10,"Bolivia","BOL","BO",0,0,652819,19888,134.928571428571,1326.21428571429,NA,NA,"BO",11513102,5540.85714285714,598581.714285714,55408.5714285714,0.0519913498799641,0.000481265356882719,0.00481265356882719
2022-01-11,"Bolivia","BOL","BO",0,0,652819,19888,137.285714285714,1374.57142857143,NA,NA,"BO",11513102,5540.85714285714,604122.571428571,55408.5714285714,0.0524726152368468,0.000481265356882719,0.00481265356882719
2022-01-12,"Bolivia","BOL","BO",0,0,652819,19888,139.714285714286,1423.42857142857,NA,NA,"BO",11513102,5540.85714285714,609663.428571429,55408.5714285714,0.0529538805937295,0.000481265356882719,0.00481265356882719
2022-01-13,"Bolivia","BOL","BO",0,0,652819,19888,142.285714285714,1470.14285714286,NA,NA,"BO",11513102,5540.85714285714,615204.285714286,55408.5714285714,0.0534351459506122,0.000481265356882719,0.00481265356882719
2022-01-14,"Bolivia","BOL","BO",0,0,652819,19888,145.5,1517.64285714286,NA,NA,"BO",11513102,5540.85714285714,620745.142857143,55408.5714285714,0.053916411307495,0.000481265356882719,0.00481265356882719
2022-01-15,"Bolivia","BOL","BO",0,0,652819,19888,149.142857142857,1564.85714285714,NA,NA,"BO",11513102,5540.85714285714,626286,55408.5714285714,0.0543976766643777,0.000481265356882719,0.00481265356882719
2022-01-16,"Bolivia","BOL","BO",72640,261,725459,20149,152.857142857143,1607.78571428571,NA,NA,"BO",11513102,8979,635265,89790,0.0551775707363663,0.000779894071988592,0.00779894071988592
2022-01-17,"Bolivia","BOL","BO",0,0,725459,20149,156.857142857143,1649.14285714286,NA,NA,"BO",11513102,8979,644244,89790,0.0559574648083549,0.000779894071988592,0.00779894071988592
2022-01-18,"Bolivia","BOL","BO",0,0,725459,20149,161.571428571429,1684.71428571429,NA,NA,"BO",11513102,8979,653223,89790,0.0567373588803435,0.000779894071988592,0.00779894071988592
2022-01-19,"Bolivia","BOL","BO",0,0,725459,20149,166.785714285714,1715.71428571429,NA,NA,"BO",11513102,8979,662202,89790,0.057517252952332,0.000779894071988592,0.00779894071988592
2022-01-20,"Bolivia","BOL","BO",0,0,725459,20149,171.071428571429,1737.35714285714,NA,NA,"BO",11513102,8979,671181,89790,0.0582971470243206,0.000779894071988592,0.00779894071988592
2022-01-21,"Bolivia","BOL","BO",0,0,725459,20149,175,1755.14285714286,NA,NA,"BO",11513102,8979,680160,89790,0.0590770410963092,0.000779894071988592,0.00779894071988592
2022-01-22,"Bolivia","BOL","BO",0,0,725459,20149,179.714285714286,1770.07142857143,NA,NA,"BO",11513102,8979,689139,89790,0.0598569351682978,0.000779894071988592,0.00779894071988592
2022-01-23,"Bolivia","BOL","BO",79218,421,804677,20570,182.857142857143,1779,NA,NA,"BO",11513102,10847,699986,108470,0.0607990791708438,0.000942144002545969,0.00942144002545969
2022-01-24,"Bolivia","BOL","BO",0,0,804677,20570,185.857142857143,1785.35714285714,NA,NA,"BO",11513102,10847,710833,108470,0.0617412231733898,0.000942144002545969,0.00942144002545969
2022-01-25,"Bolivia","BOL","BO",0,0,804677,20570,188.285714285714,1784.57142857143,NA,NA,"BO",11513102,10847,721680,108470,0.0626833671759357,0.000942144002545969,0.00942144002545969
2022-01-26,"Bolivia","BOL","BO",0,0,804677,20570,189.857142857143,1776,NA,NA,"BO",11513102,10847,732527,108470,0.0636255111784817,0.000942144002545969,0.00942144002545969
2022-01-27,"Bolivia","BOL","BO",0,0,804677,20570,191.214285714286,1759.42857142857,NA,NA,"BO",11513102,10847,743374,108470,0.0645676551810277,0.000942144002545969,0.00942144002545969
2022-01-28,"Bolivia","BOL","BO",0,0,804677,20570,191.357142857143,1736.5,NA,NA,"BO",11513102,10847,754221,108470,0.0655097991835736,0.000942144002545969,0.00942144002545969
2022-01-29,"Bolivia","BOL","BO",0,0,804677,20570,190.5,1713.07142857143,NA,NA,"BO",11513102,10847,765068,108470,0.0664519431861196,0.000942144002545969,0.00942144002545969
2022-01-30,"Bolivia","BOL","BO",37080,254,841757,20824,188.857142857143,1684,NA,NA,"BO",11513102,8307,773375,83070,0.0671734689747385,0.000721525788618914,0.00721525788618914
2022-01-31,"Bolivia","BOL","BO",0,0,841757,20824,186.857142857143,1652.28571428571,NA,NA,"BO",11513102,8307,781682,83070,0.0678949947633574,0.000721525788618914,0.00721525788618914
2022-02-01,"Bolivia","BOL","BO",0,0,841757,20824,183.214285714286,1614.71428571429,NA,NA,"BO",11513102,8307,789989,83070,0.0686165205519764,0.000721525788618914,0.00721525788618914
2022-02-02,"Bolivia","BOL","BO",0,0,841757,20824,178.928571428571,1573,NA,NA,"BO",11513102,8307,798296,83070,0.0693380463405953,0.000721525788618914,0.00721525788618914
2022-02-03,"Bolivia","BOL","BO",0,0,841757,20824,175.071428571429,1531.35714285714,NA,NA,"BO",11513102,8307,806603,83070,0.0700595721292142,0.000721525788618914,0.00721525788618914
2022-02-04,"Bolivia","BOL","BO",0,0,841757,20824,171.428571428571,1484.07142857143,NA,NA,"BO",11513102,8307,814910,83070,0.0707810979178331,0.000721525788618914,0.00721525788618914
2022-02-05,"Bolivia","BOL","BO",0,0,841757,20824,166.142857142857,1431.07142857143,NA,NA,"BO",11513102,8307,823217,83070,0.071502623706452,0.000721525788618914,0.00721525788618914
2022-02-06,"Bolivia","BOL","BO",28135,278,869892,21102,161.5,1377.35714285714,NA,NA,"BO",11513102,4658.21428571429,827875.214285714,46582.1428571429,0.0719072248544062,0.000404601147954242,0.00404601147954243
2022-02-07,"Bolivia","BOL","BO",0,0,869892,21102,156.142857142857,1318.21428571429,NA,NA,"BO",11513102,4658.21428571429,832533.428571429,46582.1428571429,0.0723118260023605,0.000404601147954242,0.00404601147954243
2022-02-08,"Bolivia","BOL","BO",0,0,869892,21102,151.071428571429,1259.07142857143,NA,NA,"BO",11513102,4658.21428571429,837191.642857143,46582.1428571429,0.0727164271503147,0.000404601147954242,0.00404601147954243
2022-02-09,"Bolivia","BOL","BO",0,0,869892,21102,146.428571428571,1199.85714285714,NA,NA,"BO",11513102,4658.21428571429,841849.857142857,46582.1428571429,0.073121028298269,0.000404601147954242,0.00404601147954243
2022-02-10,"Bolivia","BOL","BO",0,0,869892,21102,141.142857142857,1144.71428571429,NA,NA,"BO",11513102,4658.21428571429,846508.071428571,46582.1428571429,0.0735256294462232,0.000404601147954242,0.00404601147954243
2022-02-11,"Bolivia","BOL","BO",0,0,869892,21102,136.071428571429,1089.71428571429,NA,NA,"BO",11513102,4658.21428571429,851166.285714286,46582.1428571429,0.0739302305941775,0.000404601147954242,0.00404601147954243
2022-02-12,"Bolivia","BOL","BO",0,0,869892,21102,131,1032.28571428571,NA,NA,"BO",11513102,4658.21428571429,855824.5,46582.1428571429,0.0743348317421317,0.000404601147954242,0.00404601147954243
2022-02-13,"Bolivia","BOL","BO",13490,182,883382,21284,126.071428571429,979.714285714286,NA,NA,"BO",11513102,2973.21428571429,858797.714285714,29732.1428571429,0.0745930778938391,0.000258246151707358,0.00258246151707358
2022-02-14,"Bolivia","BOL","BO",0,0,883382,21284,120.785714285714,928.857142857143,NA,NA,"BO",11513102,2973.21428571429,861770.928571429,29732.1428571429,0.0748513240455464,0.000258246151707358,0.00258246151707358
2022-02-15,"Bolivia","BOL","BO",0,0,883382,21284,116.642857142857,879.571428571429,NA,NA,"BO",11513102,2973.21428571429,864744.142857143,29732.1428571429,0.0751095701972538,0.000258246151707358,0.00258246151707358
2022-02-16,"Bolivia","BOL","BO",0,0,883382,21284,111.857142857143,830.357142857143,NA,NA,"BO",11513102,2973.21428571429,867717.357142857,29732.1428571429,0.0753678163489611,0.000258246151707358,0.00258246151707358
2022-02-17,"Bolivia","BOL","BO",0,0,883382,21284,106.571428571429,780.071428571429,NA,NA,"BO",11513102,2973.21428571429,870690.571428571,29732.1428571429,0.0756260625006685,0.000258246151707358,0.00258246151707358
2022-02-18,"Bolivia","BOL","BO",0,0,883382,21284,101.285714285714,735.857142857143,NA,NA,"BO",11513102,2973.21428571429,873663.785714286,29732.1428571429,0.0758843086523758,0.000258246151707358,0.00258246151707358
2022-02-19,"Bolivia","BOL","BO",0,0,883382,21284,96.7857142857143,694.642857142857,NA,NA,"BO",11513102,2973.21428571429,876637,29732.1428571429,0.0761425548040832,0.000258246151707358,0.00258246151707358
2022-02-20,"Bolivia","BOL","BO",6129,88,889511,21372,92.6428571428571,655.714285714286,NA,NA,"BO",11513102,1401.35714285714,878038.357142857,14013.5714285714,0.07626427327256,0.000121718468476797,0.00121718468476797
2022-02-21,"Bolivia","BOL","BO",0,0,889511,21372,88.6428571428571,621.571428571429,NA,NA,"BO",11513102,1401.35714285714,879439.714285714,14013.5714285714,0.0763859917410368,0.000121718468476797,0.00121718468476797
2022-02-22,"Bolivia","BOL","BO",0,0,889511,21372,84.1428571428571,590.5,NA,NA,"BO",11513102,1401.35714285714,880841.071428571,14013.5714285714,0.0765077102095136,0.000121718468476797,0.00121718468476797
2022-02-23,"Bolivia","BOL","BO",0,0,889511,21372,79.4285714285714,560.5,NA,NA,"BO",11513102,1401.35714285714,882242.428571429,14013.5714285714,0.0766294286779904,0.000121718468476797,0.00121718468476797
2022-02-24,"Bolivia","BOL","BO",0,0,889511,21372,74.9285714285714,531.928571428571,NA,NA,"BO",11513102,1401.35714285714,883643.785714286,14013.5714285714,0.0767511471464672,0.000121718468476797,0.00121718468476797
2022-02-25,"Bolivia","BOL","BO",0,0,889511,21372,71.2142857142857,504,NA,NA,"BO",11513102,1401.35714285714,885045.142857143,14013.5714285714,0.076872865614944,0.000121718468476797,0.00121718468476797
2022-02-26,"Bolivia","BOL","BO",0,0,889511,21372,67.8571428571429,478.571428571429,NA,NA,"BO",11513102,1401.35714285714,886446.5,14013.5714285714,0.0769945840834208,0.000121718468476797,0.00121718468476797
2022-02-27,"Bolivia","BOL","BO",2340,34,891851,21406,65,454.071428571429,NA,NA,"BO",11513102,604.928571428571,887051.428571429,6049.28571428571,0.0770471267058546,5.25426224338646e-05,0.000525426224338646
2022-02-28,"Bolivia","BOL","BO",0,0,891851,21406,62.7857142857143,430.357142857143,NA,NA,"BO",11513102,604.928571428571,887656.357142857,6049.28571428571,0.0770996693282885,5.25426224338646e-05,0.000525426224338646
2022-03-01,"Bolivia","BOL","BO",0,0,891851,21406,60.4285714285714,408.142857142857,NA,NA,"BO",11513102,604.928571428571,888261.285714286,6049.28571428571,0.0771522119507224,5.25426224338646e-05,0.000525426224338646
2022-03-02,"Bolivia","BOL","BO",0,0,891851,21406,58,390.214285714286,NA,NA,"BO",11513102,604.928571428571,888866.214285714,6049.28571428571,0.0772047545731562,5.25426224338646e-05,0.000525426224338646
2022-03-03,"Bolivia","BOL","BO",0,0,891851,21406,56.1428571428571,375.142857142857,NA,NA,"BO",11513102,604.928571428571,889471.142857143,6049.28571428571,0.0772572971955901,5.25426224338646e-05,0.000525426224338646
2022-03-04,"Bolivia","BOL","BO",0,0,891851,21406,54.5714285714286,361.428571428571,NA,NA,"BO",11513102,604.928571428571,890076.071428571,6049.28571428571,0.077309839818024,5.25426224338646e-05,0.000525426224338646
2022-03-05,"Bolivia","BOL","BO",0,0,891851,21406,52.9285714285714,350.071428571429,NA,NA,"BO",11513102,604.928571428571,890681,6049.28571428571,0.0773623824404578,5.25426224338646e-05,0.000525426224338646
2022-03-06,"Bolivia","BOL","BO",2700,49,894551,21455,50.7142857142857,338.5,NA,NA,"BO",11513102,360,891041,3600,0.0773936511636916,3.12687232337558e-05,0.000312687232337558
2022-03-07,"Bolivia","BOL","BO",0,0,894551,21455,49.7142857142857,327.571428571429,NA,NA,"BO",11513102,360,891401,3600,0.0774249198869253,3.12687232337558e-05,0.000312687232337558
2022-03-08,"Bolivia","BOL","BO",0,0,894551,21455,48.9285714285714,317.5,NA,NA,"BO",11513102,360,891761,3600,0.0774561886101591,3.12687232337558e-05,0.000312687232337558
2022-03-09,"Bolivia","BOL","BO",0,0,894551,21455,48.5714285714286,309.071428571429,NA,NA,"BO",11513102,360,892121,3600,0.0774874573333929,3.12687232337558e-05,0.000312687232337558
2022-03-10,"Bolivia","BOL","BO",0,0,894551,21455,48.5,301.642857142857,NA,NA,"BO",11513102,360,892481,3600,0.0775187260566266,3.12687232337558e-05,0.000312687232337558
2022-03-11,"Bolivia","BOL","BO",0,0,894551,21455,47.7142857142857,296.357142857143,NA,NA,"BO",11513102,360,892841,3600,0.0775499947798604,3.12687232337558e-05,0.000312687232337558
2022-03-12,"Bolivia","BOL","BO",0,0,894551,21455,47.3571428571429,290.642857142857,NA,NA,"BO",11513102,360,893201,3600,0.0775812635030941,3.12687232337558e-05,0.000312687232337558
2022-03-13,"Bolivia","BOL","BO",2834,18,897385,21473,47,285.5,NA,NA,"BO",11513102,395.285714285714,893596.285714286,3952.85714285714,0.0776155970575337,3.4333554439604e-05,0.000343335544396041
2022-03-14,"Bolivia","BOL","BO",0,0,897385,21473,46.7142857142857,281.857142857143,NA,NA,"BO",11513102,395.285714285714,893991.571428571,3952.85714285714,0.0776499306119733,3.4333554439604e-05,0.000343335544396041
2022-03-15,"Bolivia","BOL","BO",0,0,897385,21473,46.6428571428571,279.857142857143,NA,NA,"BO",11513102,395.285714285714,894386.857142857,3952.85714285714,0.0776842641664129,3.4333554439604e-05,0.000343335544396041
2022-03-16,"Bolivia","BOL","BO",0,0,897385,21473,46.9285714285714,275.357142857143,NA,NA,"BO",11513102,395.285714285714,894782.142857143,3952.85714285714,0.0777185977208525,3.4333554439604e-05,0.000343335544396041
2022-03-17,"Bolivia","BOL","BO",0,0,897385,21473,46.9285714285714,273,NA,NA,"BO",11513102,395.285714285714,895177.428571429,3952.85714285714,0.0777529312752921,3.4333554439604e-05,0.000343335544396041
2022-03-18,"Bolivia","BOL","BO",0,0,897385,21473,46.5,271.142857142857,NA,NA,"BO",11513102,395.285714285714,895572.714285714,3952.85714285714,0.0777872648297318,3.4333554439604e-05,0.000343335544396041
2022-03-19,"Bolivia","BOL","BO",0,0,897385,21473,46.2142857142857,268.928571428571,NA,NA,"BO",11513102,395.285714285714,895968,3952.85714285714,0.0778215983841714,3.4333554439604e-05,0.000343335544396041
2022-03-20,"Bolivia","BOL","BO",2312,9,899697,21482,46.4285714285714,266.642857142857,NA,NA,"BO",11513102,367.571428571429,896335.571428571,3675.71428571429,0.0778535247432509,3.19263590795451e-05,0.000319263590795451
2022-03-21,"Bolivia","BOL","BO",0,0,899697,21482,45.7142857142857,263.142857142857,NA,NA,"BO",11513102,367.571428571429,896703.142857143,3675.71428571429,0.0778854511023304,3.19263590795451e-05,0.000319263590795451
2022-03-22,"Bolivia","BOL","BO",0,0,899697,21482,45.5714285714286,259.571428571429,NA,NA,"BO",11513102,367.571428571429,897070.714285714,3675.71428571429,0.07791737746141,3.19263590795451e-05,0.000319263590795451
2022-03-23,"Bolivia","BOL","BO",0,0,899697,21482,44.6428571428571,255.428571428571,NA,NA,"BO",11513102,367.571428571429,897438.285714286,3675.71428571429,0.0779493038204895,3.19263590795451e-05,0.000319263590795451
2022-03-24,"Bolivia","BOL","BO",0,0,899697,21482,43.9285714285714,253.071428571429,NA,NA,"BO",11513102,367.571428571429,897805.857142857,3675.71428571429,0.0779812301795691,3.19263590795451e-05,0.000319263590795451
2022-03-25,"Bolivia","BOL","BO",0,0,899697,21482,43.7857142857143,251.571428571429,NA,NA,"BO",11513102,367.571428571429,898173.428571429,3675.71428571429,0.0780131565386486,3.19263590795451e-05,0.000319263590795451
2022-03-26,"Bolivia","BOL","BO",0,0,899697,21482,43.3571428571429,249.714285714286,NA,NA,"BO",11513102,367.571428571429,898541,3675.71428571429,0.0780450828977282,3.19263590795451e-05,0.000319263590795451
2022-03-27,"Bolivia","BOL","BO",1595,5,901292,21487,43,248.214285714286,NA,NA,"BO",11513102,279.071428571429,898820.071428571,2790.71428571429,0.0780693223623461,2.42394646179134e-05,0.000242394646179135
2022-03-28,"Bolivia","BOL","BO",0,0,901292,21487,42.5714285714286,245.785714285714,NA,NA,"BO",11513102,279.071428571429,899099.142857143,2790.71428571429,0.078093561826964,2.42394646179134e-05,0.000242394646179135
2022-03-29,"Bolivia","BOL","BO",0,0,901292,21487,42.0714285714286,242.071428571429,NA,NA,"BO",11513102,279.071428571429,899378.214285714,2790.71428571429,0.0781178012915819,2.42394646179134e-05,0.000242394646179135
2022-03-30,"Bolivia","BOL","BO",0,0,901292,21487,41.0714285714286,239.785714285714,NA,NA,"BO",11513102,279.071428571429,899657.285714286,2790.71428571429,0.0781420407561998,2.42394646179134e-05,0.000242394646179135
2022-03-31,"Bolivia","BOL","BO",0,0,901292,21487,40.0714285714286,235.857142857143,NA,NA,"BO",11513102,279.071428571429,899936.357142857,2790.71428571429,0.0781662802208177,2.42394646179134e-05,0.000242394646179135
2022-04-01,"Bolivia","BOL","BO",0,0,901292,21487,39.2857142857143,230.857142857143,NA,NA,"BO",11513102,279.071428571429,900215.428571429,2790.71428571429,0.0781905196854357,2.42394646179134e-05,0.000242394646179135
2022-04-02,"Bolivia","BOL","BO",0,0,901292,21487,38.5714285714286,225.428571428571,NA,NA,"BO",11513102,279.071428571429,900494.5,2790.71428571429,0.0782147591500536,2.42394646179134e-05,0.000242394646179135
2022-04-03,"Bolivia","BOL","BO",1156,409,902448,21896,37.9285714285714,219.214285714286,NA,NA,"BO",11513102,196.5,900691,1965,0.0782318266614853,1.70675114317584e-05,0.000170675114317584
2022-04-04,"Bolivia","BOL","BO",0,0,902448,21896,37.7142857142857,214.428571428571,NA,NA,"BO",11513102,196.5,900887.5,1965,0.0782488941729171,1.70675114317584e-05,0.000170675114317584
2022-04-05,"Bolivia","BOL","BO",0,0,902448,21896,37.4285714285714,210.714285714286,NA,NA,"BO",11513102,196.5,901084,1965,0.0782659616843488,1.70675114317584e-05,0.000170675114317584
2022-04-06,"Bolivia","BOL","BO",0,0,902448,21896,37.8571428571429,208.928571428571,NA,NA,"BO",11513102,196.5,901280.5,1965,0.0782830291957806,1.70675114317584e-05,0.000170675114317584
2022-04-07,"Bolivia","BOL","BO",0,0,902448,21896,38.0714285714286,205.785714285714,NA,NA,"BO",11513102,196.5,901477,1965,0.0783000967072124,1.70675114317584e-05,0.000170675114317584
2022-04-08,"Bolivia","BOL","BO",0,0,902448,21896,38.0714285714286,201.642857142857,NA,NA,"BO",11513102,196.5,901673.5,1965,0.0783171642186441,1.70675114317584e-05,0.000170675114317584
2022-04-09,"Bolivia","BOL","BO",0,0,902448,21896,37.7142857142857,196.571428571429,NA,NA,"BO",11513102,196.5,901870,1965,0.0783342317300759,1.70675114317584e-05,0.000170675114317584
2022-04-10,"Bolivia","BOL","BO",858,3,903306,21899,37.5714285714286,193.857142857143,NA,NA,"BO",11513102,143.857142857143,902013.857142857,1438.57142857143,0.0783467268111459,1.24950810699968e-05,0.000124950810699969
2022-04-11,"Bolivia","BOL","BO",0,0,903306,21899,37,190.928571428571,NA,NA,"BO",11513102,143.857142857143,902157.714285714,1438.57142857143,0.0783592218922159,1.24950810699968e-05,0.000124950810699969
2022-04-12,"Bolivia","BOL","BO",0,0,903306,21899,36.7142857142857,189.714285714286,NA,NA,"BO",11513102,143.857142857143,902301.571428571,1438.57142857143,0.0783717169732859,1.24950810699968e-05,0.000124950810699969
2022-04-13,"Bolivia","BOL","BO",0,0,903306,21899,37.2142857142857,189.357142857143,NA,NA,"BO",11513102,143.857142857143,902445.428571429,1438.57142857143,0.0783842120543559,1.24950810699968e-05,0.000124950810699969
2022-04-14,"Bolivia","BOL","BO",0,0,903306,21899,37.5714285714286,188.428571428571,NA,NA,"BO",11513102,143.857142857143,902589.285714286,1438.57142857143,0.0783967071354259,1.24950810699968e-05,0.000124950810699969
2022-04-15,"Bolivia","BOL","BO",0,0,903306,21899,38,185.642857142857,NA,NA,"BO",11513102,143.857142857143,902733.142857143,1438.57142857143,0.0784092022164958,1.24950810699968e-05,0.000124950810699969
2022-04-16,"Bolivia","BOL","BO",0,0,903306,21899,38.1428571428571,184.142857142857,NA,NA,"BO",11513102,143.857142857143,902877,1438.57142857143,0.0784216972975658,1.24950810699968e-05,0.000124950810699969
2022-04-17,"Bolivia","BOL","BO",582,4,903888,21903,38.5714285714286,186,NA,NA,"BO",11513102,102.857142857143,902979.857142857,1028.57142857143,0.0784306312184898,8.93392092393022e-06,8.93392092393022e-05
2022-04-18,"Bolivia","BOL","BO",0,0,903888,21903,38.7142857142857,186.714285714286,NA,NA,"BO",11513102,102.857142857143,903082.714285714,1028.57142857143,0.0784395651394137,8.93392092393022e-06,8.93392092393022e-05
2022-04-19,"Bolivia","BOL","BO",0,0,903888,21903,39,187.428571428571,NA,NA,"BO",11513102,102.857142857143,903185.571428571,1028.57142857143,0.0784484990603376,8.93392092393022e-06,8.93392092393022e-05
2022-04-20,"Bolivia","BOL","BO",0,0,903888,21903,38.7857142857143,187.142857142857,NA,NA,"BO",11513102,102.857142857143,903288.428571429,1028.57142857143,0.0784574329812616,8.93392092393022e-06,8.93392092393022e-05
2022-04-21,"Bolivia","BOL","BO",0,0,903888,21903,38.6428571428571,186.785714285714,NA,NA,"BO",11513102,102.857142857143,903391.285714286,1028.57142857143,0.0784663669021855,8.93392092393022e-06,8.93392092393022e-05
2022-04-22,"Bolivia","BOL","BO",0,0,903888,21903,38.3571428571429,186.642857142857,NA,NA,"BO",11513102,102.857142857143,903494.142857143,1028.57142857143,0.0784753008231094,8.93392092393022e-06,8.93392092393022e-05
2022-04-23,"Bolivia","BOL","BO",0,0,903888,21903,37.7857142857143,187.214285714286,NA,NA,"BO",11513102,102.857142857143,903597,1028.57142857143,0.0784842347440334,8.93392092393022e-06,8.93392092393022e-05
2022-04-24,"Bolivia","BOL","BO",324,3,904212,21906,37.5,185.785714285714,NA,NA,"BO",11513102,64.7142857142857,903661.714285714,647.142857142857,0.0784898556692813,5.62092524797276e-06,5.62092524797276e-05
2022-04-25,"Bolivia","BOL","BO",0,0,904212,21906,37.6428571428571,185.285714285714,NA,NA,"BO",11513102,64.7142857142857,903726.428571429,647.142857142857,0.0784954765945293,5.62092524797276e-06,5.62092524797276e-05
2022-04-26,"Bolivia","BOL","BO",0,0,904212,21906,37.1428571428571,183.714285714286,NA,NA,"BO",11513102,64.7142857142857,903791.142857143,647.142857142857,0.0785010975197773,5.62092524797276e-06,5.62092524797276e-05
2022-04-27,"Bolivia","BOL","BO",0,0,904212,21906,36.8571428571429,183.571428571429,NA,NA,"BO",11513102,64.7142857142857,903855.857142857,647.142857142857,0.0785067184450253,5.62092524797276e-06,5.62092524797276e-05
2022-04-28,"Bolivia","BOL","BO",0,0,904212,21906,37.5,184.142857142857,NA,NA,"BO",11513102,64.7142857142857,903920.571428571,647.142857142857,0.0785123393702732,5.62092524797276e-06,5.62092524797276e-05
2022-04-29,"Bolivia","BOL","BO",0,0,904212,21906,38.2142857142857,187.785714285714,NA,NA,"BO",11513102,64.7142857142857,903985.285714286,647.142857142857,0.0785179602955212,5.62092524797276e-06,5.62092524797276e-05
2022-04-30,"Bolivia","BOL","BO",0,0,904212,21906,38.9285714285714,189.285714285714,NA,NA,"BO",11513102,64.7142857142857,904050,647.142857142857,0.0785235812207692,5.62092524797276e-06,5.62092524797276e-05
2022-05-01,"Bolivia","BOL","BO",671,4,904883,21910,38.8571428571429,188.142857142857,NA,NA,"BO",11513102,71.0714285714286,904121.071428571,710.714285714286,0.0785297543119631,6.17309119396567e-06,6.17309119396567e-05
2022-05-02,"Bolivia","BOL","BO",0,0,904883,21910,38.5,186.357142857143,NA,NA,"BO",11513102,71.0714285714286,904192.142857143,710.714285714286,0.0785359274031571,6.17309119396567e-06,6.17309119396567e-05
2022-05-03,"Bolivia","BOL","BO",0,0,904883,21910,38.6428571428571,184,NA,NA,"BO",11513102,71.0714285714286,904263.214285714,710.714285714286,0.0785421004943511,6.17309119396567e-06,6.17309119396567e-05
2022-05-04,"Bolivia","BOL","BO",0,0,904883,21910,38.5,181.714285714286,NA,NA,"BO",11513102,71.0714285714286,904334.285714286,710.714285714286,0.078548273585545,6.17309119396567e-06,6.17309119396567e-05
2022-05-05,"Bolivia","BOL","BO",0,0,904883,21910,38.5714285714286,179.142857142857,NA,NA,"BO",11513102,71.0714285714286,904405.357142857,710.714285714286,0.078554446676739,6.17309119396567e-06,6.17309119396567e-05
2022-05-06,"Bolivia","BOL","BO",0,0,904883,21910,38.6428571428571,177.928571428571,NA,NA,"BO",11513102,71.0714285714286,904476.428571429,710.714285714286,0.078560619767933,6.17309119396567e-06,6.17309119396567e-05
2022-05-07,"Bolivia","BOL","BO",0,0,904883,21910,38.7142857142857,177,NA,NA,"BO",11513102,71.0714285714286,904547.5,710.714285714286,0.0785667928591269,6.17309119396567e-06,6.17309119396567e-05
2022-05-08,"Bolivia","BOL","BO",472,15,905355,21925,38.6428571428571,176.285714285714,NA,NA,"BO",11513102,81.6428571428571,904629.142857143,816.428571428571,0.0785738841588603,7.09129973336961e-06,7.09129973336961e-05
2022-05-09,"Bolivia","BOL","BO",0,0,905355,21925,38.7857142857143,175.5,NA,NA,"BO",11513102,81.6428571428571,904710.785714286,816.428571428571,0.0785809754585937,7.09129973336961e-06,7.09129973336961e-05
2022-05-10,"Bolivia","BOL","BO",0,0,905355,21925,38.7857142857143,175.357142857143,NA,NA,"BO",11513102,81.6428571428571,904792.428571429,816.428571428571,0.078588066758327,7.09129973336961e-06,7.09129973336961e-05
2022-05-11,"Bolivia","BOL","BO",0,0,905355,21925,38.2142857142857,173.428571428571,NA,NA,"BO",11513102,81.6428571428571,904874.071428571,816.428571428571,0.0785951580580604,7.09129973336961e-06,7.09129973336961e-05
2022-05-12,"Bolivia","BOL","BO",0,0,905355,21925,37.0714285714286,170.357142857143,NA,NA,"BO",11513102,81.6428571428571,904955.714285714,816.428571428571,0.0786022493577938,7.09129973336961e-06,7.09129973336961e-05
2022-05-13,"Bolivia","BOL","BO",0,0,905355,21925,35.8571428571429,167.285714285714,NA,NA,"BO",11513102,81.6428571428571,905037.357142857,816.428571428571,0.0786093406575272,7.09129973336961e-06,7.09129973336961e-05
2022-05-14,"Bolivia","BOL","BO",0,0,905355,21925,35,165.142857142857,NA,NA,"BO",11513102,81.6428571428571,905119,816.428571428571,0.0786164319572605,7.09129973336961e-06,7.09129973336961e-05
2022-05-15,"Bolivia","BOL","BO",465,1,905820,21926,34.3571428571429,163.142857142857,NA,NA,"BO",11513102,66.9285714285714,905185.928571429,669.285714285714,0.0786222452099728,5.81325271230737e-06,5.81325271230737e-05
2022-05-16,"Bolivia","BOL","BO",0,0,905820,21926,33.9285714285714,161.5,NA,NA,"BO",11513102,66.9285714285714,905252.857142857,669.285714285714,0.0786280584626851,5.81325271230737e-06,5.81325271230737e-05
2022-05-17,"Bolivia","BOL","BO",0,0,905820,21926,32.5714285714286,160.785714285714,NA,NA,"BO",11513102,66.9285714285714,905319.785714286,669.285714285714,0.0786338717153974,5.81325271230737e-06,5.81325271230737e-05
2022-05-18,"Bolivia","BOL","BO",0,0,905820,21926,31.7142857142857,160.285714285714,NA,NA,"BO",11513102,66.9285714285714,905386.714285714,669.285714285714,0.0786396849681097,5.81325271230737e-06,5.81325271230737e-05
2022-05-19,"Bolivia","BOL","BO",0,0,905820,21926,30.7142857142857,161.714285714286,NA,NA,"BO",11513102,66.9285714285714,905453.642857143,669.285714285714,0.078645498220822,5.81325271230737e-06,5.81325271230737e-05
2022-05-20,"Bolivia","BOL","BO",0,0,905820,21926,29.4285714285714,164.071428571429,NA,NA,"BO",11513102,66.9285714285714,905520.571428571,669.285714285714,0.0786513114735344,5.81325271230737e-06,5.81325271230737e-05
2022-05-21,"Bolivia","BOL","BO",0,0,905820,21926,28.7857142857143,167.642857142857,NA,NA,"BO",11513102,66.9285714285714,905587.5,669.285714285714,0.0786571247262467,5.81325271230737e-06,5.81325271230737e-05
2022-05-22,"Bolivia","BOL","BO",1193,17,907013,21943,28.2142857142857,171.071428571429,NA,NA,"BO",11513102,118.428571428571,905705.928571429,1184.28571428571,0.0786674111435327,1.02864172860252e-05,0.000102864172860252
2022-05-23,"Bolivia","BOL","BO",0,0,907013,21943,27.2142857142857,174.214285714286,NA,NA,"BO",11513102,118.428571428571,905824.357142857,1184.28571428571,0.0786776975608187,1.02864172860252e-05,0.000102864172860252
2022-05-24,"Bolivia","BOL","BO",0,0,907013,21943,26.5714285714286,177.428571428571,NA,NA,"BO",11513102,118.428571428571,905942.785714286,1184.28571428571,0.0786879839781047,1.02864172860252e-05,0.000102864172860252
2022-05-25,"Bolivia","BOL","BO",0,0,907013,21943,25.9285714285714,179.928571428571,NA,NA,"BO",11513102,118.428571428571,906061.214285714,1184.28571428571,0.0786982703953908,1.02864172860252e-05,0.000102864172860252
2022-05-26,"Bolivia","BOL","BO",0,0,907013,21943,25,183.714285714286,NA,NA,"BO",11513102,118.428571428571,906179.642857143,1184.28571428571,0.0787085568126768,1.02864172860252e-05,0.000102864172860252
2022-05-27,"Bolivia","BOL","BO",0,0,907013,21943,24.1428571428571,186.428571428571,NA,NA,"BO",11513102,118.428571428571,906298.071428571,1184.28571428571,0.0787188432299628,1.02864172860252e-05,0.000102864172860252
2022-05-28,"Bolivia","BOL","BO",0,0,907013,21943,23.2142857142857,188.857142857143,NA,NA,"BO",11513102,118.428571428571,906416.5,1184.28571428571,0.0787291296472488,1.02864172860252e-05,0.000102864172860252
2022-05-29,"Bolivia","BOL","BO",1370,4,908383,21947,22.5,192.214285714286,NA,NA,"BO",11513102,183.071428571429,906599.571428571,1830.71428571429,0.0787450307856711,1.59011384222452e-05,0.000159011384222452
2022-05-30,"Bolivia","BOL","BO",0,0,908383,21947,21.7142857142857,195.928571428571,NA,NA,"BO",11513102,183.071428571429,906782.642857143,1830.71428571429,0.0787609319240933,1.59011384222452e-05,0.000159011384222452
2022-05-31,"Bolivia","BOL","BO",0,0,908383,21947,21.1428571428571,199.214285714286,NA,NA,"BO",11513102,183.071428571429,906965.714285714,1830.71428571429,0.0787768330625156,1.59011384222452e-05,0.000159011384222452
2022-06-01,"Bolivia","BOL","BO",0,0,908383,21947,20.6428571428571,202.785714285714,NA,NA,"BO",11513102,183.071428571429,907148.785714286,1830.71428571429,0.0787927342009378,1.59011384222452e-05,0.000159011384222452
2022-06-02,"Bolivia","BOL","BO",0,0,908383,21947,20.0714285714286,205.714285714286,NA,NA,"BO",11513102,183.071428571429,907331.857142857,1830.71428571429,0.0788086353393601,1.59011384222452e-05,0.000159011384222452
2022-06-03,"Bolivia","BOL","BO",0,0,908383,21947,20.2142857142857,206.428571428571,NA,NA,"BO",11513102,183.071428571429,907514.928571429,1830.71428571429,0.0788245364777823,1.59011384222452e-05,0.000159011384222452
2022-06-04,"Bolivia","BOL","BO",0,0,908383,21947,20.2142857142857,206,NA,NA,"BO",11513102,183.071428571429,907698,1830.71428571429,0.0788404376162046,1.59011384222452e-05,0.000159011384222452
2022-06-05,"Bolivia","BOL","BO",1250,1,909633,21948,20.2142857142857,205.928571428571,NA,NA,"BO",11513102,187.142857142857,907885.142857143,1871.42857142857,0.0788566923889967,1.62547727921508e-05,0.000162547727921508
2022-06-06,"Bolivia","BOL","BO",0,0,909633,21948,20.0714285714286,204.642857142857,NA,NA,"BO",11513102,187.142857142857,908072.285714286,1871.42857142857,0.0788729471617889,1.62547727921508e-05,0.000162547727921508
2022-06-07,"Bolivia","BOL","BO",0,0,909633,21948,19.9285714285714,203.142857142857,NA,NA,"BO",11513102,187.142857142857,908259.428571429,1871.42857142857,0.078889201934581,1.62547727921508e-05,0.000162547727921508
2022-06-08,"Bolivia","BOL","BO",0,0,909633,21948,19.8571428571429,202.357142857143,NA,NA,"BO",11513102,187.142857142857,908446.571428571,1871.42857142857,0.0789054567073732,1.62547727921508e-05,0.000162547727921508
2022-06-09,"Bolivia","BOL","BO",0,0,909633,21948,19.7857142857143,201.071428571429,NA,NA,"BO",11513102,187.142857142857,908633.714285714,1871.42857142857,0.0789217114801653,1.62547727921508e-05,0.000162547727921508
2022-06-10,"Bolivia","BOL","BO",0,0,909633,21948,19.8571428571429,201.642857142857,NA,NA,"BO",11513102,187.142857142857,908820.857142857,1871.42857142857,0.0789379662529575,1.62547727921508e-05,0.000162547727921508
2022-06-11,"Bolivia","BOL","BO",0,0,909633,21948,20.0714285714286,201.357142857143,NA,NA,"BO",11513102,187.142857142857,909008,1871.42857142857,0.0789542210257496,1.62547727921508e-05,0.000162547727921508
2022-06-12,"Bolivia","BOL","BO",2002,2,911635,21950,20.2142857142857,199.357142857143,NA,NA,"BO",11513102,232.285714285714,909240.285714286,2322.85714285714,0.0789743967971695,2.01757714198757e-05,0.000201757714198757
2022-06-13,"Bolivia","BOL","BO",0,0,911635,21950,20.2857142857143,195.571428571429,NA,NA,"BO",11513102,232.285714285714,909472.571428571,2322.85714285714,0.0789945725685894,2.01757714198757e-05,0.000201757714198757
2022-06-14,"Bolivia","BOL","BO",0,0,911635,21950,20.5,191.785714285714,NA,NA,"BO",11513102,232.285714285714,909704.857142857,2322.85714285714,0.0790147483400093,2.01757714198757e-05,0.000201757714198757
2022-06-15,"Bolivia","BOL","BO",0,0,911635,21950,20.7142857142857,187.714285714286,NA,NA,"BO",11513102,232.285714285714,909937.142857143,2322.85714285714,0.0790349241114291,2.01757714198757e-05,0.000201757714198757
2022-06-16,"Bolivia","BOL","BO",0,0,911635,21950,21.1428571428571,182.571428571429,NA,NA,"BO",11513102,232.285714285714,910169.428571429,2322.85714285714,0.079055099882849,2.01757714198757e-05,0.000201757714198757
2022-06-17,"Bolivia","BOL","BO",0,0,911635,21950,21.1428571428571,178.714285714286,NA,NA,"BO",11513102,232.285714285714,910401.714285714,2322.85714285714,0.0790752756542689,2.01757714198757e-05,0.000201757714198757
2022-06-18,"Bolivia","BOL","BO",0,0,911635,21950,20.8571428571429,175,NA,NA,"BO",11513102,232.285714285714,910634,2322.85714285714,0.0790954514256887,2.01757714198757e-05,0.000201757714198757
2022-06-19,"Bolivia","BOL","BO",2617,1,914252,21951,20.4285714285714,170.571428571429,NA,NA,"BO",11513102,329.928571428571,910963.928571429,3299.28571428571,0.0791241082178746,2.86567921858567e-05,0.000286567921858567
2022-06-20,"Bolivia","BOL","BO",0,0,914252,21951,20.3571428571429,167,NA,NA,"BO",11513102,329.928571428571,911293.857142857,3299.28571428571,0.0791527650100605,2.86567921858567e-05,0.000286567921858567
2022-06-21,"Bolivia","BOL","BO",0,0,914252,21951,20.5,164.071428571429,NA,NA,"BO",11513102,329.928571428571,911623.785714286,3299.28571428571,0.0791814218022463,2.86567921858567e-05,0.000286567921858567
2022-06-22,"Bolivia","BOL","BO",0,0,914252,21951,20.6428571428571,161,NA,NA,"BO",11513102,329.928571428571,911953.714285714,3299.28571428571,0.0792100785944322,2.86567921858567e-05,0.000286567921858567
2022-06-23,"Bolivia","BOL","BO",0,0,914252,21951,21.1428571428571,158.5,NA,NA,"BO",11513102,329.928571428571,912283.642857143,3299.28571428571,0.079238735386618,2.86567921858567e-05,0.000286567921858567
2022-06-24,"Bolivia","BOL","BO",0,0,914252,21951,21.5,155.714285714286,NA,NA,"BO",11513102,329.928571428571,912613.571428571,3299.28571428571,0.0792673921788039,2.86567921858567e-05,0.000286567921858567
2022-06-25,"Bolivia","BOL","BO",0,0,914252,21951,21.7857142857143,154.785714285714,NA,NA,"BO",11513102,329.928571428571,912943.5,3299.28571428571,0.0792960489709897,2.86567921858567e-05,0.000286567921858567
2022-06-26,"Bolivia","BOL","BO",5485,1,919737,21952,22.1428571428571,155,NA,NA,"BO",11513102,578.714285714286,913522.214285714,5787.14285714286,0.0793463146844104,5.02657134206129e-05,0.000502657134206129
2022-06-27,"Bolivia","BOL","BO",0,0,919737,21952,22.4285714285714,157.285714285714,NA,NA,"BO",11513102,578.714285714286,914100.928571429,5787.14285714286,0.079396580397831,5.02657134206129e-05,0.000502657134206129
2022-06-28,"Bolivia","BOL","BO",0,0,919737,21952,22.0714285714286,158.285714285714,NA,NA,"BO",11513102,578.714285714286,914679.642857143,5787.14285714286,0.0794468461112516,5.02657134206129e-05,0.000502657134206129
2022-06-29,"Bolivia","BOL","BO",0,0,919737,21952,21.7142857142857,158.785714285714,NA,NA,"BO",11513102,578.714285714286,915258.357142857,5787.14285714286,0.0794971118246722,5.02657134206129e-05,0.000502657134206129
2022-06-30,"Bolivia","BOL","BO",0,0,919737,21952,21.7142857142857,158.785714285714,NA,NA,"BO",11513102,578.714285714286,915837.071428571,5787.14285714286,0.0795473775380928,5.02657134206129e-05,0.000502657134206129
2022-07-01,"Bolivia","BOL","BO",0,0,919737,21952,21.7142857142857,158.357142857143,NA,NA,"BO",11513102,578.714285714286,916415.785714286,5787.14285714286,0.0795976432515134,5.02657134206129e-05,0.000502657134206129
2022-07-02,"Bolivia","BOL","BO",0,0,919737,21952,21.2142857142857,158.214285714286,NA,NA,"BO",11513102,578.714285714286,916994.5,5787.14285714286,0.079647908964934,5.02657134206129e-05,0.000502657134206129
2022-07-03,"Bolivia","BOL","BO",8713,3,928450,21955,21.1428571428571,158.5,NA,NA,"BO",11513102,1014.14285714286,918008.642857143,10141.4285714286,0.0797359949435993,8.80859786652509e-05,0.000880859786652509
2022-07-04,"Bolivia","BOL","BO",0,0,928450,21955,21,159.071428571429,NA,NA,"BO",11513102,1014.14285714286,919022.785714286,10141.4285714286,0.0798240809222645,8.80859786652509e-05,0.000880859786652509
2022-07-05,"Bolivia","BOL","BO",0,0,928450,21955,21.1428571428571,160.571428571429,NA,NA,"BO",11513102,1014.14285714286,920036.928571429,10141.4285714286,0.0799121669009298,8.80859786652509e-05,0.000880859786652509
2022-07-06,"Bolivia","BOL","BO",0,0,928450,21955,21.2857142857143,162.142857142857,NA,NA,"BO",11513102,1014.14285714286,921051.071428571,10141.4285714286,0.080000252879595,8.80859786652509e-05,0.000880859786652509
2022-07-07,"Bolivia","BOL","BO",0,0,928450,21955,21.2857142857143,163.928571428571,NA,NA,"BO",11513102,1014.14285714286,922065.214285714,10141.4285714286,0.0800883388582603,8.80859786652509e-05,0.000880859786652509
2022-07-08,"Bolivia","BOL","BO",0,0,928450,21955,21.4285714285714,166,NA,NA,"BO",11513102,1014.14285714286,923079.357142857,10141.4285714286,0.0801764248369255,8.80859786652509e-05,0.000880859786652509
2022-07-09,"Bolivia","BOL","BO",0,0,928450,21955,21.6428571428571,168.5,NA,NA,"BO",11513102,1014.14285714286,924093.5,10141.4285714286,0.0802645108155908,8.80859786652509e-05,0.000880859786652509
2022-07-10,"Bolivia","BOL","BO",13857,9,942307,21964,21.9285714285714,171.642857142857,NA,NA,"BO",11513102,1612.14285714286,925705.642857143,16121.4285714286,0.0804045376178499,0.000140026802259101,0.00140026802259101
2022-07-11,"Bolivia","BOL","BO",0,0,942307,21964,22.5714285714286,176.714285714286,NA,NA,"BO",11513102,1612.14285714286,927317.785714286,16121.4285714286,0.080544564420109,0.000140026802259101,0.00140026802259101
2022-07-12,"Bolivia","BOL","BO",0,0,942307,21964,24.1428571428571,183.071428571429,NA,NA,"BO",11513102,1612.14285714286,928929.928571429,16121.4285714286,0.0806845912223681,0.000140026802259101,0.00140026802259101
2022-07-13,"Bolivia","BOL","BO",0,0,942307,21964,25.7857142857143,190.642857142857,NA,NA,"BO",11513102,1612.14285714286,930542.071428571,16121.4285714286,0.0808246180246272,0.000140026802259101,0.00140026802259101
2022-07-14,"Bolivia","BOL","BO",0,0,942307,21964,27,200.857142857143,NA,NA,"BO",11513102,1612.14285714286,932154.214285714,16121.4285714286,0.0809646448268863,0.000140026802259101,0.00140026802259101
2022-07-15,"Bolivia","BOL","BO",0,0,942307,21964,28.4285714285714,210.142857142857,NA,NA,"BO",11513102,1612.14285714286,933766.357142857,16121.4285714286,0.0811046716291454,0.000140026802259101,0.00140026802259101
2022-07-16,"Bolivia","BOL","BO",0,0,942307,21964,30.7142857142857,220.285714285714,NA,NA,"BO",11513102,1612.14285714286,935378.5,16121.4285714286,0.0812446984314045,0.000140026802259101,0.00140026802259101
2022-07-17,"Bolivia","BOL","BO",14322,13,956629,21977,32.7142857142857,231.357142857143,NA,NA,"BO",11513102,2012.78571428571,937391.285714286,20127.8571428571,0.0814195240964847,0.000174825665080159,0.00174825665080159
2022-07-18,"Bolivia","BOL","BO",0,0,956629,21977,34.8571428571429,243.714285714286,NA,NA,"BO",11513102,2012.78571428571,939404.071428571,20127.8571428571,0.0815943497615648,0.000174825665080159,0.00174825665080159
2022-07-19,"Bolivia","BOL","BO",0,0,956629,21977,37,257.642857142857,NA,NA,"BO",11513102,2012.78571428571,941416.857142857,20127.8571428571,0.081769175426645,0.000174825665080159,0.00174825665080159
2022-07-20,"Bolivia","BOL","BO",0,0,956629,21977,38.3571428571429,270.428571428571,NA,NA,"BO",11513102,2012.78571428571,943429.642857143,20127.8571428571,0.0819440010917251,0.000174825665080159,0.00174825665080159
2022-07-21,"Bolivia","BOL","BO",0,0,956629,21977,39.4285714285714,284.214285714286,NA,NA,"BO",11513102,2012.78571428571,945442.428571429,20127.8571428571,0.0821188267568053,0.000174825665080159,0.00174825665080159
2022-07-22,"Bolivia","BOL","BO",0,0,956629,21977,40.5714285714286,297.785714285714,NA,NA,"BO",11513102,2012.78571428571,947455.214285714,20127.8571428571,0.0822936524218855,0.000174825665080159,0.00174825665080159
2022-07-23,"Bolivia","BOL","BO",0,0,956629,21977,41.2142857142857,310.071428571429,NA,NA,"BO",11513102,2012.78571428571,949468,20127.8571428571,0.0824684780869656,0.000174825665080159,0.00174825665080159
2022-07-24,"Bolivia","BOL","BO",40986,36,997615,22013,41.9285714285714,322.357142857143,NA,NA,"BO",11513102,3950.57142857143,953418.571428571,39505.7142857143,0.0828116150997856,0.000343137012819953,0.00343137012819953
2022-07-25,"Bolivia","BOL","BO",0,0,997615,22013,42.8571428571429,332.357142857143,NA,NA,"BO",11513102,3950.57142857143,957369.142857143,39505.7142857143,0.0831547521126055,0.000343137012819953,0.00343137012819953
2022-07-26,"Bolivia","BOL","BO",0,0,997615,22013,43.5714285714286,342.5,NA,NA,"BO",11513102,3950.57142857143,961319.714285714,39505.7142857143,0.0834978891254255,0.000343137012819953,0.00343137012819953
2022-07-27,"Bolivia","BOL","BO",0,0,997615,22013,44.3571428571429,353.357142857143,NA,NA,"BO",11513102,3950.57142857143,965270.285714286,39505.7142857143,0.0838410261382454,0.000343137012819953,0.00343137012819953
2022-07-28,"Bolivia","BOL","BO",0,0,997615,22013,45.3571428571429,364.571428571429,NA,NA,"BO",11513102,3950.57142857143,969220.857142857,39505.7142857143,0.0841841631510654,0.000343137012819953,0.00343137012819953
2022-07-29,"Bolivia","BOL","BO",0,0,997615,22013,46.1428571428571,376,NA,NA,"BO",11513102,3950.57142857143,973171.428571429,39505.7142857143,0.0845273001638853,0.000343137012819953,0.00343137012819953
2022-07-30,"Bolivia","BOL","BO",0,0,997615,22013,46.9285714285714,386.571428571429,NA,NA,"BO",11513102,3950.57142857143,977122,39505.7142857143,0.0848704371767053,0.000343137012819953,0.00343137012819953
2022-07-31,"Bolivia","BOL","BO",34408,40,1032023,22053,47.5,394.642857142857,NA,NA,"BO",11513102,5385.28571428571,982507.285714286,53852.8571428571,0.0853381899781906,0.000467752801485274,0.00467752801485274
2022-08-01,"Bolivia","BOL","BO",0,0,1032023,22053,47.7142857142857,400.571428571429,NA,NA,"BO",11513102,5385.28571428571,987892.571428571,53852.8571428571,0.0858059427796758,0.000467752801485274,0.00467752801485274
2022-08-02,"Bolivia","BOL","BO",0,0,1032023,22053,47.4285714285714,404.857142857143,NA,NA,"BO",11513102,5385.28571428571,993277.857142857,53852.8571428571,0.0862736955811611,0.000467752801485274,0.00467752801485274
2022-08-03,"Bolivia","BOL","BO",0,0,1032023,22053,48.2142857142857,410.928571428571,NA,NA,"BO",11513102,5385.28571428571,998663.142857143,53852.8571428571,0.0867414483826464,0.000467752801485274,0.00467752801485274
2022-08-04,"Bolivia","BOL","BO",0,0,1032023,22053,49.2857142857143,415.857142857143,NA,NA,"BO",11513102,5385.28571428571,1004048.42857143,53852.8571428571,0.0872092011841317,0.000467752801485274,0.00467752801485274
2022-08-05,"Bolivia","BOL","BO",0,0,1032023,22053,50.2142857142857,419.285714285714,NA,NA,"BO",11513102,5385.28571428571,1009433.71428571,53852.8571428571,0.0876769539856169,0.000467752801485274,0.00467752801485274
2022-08-06,"Bolivia","BOL","BO",0,0,1032023,22053,51.2142857142857,421.642857142857,NA,NA,"BO",11513102,5385.28571428571,1014819,53852.8571428571,0.0881447067871022,0.000467752801485274,0.00467752801485274
2022-08-07,"Bolivia","BOL","BO",28461,36,1060484,22089,51.5,422.428571428571,NA,NA,"BO",11513102,4490.64285714286,1019309.64285714,44906.4285714286,0.0885347530888845,0.00039004630178234,0.0039004630178234
2022-08-08,"Bolivia","BOL","BO",0,0,1060484,22089,51.5,422.857142857143,NA,NA,"BO",11513102,4490.64285714286,1023800.28571429,44906.4285714286,0.0889247993906669,0.00039004630178234,0.0039004630178234
2022-08-09,"Bolivia","BOL","BO",0,0,1060484,22089,51.5714285714286,422.428571428571,NA,NA,"BO",11513102,4490.64285714286,1028290.92857143,44906.4285714286,0.0893148456924492,0.00039004630178234,0.0039004630178234
2022-08-10,"Bolivia","BOL","BO",0,0,1060484,22089,51.1428571428571,418.642857142857,NA,NA,"BO",11513102,4490.64285714286,1032781.57142857,44906.4285714286,0.0897048919942316,0.00039004630178234,0.0039004630178234
2022-08-11,"Bolivia","BOL","BO",0,0,1060484,22089,50.2857142857143,412.642857142857,NA,NA,"BO",11513102,4490.64285714286,1037272.21428571,44906.4285714286,0.0900949382960139,0.00039004630178234,0.0039004630178234
2022-08-12,"Bolivia","BOL","BO",0,0,1060484,22089,49.3571428571429,404.857142857143,NA,NA,"BO",11513102,4490.64285714286,1041762.85714286,44906.4285714286,0.0904849845977962,0.00039004630178234,0.0039004630178234
2022-08-13,"Bolivia","BOL","BO",0,0,1060484,22089,48.2142857142857,397.357142857143,NA,NA,"BO",11513102,4490.64285714286,1046253.5,44906.4285714286,0.0908750308995786,0.00039004630178234,0.0039004630178234
2022-08-14,"Bolivia","BOL","BO",16331,31,1076815,22120,47.2857142857143,392.142857142857,NA,NA,"BO",11513102,3199.42857142857,1049452.92857143,31994.2857142857,0.0911529254732068,0.000277894573628252,0.00277894573628252
2022-08-15,"Bolivia","BOL","BO",0,0,1076815,22120,46.5,385.642857142857,NA,NA,"BO",11513102,3199.42857142857,1052652.35714286,31994.2857142857,0.0914308200468351,0.000277894573628252,0.00277894573628252
2022-08-16,"Bolivia","BOL","BO",0,0,1076815,22120,46.2142857142857,377.714285714286,NA,NA,"BO",11513102,3199.42857142857,1055851.78571429,31994.2857142857,0.0917087146204633,0.000277894573628252,0.00277894573628252
2022-08-17,"Bolivia","BOL","BO",0,0,1076815,22120,45.1428571428571,367.571428571429,NA,NA,"BO",11513102,3199.42857142857,1059051.21428571,31994.2857142857,0.0919866091940916,0.000277894573628252,0.00277894573628252
2022-08-18,"Bolivia","BOL","BO",0,0,1076815,22120,43.7857142857143,356.285714285714,NA,NA,"BO",11513102,3199.42857142857,1062250.64285714,31994.2857142857,0.0922645037677199,0.000277894573628252,0.00277894573628252
2022-08-19,"Bolivia","BOL","BO",0,0,1076815,22120,42.2142857142857,344.928571428571,NA,NA,"BO",11513102,3199.42857142857,1065450.07142857,31994.2857142857,0.0925423983413481,0.000277894573628252,0.00277894573628252
2022-08-20,"Bolivia","BOL","BO",0,0,1076815,22120,40.7857142857143,334.571428571429,NA,NA,"BO",11513102,3199.42857142857,1068649.5,31994.2857142857,0.0928202929149763,0.000277894573628252,0.00277894573628252
2022-08-21,"Bolivia","BOL","BO",14653,47,1091468,22167,39.8571428571429,325.285714285714,NA,NA,"BO",11513102,2213.14285714286,1070862.64285714,22131.4285714286,0.0930125211135229,0.000192228198546565,0.00192228198546565
2022-08-22,"Bolivia","BOL","BO",0,0,1091468,22167,38.5714285714286,314.642857142857,NA,NA,"BO",11513102,2213.14285714286,1073075.78571429,22131.4285714286,0.0932047493120695,0.000192228198546565,0.00192228198546565
2022-08-23,"Bolivia","BOL","BO",0,0,1091468,22167,37.2142857142857,303.428571428571,NA,NA,"BO",11513102,2213.14285714286,1075288.92857143,22131.4285714286,0.093396977510616,0.000192228198546565,0.00192228198546565
2022-08-24,"Bolivia","BOL","BO",0,0,1091468,22167,36.1428571428571,294,NA,NA,"BO",11513102,2213.14285714286,1077502.07142857,22131.4285714286,0.0935892057091626,0.000192228198546565,0.00192228198546565
2022-08-25,"Bolivia","BOL","BO",0,0,1091468,22167,35.2142857142857,285.5,NA,NA,"BO",11513102,2213.14285714286,1079715.21428571,22131.4285714286,0.0937814339077092,0.000192228198546565,0.00192228198546565
2022-08-26,"Bolivia","BOL","BO",0,0,1091468,22167,34.6428571428571,278.785714285714,NA,NA,"BO",11513102,2213.14285714286,1081928.35714286,22131.4285714286,0.0939736621062557,0.000192228198546565,0.00192228198546565
2022-08-27,"Bolivia","BOL","BO",0,0,1091468,22167,34.4285714285714,271.785714285714,NA,NA,"BO",11513102,2213.14285714286,1084141.5,22131.4285714286,0.0941658903048023,0.000192228198546565,0.00192228198546565
2022-08-28,"Bolivia","BOL","BO",7566,24,1099034,22191,33.7857142857143,262.642857142857,NA,NA,"BO",11513102,1587.07142857143,1085728.57142857,15870.7142857143,0.0943037394638362,0.000137849159033893,0.00137849159033893
2022-08-29,"Bolivia","BOL","BO",0,0,1099034,22191,33.2857142857143,255.714285714286,NA,NA,"BO",11513102,1587.07142857143,1087315.64285714,15870.7142857143,0.0944415886228701,0.000137849159033893,0.00137849159033893
2022-08-30,"Bolivia","BOL","BO",0,0,1099034,22191,32.1428571428571,248.642857142857,NA,NA,"BO",11513102,1587.07142857143,1088902.71428571,15870.7142857143,0.094579437781904,0.000137849159033893,0.00137849159033893
2022-08-31,"Bolivia","BOL","BO",0,0,1099034,22191,31.2142857142857,242.285714285714,NA,NA,"BO",11513102,1587.07142857143,1090489.78571429,15870.7142857143,0.0947172869409379,0.000137849159033893,0.00137849159033893
2022-09-01,"Bolivia","BOL","BO",0,0,1099034,22191,30.5714285714286,236.642857142857,NA,NA,"BO",11513102,1587.07142857143,1092076.85714286,15870.7142857143,0.0948551360999718,0.000137849159033893,0.00137849159033893
2022-09-02,"Bolivia","BOL","BO",0,0,1099034,22191,30.2142857142857,231.785714285714,NA,NA,"BO",11513102,1587.07142857143,1093663.92857143,15870.7142857143,0.0949929852590057,0.000137849159033893,0.00137849159033893
2022-09-03,"Bolivia","BOL","BO",0,0,1099034,22191,29.5,227.428571428571,NA,NA,"BO",11513102,1587.07142857143,1095251,15870.7142857143,0.0951308344180395,0.000137849159033893,0.00137849159033893
2022-09-04,"Bolivia","BOL","BO",4522,14,1103556,22205,28.8571428571429,222.357142857143,NA,NA,"BO",11513102,863.428571428571,1096114.42857143,8634.28571428571,0.0952058297209065,7.4995302866992e-05,0.00074995302866992
2022-09-05,"Bolivia","BOL","BO",0,0,1103556,22205,28.5,218.5,NA,NA,"BO",11513102,863.428571428571,1096977.85714286,8634.28571428571,0.0952808250237735,7.4995302866992e-05,0.00074995302866992
2022-09-06,"Bolivia","BOL","BO",0,0,1103556,22205,28,215.428571428571,NA,NA,"BO",11513102,863.428571428571,1097841.28571429,8634.28571428571,0.0953558203266405,7.4995302866992e-05,0.00074995302866992
2022-09-07,"Bolivia","BOL","BO",0,0,1103556,22205,27.5,211.214285714286,NA,NA,"BO",11513102,863.428571428571,1098704.71428571,8634.28571428571,0.0954308156295075,7.4995302866992e-05,0.00074995302866992
2022-09-08,"Bolivia","BOL","BO",0,0,1103556,22205,27,206.428571428571,NA,NA,"BO",11513102,863.428571428571,1099568.14285714,8634.28571428571,0.0955058109323745,7.4995302866992e-05,0.00074995302866992
2022-09-09,"Bolivia","BOL","BO",0,0,1103556,22205,26.3571428571429,202.571428571429,NA,NA,"BO",11513102,863.428571428571,1100431.57142857,8634.28571428571,0.0955808062352415,7.4995302866992e-05,0.00074995302866992
2022-09-10,"Bolivia","BOL","BO",0,0,1103556,22205,25.5,197.857142857143,NA,NA,"BO",11513102,863.428571428571,1101295,8634.28571428571,0.0956558015381085,7.4995302866992e-05,0.00074995302866992
2022-09-11,"Bolivia","BOL","BO",2256,11,1105812,22216,25.2142857142857,194.5,NA,NA,"BO",11513102,484.142857142857,1101779.14285714,4841.42857142857,0.0956978530075685,4.20514694599993e-05,0.000420514694599993
2022-09-12,"Bolivia","BOL","BO",0,0,1105812,22216,24.5714285714286,190.5,NA,NA,"BO",11513102,484.142857142857,1102263.28571429,4841.42857142857,0.0957399044770285,4.20514694599993e-05,0.000420514694599993
2022-09-13,"Bolivia","BOL","BO",0,0,1105812,22216,23.9285714285714,186.428571428571,NA,NA,"BO",11513102,484.142857142857,1102747.42857143,4841.42857142857,0.0957819559464885,4.20514694599993e-05,0.000420514694599993
2022-09-14,"Bolivia","BOL","BO",0,0,1105812,22216,23.4285714285714,182.357142857143,NA,NA,"BO",11513102,484.142857142857,1103231.57142857,4841.42857142857,0.0958240074159485,4.20514694599993e-05,0.000420514694599993
2022-09-15,"Bolivia","BOL","BO",0,0,1105812,22216,22.7142857142857,178.5,NA,NA,"BO",11513102,484.142857142857,1103715.71428571,4841.42857142857,0.0958660588854085,4.20514694599993e-05,0.000420514694599993
2022-09-16,"Bolivia","BOL","BO",0,0,1105812,22216,21.3571428571429,174.214285714286,NA,NA,"BO",11513102,484.142857142857,1104199.85714286,4841.42857142857,0.0959081103548685,4.20514694599993e-05,0.000420514694599993
2022-09-17,"Bolivia","BOL","BO",0,0,1105812,22216,21.2142857142857,170.214285714286,NA,NA,"BO",11513102,484.142857142857,1104684,4841.42857142857,0.0959501618243285,4.20514694599993e-05,0.000420514694599993
2022-09-18,"Bolivia","BOL","BO",1237,11,1107049,22227,21,166.857142857143,NA,NA,"BO",11513102,249.5,1104933.5,2495,0.0959718327866808,2.16709623522835e-05,0.000216709623522835
2022-09-19,"Bolivia","BOL","BO",0,0,1107049,22227,20.6428571428571,163.142857142857,NA,NA,"BO",11513102,249.5,1105183,2495,0.0959935037490331,2.16709623522835e-05,0.000216709623522835
2022-09-20,"Bolivia","BOL","BO",0,0,1107049,22227,20.2857142857143,159.785714285714,NA,NA,"BO",11513102,249.5,1105432.5,2495,0.0960151747113853,2.16709623522835e-05,0.000216709623522835
2022-09-21,"Bolivia","BOL","BO",0,0,1107049,22227,20,156.714285714286,NA,NA,"BO",11513102,249.5,1105682,2495,0.0960368456737376,2.16709623522835e-05,0.000216709623522835
2022-09-22,"Bolivia","BOL","BO",0,0,1107049,22227,19.8571428571429,153.071428571429,NA,NA,"BO",11513102,249.5,1105931.5,2495,0.0960585166360899,2.16709623522835e-05,0.000216709623522835
2022-09-23,"Bolivia","BOL","BO",0,0,1107049,22227,19.7857142857143,148.571428571429,NA,NA,"BO",11513102,249.5,1106181,2495,0.0960801875984422,2.16709623522835e-05,0.000216709623522835
2022-09-24,"Bolivia","BOL","BO",0,0,1107049,22227,19.5,145.857142857143,NA,NA,"BO",11513102,249.5,1106430.5,2495,0.0961018585607945,2.16709623522835e-05,0.000216709623522835
2022-09-25,"Bolivia","BOL","BO",733,5,1107782,22232,18.7857142857143,143.357142857143,NA,NA,"BO",11513102,140.714285714286,1106571.21428571,1407.14285714286,0.0961140806609474,1.22221001528768e-05,0.000122221001528768
2022-09-26,"Bolivia","BOL","BO",0,0,1107782,22232,18.5,141.571428571429,NA,NA,"BO",11513102,140.714285714286,1106711.92857143,1407.14285714286,0.0961263027611002,1.22221001528768e-05,0.000122221001528768
2022-09-27,"Bolivia","BOL","BO",0,0,1107782,22232,18.4285714285714,140.071428571429,NA,NA,"BO",11513102,140.714285714286,1106852.64285714,1407.14285714286,0.0961385248612531,1.22221001528768e-05,0.000122221001528768
2022-09-28,"Bolivia","BOL","BO",0,0,1107782,22232,18.4285714285714,138.142857142857,NA,NA,"BO",11513102,140.714285714286,1106993.35714286,1407.14285714286,0.096150746961406,1.22221001528768e-05,0.000122221001528768
2022-09-29,"Bolivia","BOL","BO",0,0,1107782,22232,18.5,135.642857142857,NA,NA,"BO",11513102,140.714285714286,1107134.07142857,1407.14285714286,0.0961629690615589,1.22221001528768e-05,0.000122221001528768
2022-09-30,"Bolivia","BOL","BO",0,0,1107782,22232,19,133,NA,NA,"BO",11513102,140.714285714286,1107274.78571429,1407.14285714286,0.0961751911617117,1.22221001528768e-05,0.000122221001528768
2022-10-01,"Bolivia","BOL","BO",0,0,1107782,22232,18.8571428571429,129.714285714286,NA,NA,"BO",11513102,140.714285714286,1107415.5,1407.14285714286,0.0961874132618646,1.22221001528768e-05,0.000122221001528768
2022-10-02,"Bolivia","BOL","BO",480,5,1108262,22237,18.7857142857143,126.285714285714,NA,NA,"BO",11513102,86.6428571428571,1107502.14285714,866.428571428571,0.0961949388494207,7.52558755606066e-06,7.52558755606066e-05
2022-10-03,"Bolivia","BOL","BO",0,0,1108262,22237,18.5714285714286,122.214285714286,NA,NA,"BO",11513102,86.6428571428571,1107588.78571429,866.428571428571,0.0962024644369767,7.52558755606066e-06,7.52558755606066e-05
2022-10-04,"Bolivia","BOL","BO",0,0,1108262,22237,18.2857142857143,119.071428571429,NA,NA,"BO",11513102,86.6428571428571,1107675.42857143,866.428571428571,0.0962099900245328,7.52558755606066e-06,7.52558755606066e-05
2022-10-05,"Bolivia","BOL","BO",0,0,1108262,22237,18,116.428571428571,NA,NA,"BO",11513102,86.6428571428571,1107762.07142857,866.428571428571,0.0962175156120889,7.52558755606066e-06,7.52558755606066e-05
2022-10-06,"Bolivia","BOL","BO",0,0,1108262,22237,17.6428571428571,114.285714285714,NA,NA,"BO",11513102,86.6428571428571,1107848.71428571,866.428571428571,0.0962250411996449,7.52558755606066e-06,7.52558755606066e-05
2022-10-07,"Bolivia","BOL","BO",0,0,1108262,22237,16.7857142857143,112.071428571429,NA,NA,"BO",11513102,86.6428571428571,1107935.35714286,866.428571428571,0.096232566787201,7.52558755606066e-06,7.52558755606066e-05
2022-10-08,"Bolivia","BOL","BO",0,0,1108262,22237,16.5,109.428571428571,NA,NA,"BO",11513102,86.6428571428571,1108022,866.428571428571,0.096240092374757,7.52558755606066e-06,7.52558755606066e-05
2022-10-09,"Bolivia","BOL","BO",386,0,1108648,22237,16.8571428571429,107.071428571429,NA,NA,"BO",11513102,61.8571428571429,1108083.85714286,618.571428571429,0.0962454651355349,5.37276077786359e-06,5.37276077786359e-05
2022-10-10,"Bolivia","BOL","BO",0,0,1108648,22237,16.7142857142857,104.214285714286,NA,NA,"BO",11513102,61.8571428571429,1108145.71428571,618.571428571429,0.0962508378963128,5.37276077786359e-06,5.37276077786359e-05
2022-10-11,"Bolivia","BOL","BO",0,0,1108648,22237,16.3571428571429,100.285714285714,NA,NA,"BO",11513102,61.8571428571429,1108207.57142857,618.571428571429,0.0962562106570906,5.37276077786359e-06,5.37276077786359e-05
2022-10-12,"Bolivia","BOL","BO",0,0,1108648,22237,16.3571428571429,97.7142857142857,NA,NA,"BO",11513102,61.8571428571429,1108269.42857143,618.571428571429,0.0962615834178685,5.37276077786359e-06,5.37276077786359e-05
2022-10-13,"Bolivia","BOL","BO",0,0,1108648,22237,16.4285714285714,96.4285714285714,NA,NA,"BO",11513102,61.8571428571429,1108331.28571429,618.571428571429,0.0962669561786463,5.37276077786359e-06,5.37276077786359e-05
2022-10-14,"Bolivia","BOL","BO",0,0,1108648,22237,NA,NA,NA,NA,"BO",11513102,61.8571428571429,1108393.14285714,618.571428571429,0.0962723289394242,5.37276077786359e-06,5.37276077786359e-05
2022-10-15,"Bolivia","BOL","BO",0,0,1108648,22237,NA,NA,NA,NA,"BO",11513102,61.8571428571429,1108455,618.571428571429,0.0962777017002021,5.37276077786359e-06,5.37276077786359e-05
2022-10-16,"Bolivia","BOL","BO",300,0,1108948,22237,NA,NA,NA,NA,"BO",11513102,49,1108504,490,0.0962819577208645,4.25602066237231e-06,4.25602066237231e-05
2022-10-17,"Bolivia","BOL","BO",0,0,1108948,22237,NA,NA,NA,NA,"BO",11513102,49,1108553,490,0.0962862137415268,4.25602066237231e-06,4.25602066237231e-05
2022-10-18,"Bolivia","BOL","BO",0,0,1108948,22237,NA,NA,NA,NA,"BO",11513102,49,1108602,490,0.0962904697621892,4.25602066237231e-06,4.25602066237231e-05
2022-10-19,"Bolivia","BOL","BO",0,0,1108948,22237,NA,NA,NA,NA,"BO",11513102,49,1108651,490,0.0962947257828516,4.25602066237231e-06,4.25602066237231e-05
2022-10-20,"Bolivia","BOL","BO",0,0,1108948,22237,NA,NA,NA,NA,"BO",11513102,49,1108700,490,0.0962989818035139,4.25602066237231e-06,4.25602066237231e-05
2022-10-21,"Bolivia","BOL","BO",0,0,1108948,22237,NA,NA,NA,NA,"BO",11513102,49,1108749,490,0.0963032378241763,4.25602066237231e-06,4.25602066237231e-05
2022-10-22,"Bolivia","BOL","BO",0,0,1108948,22237,NA,NA,NA,NA,"BO",11513102,49,1108798,490,0.0963074938448387,4.25602066237231e-06,4.25602066237231e-05
2022-10-23,"Bolivia","BOL","BO",264,2,1109212,22239,NA,NA,NA,NA,"BO",11513102,40.2857142857143,1108838.28571429,402.857142857143,0.0963109929638672,3.49911902853934e-06,3.49911902853934e-05
2022-10-24,"Bolivia","BOL","BO",0,0,1109212,22239,NA,NA,NA,NA,"BO",11513102,40.2857142857143,1108878.57142857,402.857142857143,0.0963144920828958,3.49911902853934e-06,3.49911902853934e-05
2022-10-25,"Bolivia","BOL","BO",0,0,1109212,22239,NA,NA,NA,NA,"BO",11513102,40.2857142857143,1108918.85714286,402.857142857143,0.0963179912019243,3.49911902853934e-06,3.49911902853934e-05
2022-10-26,"Bolivia","BOL","BO",0,0,1109212,22239,NA,NA,NA,NA,"BO",11513102,40.2857142857143,1108959.14285714,402.857142857143,0.0963214903209529,3.49911902853934e-06,3.49911902853934e-05
2022-10-27,"Bolivia","BOL","BO",0,0,1109212,22239,NA,NA,NA,NA,"BO",11513102,40.2857142857143,1108999.42857143,402.857142857143,0.0963249894399814,3.49911902853934e-06,3.49911902853934e-05
2022-10-28,"Bolivia","BOL","BO",0,0,1109212,22239,NA,NA,NA,NA,"BO",11513102,40.2857142857143,1109039.71428571,402.857142857143,0.0963284885590099,3.49911902853934e-06,3.49911902853934e-05
2022-10-29,"Bolivia","BOL","BO",0,0,1109212,22239,NA,NA,NA,NA,"BO",11513102,40.2857142857143,1109080,402.857142857143,0.0963319876780385,3.49911902853934e-06,3.49911902853934e-05
2022-10-30,"Bolivia","BOL","BO",205,0,1109417,22239,NA,NA,NA,NA,"BO",11513102,33.5,1109113.5,335,0.0963348974064505,2.90972841203005e-06,2.90972841203005e-05
2022-10-31,"Bolivia","BOL","BO",0,0,1109417,22239,NA,NA,NA,NA,"BO",11513102,33.5,1109147,335,0.0963378071348625,2.90972841203005e-06,2.90972841203005e-05
2022-11-01,"Bolivia","BOL","BO",0,0,1109417,22239,NA,NA,NA,NA,"BO",11513102,33.5,1109180.5,335,0.0963407168632746,2.90972841203005e-06,2.90972841203005e-05
2022-11-02,"Bolivia","BOL","BO",0,0,1109417,22239,NA,NA,NA,NA,"BO",11513102,33.5,1109214,335,0.0963436265916866,2.90972841203005e-06,2.90972841203005e-05
2022-11-03,"Bolivia","BOL","BO",0,0,1109417,22239,NA,NA,NA,NA,"BO",11513102,33.5,1109247.5,335,0.0963465363200986,2.90972841203005e-06,2.90972841203005e-05
2022-11-04,"Bolivia","BOL","BO",0,0,1109417,22239,NA,NA,NA,NA,"BO",11513102,33.5,1109281,335,0.0963494460485106,2.90972841203005e-06,2.90972841203005e-05
2022-11-05,"Bolivia","BOL","BO",0,0,1109417,22239,NA,NA,NA,NA,"BO",11513102,33.5,1109314.5,335,0.0963523557769227,2.90972841203005e-06,2.90972841203005e-05
2022-11-06,"Bolivia","BOL","BO",164,1,1109581,22240,NA,NA,NA,NA,"BO",11513102,26.3571428571429,1109340.85714286,263.571428571429,0.0963546450941594,2.28931723675712e-06,2.28931723675712e-05
2022-11-07,"Bolivia","BOL","BO",0,0,1109581,22240,NA,NA,NA,NA,"BO",11513102,26.3571428571429,1109367.21428571,263.571428571429,0.0963569344113962,2.28931723675712e-06,2.28931723675712e-05
2022-11-08,"Bolivia","BOL","BO",0,0,1109581,22240,NA,NA,NA,NA,"BO",11513102,26.3571428571429,1109393.57142857,263.571428571429,0.0963592237286329,2.28931723675712e-06,2.28931723675712e-05
2022-11-09,"Bolivia","BOL","BO",0,0,1109581,22240,NA,NA,NA,NA,"BO",11513102,26.3571428571429,1109419.92857143,263.571428571429,0.0963615130458697,2.28931723675712e-06,2.28931723675712e-05
2022-11-10,"Bolivia","BOL","BO",0,0,1109581,22240,NA,NA,NA,NA,"BO",11513102,26.3571428571429,1109446.28571429,263.571428571429,0.0963638023631065,2.28931723675712e-06,2.28931723675712e-05
2022-11-11,"Bolivia","BOL","BO",0,0,1109581,22240,NA,NA,NA,NA,"BO",11513102,26.3571428571429,1109472.64285714,263.571428571429,0.0963660916803432,2.28931723675712e-06,2.28931723675712e-05
2022-11-12,"Bolivia","BOL","BO",0,0,1109581,22240,NA,NA,NA,NA,"BO",11513102,26.3571428571429,1109499,263.571428571429,0.09636838099758,2.28931723675712e-06,2.28931723675712e-05
2022-11-13,"Bolivia","BOL","BO",182,3,1109763,22243,NA,NA,NA,NA,"BO",11513102,24.7142857142857,1109523.71428571,247.142857142857,0.0963705276202464,2.14662266644434e-06,2.14662266644434e-05
2022-11-14,"Bolivia","BOL","BO",0,0,1109763,22243,NA,NA,NA,NA,"BO",11513102,24.7142857142857,1109548.42857143,247.142857142857,0.0963726742429129,2.14662266644434e-06,2.14662266644434e-05
2022-11-15,"Bolivia","BOL","BO",0,0,1109763,22243,NA,NA,NA,NA,"BO",11513102,24.7142857142857,1109573.14285714,247.142857142857,0.0963748208655793,2.14662266644434e-06,2.14662266644434e-05
2022-11-16,"Bolivia","BOL","BO",0,0,1109763,22243,NA,NA,NA,NA,"BO",11513102,24.7142857142857,1109597.85714286,247.142857142857,0.0963769674882457,2.14662266644434e-06,2.14662266644434e-05
2022-11-17,"Bolivia","BOL","BO",0,0,1109763,22243,NA,NA,NA,NA,"BO",11513102,24.7142857142857,1109622.57142857,247.142857142857,0.0963791141109122,2.14662266644434e-06,2.14662266644434e-05
2022-11-18,"Bolivia","BOL","BO",0,0,1109763,22243,NA,NA,NA,NA,"BO",11513102,24.7142857142857,1109647.28571429,247.142857142857,0.0963812607335786,2.14662266644434e-06,2.14662266644434e-05
2022-11-19,"Bolivia","BOL","BO",0,0,1109763,22243,NA,NA,NA,NA,"BO",11513102,24.7142857142857,1109672,247.142857142857,0.0963834073562451,2.14662266644434e-06,2.14662266644434e-05
2022-11-20,"Bolivia","BOL","BO",407,1,1110170,22244,NA,NA,NA,NA,"BO",11513102,42.0714285714286,1109714.07142857,420.714285714286,0.0963870615780674,3.65422182235757e-06,3.65422182235757e-05
2022-11-21,"Bolivia","BOL","BO",0,0,1110170,22244,NA,NA,NA,NA,"BO",11513102,42.0714285714286,1109756.14285714,420.714285714286,0.0963907157998898,3.65422182235757e-06,3.65422182235757e-05
2022-11-22,"Bolivia","BOL","BO",0,0,1110170,22244,NA,NA,NA,NA,"BO",11513102,42.0714285714286,1109798.21428571,420.714285714286,0.0963943700217122,3.65422182235757e-06,3.65422182235757e-05
2022-11-23,"Bolivia","BOL","BO",0,0,1110170,22244,NA,NA,NA,NA,"BO",11513102,42.0714285714286,1109840.28571429,420.714285714286,0.0963980242435345,3.65422182235757e-06,3.65422182235757e-05
2022-11-24,"Bolivia","BOL","BO",0,0,1110170,22244,NA,NA,NA,NA,"BO",11513102,42.0714285714286,1109882.35714286,420.714285714286,0.0964016784653569,3.65422182235757e-06,3.65422182235757e-05
2022-11-25,"Bolivia","BOL","BO",0,0,1110170,22244,NA,NA,NA,NA,"BO",11513102,42.0714285714286,1109924.42857143,420.714285714286,0.0964053326871792,3.65422182235757e-06,3.65422182235757e-05
2022-11-26,"Bolivia","BOL","BO",0,0,1110170,22244,NA,NA,NA,NA,"BO",11513102,42.0714285714286,1109966.5,420.714285714286,0.0964089869090016,3.65422182235757e-06,3.65422182235757e-05
2022-11-27,"Bolivia","BOL","BO",438,1,1110608,22245,NA,NA,NA,NA,"BO",11513102,60.3571428571429,1110026.85714286,603.571428571429,0.0964142293834326,5.24247443105627e-06,5.24247443105627e-05
2022-11-28,"Bolivia","BOL","BO",0,0,1110608,22245,NA,NA,NA,NA,"BO",11513102,60.3571428571429,1110087.21428571,603.571428571429,0.0964194718578637,5.24247443105627e-06,5.24247443105627e-05
2022-11-29,"Bolivia","BOL","BO",0,0,1110608,22245,NA,NA,NA,NA,"BO",11513102,60.3571428571429,1110147.57142857,603.571428571429,0.0964247143322948,5.24247443105627e-06,5.24247443105627e-05
2022-11-30,"Bolivia","BOL","BO",0,0,1110608,22245,NA,NA,NA,NA,"BO",11513102,60.3571428571429,1110207.92857143,603.571428571429,0.0964299568067258,5.24247443105627e-06,5.24247443105627e-05
2022-12-01,"Bolivia","BOL","BO",0,0,1110608,22245,NA,NA,NA,NA,"BO",11513102,60.3571428571429,1110268.28571429,603.571428571429,0.0964351992811569,5.24247443105627e-06,5.24247443105627e-05
2022-12-02,"Bolivia","BOL","BO",0,0,1110608,22245,NA,NA,NA,NA,"BO",11513102,60.3571428571429,1110328.64285714,603.571428571429,0.0964404417555879,5.24247443105627e-06,5.24247443105627e-05
2022-12-03,"Bolivia","BOL","BO",0,0,1110608,22245,NA,NA,NA,NA,"BO",11513102,60.3571428571429,1110389,603.571428571429,0.096445684230019,5.24247443105627e-06,5.24247443105627e-05
2022-12-04,"Bolivia","BOL","BO",1038,3,1111646,22248,NA,NA,NA,NA,"BO",11513102,105.428571428571,1110494.42857143,1054.28571428571,0.096454841498966,9.15726894702848e-06,9.15726894702847e-05
2022-12-05,"Bolivia","BOL","BO",0,0,1111646,22248,NA,NA,NA,NA,"BO",11513102,105.428571428571,1110599.85714286,1054.28571428571,0.096463998767913,9.15726894702848e-06,9.15726894702847e-05
2022-12-06,"Bolivia","BOL","BO",0,0,1111646,22248,NA,NA,NA,NA,"BO",11513102,105.428571428571,1110705.28571429,1054.28571428571,0.0964731560368601,9.15726894702848e-06,9.15726894702847e-05
2022-12-07,"Bolivia","BOL","BO",0,0,1111646,22248,NA,NA,NA,NA,"BO",11513102,105.428571428571,1110810.71428571,1054.28571428571,0.0964823133058071,9.15726894702848e-06,9.15726894702847e-05
2022-12-08,"Bolivia","BOL","BO",0,0,1111646,22248,NA,NA,NA,NA,"BO",11513102,105.428571428571,1110916.14285714,1054.28571428571,0.0964914705747541,9.15726894702848e-06,9.15726894702847e-05
2022-12-09,"Bolivia","BOL","BO",0,0,1111646,22248,NA,NA,NA,NA,"BO",11513102,105.428571428571,1111021.57142857,1054.28571428571,0.0965006278437011,9.15726894702848e-06,9.15726894702847e-05
2022-12-10,"Bolivia","BOL","BO",0,0,1111646,22248,NA,NA,NA,NA,"BO",11513102,105.428571428571,1111127,1054.28571428571,0.0965097851126482,9.15726894702848e-06,9.15726894702847e-05
2022-12-11,"Bolivia","BOL","BO",5786,5,1117432,22253,NA,NA,NA,NA,"BO",11513102,487.428571428571,1111614.42857143,4874.28571428571,0.0965521219712488,4.23368586006249e-05,0.000423368586006249
2022-12-12,"Bolivia","BOL","BO",0,0,1117432,22253,NA,NA,NA,NA,"BO",11513102,487.428571428571,1112101.85714286,4874.28571428571,0.0965944588298494,4.23368586006249e-05,0.000423368586006249
2022-12-13,"Bolivia","BOL","BO",0,0,1117432,22253,NA,NA,NA,NA,"BO",11513102,487.428571428571,1112589.28571429,4874.28571428571,0.0966367956884501,4.23368586006249e-05,0.000423368586006249
2022-12-14,"Bolivia","BOL","BO",0,0,1117432,22253,NA,NA,NA,NA,"BO",11513102,487.428571428571,1113076.71428571,4874.28571428571,0.0966791325470507,4.23368586006249e-05,0.000423368586006249
2022-12-15,"Bolivia","BOL","BO",0,0,1117432,22253,NA,NA,NA,NA,"BO",11513102,487.428571428571,1113564.14285714,4874.28571428571,0.0967214694056513,4.23368586006249e-05,0.000423368586006249
2022-12-16,"Bolivia","BOL","BO",0,0,1117432,22253,NA,NA,NA,NA,"BO",11513102,487.428571428571,1114051.57142857,4874.28571428571,0.0967638062642519,4.23368586006249e-05,0.000423368586006249
2022-12-17,"Bolivia","BOL","BO",0,0,1117432,22253,NA,NA,NA,NA,"BO",11513102,487.428571428571,1114539,4874.28571428571,0.0968061431228526,4.23368586006249e-05,0.000423368586006249
2022-12-18,"Bolivia","BOL","BO",10152,9,1127584,22262,NA,NA,NA,NA,"BO",11513102,1138.42857142857,1115677.42857143,11384.2857142857,0.0969050242559676,9.88811331149999e-05,0.000988811331149999
2022-12-19,"Bolivia","BOL","BO",0,0,1127584,22262,NA,NA,NA,NA,"BO",11513102,1138.42857142857,1116815.85714286,11384.2857142857,0.0970039053890825,9.88811331149999e-05,0.000988811331149999
2022-12-20,"Bolivia","BOL","BO",0,0,1127584,22262,NA,NA,NA,NA,"BO",11513102,1138.42857142857,1117954.28571429,11384.2857142857,0.0971027865221975,9.88811331149999e-05,0.000988811331149999
2022-12-21,"Bolivia","BOL","BO",0,0,1127584,22262,NA,NA,NA,NA,"BO",11513102,1138.42857142857,1119092.71428571,11384.2857142857,0.0972016676553126,9.88811331149999e-05,0.000988811331149999
2022-12-22,"Bolivia","BOL","BO",0,0,1127584,22262,NA,NA,NA,NA,"BO",11513102,1138.42857142857,1120231.14285714,11384.2857142857,0.0973005487884276,9.88811331149999e-05,0.000988811331149999
2022-12-23,"Bolivia","BOL","BO",0,0,1127584,22262,NA,NA,NA,NA,"BO",11513102,1138.42857142857,1121369.57142857,11384.2857142857,0.0973994299215425,9.88811331149999e-05,0.000988811331149999
2022-12-24,"Bolivia","BOL","BO",0,0,1127584,22262,NA,NA,NA,NA,"BO",11513102,1138.42857142857,1122508,11384.2857142857,0.0974983110546576,9.88811331149999e-05,0.000988811331149999
2022-12-25,"Bolivia","BOL","BO",19157,18,1146741,22280,NA,NA,NA,NA,"BO",11513102,2093.5,1124601.5,20935,0.0976801473660183,0.000181836311360744,0.00181836311360744
2022-12-26,"Bolivia","BOL","BO",0,0,1146741,22280,NA,NA,NA,NA,"BO",11513102,2093.5,1126695,20935,0.097861983677379,0.000181836311360744,0.00181836311360744
2022-12-27,"Bolivia","BOL","BO",0,0,1146741,22280,NA,NA,NA,NA,"BO",11513102,2093.5,1128788.5,20935,0.0980438199887398,0.000181836311360744,0.00181836311360744
2022-12-28,"Bolivia","BOL","BO",0,0,1146741,22280,NA,NA,NA,NA,"BO",11513102,2093.5,1130882,20935,0.0982256563001005,0.000181836311360744,0.00181836311360744
2022-12-29,"Bolivia","BOL","BO",0,0,1146741,22280,NA,NA,NA,NA,"BO",11513102,2093.5,1132975.5,20935,0.0984074926114613,0.000181836311360744,0.00181836311360744
2022-12-30,"Bolivia","BOL","BO",0,0,1146741,22280,NA,NA,NA,NA,"BO",11513102,2093.5,1135069,20935,0.098589328922822,0.000181836311360744,0.00181836311360744
2022-12-31,"Bolivia","BOL","BO",0,0,1146741,22280,NA,NA,NA,NA,"BO",11513102,2093.5,1137162.5,20935,0.0987711652341828,0.000181836311360744,0.00181836311360744
2023-01-01,"Bolivia","BOL","BO",14277,19,1161018,22299,NA,NA,NA,NA,"BO",11513102,2388.14285714286,1139550.64285714,23881.4285714286,0.0989785935065235,0.000207428272340752,0.00207428272340752
2023-01-02,"Bolivia","BOL","BO",0,0,1161018,22299,NA,NA,NA,NA,"BO",11513102,2388.14285714286,1141938.78571429,23881.4285714286,0.0991860217788643,0.000207428272340752,0.00207428272340752
2023-01-03,"Bolivia","BOL","BO",0,0,1161018,22299,NA,NA,NA,NA,"BO",11513102,2388.14285714286,1144326.92857143,23881.4285714286,0.099393450051205,0.000207428272340752,0.00207428272340752
2023-01-04,"Bolivia","BOL","BO",0,0,1161018,22299,NA,NA,NA,NA,"BO",11513102,2388.14285714286,1146715.07142857,23881.4285714286,0.0996008783235458,0.000207428272340752,0.00207428272340752
2023-01-05,"Bolivia","BOL","BO",0,0,1161018,22299,NA,NA,NA,NA,"BO",11513102,2388.14285714286,1149103.21428571,23881.4285714286,0.0998083065958865,0.000207428272340752,0.00207428272340752
2023-01-06,"Bolivia","BOL","BO",0,0,1161018,22299,NA,NA,NA,NA,"BO",11513102,2388.14285714286,1151491.35714286,23881.4285714286,0.100015734868227,0.000207428272340752,0.00207428272340752
2023-01-07,"Bolivia","BOL","BO",0,0,1161018,22299,NA,NA,NA,NA,"BO",11513102,2388.14285714286,1153879.5,23881.4285714286,0.100223163140568,0.000207428272340752,0.00207428272340752
2023-01-08,"Bolivia","BOL","BO",9349,19,1170367,22318,NA,NA,NA,NA,"BO",11513102,1687.57142857143,1155567.07142857,16875.7142857143,0.100369741484838,0.000146578344269983,0.00146578344269983
2023-01-09,"Bolivia","BOL","BO",0,0,1170367,22318,NA,NA,NA,NA,"BO",11513102,1687.57142857143,1157254.64285714,16875.7142857143,0.100516319829108,0.000146578344269983,0.00146578344269983
2023-01-10,"Bolivia","BOL","BO",0,0,1170367,22318,NA,NA,NA,NA,"BO",11513102,1687.57142857143,1158942.21428571,16875.7142857143,0.100662898173378,0.000146578344269983,0.00146578344269983
2023-01-11,"Bolivia","BOL","BO",0,0,1170367,22318,NA,NA,NA,NA,"BO",11513102,1687.57142857143,1160629.78571429,16875.7142857143,0.100809476517648,0.000146578344269983,0.00146578344269983
2023-01-12,"Bolivia","BOL","BO",0,0,1170367,22318,NA,NA,NA,NA,"BO",11513102,1687.57142857143,1162317.35714286,16875.7142857143,0.100956054861918,0.000146578344269983,0.00146578344269983
2023-01-13,"Bolivia","BOL","BO",0,0,1170367,22318,NA,NA,NA,NA,"BO",11513102,1687.57142857143,1164004.92857143,16875.7142857143,0.101102633206188,0.000146578344269983,0.00146578344269983
2023-01-14,"Bolivia","BOL","BO",0,0,1170367,22318,NA,NA,NA,NA,"BO",11513102,1687.57142857143,1165692.5,16875.7142857143,0.101249211550458,0.000146578344269983,0.00146578344269983
2023-01-15,"Bolivia","BOL","BO",8133,11,1178500,22329,NA,NA,NA,NA,"BO",11513102,1248.71428571429,1166941.21428571,12487.1428571429,0.101357671832119,0.000108460281661214,0.00108460281661214
2023-01-16,"Bolivia","BOL","BO",0,0,1178500,22329,NA,NA,NA,NA,"BO",11513102,1248.71428571429,1168189.92857143,12487.1428571429,0.10146613211378,0.000108460281661214,0.00108460281661214
2023-01-17,"Bolivia","BOL","BO",0,0,1178500,22329,NA,NA,NA,NA,"BO",11513102,1248.71428571429,1169438.64285714,12487.1428571429,0.101574592395442,0.000108460281661214,0.00108460281661214
2023-01-18,"Bolivia","BOL","BO",0,0,1178500,22329,NA,NA,NA,NA,"BO",11513102,1248.71428571429,1170687.35714286,12487.1428571429,0.101683052677103,0.000108460281661214,0.00108460281661214
2023-01-19,"Bolivia","BOL","BO",0,0,1178500,22329,NA,NA,NA,NA,"BO",11513102,1248.71428571429,1171936.07142857,12487.1428571429,0.101791512958764,0.000108460281661214,0.00108460281661214
2023-01-20,"Bolivia","BOL","BO",0,0,1178500,22329,NA,NA,NA,NA,"BO",11513102,1248.71428571429,1173184.78571429,12487.1428571429,0.101899973240425,0.000108460281661214,0.00108460281661214
2023-01-21,"Bolivia","BOL","BO",0,0,1178500,22329,NA,NA,NA,NA,"BO",11513102,1248.71428571429,1174433.5,12487.1428571429,0.102008433522086,0.000108460281661214,0.00108460281661214
2023-01-22,"Bolivia","BOL","BO",5205,13,1183705,22342,NA,NA,NA,NA,"BO",11513102,952.714285714286,1175386.21428571,9527.14285714286,0.102091183964644,8.27504425579037e-05,0.000827504425579037
2023-01-23,"Bolivia","BOL","BO",0,0,1183705,22342,NA,NA,NA,NA,"BO",11513102,952.714285714286,1176338.92857143,9527.14285714286,0.102173934407202,8.27504425579037e-05,0.000827504425579037
2023-01-24,"Bolivia","BOL","BO",0,0,1183705,22342,NA,NA,NA,NA,"BO",11513102,952.714285714286,1177291.64285714,9527.14285714286,0.10225668484976,8.27504425579037e-05,0.000827504425579037
2023-01-25,"Bolivia","BOL","BO",0,0,1183705,22342,NA,NA,NA,NA,"BO",11513102,952.714285714286,1178244.35714286,9527.14285714286,0.102339435292318,8.27504425579037e-05,0.000827504425579037
2023-01-26,"Bolivia","BOL","BO",0,0,1183705,22342,NA,NA,NA,NA,"BO",11513102,952.714285714286,1179197.07142857,9527.14285714286,0.102422185734876,8.27504425579037e-05,0.000827504425579037
2023-01-27,"Bolivia","BOL","BO",0,0,1183705,22342,NA,NA,NA,NA,"BO",11513102,952.714285714286,1180149.78571429,9527.14285714286,0.102504936177434,8.27504425579037e-05,0.000827504425579037
2023-01-28,"Bolivia","BOL","BO",0,0,1183705,22342,NA,NA,NA,NA,"BO",11513102,952.714285714286,1181102.5,9527.14285714286,0.102587686619992,8.27504425579037e-05,0.000827504425579037
2023-01-29,"Bolivia","BOL","BO",3387,3,1187092,22345,NA,NA,NA,NA,"BO",11513102,613.714285714286,1181716.21428571,6137.14285714286,0.102640992348171,5.33057281794503e-05,0.000533057281794503
2023-01-30,"Bolivia","BOL","BO",0,0,1187092,22345,NA,NA,NA,NA,"BO",11513102,613.714285714286,1182329.92857143,6137.14285714286,0.102694298076351,5.33057281794503e-05,0.000533057281794503
2023-01-31,"Bolivia","BOL","BO",0,0,1187092,22345,NA,NA,NA,NA,"BO",11513102,613.714285714286,1182943.64285714,6137.14285714286,0.10274760380453,5.33057281794503e-05,0.000533057281794503
2023-02-01,"Bolivia","BOL","BO",0,0,1187092,22345,NA,NA,NA,NA,"BO",11513102,613.714285714286,1183557.35714286,6137.14285714286,0.10280090953271,5.33057281794503e-05,0.000533057281794503
2023-02-02,"Bolivia","BOL","BO",0,0,1187092,22345,NA,NA,NA,NA,"BO",11513102,613.714285714286,1184171.07142857,6137.14285714286,0.102854215260889,5.33057281794503e-05,0.000533057281794503
2023-02-03,"Bolivia","BOL","BO",0,0,1187092,22345,NA,NA,NA,NA,"BO",11513102,613.714285714286,1184784.78571429,6137.14285714286,0.102907520989068,5.33057281794503e-05,0.000533057281794503
2023-02-04,"Bolivia","BOL","BO",0,0,1187092,22345,NA,NA,NA,NA,"BO",11513102,613.714285714286,1185398.5,6137.14285714286,0.102960826717248,5.33057281794503e-05,0.000533057281794503
2023-02-05,"Bolivia","BOL","BO",2365,7,1189457,22352,NA,NA,NA,NA,"BO",11513102,410.857142857143,1185809.35714286,4108.57142857143,0.10299651276805,3.5686050801699e-05,0.00035686050801699
2023-02-06,"Bolivia","BOL","BO",0,0,1189457,22352,NA,NA,NA,NA,"BO",11513102,410.857142857143,1186220.21428571,4108.57142857143,0.103032198818851,3.5686050801699e-05,0.00035686050801699
2023-02-07,"Bolivia","BOL","BO",0,0,1189457,22352,NA,NA,NA,NA,"BO",11513102,410.857142857143,1186631.07142857,4108.57142857143,0.103067884869653,3.5686050801699e-05,0.00035686050801699
2023-02-08,"Bolivia","BOL","BO",0,0,1189457,22352,NA,NA,NA,NA,"BO",11513102,410.857142857143,1187041.92857143,4108.57142857143,0.103103570920455,3.5686050801699e-05,0.00035686050801699
2023-02-09,"Bolivia","BOL","BO",0,0,1189457,22352,NA,NA,NA,NA,"BO",11513102,410.857142857143,1187452.78571429,4108.57142857143,0.103139256971256,3.5686050801699e-05,0.00035686050801699
2023-02-10,"Bolivia","BOL","BO",0,0,1189457,22352,NA,NA,NA,NA,"BO",11513102,410.857142857143,1187863.64285714,4108.57142857143,0.103174943022058,3.5686050801699e-05,0.00035686050801699
2023-02-11,"Bolivia","BOL","BO",0,0,1189457,22352,NA,NA,NA,NA,"BO",11513102,410.857142857143,1188274.5,4108.57142857143,0.10321062907286,3.5686050801699e-05,0.00035686050801699
2023-02-12,"Bolivia","BOL","BO",1461,2,1190918,22354,NA,NA,NA,NA,"BO",11513102,273.285714285714,1188547.78571429,2732.85714285714,0.103234366004426,2.37369315659424e-05,0.000237369315659424
2023-02-13,"Bolivia","BOL","BO",0,0,1190918,22354,NA,NA,NA,NA,"BO",11513102,273.285714285714,1188821.07142857,2732.85714285714,0.103258102935992,2.37369315659424e-05,0.000237369315659424
2023-02-14,"Bolivia","BOL","BO",0,0,1190918,22354,NA,NA,NA,NA,"BO",11513102,273.285714285714,1189094.35714286,2732.85714285714,0.103281839867558,2.37369315659424e-05,0.000237369315659424
2023-02-15,"Bolivia","BOL","BO",0,0,1190918,22354,NA,NA,NA,NA,"BO",11513102,273.285714285714,1189367.64285714,2732.85714285714,0.103305576799124,2.37369315659424e-05,0.000237369315659424
2023-02-16,"Bolivia","BOL","BO",0,0,1190918,22354,NA,NA,NA,NA,"BO",11513102,273.285714285714,1189640.92857143,2732.85714285714,0.103329313730689,2.37369315659424e-05,0.000237369315659424
2023-02-17,"Bolivia","BOL","BO",0,0,1190918,22354,NA,NA,NA,NA,"BO",11513102,273.285714285714,1189914.21428571,2732.85714285714,0.103353050662255,2.37369315659424e-05,0.000237369315659424
2023-02-18,"Bolivia","BOL","BO",0,0,1190918,22354,NA,NA,NA,NA,"BO",11513102,273.285714285714,1190187.5,2732.85714285714,0.103376787593821,2.37369315659424e-05,0.000237369315659424
2023-02-19,"Bolivia","BOL","BO",974,5,1191892,22359,NA,NA,NA,NA,"BO",11513102,173.928571428571,1190361.42857143,1739.28571428571,0.103391894605939,1.51070121178959e-05,0.000151070121178959
2023-02-20,"Bolivia","BOL","BO",0,0,1191892,22359,NA,NA,NA,NA,"BO",11513102,173.928571428571,1190535.35714286,1739.28571428571,0.103407001618057,1.51070121178959e-05,0.000151070121178959
2023-02-21,"Bolivia","BOL","BO",0,0,1191892,22359,NA,NA,NA,NA,"BO",11513102,173.928571428571,1190709.28571429,1739.28571428571,0.103422108630175,1.51070121178959e-05,0.000151070121178959
2023-02-22,"Bolivia","BOL","BO",0,0,1191892,22359,NA,NA,NA,NA,"BO",11513102,173.928571428571,1190883.21428571,1739.28571428571,0.103437215642293,1.51070121178959e-05,0.000151070121178959
2023-02-23,"Bolivia","BOL","BO",0,0,1191892,22359,NA,NA,NA,NA,"BO",11513102,173.928571428571,1191057.14285714,1739.28571428571,0.103452322654411,1.51070121178959e-05,0.000151070121178959
2023-02-24,"Bolivia","BOL","BO",0,0,1191892,22359,NA,NA,NA,NA,"BO",11513102,173.928571428571,1191231.07142857,1739.28571428571,0.103467429666529,1.51070121178959e-05,0.000151070121178959
2023-02-25,"Bolivia","BOL","BO",0,0,1191892,22359,NA,NA,NA,NA,"BO",11513102,173.928571428571,1191405,1739.28571428571,0.103482536678647,1.51070121178959e-05,0.000151070121178959
2023-02-26,"Bolivia","BOL","BO",804,5,1192696,22364,NA,NA,NA,NA,"BO",11513102,127,1191532,1270,0.103493567589343,1.10309106963527e-05,0.000110309106963527
2023-02-27,"Bolivia","BOL","BO",0,0,1192696,22364,NA,NA,NA,NA,"BO",11513102,127,1191659,1270,0.103504598500039,1.10309106963527e-05,0.000110309106963527
2023-02-28,"Bolivia","BOL","BO",0,0,1192696,22364,NA,NA,NA,NA,"BO",11513102,127,1191786,1270,0.103515629410736,1.10309106963527e-05,0.000110309106963527
2023-03-01,"Bolivia","BOL","BO",0,0,1192696,22364,NA,NA,NA,NA,"BO",11513102,127,1191913,1270,0.103526660321432,1.10309106963527e-05,0.000110309106963527
2023-03-02,"Bolivia","BOL","BO",0,0,1192696,22364,NA,NA,NA,NA,"BO",11513102,127,1192040,1270,0.103537691232128,1.10309106963527e-05,0.000110309106963527
2023-03-03,"Bolivia","BOL","BO",0,0,1192696,22364,NA,NA,NA,NA,"BO",11513102,127,1192167,1270,0.103548722142825,1.10309106963527e-05,0.000110309106963527
2023-03-04,"Bolivia","BOL","BO",0,0,1192696,22364,NA,NA,NA,NA,"BO",11513102,127,1192294,1270,0.103559753053521,1.10309106963527e-05,0.000110309106963527
2023-03-05,"Bolivia","BOL","BO",1119,1,1193815,22365,NA,NA,NA,NA,"BO",11513102,137.357142857143,1192431.35714286,1373.57142857143,0.103571683560422,1.19305069004985e-05,0.000119305069004985
2023-03-06,"Bolivia","BOL","BO",0,0,1193815,22365,NA,NA,NA,NA,"BO",11513102,137.357142857143,1192568.71428571,1373.57142857143,0.103583614067322,1.19305069004985e-05,0.000119305069004985
2023-03-07,"Bolivia","BOL","BO",0,0,1193815,22365,NA,NA,NA,NA,"BO",11513102,137.357142857143,1192706.07142857,1373.57142857143,0.103595544574223,1.19305069004985e-05,0.000119305069004985
2023-03-08,"Bolivia","BOL","BO",0,0,1193815,22365,NA,NA,NA,NA,"BO",11513102,137.357142857143,1192843.42857143,1373.57142857143,0.103607475081123,1.19305069004985e-05,0.000119305069004985
2023-03-09,"Bolivia","BOL","BO",0,0,1193815,22365,NA,NA,NA,NA,"BO",11513102,137.357142857143,1192980.78571429,1373.57142857143,0.103619405588024,1.19305069004985e-05,0.000119305069004985
2023-03-10,"Bolivia","BOL","BO",0,0,1193815,22365,NA,NA,NA,NA,"BO",11513102,137.357142857143,1193118.14285714,1373.57142857143,0.103631336094924,1.19305069004985e-05,0.000119305069004985
2023-03-11,"Bolivia","BOL","BO",0,0,1193815,22365,NA,NA,NA,NA,"BO",11513102,137.357142857143,1193255.5,1373.57142857143,0.103643266601825,1.19305069004985e-05,0.000119305069004985
2023-03-12,"Bolivia","BOL","BO",572,1,1194387,22366,NA,NA,NA,NA,"BO",11513102,120.785714285714,1193376.28571429,1207.85714285714,0.103653757754798,1.04911529738653e-05,0.000104911529738653
2023-03-13,"Bolivia","BOL","BO",0,0,1194387,22366,NA,NA,NA,NA,"BO",11513102,120.785714285714,1193497.07142857,1207.85714285714,0.103664248907772,1.04911529738653e-05,0.000104911529738653
2023-03-14,"Bolivia","BOL","BO",0,0,1194387,22366,NA,NA,NA,NA,"BO",11513102,120.785714285714,1193617.85714286,1207.85714285714,0.103674740060746,1.04911529738653e-05,0.000104911529738653
2023-03-15,"Bolivia","BOL","BO",0,0,1194387,22366,NA,NA,NA,NA,"BO",11513102,120.785714285714,1193738.64285714,1207.85714285714,0.10368523121372,1.04911529738653e-05,0.000104911529738653
2023-03-16,"Bolivia","BOL","BO",0,0,1194387,22366,NA,NA,NA,NA,"BO",11513102,120.785714285714,1193859.42857143,1207.85714285714,0.103695722366694,1.04911529738653e-05,0.000104911529738653
2023-03-17,"Bolivia","BOL","BO",0,0,1194387,22366,NA,NA,NA,NA,"BO",11513102,120.785714285714,1193980.21428571,1207.85714285714,0.103706213519668,1.04911529738653e-05,0.000104911529738653
2023-03-18,"Bolivia","BOL","BO",0,0,1194387,22366,NA,NA,NA,NA,"BO",11513102,120.785714285714,1194101,1207.85714285714,0.103716704672642,1.04911529738653e-05,0.000104911529738653
2023-03-19,"Bolivia","BOL","BO",677,2,1195064,22368,NA,NA,NA,NA,"BO",11513102,89.2142857142857,1194190.21428571,892.142857142857,0.103724453608221,7.74893557915892e-06,7.74893557915892e-05
2023-03-20,"Bolivia","BOL","BO",0,0,1195064,22368,NA,NA,NA,NA,"BO",11513102,89.2142857142857,1194279.42857143,892.142857142857,0.1037322025438,7.74893557915892e-06,7.74893557915892e-05
2023-03-21,"Bolivia","BOL","BO",0,0,1195064,22368,NA,NA,NA,NA,"BO",11513102,89.2142857142857,1194368.64285714,892.142857142857,0.103739951479379,7.74893557915892e-06,7.74893557915892e-05
2023-03-22,"Bolivia","BOL","BO",0,0,1195064,22368,NA,NA,NA,NA,"BO",11513102,89.2142857142857,1194457.85714286,892.142857142857,0.103747700414958,7.74893557915892e-06,7.74893557915892e-05
2023-03-23,"Bolivia","BOL","BO",0,0,1195064,22368,NA,NA,NA,NA,"BO",11513102,89.2142857142857,1194547.07142857,892.142857142857,0.103755449350537,7.74893557915892e-06,7.74893557915892e-05
2023-03-24,"Bolivia","BOL","BO",0,0,1195064,22368,NA,NA,NA,NA,"BO",11513102,89.2142857142857,1194636.28571429,892.142857142857,0.103763198286117,7.74893557915892e-06,7.74893557915892e-05
2023-03-25,"Bolivia","BOL","BO",0,0,1195064,22368,NA,NA,NA,NA,"BO",11513102,89.2142857142857,1194725.5,892.142857142857,0.103770947221696,7.74893557915892e-06,7.74893557915892e-05
2023-03-26,"Bolivia","BOL","BO",457,4,1195521,22372,NA,NA,NA,NA,"BO",11513102,81,1194806.5,810,0.103777982684423,7.03546272759505e-06,7.03546272759505e-05
2023-03-27,"Bolivia","BOL","BO",0,0,1195521,22372,NA,NA,NA,NA,"BO",11513102,81,1194887.5,810,0.103785018147151,7.03546272759505e-06,7.03546272759505e-05
2023-03-28,"Bolivia","BOL","BO",0,0,1195521,22372,NA,NA,NA,NA,"BO",11513102,81,1194968.5,810,0.103792053609879,7.03546272759505e-06,7.03546272759505e-05
2023-03-29,"Bolivia","BOL","BO",0,0,1195521,22372,NA,NA,NA,NA,"BO",11513102,81,1195049.5,810,0.103799089072606,7.03546272759505e-06,7.03546272759505e-05
2023-03-30,"Bolivia","BOL","BO",0,0,1195521,22372,NA,NA,NA,NA,"BO",11513102,81,1195130.5,810,0.103806124535334,7.03546272759505e-06,7.03546272759505e-05
2023-03-31,"Bolivia","BOL","BO",0,0,1195521,22372,NA,NA,NA,NA,"BO",11513102,81,1195211.5,810,0.103813159998061,7.03546272759505e-06,7.03546272759505e-05
2023-04-01,"Bolivia","BOL","BO",0,0,1195521,22372,NA,NA,NA,NA,"BO",11513102,81,1195292.5,810,0.103820195460789,7.03546272759505e-06,7.03546272759505e-05
2023-04-02,"Bolivia","BOL","BO",359,2,1195880,22374,NA,NA,NA,NA,"BO",11513102,58.2857142857143,1195350.78571429,582.857142857143,0.103825258015979,5.06255519022712e-06,5.06255519022712e-05
2023-04-03,"Bolivia","BOL","BO",0,0,1195880,22374,NA,NA,NA,NA,"BO",11513102,58.2857142857143,1195409.07142857,582.857142857143,0.103830320571169,5.06255519022712e-06,5.06255519022712e-05
2023-04-04,"Bolivia","BOL","BO",0,0,1195880,22374,NA,NA,NA,NA,"BO",11513102,58.2857142857143,1195467.35714286,582.857142857143,0.10383538312636,5.06255519022712e-06,5.06255519022712e-05
2023-04-05,"Bolivia","BOL","BO",0,0,1195880,22374,NA,NA,NA,NA,"BO",11513102,58.2857142857143,1195525.64285714,582.857142857143,0.10384044568155,5.06255519022712e-06,5.06255519022712e-05
2023-04-06,"Bolivia","BOL","BO",0,0,1195880,22374,NA,NA,NA,NA,"BO",11513102,58.2857142857143,1195583.92857143,582.857142857143,0.10384550823674,5.06255519022712e-06,5.06255519022712e-05
2023-04-07,"Bolivia","BOL","BO",0,0,1195880,22374,NA,NA,NA,NA,"BO",11513102,58.2857142857143,1195642.21428571,582.857142857143,0.10385057079193,5.06255519022712e-06,5.06255519022712e-05
2023-04-08,"Bolivia","BOL","BO",0,0,1195880,22374,NA,NA,NA,NA,"BO",11513102,58.2857142857143,1195700.5,582.857142857143,0.103855633347121,5.06255519022712e-06,5.06255519022712e-05
2023-04-09,"Bolivia","BOL","BO",0,0,1195880,22374,NA,NA,NA,NA,"BO",11513102,25.6428571428571,1195726.14285714,256.428571428571,0.10385786062324,2.22727611922983e-06,2.22727611922983e-05
2023-04-10,"Bolivia","BOL","BO",0,0,1195880,22374,NA,NA,NA,NA,"BO",11513102,25.6428571428571,1195751.78571429,256.428571428571,0.103860087899359,2.22727611922983e-06,2.22727611922983e-05
2023-04-11,"Bolivia","BOL","BO",0,0,1195880,22374,NA,NA,NA,NA,"BO",11513102,25.6428571428571,1195777.42857143,256.428571428571,0.103862315175478,2.22727611922983e-06,2.22727611922983e-05
2023-04-12,"Bolivia","BOL","BO",0,0,1195880,22374,NA,NA,NA,NA,"BO",11513102,25.6428571428571,1195803.07142857,256.428571428571,0.103864542451597,2.22727611922983e-06,2.22727611922983e-05
2023-04-13,"Bolivia","BOL","BO",0,0,1195880,22374,NA,NA,NA,NA,"BO",11513102,25.6428571428571,1195828.71428571,256.428571428571,0.103866769727717,2.22727611922983e-06,2.22727611922983e-05
2023-04-14,"Bolivia","BOL","BO",0,0,1195880,22374,NA,NA,NA,NA,"BO",11513102,25.6428571428571,1195854.35714286,256.428571428571,0.103868997003836,2.22727611922983e-06,2.22727611922983e-05
2023-04-15,"Bolivia","BOL","BO",0,0,1195880,22374,NA,NA,NA,NA,"BO",11513102,25.6428571428571,1195880,256.428571428571,0.103871224279955,2.22727611922983e-06,2.22727611922983e-05
2023-04-16,"Bolivia","BOL","BO",536,1,1196416,22375,NA,NA,NA,NA,"BO",11513102,38.2857142857143,1195918.28571429,382.857142857143,0.103874549683855,3.32540389946291e-06,3.32540389946292e-05
2023-04-17,"Bolivia","BOL","BO",0,0,1196416,22375,NA,NA,NA,NA,"BO",11513102,38.2857142857143,1195956.57142857,382.857142857143,0.103877875087754,3.32540389946291e-06,3.32540389946292e-05
2023-04-18,"Bolivia","BOL","BO",0,0,1196416,22375,NA,NA,NA,NA,"BO",11513102,38.2857142857143,1195994.85714286,382.857142857143,0.103881200491654,3.32540389946291e-06,3.32540389946292e-05
2023-04-19,"Bolivia","BOL","BO",0,0,1196416,22375,NA,NA,NA,NA,"BO",11513102,38.2857142857143,1196033.14285714,382.857142857143,0.103884525895553,3.32540389946291e-06,3.32540389946292e-05
2023-04-20,"Bolivia","BOL","BO",0,0,1196416,22375,NA,NA,NA,NA,"BO",11513102,38.2857142857143,1196071.42857143,382.857142857143,0.103887851299452,3.32540389946291e-06,3.32540389946292e-05
2023-04-21,"Bolivia","BOL","BO",0,0,1196416,22375,NA,NA,NA,NA,"BO",11513102,38.2857142857143,1196109.71428571,382.857142857143,0.103891176703352,3.32540389946291e-06,3.32540389946292e-05
2023-04-22,"Bolivia","BOL","BO",0,0,1196416,22375,NA,NA,NA,NA,"BO",11513102,38.2857142857143,1196148,382.857142857143,0.103894502107251,3.32540389946291e-06,3.32540389946292e-05
2023-04-23,"Bolivia","BOL","BO",403,1,1196819,22376,NA,NA,NA,NA,"BO",11513102,67.0714285714286,1196215.07142857,670.714285714286,0.103900327768187,5.82566093581283e-06,5.82566093581283e-05
2023-04-24,"Bolivia","BOL","BO",0,0,1196819,22376,NA,NA,NA,NA,"BO",11513102,67.0714285714286,1196282.14285714,670.714285714286,0.103906153429123,5.82566093581283e-06,5.82566093581283e-05
2023-04-25,"Bolivia","BOL","BO",0,0,1196819,22376,NA,NA,NA,NA,"BO",11513102,67.0714285714286,1196349.21428571,670.714285714286,0.103911979090059,5.82566093581283e-06,5.82566093581283e-05
2023-04-26,"Bolivia","BOL","BO",0,0,1196819,22376,NA,NA,NA,NA,"BO",11513102,67.0714285714286,1196416.28571429,670.714285714286,0.103917804750995,5.82566093581283e-06,5.82566093581283e-05
2023-04-27,"Bolivia","BOL","BO",0,0,1196819,22376,NA,NA,NA,NA,"BO",11513102,67.0714285714286,1196483.35714286,670.714285714286,0.10392363041193,5.82566093581283e-06,5.82566093581283e-05
2023-04-28,"Bolivia","BOL","BO",0,0,1196819,22376,NA,NA,NA,NA,"BO",11513102,67.0714285714286,1196550.42857143,670.714285714286,0.103929456072866,5.82566093581283e-06,5.82566093581283e-05
2023-04-29,"Bolivia","BOL","BO",0,0,1196819,22376,NA,NA,NA,NA,"BO",11513102,67.0714285714286,1196617.5,670.714285714286,0.103935281733802,5.82566093581283e-06,5.82566093581283e-05
2023-04-30,"Bolivia","BOL","BO",420,1,1197239,22377,NA,NA,NA,NA,"BO",11513102,58.7857142857143,1196676.28571429,587.857142857143,0.103940387717775,5.10598397249623e-06,5.10598397249623e-05
2023-05-01,"Bolivia","BOL","BO",0,0,1197239,22377,NA,NA,NA,NA,"BO",11513102,58.7857142857143,1196735.07142857,587.857142857143,0.103945493701747,5.10598397249623e-06,5.10598397249623e-05
2023-05-02,"Bolivia","BOL","BO",0,0,1197239,22377,NA,NA,NA,NA,"BO",11513102,58.7857142857143,1196793.85714286,587.857142857143,0.10395059968572,5.10598397249623e-06,5.10598397249623e-05
2023-05-03,"Bolivia","BOL","BO",0,0,1197239,22377,NA,NA,NA,NA,"BO",11513102,58.7857142857143,1196852.64285714,587.857142857143,0.103955705669692,5.10598397249623e-06,5.10598397249623e-05
2023-05-04,"Bolivia","BOL","BO",0,0,1197239,22377,NA,NA,NA,NA,"BO",11513102,58.7857142857143,1196911.42857143,587.857142857143,0.103960811653665,5.10598397249623e-06,5.10598397249623e-05
2023-05-05,"Bolivia","BOL","BO",0,0,1197239,22377,NA,NA,NA,NA,"BO",11513102,58.7857142857143,1196970.21428571,587.857142857143,0.103965917637637,5.10598397249623e-06,5.10598397249623e-05
2023-05-06,"Bolivia","BOL","BO",0,0,1197239,22377,NA,NA,NA,NA,"BO",11513102,58.7857142857143,1197029,587.857142857143,0.10397102362161,5.10598397249623e-06,5.10598397249623e-05
2023-05-07,"Bolivia","BOL","BO",411,3,1197650,22380,NA,NA,NA,NA,"BO",11513102,59.3571428571429,1197088.35714286,593.571428571429,0.103976179238476,5.15561686651806e-06,5.15561686651806e-05
2023-05-08,"Bolivia","BOL","BO",0,0,1197650,22380,NA,NA,NA,NA,"BO",11513102,59.3571428571429,1197147.71428571,593.571428571429,0.103981334855343,5.15561686651806e-06,5.15561686651806e-05
2023-05-09,"Bolivia","BOL","BO",0,0,1197650,22380,NA,NA,NA,NA,"BO",11513102,59.3571428571429,1197207.07142857,593.571428571429,0.103986490472209,5.15561686651806e-06,5.15561686651806e-05
2023-05-10,"Bolivia","BOL","BO",0,0,1197650,22380,NA,NA,NA,NA,"BO",11513102,59.3571428571429,1197266.42857143,593.571428571429,0.103991646089076,5.15561686651806e-06,5.15561686651806e-05
2023-05-11,"Bolivia","BOL","BO",0,0,1197650,22380,NA,NA,NA,NA,"BO",11513102,59.3571428571429,1197325.78571429,593.571428571429,0.103996801705942,5.15561686651806e-06,5.15561686651806e-05
2023-05-12,"Bolivia","BOL","BO",0,0,1197650,22380,NA,NA,NA,NA,"BO",11513102,59.3571428571429,1197385.14285714,593.571428571429,0.104001957322809,5.15561686651806e-06,5.15561686651806e-05
2023-05-13,"Bolivia","BOL","BO",0,0,1197650,22380,NA,NA,NA,NA,"BO",11513102,59.3571428571429,1197444.5,593.571428571429,0.104007112939675,5.15561686651806e-06,5.15561686651806e-05
2023-05-14,"Bolivia","BOL","BO",333,2,1197983,22382,NA,NA,NA,NA,"BO",11513102,53.1428571428571,1197497.64285714,531.428571428571,0.104011728798819,4.61585914403061e-06,4.61585914403061e-05
2023-05-15,"Bolivia","BOL","BO",0,0,1197983,22382,NA,NA,NA,NA,"BO",11513102,53.1428571428571,1197550.78571429,531.428571428571,0.104016344657963,4.61585914403061e-06,4.61585914403061e-05
2023-05-16,"Bolivia","BOL","BO",0,0,1197983,22382,NA,NA,NA,NA,"BO",11513102,53.1428571428571,1197603.92857143,531.428571428571,0.104020960517107,4.61585914403061e-06,4.61585914403061e-05
2023-05-17,"Bolivia","BOL","BO",0,0,1197983,22382,NA,NA,NA,NA,"BO",11513102,53.1428571428571,1197657.07142857,531.428571428571,0.104025576376251,4.61585914403061e-06,4.61585914403061e-05
2023-05-18,"Bolivia","BOL","BO",0,0,1197983,22382,NA,NA,NA,NA,"BO",11513102,53.1428571428571,1197710.21428571,531.428571428571,0.104030192235395,4.61585914403061e-06,4.61585914403061e-05
2023-05-19,"Bolivia","BOL","BO",0,0,1197983,22382,NA,NA,NA,NA,"BO",11513102,53.1428571428571,1197763.35714286,531.428571428571,0.104034808094539,4.61585914403061e-06,4.61585914403061e-05
2023-05-20,"Bolivia","BOL","BO",0,0,1197983,22382,NA,NA,NA,NA,"BO",11513102,53.1428571428571,1197816.5,531.428571428571,0.104039423953683,4.61585914403061e-06,4.61585914403061e-05
2023-05-21,"Bolivia","BOL","BO",380,0,1198363,22382,NA,NA,NA,NA,"BO",11513102,50.9285714285714,1197867.42857143,509.285714285714,0.104043847485363,4.423531679696e-06,4.423531679696e-05
2023-05-22,"Bolivia","BOL","BO",0,0,1198363,22382,NA,NA,NA,NA,"BO",11513102,50.9285714285714,1197918.35714286,509.285714285714,0.104048271017043,4.423531679696e-06,4.423531679696e-05
2023-05-23,"Bolivia","BOL","BO",0,0,1198363,22382,NA,NA,NA,NA,"BO",11513102,50.9285714285714,1197969.28571429,509.285714285714,0.104052694548722,4.423531679696e-06,4.423531679696e-05
2023-05-24,"Bolivia","BOL","BO",0,0,1198363,22382,NA,NA,NA,NA,"BO",11513102,50.9285714285714,1198020.21428571,509.285714285714,0.104057118080402,4.423531679696e-06,4.423531679696e-05
2023-05-25,"Bolivia","BOL","BO",0,0,1198363,22382,NA,NA,NA,NA,"BO",11513102,50.9285714285714,1198071.14285714,509.285714285714,0.104061541612082,4.423531679696e-06,4.423531679696e-05
2023-05-26,"Bolivia","BOL","BO",0,0,1198363,22382,NA,NA,NA,NA,"BO",11513102,50.9285714285714,1198122.07142857,509.285714285714,0.104065965143762,4.423531679696e-06,4.423531679696e-05
2023-05-27,"Bolivia","BOL","BO",0,0,1198363,22382,NA,NA,NA,NA,"BO",11513102,50.9285714285714,1198173,509.285714285714,0.104070388675441,4.423531679696e-06,4.423531679696e-05
2023-05-28,"Bolivia","BOL","BO",436,1,1198799,22383,NA,NA,NA,NA,"BO",11513102,58.2857142857143,1198231.28571429,582.857142857143,0.104075451230631,5.06255519022712e-06,5.06255519022712e-05
2023-05-29,"Bolivia","BOL","BO",0,0,1198799,22383,NA,NA,NA,NA,"BO",11513102,58.2857142857143,1198289.57142857,582.857142857143,0.104080513785822,5.06255519022712e-06,5.06255519022712e-05
2023-05-30,"Bolivia","BOL","BO",0,0,1198799,22383,NA,NA,NA,NA,"BO",11513102,58.2857142857143,1198347.85714286,582.857142857143,0.104085576341012,5.06255519022712e-06,5.06255519022712e-05
2023-05-31,"Bolivia","BOL","BO",0,0,1198799,22383,NA,NA,NA,NA,"BO",11513102,58.2857142857143,1198406.14285714,582.857142857143,0.104090638896202,5.06255519022712e-06,5.06255519022712e-05
2023-06-01,"Bolivia","BOL","BO",0,0,1198799,22383,NA,NA,NA,NA,"BO",11513102,58.2857142857143,1198464.42857143,582.857142857143,0.104095701451392,5.06255519022712e-06,5.06255519022712e-05
2023-06-02,"Bolivia","BOL","BO",0,0,1198799,22383,NA,NA,NA,NA,"BO",11513102,58.2857142857143,1198522.71428571,582.857142857143,0.104100764006583,5.06255519022712e-06,5.06255519022712e-05
2023-06-03,"Bolivia","BOL","BO",0,0,1198799,22383,NA,NA,NA,NA,"BO",11513102,58.2857142857143,1198581,582.857142857143,0.104105826561773,5.06255519022712e-06,5.06255519022712e-05
2023-06-04,"Bolivia","BOL","BO",557,0,1199356,22383,NA,NA,NA,NA,"BO",11513102,70.9285714285714,1198651.92857143,709.285714285714,0.104111987244743,6.16068297046021e-06,6.16068297046021e-05
2023-06-05,"Bolivia","BOL","BO",0,0,1199356,22383,NA,NA,NA,NA,"BO",11513102,70.9285714285714,1198722.85714286,709.285714285714,0.104118147927714,6.16068297046021e-06,6.16068297046021e-05
2023-06-06,"Bolivia","BOL","BO",0,0,1199356,22383,NA,NA,NA,NA,"BO",11513102,70.9285714285714,1198793.78571429,709.285714285714,0.104124308610684,6.16068297046021e-06,6.16068297046021e-05
2023-06-07,"Bolivia","BOL","BO",0,0,1199356,22383,NA,NA,NA,NA,"BO",11513102,70.9285714285714,1198864.71428571,709.285714285714,0.104130469293655,6.16068297046021e-06,6.16068297046021e-05
2023-06-08,"Bolivia","BOL","BO",0,0,1199356,22383,NA,NA,NA,NA,"BO",11513102,70.9285714285714,1198935.64285714,709.285714285714,0.104136629976625,6.16068297046021e-06,6.16068297046021e-05
2023-06-09,"Bolivia","BOL","BO",0,0,1199356,22383,NA,NA,NA,NA,"BO",11513102,70.9285714285714,1199006.57142857,709.285714285714,0.104142790659596,6.16068297046021e-06,6.16068297046021e-05
2023-06-10,"Bolivia","BOL","BO",0,0,1199356,22383,NA,NA,NA,NA,"BO",11513102,70.9285714285714,1199077.5,709.285714285714,0.104148951342566,6.16068297046021e-06,6.16068297046021e-05
2023-06-11,"Bolivia","BOL","BO",691,0,1200047,22383,NA,NA,NA,NA,"BO",11513102,89.1428571428571,1199166.64285714,891.428571428571,0.104156694074033,7.74273146740619e-06,7.74273146740619e-05
2023-06-12,"Bolivia","BOL","BO",0,0,1200047,22383,NA,NA,NA,NA,"BO",11513102,89.1428571428571,1199255.78571429,891.428571428571,0.104164436805501,7.74273146740619e-06,7.74273146740619e-05
2023-06-13,"Bolivia","BOL","BO",0,0,1200047,22383,NA,NA,NA,NA,"BO",11513102,89.1428571428571,1199344.92857143,891.428571428571,0.104172179536968,7.74273146740619e-06,7.74273146740619e-05
2023-06-14,"Bolivia","BOL","BO",0,0,1200047,22383,NA,NA,NA,NA,"BO",11513102,89.1428571428571,1199434.07142857,891.428571428571,0.104179922268436,7.74273146740619e-06,7.74273146740619e-05
2023-06-15,"Bolivia","BOL","BO",0,0,1200047,22383,NA,NA,NA,NA,"BO",11513102,89.1428571428571,1199523.21428571,891.428571428571,0.104187664999903,7.74273146740619e-06,7.74273146740619e-05
2023-06-16,"Bolivia","BOL","BO",0,0,1200047,22383,NA,NA,NA,NA,"BO",11513102,89.1428571428571,1199612.35714286,891.428571428571,0.10419540773137,7.74273146740619e-06,7.74273146740619e-05
2023-06-17,"Bolivia","BOL","BO",0,0,1200047,22383,NA,NA,NA,NA,"BO",11513102,89.1428571428571,1199701.5,891.428571428571,0.104203150462838,7.74273146740619e-06,7.74273146740619e-05
2023-06-18,"Bolivia","BOL","BO",779,0,1200826,22383,NA,NA,NA,NA,"BO",11513102,105,1199806.5,1050,0.104212270507114,9.1200442765121e-06,9.1200442765121e-05
2023-06-19,"Bolivia","BOL","BO",0,0,1200826,22383,NA,NA,NA,NA,"BO",11513102,105,1199911.5,1050,0.104221390551391,9.1200442765121e-06,9.1200442765121e-05
2023-06-20,"Bolivia","BOL","BO",0,0,1200826,22383,NA,NA,NA,NA,"BO",11513102,105,1200016.5,1050,0.104230510595667,9.1200442765121e-06,9.1200442765121e-05
2023-06-21,"Bolivia","BOL","BO",0,0,1200826,22383,NA,NA,NA,NA,"BO",11513102,105,1200121.5,1050,0.104239630639944,9.1200442765121e-06,9.1200442765121e-05
2023-06-22,"Bolivia","BOL","BO",0,0,1200826,22383,NA,NA,NA,NA,"BO",11513102,105,1200226.5,1050,0.10424875068422,9.1200442765121e-06,9.1200442765121e-05
2023-06-23,"Bolivia","BOL","BO",0,0,1200826,22383,NA,NA,NA,NA,"BO",11513102,105,1200331.5,1050,0.104257870728497,9.1200442765121e-06,9.1200442765121e-05
2023-06-24,"Bolivia","BOL","BO",0,0,1200826,22383,NA,NA,NA,NA,"BO",11513102,105,1200436.5,1050,0.104266990772773,9.1200442765121e-06,9.1200442765121e-05
2023-06-25,"Bolivia","BOL","BO",1158,0,1201984,22383,NA,NA,NA,NA,"BO",11513102,138.357142857143,1200574.85714286,1383.57142857143,0.104279008137239,1.20173644650367e-05,0.000120173644650367
2023-06-26,"Bolivia","BOL","BO",0,0,1201984,22383,NA,NA,NA,NA,"BO",11513102,138.357142857143,1200713.21428571,1383.57142857143,0.104291025501704,1.20173644650367e-05,0.000120173644650367
2023-06-27,"Bolivia","BOL","BO",0,0,1201984,22383,NA,NA,NA,NA,"BO",11513102,138.357142857143,1200851.57142857,1383.57142857143,0.104303042866169,1.20173644650367e-05,0.000120173644650367
2023-06-28,"Bolivia","BOL","BO",0,0,1201984,22383,NA,NA,NA,NA,"BO",11513102,138.357142857143,1200989.92857143,1383.57142857143,0.104315060230634,1.20173644650367e-05,0.000120173644650367
2023-06-29,"Bolivia","BOL","BO",0,0,1201984,22383,NA,NA,NA,NA,"BO",11513102,138.357142857143,1201128.28571429,1383.57142857143,0.104327077595099,1.20173644650367e-05,0.000120173644650367
2023-06-30,"Bolivia","BOL","BO",0,0,1201984,22383,NA,NA,NA,NA,"BO",11513102,138.357142857143,1201266.64285714,1383.57142857143,0.104339094959564,1.20173644650367e-05,0.000120173644650367
2023-07-01,"Bolivia","BOL","BO",0,0,1201984,22383,NA,NA,NA,NA,"BO",11513102,138.357142857143,1201405,1383.57142857143,0.104351112324029,1.20173644650367e-05,0.000120173644650367
2023-07-02,"Bolivia","BOL","BO",1105,0,1203089,22383,NA,NA,NA,NA,"BO",11513102,161.642857142857,1201566.64285714,1616.42857142857,0.104365152228925,1.40399048964264e-05,0.000140399048964264
2023-07-03,"Bolivia","BOL","BO",0,0,1203089,22383,NA,NA,NA,NA,"BO",11513102,161.642857142857,1201728.28571429,1616.42857142857,0.104379192133822,1.40399048964264e-05,0.000140399048964264
2023-07-04,"Bolivia","BOL","BO",0,0,1203089,22383,NA,NA,NA,NA,"BO",11513102,161.642857142857,1201889.92857143,1616.42857142857,0.104393232038718,1.40399048964264e-05,0.000140399048964264
2023-07-05,"Bolivia","BOL","BO",0,0,1203089,22383,NA,NA,NA,NA,"BO",11513102,161.642857142857,1202051.57142857,1616.42857142857,0.104407271943614,1.40399048964264e-05,0.000140399048964264
2023-07-06,"Bolivia","BOL","BO",0,0,1203089,22383,NA,NA,NA,NA,"BO",11513102,161.642857142857,1202213.21428571,1616.42857142857,0.104421311848511,1.40399048964264e-05,0.000140399048964264
2023-07-07,"Bolivia","BOL","BO",0,0,1203089,22383,NA,NA,NA,NA,"BO",11513102,161.642857142857,1202374.85714286,1616.42857142857,0.104435351753407,1.40399048964264e-05,0.000140399048964264
2023-07-08,"Bolivia","BOL","BO",0,0,1203089,22383,NA,NA,NA,NA,"BO",11513102,161.642857142857,1202536.5,1616.42857142857,0.104449391658304,1.40399048964264e-05,0.000140399048964264
2023-07-09,"Bolivia","BOL","BO",1019,0,1204108,22383,NA,NA,NA,NA,"BO",11513102,151.714285714286,1202688.21428571,1517.14285714286,0.104462569191667,1.31775333627971e-05,0.000131775333627971
2023-07-10,"Bolivia","BOL","BO",0,0,1204108,22383,NA,NA,NA,NA,"BO",11513102,151.714285714286,1202839.92857143,1517.14285714286,0.104475746725029,1.31775333627971e-05,0.000131775333627971
2023-07-11,"Bolivia","BOL","BO",0,0,1204108,22383,NA,NA,NA,NA,"BO",11513102,151.714285714286,1202991.64285714,1517.14285714286,0.104488924258392,1.31775333627971e-05,0.000131775333627971
2023-07-12,"Bolivia","BOL","BO",0,0,1204108,22383,NA,NA,NA,NA,"BO",11513102,151.714285714286,1203143.35714286,1517.14285714286,0.104502101791755,1.31775333627971e-05,0.000131775333627971
2023-07-13,"Bolivia","BOL","BO",0,0,1204108,22383,NA,NA,NA,NA,"BO",11513102,151.714285714286,1203295.07142857,1517.14285714286,0.104515279325118,1.31775333627971e-05,0.000131775333627971
2023-07-14,"Bolivia","BOL","BO",0,0,1204108,22383,NA,NA,NA,NA,"BO",11513102,151.714285714286,1203446.78571429,1517.14285714286,0.104528456858481,1.31775333627971e-05,0.000131775333627971
2023-07-15,"Bolivia","BOL","BO",0,0,1204108,22383,NA,NA,NA,NA,"BO",11513102,151.714285714286,1203598.5,1517.14285714286,0.104541634391843,1.31775333627971e-05,0.000131775333627971
2023-07-16,"Bolivia","BOL","BO",903,0,1205011,22383,NA,NA,NA,NA,"BO",11513102,137.285714285714,1203735.78571429,1372.85714285714,0.104553558694632,1.19243027887457e-05,0.000119243027887458
2023-07-17,"Bolivia","BOL","BO",0,0,1205011,22383,NA,NA,NA,NA,"BO",11513102,137.285714285714,1203873.07142857,1372.85714285714,0.104565482997421,1.19243027887457e-05,0.000119243027887458
2023-07-18,"Bolivia","BOL","BO",0,0,1205011,22383,NA,NA,NA,NA,"BO",11513102,137.285714285714,1204010.35714286,1372.85714285714,0.10457740730021,1.19243027887457e-05,0.000119243027887458
2023-07-19,"Bolivia","BOL","BO",0,0,1205011,22383,NA,NA,NA,NA,"BO",11513102,137.285714285714,1204147.64285714,1372.85714285714,0.104589331602998,1.19243027887457e-05,0.000119243027887458
2023-07-20,"Bolivia","BOL","BO",0,0,1205011,22383,NA,NA,NA,NA,"BO",11513102,137.285714285714,1204284.92857143,1372.85714285714,0.104601255905787,1.19243027887457e-05,0.000119243027887458
2023-07-21,"Bolivia","BOL","BO",0,0,1205011,22383,NA,NA,NA,NA,"BO",11513102,137.285714285714,1204422.21428571,1372.85714285714,0.104613180208576,1.19243027887457e-05,0.000119243027887458
2023-07-22,"Bolivia","BOL","BO",0,0,1205011,22383,NA,NA,NA,NA,"BO",11513102,137.285714285714,1204559.5,1372.85714285714,0.104625104511365,1.19243027887457e-05,0.000119243027887458
2023-07-23,"Bolivia","BOL","BO",742,0,1205753,22383,NA,NA,NA,NA,"BO",11513102,117.5,1204677,1175,0.104635310275198,1.02057638332397e-05,0.000102057638332397
2023-07-24,"Bolivia","BOL","BO",0,0,1205753,22383,NA,NA,NA,NA,"BO",11513102,117.5,1204794.5,1175,0.104645516039031,1.02057638332397e-05,0.000102057638332397
2023-07-25,"Bolivia","BOL","BO",0,0,1205753,22383,NA,NA,NA,NA,"BO",11513102,117.5,1204912,1175,0.104655721802864,1.02057638332397e-05,0.000102057638332397
2023-07-26,"Bolivia","BOL","BO",0,0,1205753,22383,NA,NA,NA,NA,"BO",11513102,117.5,1205029.5,1175,0.104665927566697,1.02057638332397e-05,0.000102057638332397
2023-07-27,"Bolivia","BOL","BO",0,0,1205753,22383,NA,NA,NA,NA,"BO",11513102,117.5,1205147,1175,0.104676133330531,1.02057638332397e-05,0.000102057638332397
2023-07-28,"Bolivia","BOL","BO",0,0,1205753,22383,NA,NA,NA,NA,"BO",11513102,117.5,1205264.5,1175,0.104686339094364,1.02057638332397e-05,0.000102057638332397
2023-07-29,"Bolivia","BOL","BO",0,0,1205753,22383,NA,NA,NA,NA,"BO",11513102,117.5,1205382,1175,0.104696544858197,1.02057638332397e-05,0.000102057638332397
2023-07-30,"Bolivia","BOL","BO",551,0,1206304,22383,NA,NA,NA,NA,"BO",11513102,92.3571428571429,1205474.35714286,923.571428571429,0.104704566774693,8.02191649627901e-06,8.02191649627901e-05
2023-07-31,"Bolivia","BOL","BO",0,0,1206304,22383,NA,NA,NA,NA,"BO",11513102,92.3571428571429,1205566.71428571,923.571428571429,0.10471258869119,8.02191649627901e-06,8.02191649627901e-05
2023-08-01,"Bolivia","BOL","BO",0,0,1206304,22383,NA,NA,NA,NA,"BO",11513102,92.3571428571429,1205659.07142857,923.571428571429,0.104720610607686,8.02191649627901e-06,8.02191649627901e-05
2023-08-02,"Bolivia","BOL","BO",0,0,1206304,22383,NA,NA,NA,NA,"BO",11513102,92.3571428571429,1205751.42857143,923.571428571429,0.104728632524182,8.02191649627901e-06,8.02191649627901e-05
2023-08-03,"Bolivia","BOL","BO",0,0,1206304,22383,NA,NA,NA,NA,"BO",11513102,92.3571428571429,1205843.78571429,923.571428571429,0.104736654440679,8.02191649627901e-06,8.02191649627901e-05
2023-08-04,"Bolivia","BOL","BO",0,0,1206304,22383,NA,NA,NA,NA,"BO",11513102,92.3571428571429,1205936.14285714,923.571428571429,0.104744676357175,8.02191649627901e-06,8.02191649627901e-05
2023-08-05,"Bolivia","BOL","BO",0,0,1206304,22383,NA,NA,NA,NA,"BO",11513102,92.3571428571429,1206028.5,923.571428571429,0.104752698273671,8.02191649627901e-06,8.02191649627901e-05
2023-08-06,"Bolivia","BOL","BO",459,0,1206763,22383,NA,NA,NA,NA,"BO",11513102,72.1428571428571,1206100.64285714,721.428571428571,0.104758964426541,6.26615287025661e-06,6.26615287025661e-05
2023-08-07,"Bolivia","BOL","BO",0,0,1206763,22383,NA,NA,NA,NA,"BO",11513102,72.1428571428571,1206172.78571429,721.428571428571,0.104765230579412,6.26615287025661e-06,6.26615287025661e-05
2023-08-08,"Bolivia","BOL","BO",0,0,1206763,22383,NA,NA,NA,NA,"BO",11513102,72.1428571428571,1206244.92857143,721.428571428571,0.104771496732282,6.26615287025661e-06,6.26615287025661e-05
2023-08-09,"Bolivia","BOL","BO",0,0,1206763,22383,NA,NA,NA,NA,"BO",11513102,72.1428571428571,1206317.07142857,721.428571428571,0.104777762885152,6.26615287025661e-06,6.26615287025661e-05
2023-08-10,"Bolivia","BOL","BO",0,0,1206763,22383,NA,NA,NA,NA,"BO",11513102,72.1428571428571,1206389.21428571,721.428571428571,0.104784029038022,6.26615287025661e-06,6.26615287025661e-05
2023-08-11,"Bolivia","BOL","BO",0,0,1206763,22383,NA,NA,NA,NA,"BO",11513102,72.1428571428571,1206461.35714286,721.428571428571,0.104790295190893,6.26615287025661e-06,6.26615287025661e-05
2023-08-12,"Bolivia","BOL","BO",0,0,1206763,22383,NA,NA,NA,NA,"BO",11513102,72.1428571428571,1206533.5,721.428571428571,0.104796561343763,6.26615287025661e-06,6.26615287025661e-05
2023-08-13,"Bolivia","BOL","BO",364,0,1207127,22383,NA,NA,NA,NA,"BO",11513102,58.7857142857143,1206592.28571429,587.857142857143,0.104801667327735,5.10598397249623e-06,5.10598397249623e-05
2023-08-14,"Bolivia","BOL","BO",0,0,1207127,22383,NA,NA,NA,NA,"BO",11513102,58.7857142857143,1206651.07142857,587.857142857143,0.104806773311708,5.10598397249623e-06,5.10598397249623e-05
2023-08-15,"Bolivia","BOL","BO",0,0,1207127,22383,NA,NA,NA,NA,"BO",11513102,58.7857142857143,1206709.85714286,587.857142857143,0.10481187929568,5.10598397249623e-06,5.10598397249623e-05
2023-08-16,"Bolivia","BOL","BO",0,0,1207127,22383,NA,NA,NA,NA,"BO",11513102,58.7857142857143,1206768.64285714,587.857142857143,0.104816985279653,5.10598397249623e-06,5.10598397249623e-05
2023-08-17,"Bolivia","BOL","BO",0,0,1207127,22383,NA,NA,NA,NA,"BO",11513102,58.7857142857143,1206827.42857143,587.857142857143,0.104822091263625,5.10598397249623e-06,5.10598397249623e-05
2023-08-18,"Bolivia","BOL","BO",0,0,1207127,22383,NA,NA,NA,NA,"BO",11513102,58.7857142857143,1206886.21428571,587.857142857143,0.104827197247598,5.10598397249623e-06,5.10598397249623e-05
2023-08-19,"Bolivia","BOL","BO",0,0,1207127,22383,NA,NA,NA,NA,"BO",11513102,58.7857142857143,1206945,587.857142857143,0.10483230323157,5.10598397249623e-06,5.10598397249623e-05
2023-08-20,"Bolivia","BOL","BO",296,0,1207423,22383,NA,NA,NA,NA,"BO",11513102,47.1428571428571,1206992.14285714,471.428571428571,0.104836397945327,4.09471375680135e-06,4.09471375680135e-05
2023-08-21,"Bolivia","BOL","BO",0,0,1207423,22383,NA,NA,NA,NA,"BO",11513102,47.1428571428571,1207039.28571429,471.428571428571,0.104840492659084,4.09471375680135e-06,4.09471375680135e-05
2023-08-22,"Bolivia","BOL","BO",0,0,1207423,22383,NA,NA,NA,NA,"BO",11513102,47.1428571428571,1207086.42857143,471.428571428571,0.104844587372841,4.09471375680135e-06,4.09471375680135e-05
2023-08-23,"Bolivia","BOL","BO",0,0,1207423,22383,NA,NA,NA,NA,"BO",11513102,47.1428571428571,1207133.57142857,471.428571428571,0.104848682086598,4.09471375680135e-06,4.09471375680135e-05
2023-08-24,"Bolivia","BOL","BO",0,0,1207423,22383,NA,NA,NA,NA,"BO",11513102,47.1428571428571,1207180.71428571,471.428571428571,0.104852776800354,4.09471375680135e-06,4.09471375680135e-05
2023-08-25,"Bolivia","BOL","BO",0,0,1207423,22383,NA,NA,NA,NA,"BO",11513102,47.1428571428571,1207227.85714286,471.428571428571,0.104856871514111,4.09471375680135e-06,4.09471375680135e-05
2023-08-26,"Bolivia","BOL","BO",0,0,1207423,22383,NA,NA,NA,NA,"BO",11513102,47.1428571428571,1207275,471.428571428571,0.104860966227868,4.09471375680135e-06,4.09471375680135e-05
2023-08-27,"Bolivia","BOL","BO",284,0,1207707,22383,NA,NA,NA,NA,"BO",11513102,41.4285714285714,1207316.42857143,414.285714285714,0.104864564612685,3.59838481658301e-06,3.598384816583e-05
2023-08-28,"Bolivia","BOL","BO",0,0,1207707,22383,NA,NA,NA,NA,"BO",11513102,41.4285714285714,1207357.85714286,414.285714285714,0.104868162997501,3.59838481658301e-06,3.598384816583e-05
2023-08-29,"Bolivia","BOL","BO",0,0,1207707,22383,NA,NA,NA,NA,"BO",11513102,41.4285714285714,1207399.28571429,414.285714285714,0.104871761382318,3.59838481658301e-06,3.598384816583e-05
2023-08-30,"Bolivia","BOL","BO",0,0,1207707,22383,NA,NA,NA,NA,"BO",11513102,41.4285714285714,1207440.71428571,414.285714285714,0.104875359767134,3.59838481658301e-06,3.598384816583e-05
2023-08-31,"Bolivia","BOL","BO",0,0,1207707,22383,NA,NA,NA,NA,"BO",11513102,41.4285714285714,1207482.14285714,414.285714285714,0.104878958151951,3.59838481658301e-06,3.598384816583e-05
2023-09-01,"Bolivia","BOL","BO",0,0,1207707,22383,NA,NA,NA,NA,"BO",11513102,41.4285714285714,1207523.57142857,414.285714285714,0.104882556536768,3.59838481658301e-06,3.598384816583e-05
2023-09-02,"Bolivia","BOL","BO",0,0,1207707,22383,NA,NA,NA,NA,"BO",11513102,41.4285714285714,1207565,414.285714285714,0.104886154921584,3.59838481658301e-06,3.598384816583e-05
2023-09-03,"Bolivia","BOL","BO",286,0,1207993,22383,NA,NA,NA,NA,"BO",11513102,40.7142857142857,1207605.71428571,407.142857142857,0.104889691265283,3.53634369905571e-06,3.53634369905571e-05
2023-09-04,"Bolivia","BOL","BO",0,0,1207993,22383,NA,NA,NA,NA,"BO",11513102,40.7142857142857,1207646.42857143,407.142857142857,0.104893227608982,3.53634369905571e-06,3.53634369905571e-05
2023-09-05,"Bolivia","BOL","BO",0,0,1207993,22383,NA,NA,NA,NA,"BO",11513102,40.7142857142857,1207687.14285714,407.142857142857,0.104896763952681,3.53634369905571e-06,3.53634369905571e-05
2023-09-06,"Bolivia","BOL","BO",0,0,1207993,22383,NA,NA,NA,NA,"BO",11513102,40.7142857142857,1207727.85714286,407.142857142857,0.10490030029638,3.53634369905571e-06,3.53634369905571e-05
2023-09-07,"Bolivia","BOL","BO",0,0,1207993,22383,NA,NA,NA,NA,"BO",11513102,40.7142857142857,1207768.57142857,407.142857142857,0.104903836640079,3.53634369905571e-06,3.53634369905571e-05
2023-09-08,"Bolivia","BOL","BO",0,0,1207993,22383,NA,NA,NA,NA,"BO",11513102,40.7142857142857,1207809.28571429,407.142857142857,0.104907372983778,3.53634369905571e-06,3.53634369905571e-05
2023-09-09,"Bolivia","BOL","BO",0,0,1207993,22383,NA,NA,NA,NA,"BO",11513102,40.7142857142857,1207850,407.142857142857,0.104910909327478,3.53634369905571e-06,3.53634369905571e-05
2023-09-10,"Bolivia","BOL","BO",266,0,1208259,22383,NA,NA,NA,NA,"BO",11513102,39.4285714285714,1207889.42857143,394.285714285714,0.104914333997165,3.42466968750658e-06,3.42466968750658e-05
2023-09-11,"Bolivia","BOL","BO",0,0,1208259,22383,NA,NA,NA,NA,"BO",11513102,39.4285714285714,1207928.85714286,394.285714285714,0.104917758666853,3.42466968750658e-06,3.42466968750658e-05
2023-09-12,"Bolivia","BOL","BO",0,0,1208259,22383,NA,NA,NA,NA,"BO",11513102,39.4285714285714,1207968.28571429,394.285714285714,0.10492118333654,3.42466968750658e-06,3.42466968750658e-05
2023-09-13,"Bolivia","BOL","BO",0,0,1208259,22383,NA,NA,NA,NA,"BO",11513102,39.4285714285714,1208007.71428571,394.285714285714,0.104924608006228,3.42466968750658e-06,3.42466968750658e-05
2023-09-14,"Bolivia","BOL","BO",0,0,1208259,22383,NA,NA,NA,NA,"BO",11513102,39.4285714285714,1208047.14285714,394.285714285714,0.104928032675915,3.42466968750658e-06,3.42466968750658e-05
2023-09-15,"Bolivia","BOL","BO",0,0,1208259,22383,NA,NA,NA,NA,"BO",11513102,39.4285714285714,1208086.57142857,394.285714285714,0.104931457345603,3.42466968750658e-06,3.42466968750658e-05
2023-09-16,"Bolivia","BOL","BO",0,0,1208259,22383,NA,NA,NA,NA,"BO",11513102,39.4285714285714,1208126,394.285714285714,0.10493488201529,3.42466968750658e-06,3.42466968750658e-05
2023-09-17,"Bolivia","BOL","BO",191,0,1208450,22383,NA,NA,NA,NA,"BO",11513102,32.6428571428571,1208158.64285714,326.428571428571,0.104937717294361,2.8352790709973e-06,2.8352790709973e-05
2023-09-18,"Bolivia","BOL","BO",0,0,1208450,22383,NA,NA,NA,NA,"BO",11513102,32.6428571428571,1208191.28571429,326.428571428571,0.104940552573432,2.8352790709973e-06,2.8352790709973e-05
2023-09-19,"Bolivia","BOL","BO",0,0,1208450,22383,NA,NA,NA,NA,"BO",11513102,32.6428571428571,1208223.92857143,326.428571428571,0.104943387852503,2.8352790709973e-06,2.8352790709973e-05
2023-09-20,"Bolivia","BOL","BO",0,0,1208450,22383,NA,NA,NA,NA,"BO",11513102,32.6428571428571,1208256.57142857,326.428571428571,0.104946223131574,2.8352790709973e-06,2.8352790709973e-05
2023-09-21,"Bolivia","BOL","BO",0,0,1208450,22383,NA,NA,NA,NA,"BO",11513102,32.6428571428571,1208289.21428571,326.428571428571,0.104949058410645,2.8352790709973e-06,2.8352790709973e-05
2023-09-22,"Bolivia","BOL","BO",0,0,1208450,22383,NA,NA,NA,NA,"BO",11513102,32.6428571428571,1208321.85714286,326.428571428571,0.104951893689716,2.8352790709973e-06,2.8352790709973e-05
2023-09-23,"Bolivia","BOL","BO",0,0,1208450,22383,NA,NA,NA,NA,"BO",11513102,32.6428571428571,1208354.5,326.428571428571,0.104954728968787,2.8352790709973e-06,2.8352790709973e-05
2023-09-24,"Bolivia","BOL","BO",161,0,1208611,22383,NA,NA,NA,NA,"BO",11513102,25.1428571428571,1208379.64285714,251.428571428571,0.104956912816124,2.18384733696072e-06,2.18384733696072e-05
2023-09-25,"Bolivia","BOL","BO",0,0,1208611,22383,NA,NA,NA,NA,"BO",11513102,25.1428571428571,1208404.78571429,251.428571428571,0.104959096663461,2.18384733696072e-06,2.18384733696072e-05
2023-09-26,"Bolivia","BOL","BO",0,0,1208611,22383,NA,NA,NA,NA,"BO",11513102,25.1428571428571,1208429.92857143,251.428571428571,0.104961280510798,2.18384733696072e-06,2.18384733696072e-05
2023-09-27,"Bolivia","BOL","BO",0,0,1208611,22383,NA,NA,NA,NA,"BO",11513102,25.1428571428571,1208455.07142857,251.428571428571,0.104963464358135,2.18384733696072e-06,2.18384733696072e-05
2023-09-28,"Bolivia","BOL","BO",0,0,1208611,22383,NA,NA,NA,NA,"BO",11513102,25.1428571428571,1208480.21428571,251.428571428571,0.104965648205472,2.18384733696072e-06,2.18384733696072e-05
2023-09-29,"Bolivia","BOL","BO",0,0,1208611,22383,NA,NA,NA,NA,"BO",11513102,25.1428571428571,1208505.35714286,251.428571428571,0.104967832052809,2.18384733696072e-06,2.18384733696072e-05
2023-09-30,"Bolivia","BOL","BO",0,0,1208611,22383,NA,NA,NA,NA,"BO",11513102,25.1428571428571,1208530.5,251.428571428571,0.104970015900146,2.18384733696072e-06,2.18384733696072e-05
2023-10-01,"Bolivia","BOL","BO",200,0,1208811,22383,NA,NA,NA,NA,"BO",11513102,25.7857142857143,1208556.28571429,257.857142857143,0.104972255584488,2.23968434273528e-06,2.23968434273528e-05
2023-10-02,"Bolivia","BOL","BO",0,0,1208811,22383,NA,NA,NA,NA,"BO",11513102,25.7857142857143,1208582.07142857,257.857142857143,0.104974495268831,2.23968434273528e-06,2.23968434273528e-05
2023-10-03,"Bolivia","BOL","BO",0,0,1208811,22383,NA,NA,NA,NA,"BO",11513102,25.7857142857143,1208607.85714286,257.857142857143,0.104976734953174,2.23968434273528e-06,2.23968434273528e-05
2023-10-04,"Bolivia","BOL","BO",0,0,1208811,22383,NA,NA,NA,NA,"BO",11513102,25.7857142857143,1208633.64285714,257.857142857143,0.104978974637517,2.23968434273528e-06,2.23968434273528e-05
2023-10-05,"Bolivia","BOL","BO",0,0,1208811,22383,NA,NA,NA,NA,"BO",11513102,25.7857142857143,1208659.42857143,257.857142857143,0.104981214321859,2.23968434273528e-06,2.23968434273528e-05
2023-10-06,"Bolivia","BOL","BO",0,0,1208811,22383,NA,NA,NA,NA,"BO",11513102,25.7857142857143,1208685.21428571,257.857142857143,0.104983454006202,2.23968434273528e-06,2.23968434273528e-05
2023-10-07,"Bolivia","BOL","BO",0,0,1208811,22383,NA,NA,NA,NA,"BO",11513102,25.7857142857143,1208711,257.857142857143,0.104985693690545,2.23968434273528e-06,2.23968434273528e-05
2023-10-08,"Bolivia","BOL","BO",163,0,1208974,22383,NA,NA,NA,NA,"BO",11513102,25.9285714285714,1208736.92857143,259.285714285714,0.104987945783111,2.25209256624074e-06,2.25209256624074e-05
2023-10-09,"Bolivia","BOL","BO",0,0,1208974,22383,NA,NA,NA,NA,"BO",11513102,25.9285714285714,1208762.85714286,259.285714285714,0.104990197875677,2.25209256624074e-06,2.25209256624074e-05
2023-10-10,"Bolivia","BOL","BO",0,0,1208974,22383,NA,NA,NA,NA,"BO",11513102,25.9285714285714,1208788.78571429,259.285714285714,0.104992449968244,2.25209256624074e-06,2.25209256624074e-05
2023-10-11,"Bolivia","BOL","BO",0,0,1208974,22383,NA,NA,NA,NA,"BO",11513102,25.9285714285714,1208814.71428571,259.285714285714,0.10499470206081,2.25209256624074e-06,2.25209256624074e-05
2023-10-12,"Bolivia","BOL","BO",0,0,1208974,22383,NA,NA,NA,NA,"BO",11513102,25.9285714285714,1208840.64285714,259.285714285714,0.104996954153376,2.25209256624074e-06,2.25209256624074e-05
2023-10-13,"Bolivia","BOL","BO",0,0,1208974,22383,NA,NA,NA,NA,"BO",11513102,25.9285714285714,1208866.57142857,259.285714285714,0.104999206245942,2.25209256624074e-06,2.25209256624074e-05
2023-10-14,"Bolivia","BOL","BO",0,0,1208974,22383,NA,NA,NA,NA,"BO",11513102,25.9285714285714,1208892.5,259.285714285714,0.105001458338509,2.25209256624074e-06,2.25209256624074e-05
2023-10-15,"Bolivia","BOL","BO",174,1,1209148,22384,NA,NA,NA,NA,"BO",11513102,24.0714285714286,1208916.57142857,240.714285714286,0.105003549124169,2.09078566066978e-06,2.09078566066978e-05
2023-10-16,"Bolivia","BOL","BO",0,0,1209148,22384,NA,NA,NA,NA,"BO",11513102,24.0714285714286,1208940.64285714,240.714285714286,0.10500563990983,2.09078566066978e-06,2.09078566066978e-05
2023-10-17,"Bolivia","BOL","BO",0,0,1209148,22384,NA,NA,NA,NA,"BO",11513102,24.0714285714286,1208964.71428571,240.714285714286,0.105007730695491,2.09078566066978e-06,2.09078566066978e-05
2023-10-18,"Bolivia","BOL","BO",0,0,1209148,22384,NA,NA,NA,NA,"BO",11513102,24.0714285714286,1208988.78571429,240.714285714286,0.105009821481151,2.09078566066978e-06,2.09078566066978e-05
2023-10-19,"Bolivia","BOL","BO",0,0,1209148,22384,NA,NA,NA,NA,"BO",11513102,24.0714285714286,1209012.85714286,240.714285714286,0.105011912266812,2.09078566066978e-06,2.09078566066978e-05
2023-10-20,"Bolivia","BOL","BO",0,0,1209148,22384,NA,NA,NA,NA,"BO",11513102,24.0714285714286,1209036.92857143,240.714285714286,0.105014003052473,2.09078566066978e-06,2.09078566066978e-05
2023-10-21,"Bolivia","BOL","BO",0,0,1209148,22384,NA,NA,NA,NA,"BO",11513102,24.0714285714286,1209061,240.714285714286,0.105016093838133,2.09078566066978e-06,2.09078566066978e-05
2023-10-22,"Bolivia","BOL","BO",175,0,1209323,22384,NA,NA,NA,NA,"BO",11513102,24.9285714285714,1209085.92857143,249.285714285714,0.105018259073135,2.16523500170253e-06,2.16523500170253e-05
2023-10-23,"Bolivia","BOL","BO",0,0,1209323,22384,NA,NA,NA,NA,"BO",11513102,24.9285714285714,1209110.85714286,249.285714285714,0.105020424308137,2.16523500170253e-06,2.16523500170253e-05
2023-10-24,"Bolivia","BOL","BO",0,0,1209323,22384,NA,NA,NA,NA,"BO",11513102,24.9285714285714,1209135.78571429,249.285714285714,0.105022589543138,2.16523500170253e-06,2.16523500170253e-05
2023-10-25,"Bolivia","BOL","BO",0,0,1209323,22384,NA,NA,NA,NA,"BO",11513102,24.9285714285714,1209160.71428571,249.285714285714,0.10502475477814,2.16523500170253e-06,2.16523500170253e-05
2023-10-26,"Bolivia","BOL","BO",0,0,1209323,22384,NA,NA,NA,NA,"BO",11513102,24.9285714285714,1209185.64285714,249.285714285714,0.105026920013142,2.16523500170253e-06,2.16523500170253e-05
2023-10-27,"Bolivia","BOL","BO",0,0,1209323,22384,NA,NA,NA,NA,"BO",11513102,24.9285714285714,1209210.57142857,249.285714285714,0.105029085248143,2.16523500170253e-06,2.16523500170253e-05
2023-10-28,"Bolivia","BOL","BO",0,0,1209323,22384,NA,NA,NA,NA,"BO",11513102,24.9285714285714,1209235.5,249.285714285714,0.105031250483145,2.16523500170253e-06,2.16523500170253e-05
2023-10-29,"Bolivia","BOL","BO",193,1,1209516,22385,NA,NA,NA,NA,"BO",11513102,26.2857142857143,1209261.78571429,262.857142857143,0.10503353359627,2.28311312500439e-06,2.28311312500439e-05
2023-10-30,"Bolivia","BOL","BO",0,0,1209516,22385,NA,NA,NA,NA,"BO",11513102,26.2857142857143,1209288.07142857,262.857142857143,0.105035816709395,2.28311312500439e-06,2.28311312500439e-05
2023-10-31,"Bolivia","BOL","BO",0,0,1209516,22385,NA,NA,NA,NA,"BO",11513102,26.2857142857143,1209314.35714286,262.857142857143,0.10503809982252,2.28311312500439e-06,2.28311312500439e-05
2023-11-01,"Bolivia","BOL","BO",0,0,1209516,22385,NA,NA,NA,NA,"BO",11513102,26.2857142857143,1209340.64285714,262.857142857143,0.105040382935645,2.28311312500439e-06,2.28311312500439e-05
2023-11-02,"Bolivia","BOL","BO",0,0,1209516,22385,NA,NA,NA,NA,"BO",11513102,26.2857142857143,1209366.92857143,262.857142857143,0.10504266604877,2.28311312500439e-06,2.28311312500439e-05
2023-11-03,"Bolivia","BOL","BO",0,0,1209516,22385,NA,NA,NA,NA,"BO",11513102,26.2857142857143,1209393.21428571,262.857142857143,0.105044949161895,2.28311312500439e-06,2.28311312500439e-05
2023-11-04,"Bolivia","BOL","BO",0,0,1209516,22385,NA,NA,NA,NA,"BO",11513102,26.2857142857143,1209419.5,262.857142857143,0.10504723227502,2.28311312500439e-06,2.28311312500439e-05
2023-11-05,"Bolivia","BOL","BO",179,0,1209695,22385,NA,NA,NA,NA,"BO",11513102,26.5714285714286,1209446.07142857,265.714285714286,0.105049540204592,2.30792957201531e-06,2.30792957201531e-05
2023-11-06,"Bolivia","BOL","BO",0,0,1209695,22385,NA,NA,NA,NA,"BO",11513102,26.5714285714286,1209472.64285714,265.714285714286,0.105051848134164,2.30792957201531e-06,2.30792957201531e-05
2023-11-07,"Bolivia","BOL","BO",0,0,1209695,22385,NA,NA,NA,NA,"BO",11513102,26.5714285714286,1209499.21428571,265.714285714286,0.105054156063736,2.30792957201531e-06,2.30792957201531e-05
2023-11-08,"Bolivia","BOL","BO",0,0,1209695,22385,NA,NA,NA,NA,"BO",11513102,26.5714285714286,1209525.78571429,265.714285714286,0.105056463993308,2.30792957201531e-06,2.30792957201531e-05
2023-11-09,"Bolivia","BOL","BO",0,0,1209695,22385,NA,NA,NA,NA,"BO",11513102,26.5714285714286,1209552.35714286,265.714285714286,0.10505877192288,2.30792957201531e-06,2.30792957201531e-05
2023-11-10,"Bolivia","BOL","BO",0,0,1209695,22385,NA,NA,NA,NA,"BO",11513102,26.5714285714286,1209578.92857143,265.714285714286,0.105061079852452,2.30792957201531e-06,2.30792957201531e-05
2023-11-11,"Bolivia","BOL","BO",0,0,1209695,22385,NA,NA,NA,NA,"BO",11513102,26.5714285714286,1209605.5,265.714285714286,0.105063387782024,2.30792957201531e-06,2.30792957201531e-05
2023-11-12,"Bolivia","BOL","BO",168,0,1209863,22385,NA,NA,NA,NA,"BO",11513102,24.7857142857143,1209630.28571429,247.857142857143,0.105065540608803,2.15282677819707e-06,2.15282677819707e-05
2023-11-13,"Bolivia","BOL","BO",0,0,1209863,22385,NA,NA,NA,NA,"BO",11513102,24.7857142857143,1209655.07142857,247.857142857143,0.105067693435581,2.15282677819707e-06,2.15282677819707e-05
2023-11-14,"Bolivia","BOL","BO",0,0,1209863,22385,NA,NA,NA,NA,"BO",11513102,24.7857142857143,1209679.85714286,247.857142857143,0.105069846262359,2.15282677819707e-06,2.15282677819707e-05
2023-11-15,"Bolivia","BOL","BO",0,0,1209863,22385,NA,NA,NA,NA,"BO",11513102,24.7857142857143,1209704.64285714,247.857142857143,0.105071999089137,2.15282677819707e-06,2.15282677819707e-05
2023-11-16,"Bolivia","BOL","BO",0,0,1209863,22385,NA,NA,NA,NA,"BO",11513102,24.7857142857143,1209729.42857143,247.857142857143,0.105074151915915,2.15282677819707e-06,2.15282677819707e-05
2023-11-17,"Bolivia","BOL","BO",0,0,1209863,22385,NA,NA,NA,NA,"BO",11513102,24.7857142857143,1209754.21428571,247.857142857143,0.105076304742694,2.15282677819707e-06,2.15282677819707e-05
2023-11-18,"Bolivia","BOL","BO",0,0,1209863,22385,NA,NA,NA,NA,"BO",11513102,24.7857142857143,1209779,247.857142857143,0.105078457569472,2.15282677819707e-06,2.15282677819707e-05
2023-11-19,"Bolivia","BOL","BO",150,0,1210013,22385,NA,NA,NA,NA,"BO",11513102,22.7142857142857,1209801.71428571,227.142857142857,0.105080430477009,1.97290753736792e-06,1.97290753736792e-05
2023-11-20,"Bolivia","BOL","BO",0,0,1210013,22385,NA,NA,NA,NA,"BO",11513102,22.7142857142857,1209824.42857143,227.142857142857,0.105082403384546,1.97290753736792e-06,1.97290753736792e-05
2023-11-21,"Bolivia","BOL","BO",0,0,1210013,22385,NA,NA,NA,NA,"BO",11513102,22.7142857142857,1209847.14285714,227.142857142857,0.105084376292084,1.97290753736792e-06,1.97290753736792e-05
2023-11-22,"Bolivia","BOL","BO",0,0,1210013,22385,NA,NA,NA,NA,"BO",11513102,22.7142857142857,1209869.85714286,227.142857142857,0.105086349199621,1.97290753736792e-06,1.97290753736792e-05
2023-11-23,"Bolivia","BOL","BO",0,0,1210013,22385,NA,NA,NA,NA,"BO",11513102,22.7142857142857,1209892.57142857,227.142857142857,0.105088322107159,1.97290753736792e-06,1.97290753736792e-05
2023-11-24,"Bolivia","BOL","BO",0,0,1210013,22385,NA,NA,NA,NA,"BO",11513102,22.7142857142857,1209915.28571429,227.142857142857,0.105090295014696,1.97290753736792e-06,1.97290753736792e-05
2023-11-25,"Bolivia","BOL","BO",0,0,1210013,22385,NA,NA,NA,NA,"BO",11513102,22.7142857142857,1209938,227.142857142857,0.105092267922233,1.97290753736792e-06,1.97290753736792e-05
2023-11-26,"Bolivia","BOL","BO",162,0,1210175,22385,NA,NA,NA,NA,"BO",11513102,22.2857142857143,1209960.28571429,222.857142857143,0.1050942036051,1.93568286685155e-06,1.93568286685155e-05
2023-11-27,"Bolivia","BOL","BO",0,0,1210175,22385,NA,NA,NA,NA,"BO",11513102,22.2857142857143,1209982.57142857,222.857142857143,0.105096139287967,1.93568286685155e-06,1.93568286685155e-05
2023-11-28,"Bolivia","BOL","BO",0,0,1210175,22385,NA,NA,NA,NA,"BO",11513102,22.2857142857143,1210004.85714286,222.857142857143,0.105098074970834,1.93568286685155e-06,1.93568286685155e-05
2023-11-29,"Bolivia","BOL","BO",0,0,1210175,22385,NA,NA,NA,NA,"BO",11513102,22.2857142857143,1210027.14285714,222.857142857143,0.105100010653701,1.93568286685155e-06,1.93568286685155e-05
2023-11-30,"Bolivia","BOL","BO",0,0,1210175,22385,NA,NA,NA,NA,"BO",11513102,22.2857142857143,1210049.42857143,222.857142857143,0.105101946336568,1.93568286685155e-06,1.93568286685155e-05
2023-12-01,"Bolivia","BOL","BO",0,0,1210175,22385,NA,NA,NA,NA,"BO",11513102,22.2857142857143,1210071.71428571,222.857142857143,0.105103882019434,1.93568286685155e-06,1.93568286685155e-05
2023-12-02,"Bolivia","BOL","BO",0,0,1210175,22385,NA,NA,NA,NA,"BO",11513102,22.2857142857143,1210094,222.857142857143,0.105105817702301,1.93568286685155e-06,1.93568286685155e-05
2023-12-03,"Bolivia","BOL","BO",163,0,1210338,22385,NA,NA,NA,NA,"BO",11513102,23.2142857142857,1210117.21428571,232.142857142857,0.105107834038621,2.01633631963703e-06,2.01633631963703e-05
2023-12-04,"Bolivia","BOL","BO",0,0,1210338,22385,NA,NA,NA,NA,"BO",11513102,23.2142857142857,1210140.42857143,232.142857142857,0.105109850374941,2.01633631963703e-06,2.01633631963703e-05
2023-12-05,"Bolivia","BOL","BO",0,0,1210338,22385,NA,NA,NA,NA,"BO",11513102,23.2142857142857,1210163.64285714,232.142857142857,0.10511186671126,2.01633631963703e-06,2.01633631963703e-05
2023-12-06,"Bolivia","BOL","BO",0,0,1210338,22385,NA,NA,NA,NA,"BO",11513102,23.2142857142857,1210186.85714286,232.142857142857,0.10511388304758,2.01633631963703e-06,2.01633631963703e-05
2023-12-07,"Bolivia","BOL","BO",0,0,1210338,22385,NA,NA,NA,NA,"BO",11513102,23.2142857142857,1210210.07142857,232.142857142857,0.105115899383899,2.01633631963703e-06,2.01633631963703e-05
2023-12-08,"Bolivia","BOL","BO",0,0,1210338,22385,NA,NA,NA,NA,"BO",11513102,23.2142857142857,1210233.28571429,232.142857142857,0.105117915720219,2.01633631963703e-06,2.01633631963703e-05
2023-12-09,"Bolivia","BOL","BO",0,0,1210338,22385,NA,NA,NA,NA,"BO",11513102,23.2142857142857,1210256.5,232.142857142857,0.105119932056539,2.01633631963703e-06,2.01633631963703e-05
2023-12-10,"Bolivia","BOL","BO",195,0,1210533,22385,NA,NA,NA,NA,"BO",11513102,25.5714285714286,1210282.07142857,255.714285714286,0.105122153128546,2.2210720074771e-06,2.2210720074771e-05
2023-12-11,"Bolivia","BOL","BO",0,0,1210533,22385,NA,NA,NA,NA,"BO",11513102,25.5714285714286,1210307.64285714,255.714285714286,0.105124374200554,2.2210720074771e-06,2.2210720074771e-05
2023-12-12,"Bolivia","BOL","BO",0,0,1210533,22385,NA,NA,NA,NA,"BO",11513102,25.5714285714286,1210333.21428571,255.714285714286,0.105126595272561,2.2210720074771e-06,2.2210720074771e-05
2023-12-13,"Bolivia","BOL","BO",0,0,1210533,22385,NA,NA,NA,NA,"BO",11513102,25.5714285714286,1210358.78571429,255.714285714286,0.105128816344569,2.2210720074771e-06,2.2210720074771e-05
2023-12-14,"Bolivia","BOL","BO",0,0,1210533,22385,NA,NA,NA,NA,"BO",11513102,25.5714285714286,1210384.35714286,255.714285714286,0.105131037416576,2.2210720074771e-06,2.2210720074771e-05
2023-12-15,"Bolivia","BOL","BO",0,0,1210533,22385,NA,NA,NA,NA,"BO",11513102,25.5714285714286,1210409.92857143,255.714285714286,0.105133258488584,2.2210720074771e-06,2.2210720074771e-05
2023-12-16,"Bolivia","BOL","BO",0,0,1210533,22385,NA,NA,NA,NA,"BO",11513102,25.5714285714286,1210435.5,255.714285714286,0.105135479560591,2.2210720074771e-06,2.2210720074771e-05
2023-12-17,"Bolivia","BOL","BO",280,0,1210813,22385,NA,NA,NA,NA,"BO",11513102,33.9285714285714,1210469.42857143,339.285714285714,0.105138426513674,2.94695308254643e-06,2.94695308254643e-05
2023-12-18,"Bolivia","BOL","BO",0,0,1210813,22385,NA,NA,NA,NA,"BO",11513102,33.9285714285714,1210503.35714286,339.285714285714,0.105141373466756,2.94695308254643e-06,2.94695308254643e-05
2023-12-19,"Bolivia","BOL","BO",0,0,1210813,22385,NA,NA,NA,NA,"BO",11513102,33.9285714285714,1210537.28571429,339.285714285714,0.105144320419839,2.94695308254643e-06,2.94695308254643e-05
2023-12-20,"Bolivia","BOL","BO",0,0,1210813,22385,NA,NA,NA,NA,"BO",11513102,33.9285714285714,1210571.21428571,339.285714285714,0.105147267372921,2.94695308254643e-06,2.94695308254643e-05
2023-12-21,"Bolivia","BOL","BO",0,0,1210813,22385,NA,NA,NA,NA,"BO",11513102,33.9285714285714,1210605.14285714,339.285714285714,0.105150214326004,2.94695308254643e-06,2.94695308254643e-05
2023-12-22,"Bolivia","BOL","BO",0,0,1210813,22385,NA,NA,NA,NA,"BO",11513102,33.9285714285714,1210639.07142857,339.285714285714,0.105153161279086,2.94695308254643e-06,2.94695308254643e-05
2023-12-23,"Bolivia","BOL","BO",0,0,1210813,22385,NA,NA,NA,NA,"BO",11513102,33.9285714285714,1210673,339.285714285714,0.105156108232169,2.94695308254643e-06,2.94695308254643e-05
2023-12-24,"Bolivia","BOL","BO",459,0,1211272,22385,NA,NA,NA,NA,"BO",11513102,52.7857142857143,1210725.78571429,527.857142857143,0.105160693070754,4.58483858526697e-06,4.58483858526697e-05
2023-12-25,"Bolivia","BOL","BO",0,0,1211272,22385,NA,NA,NA,NA,"BO",11513102,52.7857142857143,1210778.57142857,527.857142857143,0.105165277909339,4.58483858526697e-06,4.58483858526697e-05
2023-12-26,"Bolivia","BOL","BO",0,0,1211272,22385,NA,NA,NA,NA,"BO",11513102,52.7857142857143,1210831.35714286,527.857142857143,0.105169862747925,4.58483858526697e-06,4.58483858526697e-05
2023-12-27,"Bolivia","BOL","BO",0,0,1211272,22385,NA,NA,NA,NA,"BO",11513102,52.7857142857143,1210884.14285714,527.857142857143,0.10517444758651,4.58483858526697e-06,4.58483858526697e-05
2023-12-28,"Bolivia","BOL","BO",0,0,1211272,22385,NA,NA,NA,NA,"BO",11513102,52.7857142857143,1210936.92857143,527.857142857143,0.105179032425095,4.58483858526697e-06,4.58483858526697e-05
2023-12-29,"Bolivia","BOL","BO",0,0,1211272,22385,NA,NA,NA,NA,"BO",11513102,52.7857142857143,1210989.71428571,527.857142857143,0.10518361726368,4.58483858526697e-06,4.58483858526697e-05
2023-12-30,"Bolivia","BOL","BO",0,0,1211272,22385,NA,NA,NA,NA,"BO",11513102,52.7857142857143,1211042.5,527.857142857143,0.105188202102266,4.58483858526697e-06,4.58483858526697e-05
2023-12-31,"Bolivia","BOL","BO",824,0,1212096,22385,NA,NA,NA,NA,"BO",11513102,91.6428571428571,1211134.14285714,916.428571428571,0.105196161977645,7.95987537875172e-06,7.95987537875172e-05
2024-01-01,"Bolivia","BOL","BO",0,0,1212096,22385,NA,NA,NA,NA,"BO",11513102,91.6428571428571,1211225.78571429,916.428571428571,0.105204121853023,7.95987537875172e-06,7.95987537875172e-05
2024-01-02,"Bolivia","BOL","BO",0,0,1212096,22385,NA,NA,NA,NA,"BO",11513102,91.6428571428571,1211317.42857143,916.428571428571,0.105212081728402,7.95987537875172e-06,7.95987537875172e-05
2024-01-03,"Bolivia","BOL","BO",0,0,1212096,22385,NA,NA,NA,NA,"BO",11513102,91.6428571428571,1211409.07142857,916.428571428571,0.105220041603781,7.95987537875172e-06,7.95987537875172e-05
2024-01-04,"Bolivia","BOL","BO",0,0,1212096,22385,NA,NA,NA,NA,"BO",11513102,91.6428571428571,1211500.71428571,916.428571428571,0.10522800147916,7.95987537875172e-06,7.95987537875172e-05
2024-01-05,"Bolivia","BOL","BO",0,0,1212096,22385,NA,NA,NA,NA,"BO",11513102,91.6428571428571,1211592.35714286,916.428571428571,0.105235961354538,7.95987537875172e-06,7.95987537875172e-05
2024-01-06,"Bolivia","BOL","BO",0,0,1212096,22385,NA,NA,NA,NA,"BO",11513102,91.6428571428571,1211684,916.428571428571,0.105243921229917,7.95987537875172e-06,7.95987537875172e-05
2024-01-07,"Bolivia","BOL","BO",12,1,1212108,22386,NA,NA,NA,NA,"BO",11513102,59.7142857142857,1211743.71428571,597.142857142857,0.105249107867342,5.18663742528171e-06,5.18663742528171e-05
2024-01-08,"Bolivia","BOL","BO",0,0,1212108,22386,NA,NA,NA,NA,"BO",11513102,59.7142857142857,1211803.42857143,597.142857142857,0.105254294504768,5.18663742528171e-06,5.18663742528171e-05
2024-01-09,"Bolivia","BOL","BO",0,0,1212108,22386,NA,NA,NA,NA,"BO",11513102,59.7142857142857,1211863.14285714,597.142857142857,0.105259481142193,5.18663742528171e-06,5.18663742528171e-05
2024-01-10,"Bolivia","BOL","BO",0,0,1212108,22386,NA,NA,NA,NA,"BO",11513102,59.7142857142857,1211922.85714286,597.142857142857,0.105264667779618,5.18663742528171e-06,5.18663742528171e-05
2024-01-11,"Bolivia","BOL","BO",0,0,1212108,22386,NA,NA,NA,NA,"BO",11513102,59.7142857142857,1211982.57142857,597.142857142857,0.105269854417043,5.18663742528171e-06,5.18663742528171e-05
2024-01-12,"Bolivia","BOL","BO",0,0,1212108,22386,NA,NA,NA,NA,"BO",11513102,59.7142857142857,1212042.28571429,597.142857142857,0.105275041054469,5.18663742528171e-06,5.18663742528171e-05
2024-01-13,"Bolivia","BOL","BO",0,0,1212108,22386,NA,NA,NA,NA,"BO",11513102,59.7142857142857,1212102,597.142857142857,0.105280227691894,5.18663742528171e-06,5.18663742528171e-05
2024-01-14,"Bolivia","BOL","BO",9,0,1212117,22386,NA,NA,NA,NA,"BO",11513102,1.5,1212103.5,15,0.105280357978241,1.30286346807316e-07,1.30286346807316e-06
2024-01-15,"Bolivia","BOL","BO",0,0,1212117,22386,NA,NA,NA,NA,"BO",11513102,1.5,1212105,15,0.105280488264588,1.30286346807316e-07,1.30286346807316e-06
2024-01-16,"Bolivia","BOL","BO",0,0,1212117,22386,NA,NA,NA,NA,"BO",11513102,1.5,1212106.5,15,0.105280618550934,1.30286346807316e-07,1.30286346807316e-06
2024-01-17,"Bolivia","BOL","BO",0,0,1212117,22386,NA,NA,NA,NA,"BO",11513102,1.5,1212108,15,0.105280748837281,1.30286346807316e-07,1.30286346807316e-06
2024-01-18,"Bolivia","BOL","BO",0,0,1212117,22386,NA,NA,NA,NA,"BO",11513102,1.5,1212109.5,15,0.105280879123628,1.30286346807316e-07,1.30286346807316e-06
2024-01-19,"Bolivia","BOL","BO",0,0,1212117,22386,NA,NA,NA,NA,"BO",11513102,1.5,1212111,15,0.105281009409975,1.30286346807316e-07,1.30286346807316e-06
2024-01-20,"Bolivia","BOL","BO",0,0,1212117,22386,NA,NA,NA,NA,"BO",11513102,1.5,1212112.5,15,0.105281139696322,1.30286346807316e-07,1.30286346807316e-06
2024-01-21,"Bolivia","BOL","BO",7,0,1212124,22386,NA,NA,NA,NA,"BO",11513102,1.14285714285714,1212113.64285714,11.4285714285714,0.10528123896211,9.92657880436691e-08,9.92657880436691e-07
2024-01-22,"Bolivia","BOL","BO",0,0,1212124,22386,NA,NA,NA,NA,"BO",11513102,1.14285714285714,1212114.78571429,11.4285714285714,0.105281338227898,9.92657880436691e-08,9.92657880436691e-07
2024-01-23,"Bolivia","BOL","BO",0,0,1212124,22386,NA,NA,NA,NA,"BO",11513102,1.14285714285714,1212115.92857143,11.4285714285714,0.105281437493686,9.92657880436691e-08,9.92657880436691e-07
2024-01-24,"Bolivia","BOL","BO",0,0,1212124,22386,NA,NA,NA,NA,"BO",11513102,1.14285714285714,1212117.07142857,11.4285714285714,0.105281536759474,9.92657880436691e-08,9.92657880436691e-07
2024-01-25,"Bolivia","BOL","BO",0,0,1212124,22386,NA,NA,NA,NA,"BO",11513102,1.14285714285714,1212118.21428571,11.4285714285714,0.105281636025262,9.92657880436691e-08,9.92657880436691e-07
2024-01-26,"Bolivia","BOL","BO",0,0,1212124,22386,NA,NA,NA,NA,"BO",11513102,1.14285714285714,1212119.35714286,11.4285714285714,0.10528173529105,9.92657880436691e-08,9.92657880436691e-07
2024-01-27,"Bolivia","BOL","BO",0,0,1212124,22386,NA,NA,NA,NA,"BO",11513102,1.14285714285714,1212120.5,11.4285714285714,0.105281834556838,9.92657880436691e-08,9.92657880436691e-07
2024-01-28,"Bolivia","BOL","BO",4,0,1212128,22386,NA,NA,NA,NA,"BO",11513102,0.785714285714286,1212121.28571429,7.85714285714286,0.105281902802067,6.82452292800225e-08,6.82452292800225e-07
2024-01-29,"Bolivia","BOL","BO",0,0,1212128,22386,NA,NA,NA,NA,"BO",11513102,0.785714285714286,1212122.07142857,7.85714285714286,0.105281971047296,6.82452292800225e-08,6.82452292800225e-07
2024-01-30,"Bolivia","BOL","BO",0,0,1212128,22386,NA,NA,NA,NA,"BO",11513102,0.785714285714286,1212122.85714286,7.85714285714286,0.105282039292526,6.82452292800225e-08,6.82452292800225e-07
2024-01-31,"Bolivia","BOL","BO",0,0,1212128,22386,NA,NA,NA,NA,"BO",11513102,0.785714285714286,1212123.64285714,7.85714285714286,0.105282107537755,6.82452292800225e-08,6.82452292800225e-07
2024-02-01,"Bolivia","BOL","BO",0,0,1212128,22386,NA,NA,NA,NA,"BO",11513102,0.785714285714286,1212124.42857143,7.85714285714286,0.105282175782984,6.82452292800225e-08,6.82452292800225e-07
2024-02-02,"Bolivia","BOL","BO",0,0,1212128,22386,NA,NA,NA,NA,"BO",11513102,0.785714285714286,1212125.21428571,7.85714285714286,0.105282244028214,6.82452292800225e-08,6.82452292800225e-07
2024-02-03,"Bolivia","BOL","BO",0,0,1212128,22386,NA,NA,NA,NA,"BO",11513102,0.785714285714286,1212126,7.85714285714286,0.105282312273443,6.82452292800225e-08,6.82452292800225e-07
2024-02-04,"Bolivia","BOL","BO",6,0,1212134,22386,NA,NA,NA,NA,"BO",11513102,0.714285714285714,1212126.71428571,7.14285714285714,0.10528237431456,6.20411175272932e-08,6.20411175272932e-07
2024-02-05,"Bolivia","BOL","BO",0,0,1212134,22386,NA,NA,NA,NA,"BO",11513102,0.714285714285714,1212127.42857143,7.14285714285714,0.105282436355678,6.20411175272932e-08,6.20411175272932e-07
2024-02-06,"Bolivia","BOL","BO",0,0,1212134,22386,NA,NA,NA,NA,"BO",11513102,0.714285714285714,1212128.14285714,7.14285714285714,0.105282498396795,6.20411175272932e-08,6.20411175272932e-07
2024-02-07,"Bolivia","BOL","BO",0,0,1212134,22386,NA,NA,NA,NA,"BO",11513102,0.714285714285714,1212128.85714286,7.14285714285714,0.105282560437913,6.20411175272932e-08,6.20411175272932e-07
2024-02-08,"Bolivia","BOL","BO",0,0,1212134,22386,NA,NA,NA,NA,"BO",11513102,0.714285714285714,1212129.57142857,7.14285714285714,0.105282622479031,6.20411175272932e-08,6.20411175272932e-07
2024-02-09,"Bolivia","BOL","BO",0,0,1212134,22386,NA,NA,NA,NA,"BO",11513102,0.714285714285714,1212130.28571429,7.14285714285714,0.105282684520148,6.20411175272932e-08,6.20411175272932e-07
2024-02-10,"Bolivia","BOL","BO",0,0,1212134,22386,NA,NA,NA,NA,"BO",11513102,0.714285714285714,1212131,7.14285714285714,0.105282746561266,6.20411175272932e-08,6.20411175272932e-07
2024-02-11,"Bolivia","BOL","BO",3,1,1212137,22387,NA,NA,NA,NA,"BO",11513102,0.642857142857143,1212131.64285714,6.42857142857143,0.105282802398271,5.58370057745639e-08,5.58370057745639e-07
2024-02-12,"Bolivia","BOL","BO",0,0,1212137,22387,NA,NA,NA,NA,"BO",11513102,0.642857142857143,1212132.28571429,6.42857142857143,0.105282858235277,5.58370057745639e-08,5.58370057745639e-07
2024-02-13,"Bolivia","BOL","BO",0,0,1212137,22387,NA,NA,NA,NA,"BO",11513102,0.642857142857143,1212132.92857143,6.42857142857143,0.105282914072283,5.58370057745639e-08,5.58370057745639e-07
2024-02-14,"Bolivia","BOL","BO",0,0,1212137,22387,NA,NA,NA,NA,"BO",11513102,0.642857142857143,1212133.57142857,6.42857142857143,0.105282969909289,5.58370057745639e-08,5.58370057745639e-07
2024-02-15,"Bolivia","BOL","BO",0,0,1212137,22387,NA,NA,NA,NA,"BO",11513102,0.642857142857143,1212134.21428571,6.42857142857143,0.105283025746294,5.58370057745639e-08,5.58370057745639e-07
2024-02-16,"Bolivia","BOL","BO",0,0,1212137,22387,NA,NA,NA,NA,"BO",11513102,0.642857142857143,1212134.85714286,6.42857142857143,0.1052830815833,5.58370057745639e-08,5.58370057745639e-07
2024-02-17,"Bolivia","BOL","BO",0,0,1212137,22387,NA,NA,NA,NA,"BO",11513102,0.642857142857143,1212135.5,6.42857142857143,0.105283137420306,5.58370057745639e-08,5.58370057745639e-07
2024-02-18,"Bolivia","BOL","BO",0,0,1212137,22387,NA,NA,NA,NA,"BO",11513102,0.214285714285714,1212135.71428571,2.14285714285714,0.105283156032641,1.8612335258188e-08,1.8612335258188e-07
2024-02-19,"Bolivia","BOL","BO",0,0,1212137,22387,NA,NA,NA,NA,"BO",11513102,0.214285714285714,1212135.92857143,2.14285714285714,0.105283174644977,1.8612335258188e-08,1.8612335258188e-07
2024-02-20,"Bolivia","BOL","BO",0,0,1212137,22387,NA,NA,NA,NA,"BO",11513102,0.214285714285714,1212136.14285714,2.14285714285714,0.105283193257312,1.8612335258188e-08,1.8612335258188e-07
2024-02-21,"Bolivia","BOL","BO",0,0,1212137,22387,NA,NA,NA,NA,"BO",11513102,0.214285714285714,1212136.35714286,2.14285714285714,0.105283211869647,1.8612335258188e-08,1.8612335258188e-07
2024-02-22,"Bolivia","BOL","BO",0,0,1212137,22387,NA,NA,NA,NA,"BO",11513102,0.214285714285714,1212136.57142857,2.14285714285714,0.105283230481982,1.8612335258188e-08,1.8612335258188e-07
2024-02-23,"Bolivia","BOL","BO",0,0,1212137,22387,NA,NA,NA,NA,"BO",11513102,0.214285714285714,1212136.78571429,2.14285714285714,0.105283249094318,1.8612335258188e-08,1.8612335258188e-07
2024-02-24,"Bolivia","BOL","BO",0,0,1212137,22387,NA,NA,NA,NA,"BO",11513102,0.214285714285714,1212137,2.14285714285714,0.105283267706653,1.8612335258188e-08,1.8612335258188e-07
2024-02-25,"Bolivia","BOL","BO",1,0,1212138,22387,NA,NA,NA,NA,"BO",11513102,0.0714285714285714,1212137.07142857,0.714285714285714,0.105283273910765,6.20411175272932e-09,6.20411175272932e-08
2024-02-26,"Bolivia","BOL","BO",0,0,1212138,22387,NA,NA,NA,NA,"BO",11513102,0.0714285714285714,1212137.14285714,0.714285714285714,0.105283280114876,6.20411175272932e-09,6.20411175272932e-08
2024-02-27,"Bolivia","BOL","BO",0,0,1212138,22387,NA,NA,NA,NA,"BO",11513102,0.0714285714285714,1212137.21428571,0.714285714285714,0.105283286318988,6.20411175272932e-09,6.20411175272932e-08
2024-02-28,"Bolivia","BOL","BO",0,0,1212138,22387,NA,NA,NA,NA,"BO",11513102,0.0714285714285714,1212137.28571429,0.714285714285714,0.1052832925231,6.20411175272932e-09,6.20411175272932e-08
2024-02-29,"Bolivia","BOL","BO",0,0,1212138,22387,NA,NA,NA,NA,"BO",11513102,0.0714285714285714,1212137.35714286,0.714285714285714,0.105283298727212,6.20411175272932e-09,6.20411175272932e-08
2024-03-01,"Bolivia","BOL","BO",0,0,1212138,22387,NA,NA,NA,NA,"BO",11513102,0.0714285714285714,1212137.42857143,0.714285714285714,0.105283304931323,6.20411175272932e-09,6.20411175272932e-08
2024-03-02,"Bolivia","BOL","BO",0,0,1212138,22387,NA,NA,NA,NA,"BO",11513102,0.0714285714285714,1212137.5,0.714285714285714,0.105283311135435,6.20411175272932e-09,6.20411175272932e-08
2024-03-03,"Bolivia","BOL","BO",2,0,1212140,22387,NA,NA,NA,NA,"BO",11513102,0.214285714285714,1212137.71428571,2.14285714285714,0.10528332974777,1.8612335258188e-08,1.8612335258188e-07
2024-03-04,"Bolivia","BOL","BO",0,0,1212140,22387,NA,NA,NA,NA,"BO",11513102,0.214285714285714,1212137.92857143,2.14285714285714,0.105283348360106,1.8612335258188e-08,1.8612335258188e-07
2024-03-05,"Bolivia","BOL","BO",0,0,1212140,22387,NA,NA,NA,NA,"BO",11513102,0.214285714285714,1212138.14285714,2.14285714285714,0.105283366972441,1.8612335258188e-08,1.8612335258188e-07
2024-03-06,"Bolivia","BOL","BO",0,0,1212140,22387,NA,NA,NA,NA,"BO",11513102,0.214285714285714,1212138.35714286,2.14285714285714,0.105283385584776,1.8612335258188e-08,1.8612335258188e-07
2024-03-07,"Bolivia","BOL","BO",0,0,1212140,22387,NA,NA,NA,NA,"BO",11513102,0.214285714285714,1212138.57142857,2.14285714285714,0.105283404197111,1.8612335258188e-08,1.8612335258188e-07
2024-03-08,"Bolivia","BOL","BO",0,0,1212140,22387,NA,NA,NA,NA,"BO",11513102,0.214285714285714,1212138.78571429,2.14285714285714,0.105283422809447,1.8612335258188e-08,1.8612335258188e-07
2024-03-09,"Bolivia","BOL","BO",0,0,1212140,22387,NA,NA,NA,NA,"BO",11513102,0.214285714285714,1212139,2.14285714285714,0.105283441421782,1.8612335258188e-08,1.8612335258188e-07
2024-03-10,"Bolivia","BOL","BO",0,0,1212140,22387,NA,NA,NA,NA,"BO",11513102,0.142857142857143,1212139.14285714,1.42857142857143,0.105283453830005,1.24082235054586e-08,1.24082235054586e-07
2024-03-11,"Bolivia","BOL","BO",0,0,1212140,22387,NA,NA,NA,NA,"BO",11513102,0.142857142857143,1212139.28571429,1.42857142857143,0.105283466238229,1.24082235054586e-08,1.24082235054586e-07
2024-03-12,"Bolivia","BOL","BO",0,0,1212140,22387,NA,NA,NA,NA,"BO",11513102,0.142857142857143,1212139.42857143,1.42857142857143,0.105283478646452,1.24082235054586e-08,1.24082235054586e-07
2024-03-13,"Bolivia","BOL","BO",0,0,1212140,22387,NA,NA,NA,NA,"BO",11513102,0.142857142857143,1212139.57142857,1.42857142857143,0.105283491054676,1.24082235054586e-08,1.24082235054586e-07
2024-03-14,"Bolivia","BOL","BO",0,0,1212140,22387,NA,NA,NA,NA,"BO",11513102,0.142857142857143,1212139.71428571,1.42857142857143,0.105283503462899,1.24082235054586e-08,1.24082235054586e-07
2024-03-15,"Bolivia","BOL","BO",0,0,1212140,22387,NA,NA,NA,NA,"BO",11513102,0.142857142857143,1212139.85714286,1.42857142857143,0.105283515871123,1.24082235054586e-08,1.24082235054586e-07
2024-03-16,"Bolivia","BOL","BO",0,0,1212140,22387,NA,NA,NA,NA,"BO",11513102,0.142857142857143,1212140,1.42857142857143,0.105283528279346,1.24082235054586e-08,1.24082235054586e-07
2024-03-17,"Bolivia","BOL","BO",0,0,1212140,22387,NA,NA,NA,NA,"BO",11513102,0,1212140,0,0.105283528279346,0,0
2024-03-18,"Bolivia","BOL","BO",0,0,1212140,22387,NA,NA,NA,NA,"BO",11513102,0,1212140,0,0.105283528279346,0,0
2024-03-19,"Bolivia","BOL","BO",0,0,1212140,22387,NA,NA,NA,NA,"BO",11513102,0,1212140,0,0.105283528279346,0,0
2024-03-20,"Bolivia","BOL","BO",0,0,1212140,22387,NA,NA,NA,NA,"BO",11513102,0,1212140,0,0.105283528279346,0,0
2024-03-21,"Bolivia","BOL","BO",0,0,1212140,22387,NA,NA,NA,NA,"BO",11513102,0,1212140,0,0.105283528279346,0,0
2024-03-22,"Bolivia","BOL","BO",0,0,1212140,22387,NA,NA,NA,NA,"BO",11513102,0,1212140,0,0.105283528279346,0,0
2024-03-23,"Bolivia","BOL","BO",0,0,1212140,22387,NA,NA,NA,NA,"BO",11513102,0,1212140,0,0.105283528279346,0,0
2024-03-24,"Bolivia","BOL","BO",0,0,1212140,22387,NA,NA,NA,NA,"BO",11513102,0,1212140,0,0.105283528279346,0,0
2024-03-25,"Bolivia","BOL","BO",0,0,1212140,22387,NA,NA,NA,NA,"BO",11513102,0,1212140,0,0.105283528279346,0,0
2024-03-26,"Bolivia","BOL","BO",0,0,1212140,22387,NA,NA,NA,NA,"BO",11513102,0,1212140,0,0.105283528279346,0,0
2024-03-27,"Bolivia","BOL","BO",0,0,1212140,22387,NA,NA,NA,NA,"BO",11513102,0,1212140,0,0.105283528279346,0,0
2024-03-28,"Bolivia","BOL","BO",0,0,1212140,22387,NA,NA,NA,NA,"BO",11513102,0,1212140,0,0.105283528279346,0,0
2024-03-29,"Bolivia","BOL","BO",0,0,1212140,22387,NA,NA,NA,NA,"BO",11513102,0,1212140,0,0.105283528279346,0,0
2024-03-30,"Bolivia","BOL","BO",0,0,1212140,22387,NA,NA,NA,NA,"BO",11513102,0,1212140,0,0.105283528279346,0,0
2024-03-31,"Bolivia","BOL","BO",1,0,1212141,22387,NA,NA,NA,NA,"BO",11513102,0.0714285714285714,1212140.07142857,0.714285714285714,0.105283534483458,6.20411175272932e-09,6.20411175272932e-08
2024-04-01,"Bolivia","BOL","BO",0,0,1212141,22387,NA,NA,NA,NA,"BO",11513102,0.0714285714285714,1212140.14285714,0.714285714285714,0.10528354068757,6.20411175272932e-09,6.20411175272932e-08
2024-04-02,"Bolivia","BOL","BO",0,0,1212141,22387,NA,NA,NA,NA,"BO",11513102,0.0714285714285714,1212140.21428571,0.714285714285714,0.105283546891682,6.20411175272932e-09,6.20411175272932e-08
2024-04-03,"Bolivia","BOL","BO",0,0,1212141,22387,NA,NA,NA,NA,"BO",11513102,0.0714285714285714,1212140.28571429,0.714285714285714,0.105283553095793,6.20411175272932e-09,6.20411175272932e-08
2024-04-04,"Bolivia","BOL","BO",0,0,1212141,22387,NA,NA,NA,NA,"BO",11513102,0.0714285714285714,1212140.35714286,0.714285714285714,0.105283559299905,6.20411175272932e-09,6.20411175272932e-08
2024-04-05,"Bolivia","BOL","BO",0,0,1212141,22387,NA,NA,NA,NA,"BO",11513102,0.0714285714285714,1212140.42857143,0.714285714285714,0.105283565504017,6.20411175272932e-09,6.20411175272932e-08
2024-04-06,"Bolivia","BOL","BO",0,0,1212141,22387,NA,NA,NA,NA,"BO",11513102,0.0714285714285714,1212140.5,0.714285714285714,0.105283571708129,6.20411175272932e-09,6.20411175272932e-08
2024-04-07,"Bolivia","BOL","BO",1,0,1212142,22387,NA,NA,NA,NA,"BO",11513102,0.142857142857143,1212140.64285714,1.42857142857143,0.105283584116352,1.24082235054586e-08,1.24082235054586e-07
2024-04-08,"Bolivia","BOL","BO",0,0,1212142,22387,NA,NA,NA,NA,"BO",11513102,0.142857142857143,1212140.78571429,1.42857142857143,0.105283596524576,1.24082235054586e-08,1.24082235054586e-07
2024-04-09,"Bolivia","BOL","BO",0,0,1212142,22387,NA,NA,NA,NA,"BO",11513102,0.142857142857143,1212140.92857143,1.42857142857143,0.105283608932799,1.24082235054586e-08,1.24082235054586e-07
2024-04-10,"Bolivia","BOL","BO",0,0,1212142,22387,NA,NA,NA,NA,"BO",11513102,0.142857142857143,1212141.07142857,1.42857142857143,0.105283621341023,1.24082235054586e-08,1.24082235054586e-07
2024-04-11,"Bolivia","BOL","BO",0,0,1212142,22387,NA,NA,NA,NA,"BO",11513102,0.142857142857143,1212141.21428571,1.42857142857143,0.105283633749246,1.24082235054586e-08,1.24082235054586e-07
2024-04-12,"Bolivia","BOL","BO",0,0,1212142,22387,NA,NA,NA,NA,"BO",11513102,0.142857142857143,1212141.35714286,1.42857142857143,0.10528364615747,1.24082235054586e-08,1.24082235054586e-07
2024-04-13,"Bolivia","BOL","BO",0,0,1212142,22387,NA,NA,NA,NA,"BO",11513102,0.142857142857143,1212141.5,1.42857142857143,0.105283658565693,1.24082235054586e-08,1.24082235054586e-07
2024-04-14,"Bolivia","BOL","BO",1,0,1212143,22387,NA,NA,NA,NA,"BO",11513102,0.142857142857143,1212141.64285714,1.42857142857143,0.105283670973917,1.24082235054586e-08,1.24082235054586e-07
2024-04-15,"Bolivia","BOL","BO",0,0,1212143,22387,NA,NA,NA,NA,"BO",11513102,0.142857142857143,1212141.78571429,1.42857142857143,0.10528368338214,1.24082235054586e-08,1.24082235054586e-07
2024-04-16,"Bolivia","BOL","BO",0,0,1212143,22387,NA,NA,NA,NA,"BO",11513102,0.142857142857143,1212141.92857143,1.42857142857143,0.105283695790364,1.24082235054586e-08,1.24082235054586e-07
2024-04-17,"Bolivia","BOL","BO",0,0,1212143,22387,NA,NA,NA,NA,"BO",11513102,0.142857142857143,1212142.07142857,1.42857142857143,0.105283708198587,1.24082235054586e-08,1.24082235054586e-07
2024-04-18,"Bolivia","BOL","BO",0,0,1212143,22387,NA,NA,NA,NA,"BO",11513102,0.142857142857143,1212142.21428571,1.42857142857143,0.105283720606811,1.24082235054586e-08,1.24082235054586e-07
2024-04-19,"Bolivia","BOL","BO",0,0,1212143,22387,NA,NA,NA,NA,"BO",11513102,0.142857142857143,1212142.35714286,1.42857142857143,0.105283733015034,1.24082235054586e-08,1.24082235054586e-07
2024-04-20,"Bolivia","BOL","BO",0,0,1212143,22387,NA,NA,NA,NA,"BO",11513102,0.142857142857143,1212142.5,1.42857142857143,0.105283745423258,1.24082235054586e-08,1.24082235054586e-07
2024-04-21,"Bolivia","BOL","BO",0,0,1212143,22387,NA,NA,NA,NA,"BO",11513102,0.0714285714285714,1212142.57142857,0.714285714285714,0.10528375162737,6.20411175272932e-09,6.20411175272932e-08
2024-04-22,"Bolivia","BOL","BO",0,0,1212143,22387,NA,NA,NA,NA,"BO",11513102,0.0714285714285714,1212142.64285714,0.714285714285714,0.105283757831481,6.20411175272932e-09,6.20411175272932e-08
2024-04-23,"Bolivia","BOL","BO",0,0,1212143,22387,NA,NA,NA,NA,"BO",11513102,0.0714285714285714,1212142.71428571,0.714285714285714,0.105283764035593,6.20411175272932e-09,6.20411175272932e-08
2024-04-24,"Bolivia","BOL","BO",0,0,1212143,22387,NA,NA,NA,NA,"BO",11513102,0.0714285714285714,1212142.78571429,0.714285714285714,0.105283770239705,6.20411175272932e-09,6.20411175272932e-08
2024-04-25,"Bolivia","BOL","BO",0,0,1212143,22387,NA,NA,NA,NA,"BO",11513102,0.0714285714285714,1212142.85714286,0.714285714285714,0.105283776443817,6.20411175272932e-09,6.20411175272932e-08
2024-04-26,"Bolivia","BOL","BO",0,0,1212143,22387,NA,NA,NA,NA,"BO",11513102,0.0714285714285714,1212142.92857143,0.714285714285714,0.105283782647928,6.20411175272932e-09,6.20411175272932e-08
2024-04-27,"Bolivia","BOL","BO",0,0,1212143,22387,NA,NA,NA,NA,"BO",11513102,0.0714285714285714,1212143,0.714285714285714,0.10528378885204,6.20411175272932e-09,6.20411175272932e-08
2024-04-28,"Bolivia","BOL","BO",0,0,1212143,22387,NA,NA,NA,NA,"BO",11513102,0,1212143,0,0.10528378885204,0,0
2024-04-29,"Bolivia","BOL","BO",0,0,1212143,22387,NA,NA,NA,NA,"BO",11513102,0,1212143,0,0.10528378885204,0,0
2024-04-30,"Bolivia","BOL","BO",0,0,1212143,22387,NA,NA,NA,NA,"BO",11513102,0,1212143,0,0.10528378885204,0,0
2024-05-01,"Bolivia","BOL","BO",0,0,1212143,22387,NA,NA,NA,NA,"BO",11513102,0,1212143,0,0.10528378885204,0,0
2024-05-02,"Bolivia","BOL","BO",0,0,1212143,22387,NA,NA,NA,NA,"BO",11513102,0,1212143,0,0.10528378885204,0,0
2024-05-03,"Bolivia","BOL","BO",0,0,1212143,22387,NA,NA,NA,NA,"BO",11513102,0,1212143,0,0.10528378885204,0,0
2024-05-04,"Bolivia","BOL","BO",0,0,1212143,22387,NA,NA,NA,NA,"BO",11513102,0,1212143,0,0.10528378885204,0,0
2024-05-05,"Bolivia","BOL","BO",0,0,1212143,22387,NA,NA,NA,NA,"BO",11513102,0,1212143,0,0.10528378885204,0,0
2024-05-06,"Bolivia","BOL","BO",0,0,1212143,22387,NA,NA,NA,NA,"BO",11513102,0,1212143,0,0.10528378885204,0,0
2024-05-07,"Bolivia","BOL","BO",0,0,1212143,22387,NA,NA,NA,NA,"BO",11513102,0,1212143,0,0.10528378885204,0,0
2024-05-08,"Bolivia","BOL","BO",0,0,1212143,22387,NA,NA,NA,NA,"BO",11513102,0,1212143,0,0.10528378885204,0,0
2024-05-09,"Bolivia","BOL","BO",0,0,1212143,22387,NA,NA,NA,NA,"BO",11513102,0,1212143,0,0.10528378885204,0,0
2024-05-10,"Bolivia","BOL","BO",0,0,1212143,22387,NA,NA,NA,NA,"BO",11513102,0,1212143,0,0.10528378885204,0,0
2024-05-11,"Bolivia","BOL","BO",0,0,1212143,22387,NA,NA,NA,NA,"BO",11513102,0,1212143,0,0.10528378885204,0,0
2024-05-12,"Bolivia","BOL","BO",0,0,1212143,22387,NA,NA,NA,NA,"BO",11513102,0,1212143,0,0.10528378885204,0,0
2024-05-13,"Bolivia","BOL","BO",0,0,1212143,22387,NA,NA,NA,NA,"BO",11513102,0,1212143,0,0.10528378885204,0,0
2024-05-14,"Bolivia","BOL","BO",0,0,1212143,22387,NA,NA,NA,NA,"BO",11513102,0,1212143,0,0.10528378885204,0,0
2024-05-15,"Bolivia","BOL","BO",0,0,1212143,22387,NA,NA,NA,NA,"BO",11513102,0,1212143,0,0.10528378885204,0,0
2024-05-16,"Bolivia","BOL","BO",0,0,1212143,22387,NA,NA,NA,NA,"BO",11513102,0,1212143,0,0.10528378885204,0,0
2024-05-17,"Bolivia","BOL","BO",0,0,1212143,22387,NA,NA,NA,NA,"BO",11513102,0,1212143,0,0.10528378885204,0,0
2024-05-18,"Bolivia","BOL","BO",0,0,1212143,22387,NA,NA,NA,NA,"BO",11513102,0,1212143,0,0.10528378885204,0,0
2024-05-19,"Bolivia","BOL","BO",0,0,1212143,22387,NA,NA,NA,NA,"BO",11513102,0,1212143,0,0.10528378885204,0,0
2024-05-20,"Bolivia","BOL","BO",0,0,1212143,22387,NA,NA,NA,NA,"BO",11513102,0,1212143,0,0.10528378885204,0,0
2024-05-21,"Bolivia","BOL","BO",0,0,1212143,22387,NA,NA,NA,NA,"BO",11513102,0,1212143,0,0.10528378885204,0,0
2024-05-22,"Bolivia","BOL","BO",0,0,1212143,22387,NA,NA,NA,NA,"BO",11513102,0,1212143,0,0.10528378885204,0,0
2024-05-23,"Bolivia","BOL","BO",0,0,1212143,22387,NA,NA,NA,NA,"BO",11513102,0,1212143,0,0.10528378885204,0,0
2024-05-24,"Bolivia","BOL","BO",0,0,1212143,22387,NA,NA,NA,NA,"BO",11513102,0,1212143,0,0.10528378885204,0,0
2024-05-25,"Bolivia","BOL","BO",0,0,1212143,22387,NA,NA,NA,NA,"BO",11513102,0,1212143,0,0.10528378885204,0,0
2024-05-26,"Bolivia","BOL","BO",1,0,1212144,22387,NA,NA,NA,NA,"BO",11513102,0.0714285714285714,1212143.07142857,0.714285714285714,0.105283795056152,6.20411175272932e-09,6.20411175272932e-08
2024-05-27,"Bolivia","BOL","BO",0,0,1212144,22387,NA,NA,NA,NA,"BO",11513102,0.0714285714285714,1212143.14285714,0.714285714285714,0.105283801260264,6.20411175272932e-09,6.20411175272932e-08
2024-05-28,"Bolivia","BOL","BO",0,0,1212144,22387,NA,NA,NA,NA,"BO",11513102,0.0714285714285714,1212143.21428571,0.714285714285714,0.105283807464375,6.20411175272932e-09,6.20411175272932e-08
2024-05-29,"Bolivia","BOL","BO",0,0,1212144,22387,NA,NA,NA,NA,"BO",11513102,0.0714285714285714,1212143.28571429,0.714285714285714,0.105283813668487,6.20411175272932e-09,6.20411175272932e-08
2024-05-30,"Bolivia","BOL","BO",0,0,1212144,22387,NA,NA,NA,NA,"BO",11513102,0.0714285714285714,1212143.35714286,0.714285714285714,0.105283819872599,6.20411175272932e-09,6.20411175272932e-08
2024-05-31,"Bolivia","BOL","BO",0,0,1212144,22387,NA,NA,NA,NA,"BO",11513102,0.0714285714285714,1212143.42857143,0.714285714285714,0.105283826076711,6.20411175272932e-09,6.20411175272932e-08
2024-06-01,"Bolivia","BOL","BO",0,0,1212144,22387,NA,NA,NA,NA,"BO",11513102,0.0714285714285714,1212143.5,0.714285714285714,0.105283832280822,6.20411175272932e-09,6.20411175272932e-08
2024-06-02,"Bolivia","BOL","BO",0,0,1212144,22387,NA,NA,NA,NA,"BO",11513102,0.0714285714285714,1212143.57142857,0.714285714285714,0.105283838484934,6.20411175272932e-09,6.20411175272932e-08
2024-06-03,"Bolivia","BOL","BO",0,0,1212144,22387,NA,NA,NA,NA,"BO",11513102,0.0714285714285714,1212143.64285714,0.714285714285714,0.105283844689046,6.20411175272932e-09,6.20411175272932e-08
2024-06-04,"Bolivia","BOL","BO",0,0,1212144,22387,NA,NA,NA,NA,"BO",11513102,0.0714285714285714,1212143.71428571,0.714285714285714,0.105283850893158,6.20411175272932e-09,6.20411175272932e-08
2024-06-05,"Bolivia","BOL","BO",0,0,1212144,22387,NA,NA,NA,NA,"BO",11513102,0.0714285714285714,1212143.78571429,0.714285714285714,0.105283857097269,6.20411175272932e-09,6.20411175272932e-08
2024-06-06,"Bolivia","BOL","BO",0,0,1212144,22387,NA,NA,NA,NA,"BO",11513102,0.0714285714285714,1212143.85714286,0.714285714285714,0.105283863301381,6.20411175272932e-09,6.20411175272932e-08
2024-06-07,"Bolivia","BOL","BO",0,0,1212144,22387,NA,NA,NA,NA,"BO",11513102,0.0714285714285714,1212143.92857143,0.714285714285714,0.105283869505493,6.20411175272932e-09,6.20411175272932e-08
2024-06-08,"Bolivia","BOL","BO",0,0,1212144,22387,NA,NA,NA,NA,"BO",11513102,0.0714285714285714,1212144,0.714285714285714,0.105283875709605,6.20411175272932e-09,6.20411175272932e-08
2024-06-09,"Bolivia","BOL","BO",0,0,1212144,22387,NA,NA,NA,NA,"BO",11513102,0,1212144,0,0.105283875709605,0,0
2024-06-10,"Bolivia","BOL","BO",0,0,1212144,22387,NA,NA,NA,NA,"BO",11513102,0,1212144,0,0.105283875709605,0,0
2024-06-11,"Bolivia","BOL","BO",0,0,1212144,22387,NA,NA,NA,NA,"BO",11513102,0,1212144,0,0.105283875709605,0,0
2024-06-12,"Bolivia","BOL","BO",0,0,1212144,22387,NA,NA,NA,NA,"BO",11513102,0,1212144,0,0.105283875709605,0,0
2024-06-13,"Bolivia","BOL","BO",0,0,1212144,22387,NA,NA,NA,NA,"BO",11513102,0,1212144,0,0.105283875709605,0,0
2024-06-14,"Bolivia","BOL","BO",0,0,1212144,22387,NA,NA,NA,NA,"BO",11513102,0,1212144,0,0.105283875709605,0,0
2024-06-15,"Bolivia","BOL","BO",0,0,1212144,22387,NA,NA,NA,NA,"BO",11513102,0,1212144,0,0.105283875709605,0,0
2024-06-16,"Bolivia","BOL","BO",0,0,1212144,22387,NA,NA,NA,NA,"BO",11513102,0,1212144,0,0.105283875709605,0,0
2024-06-17,"Bolivia","BOL","BO",0,0,1212144,22387,NA,NA,NA,NA,"BO",11513102,0,1212144,0,0.105283875709605,0,0
2024-06-18,"Bolivia","BOL","BO",0,0,1212144,22387,NA,NA,NA,NA,"BO",11513102,0,1212144,0,0.105283875709605,0,0
2024-06-19,"Bolivia","BOL","BO",0,0,1212144,22387,NA,NA,NA,NA,"BO",11513102,0,1212144,0,0.105283875709605,0,0
2024-06-20,"Bolivia","BOL","BO",0,0,1212144,22387,NA,NA,NA,NA,"BO",11513102,0,1212144,0,0.105283875709605,0,0
2024-06-21,"Bolivia","BOL","BO",0,0,1212144,22387,NA,NA,NA,NA,"BO",11513102,0,1212144,0,0.105283875709605,0,0
2024-06-22,"Bolivia","BOL","BO",0,0,1212144,22387,NA,NA,NA,NA,"BO",11513102,0,1212144,0,0.105283875709605,0,0
2024-06-23,"Bolivia","BOL","BO",0,0,1212144,22387,NA,NA,NA,NA,"BO",11513102,0,1212144,0,0.105283875709605,0,0
2024-06-24,"Bolivia","BOL","BO",0,0,1212144,22387,NA,NA,NA,NA,"BO",11513102,0,1212144,0,0.105283875709605,0,0
2024-06-25,"Bolivia","BOL","BO",0,0,1212144,22387,NA,NA,NA,NA,"BO",11513102,0,1212144,0,0.105283875709605,0,0
2024-06-26,"Bolivia","BOL","BO",0,0,1212144,22387,NA,NA,NA,NA,"BO",11513102,0,1212144,0,0.105283875709605,0,0
2024-06-27,"Bolivia","BOL","BO",0,0,1212144,22387,NA,NA,NA,NA,"BO",11513102,0,1212144,0,0.105283875709605,0,0
2024-06-28,"Bolivia","BOL","BO",0,0,1212144,22387,NA,NA,NA,NA,"BO",11513102,0,1212144,0,0.105283875709605,0,0
2024-06-29,"Bolivia","BOL","BO",0,0,1212144,22387,NA,NA,NA,NA,"BO",11513102,0,1212144,0,0.105283875709605,0,0
2024-06-30,"Bolivia","BOL","BO",0,0,1212144,22387,NA,NA,NA,NA,"BO",11513102,0,1212144,0,0.105283875709605,0,0
2024-07-01,"Bolivia","BOL","BO",0,0,1212144,22387,NA,NA,NA,NA,"BO",11513102,0,1212144,0,0.105283875709605,0,0
2024-07-02,"Bolivia","BOL","BO",0,0,1212144,22387,NA,NA,NA,NA,"BO",11513102,0,1212144,0,0.105283875709605,0,0
2024-07-03,"Bolivia","BOL","BO",0,0,1212144,22387,NA,NA,NA,NA,"BO",11513102,0,1212144,0,0.105283875709605,0,0
2024-07-04,"Bolivia","BOL","BO",0,0,1212144,22387,NA,NA,NA,NA,"BO",11513102,0,1212144,0,0.105283875709605,0,0
2024-07-05,"Bolivia","BOL","BO",0,0,1212144,22387,NA,NA,NA,NA,"BO",11513102,0,1212144,0,0.105283875709605,0,0
2024-07-06,"Bolivia","BOL","BO",0,0,1212144,22387,NA,NA,NA,NA,"BO",11513102,0,1212144,0,0.105283875709605,0,0
2024-07-07,"Bolivia","BOL","BO",0,0,1212144,22387,NA,NA,NA,NA,"BO",11513102,0,1212144,0,0.105283875709605,0,0
2024-07-08,"Bolivia","BOL","BO",0,0,1212144,22387,NA,NA,NA,NA,"BO",11513102,0,1212144,0,0.105283875709605,0,0
2024-07-09,"Bolivia","BOL","BO",0,0,1212144,22387,NA,NA,NA,NA,"BO",11513102,0,1212144,0,0.105283875709605,0,0
2024-07-10,"Bolivia","BOL","BO",0,0,1212144,22387,NA,NA,NA,NA,"BO",11513102,0,1212144,0,0.105283875709605,0,0
2024-07-11,"Bolivia","BOL","BO",0,0,1212144,22387,NA,NA,NA,NA,"BO",11513102,0,1212144,0,0.105283875709605,0,0
2024-07-12,"Bolivia","BOL","BO",0,0,1212144,22387,NA,NA,NA,NA,"BO",11513102,0,1212144,0,0.105283875709605,0,0
2024-07-13,"Bolivia","BOL","BO",0,0,1212144,22387,NA,NA,NA,NA,"BO",11513102,0,1212144,0,0.105283875709605,0,0
2024-07-14,"Bolivia","BOL","BO",1,0,1212145,22387,NA,NA,NA,NA,"BO",11513102,0.0714285714285714,1212144.07142857,0.714285714285714,0.105283881913716,6.20411175272932e-09,6.20411175272932e-08
2024-07-15,"Bolivia","BOL","BO",0,0,1212145,22387,NA,NA,NA,NA,"BO",11513102,0.0714285714285714,1212144.14285714,0.714285714285714,0.105283888117828,6.20411175272932e-09,6.20411175272932e-08
2024-07-16,"Bolivia","BOL","BO",0,0,1212145,22387,NA,NA,NA,NA,"BO",11513102,0.0714285714285714,1212144.21428571,0.714285714285714,0.10528389432194,6.20411175272932e-09,6.20411175272932e-08
2024-07-17,"Bolivia","BOL","BO",0,0,1212145,22387,NA,NA,NA,NA,"BO",11513102,0.0714285714285714,1212144.28571429,0.714285714285714,0.105283900526052,6.20411175272932e-09,6.20411175272932e-08
2024-07-18,"Bolivia","BOL","BO",0,0,1212145,22387,NA,NA,NA,NA,"BO",11513102,0.0714285714285714,1212144.35714286,0.714285714285714,0.105283906730163,6.20411175272932e-09,6.20411175272932e-08
2024-07-19,"Bolivia","BOL","BO",0,0,1212145,22387,NA,NA,NA,NA,"BO",11513102,0.0714285714285714,1212144.42857143,0.714285714285714,0.105283912934275,6.20411175272932e-09,6.20411175272932e-08
2024-07-20,"Bolivia","BOL","BO",0,0,1212145,22387,NA,NA,NA,NA,"BO",11513102,0.0714285714285714,1212144.5,0.714285714285714,0.105283919138387,6.20411175272932e-09,6.20411175272932e-08
2024-07-21,"Bolivia","BOL","BO",0,0,1212145,22387,NA,NA,NA,NA,"BO",11513102,0.0714285714285714,1212144.57142857,0.714285714285714,0.105283925342499,6.20411175272932e-09,6.20411175272932e-08
2024-07-22,"Bolivia","BOL","BO",0,0,1212145,22387,NA,NA,NA,NA,"BO",11513102,0.0714285714285714,1212144.64285714,0.714285714285714,0.10528393154661,6.20411175272932e-09,6.20411175272932e-08
2024-07-23,"Bolivia","BOL","BO",0,0,1212145,22387,NA,NA,NA,NA,"BO",11513102,0.0714285714285714,1212144.71428571,0.714285714285714,0.105283937750722,6.20411175272932e-09,6.20411175272932e-08
2024-07-24,"Bolivia","BOL","BO",0,0,1212145,22387,NA,NA,NA,NA,"BO",11513102,0.0714285714285714,1212144.78571429,0.714285714285714,0.105283943954834,6.20411175272932e-09,6.20411175272932e-08
2024-07-25,"Bolivia","BOL","BO",0,0,1212145,22387,NA,NA,NA,NA,"BO",11513102,0.0714285714285714,1212144.85714286,0.714285714285714,0.105283950158946,6.20411175272932e-09,6.20411175272932e-08
2024-07-26,"Bolivia","BOL","BO",0,0,1212145,22387,NA,NA,NA,NA,"BO",11513102,0.0714285714285714,1212144.92857143,0.714285714285714,0.105283956363057,6.20411175272932e-09,6.20411175272932e-08
2024-07-27,"Bolivia","BOL","BO",0,0,1212145,22387,NA,NA,NA,NA,"BO",11513102,0.0714285714285714,1212145,0.714285714285714,0.105283962567169,6.20411175272932e-09,6.20411175272932e-08
2024-07-28,"Bolivia","BOL","BO",0,0,1212145,22387,NA,NA,NA,NA,"BO",11513102,0,1212145,0,0.105283962567169,0,0
2024-07-29,"Bolivia","BOL","BO",0,0,1212145,22387,NA,NA,NA,NA,"BO",11513102,0,1212145,0,0.105283962567169,0,0
2024-07-30,"Bolivia","BOL","BO",0,0,1212145,22387,NA,NA,NA,NA,"BO",11513102,0,1212145,0,0.105283962567169,0,0
2024-07-31,"Bolivia","BOL","BO",0,0,1212145,22387,NA,NA,NA,NA,"BO",11513102,0,1212145,0,0.105283962567169,0,0
2024-08-01,"Bolivia","BOL","BO",0,0,1212145,22387,NA,NA,NA,NA,"BO",11513102,0,1212145,0,0.105283962567169,0,0
2024-08-02,"Bolivia","BOL","BO",0,0,1212145,22387,NA,NA,NA,NA,"BO",11513102,0,1212145,0,0.105283962567169,0,0
2024-08-03,"Bolivia","BOL","BO",0,0,1212145,22387,NA,NA,NA,NA,"BO",11513102,0,1212145,0,0.105283962567169,0,0
2024-08-04,"Bolivia","BOL","BO",2,0,1212147,22387,NA,NA,NA,NA,"BO",11513102,0.142857142857143,1212145.14285714,1.42857142857143,0.105283974975393,1.24082235054586e-08,1.24082235054586e-07
