"date","ISO2","country","ISO3","population","cli","anosmia","count","cli_local","count_local","cli_14days","anosmia_14days","count_14days","cli_local_14days","count_local_14days","p_cli","p_cli_low","p_cli_high","p_anosmia","p_anosmia_low","p_anosmia_high","p_cli_local","p_cli_local_low","p_cli_local_high","p_cli_14days","p_cli_14days_low","p_cli_14days_high","p_anosmia_14days","p_anosmia_14days_low","p_anosmia_14days_high","p_cli_local_14days","p_cli_local_14days_low","p_cli_local_14days_high","p_cases_active"
2020-04-23,"NR","Nauru","NRU",11832,NA,NA,NA,NA,NA,NA,NA,NA,NA,NA,NA,NA,NA,NA,NA,NA,NA,NA,NA,NA,NA,NA,NA,NA,NA,NA,NA,NA,NA
2020-04-24,"NR","Nauru","NRU",11832,0,0,1,0,1,NA,NA,NA,NA,NA,0,0,0,0,0,0,0,0,0,NA,NA,NA,NA,NA,NA,NA,NA,NA,NA
2020-04-25,"NR","Nauru","NRU",11832,NA,NA,NA,NA,NA,NA,NA,NA,NA,NA,NA,NA,NA,NA,NA,NA,NA,NA,NA,NA,NA,NA,NA,NA,NA,NA,NA,NA,NA
2020-04-26,"NR","Nauru","NRU",11832,1,1,1,100,1,NA,NA,NA,NA,NA,1,1,1,1,1,1,1,1,1,NA,NA,NA,NA,NA,NA,NA,NA,NA,NA
2020-04-27,"NR","Nauru","NRU",11832,NA,NA,NA,NA,NA,NA,NA,NA,NA,NA,NA,NA,NA,NA,NA,NA,NA,NA,NA,NA,NA,NA,NA,NA,NA,NA,NA,NA,NA
2020-04-28,"NR","Nauru","NRU",11832,NA,NA,NA,NA,NA,NA,NA,NA,NA,NA,NA,NA,NA,NA,NA,NA,NA,NA,NA,NA,NA,NA,NA,NA,NA,NA,NA,NA,NA
2020-04-29,"NR","Nauru","NRU",11832,NA,NA,NA,NA,NA,NA,NA,NA,NA,NA,NA,NA,NA,NA,NA,NA,NA,NA,NA,NA,NA,NA,NA,NA,NA,NA,NA,NA,NA
2020-04-30,"NR","Nauru","NRU",11832,NA,NA,NA,NA,NA,NA,NA,NA,NA,NA,NA,NA,NA,NA,NA,NA,NA,NA,NA,NA,NA,NA,NA,NA,NA,NA,NA,NA,NA
2020-05-01,"NR","Nauru","NRU",11832,NA,NA,NA,NA,NA,NA,NA,NA,NA,NA,NA,NA,NA,NA,NA,NA,NA,NA,NA,NA,NA,NA,NA,NA,NA,NA,NA,NA,NA
2020-05-02,"NR","Nauru","NRU",11832,NA,NA,NA,NA,NA,NA,NA,NA,NA,NA,NA,NA,NA,NA,NA,NA,NA,NA,NA,NA,NA,NA,NA,NA,NA,NA,NA,NA,NA
2020-05-03,"NR","Nauru","NRU",11832,NA,NA,NA,NA,NA,NA,NA,NA,NA,NA,NA,NA,NA,NA,NA,NA,NA,NA,NA,NA,NA,NA,NA,NA,NA,NA,NA,NA,NA
2020-05-04,"NR","Nauru","NRU",11832,0,0,1,0,1,NA,NA,NA,NA,NA,0,0,0,0,0,0,0,0,0,NA,NA,NA,NA,NA,NA,NA,NA,NA,NA
2020-05-05,"NR","Nauru","NRU",11832,1,1,1,1,1,NA,NA,NA,NA,NA,1,1,1,1,1,1,0.0188679245283019,0,0.0554978435392005,NA,NA,NA,NA,NA,NA,NA,NA,NA,NA
2020-05-06,"NR","Nauru","NRU",11832,NA,NA,NA,NA,NA,2,2,4,101,4,NA,NA,NA,NA,NA,NA,NA,NA,NA,0.5,0.0100090038649866,0.989990996135013,0.5,0.0100090038649866,0.989990996135013,0.476415094339623,0.409184573479304,0.543645615199941,0.5
2020-05-07,"NR","Nauru","NRU",11832,NA,NA,NA,NA,NA,2,2,4,101,4,NA,NA,NA,NA,NA,NA,NA,NA,NA,0.5,0.0100090038649866,0.989990996135013,0.5,0.0100090038649866,0.989990996135013,0.476415094339623,0.409184573479304,0.543645615199941,0.5
2020-05-08,"NR","Nauru","NRU",11832,NA,NA,NA,NA,NA,2,2,3,101,3,NA,NA,NA,NA,NA,NA,NA,NA,NA,0.666666666666667,0.133232035960521,1,0.666666666666667,0.133232035960521,1,0.635220125786163,0.560398509038341,0.710041742533986,0.666666666666667
2020-05-09,"NR","Nauru","NRU",11832,NA,NA,NA,NA,NA,2,2,3,101,3,NA,NA,NA,NA,NA,NA,NA,NA,NA,0.666666666666667,0.133232035960521,1,0.666666666666667,0.133232035960521,1,0.635220125786163,0.560398509038341,0.710041742533986,0.666666666666667
2020-05-10,"NR","Nauru","NRU",11832,0,0,1,0,1,1,1,3,1,3,0,0,0,0,0,0,0,0,0,0.333333333333333,0,0.866767964039479,0.333333333333333,0,0.866767964039479,0.00628930817610063,0,0.0185773009704059,0.333333333333333
2020-05-11,"NR","Nauru","NRU",11832,NA,NA,NA,NA,NA,1,1,3,1,3,NA,NA,NA,NA,NA,NA,NA,NA,NA,0.333333333333333,0,0.866767964039479,0.333333333333333,0,0.866767964039479,0.00628930817610063,0,0.0185773009704059,0.333333333333333
2020-05-12,"NR","Nauru","NRU",11832,NA,NA,NA,NA,NA,1,1,3,1,3,NA,NA,NA,NA,NA,NA,NA,NA,NA,0.333333333333333,0,0.866767964039479,0.333333333333333,0,0.866767964039479,0.00628930817610063,0,0.0185773009704059,0.333333333333333
2020-05-13,"NR","Nauru","NRU",11832,NA,NA,NA,NA,NA,1,1,3,1,3,NA,NA,NA,NA,NA,NA,NA,NA,NA,0.333333333333333,0,0.866767964039479,0.333333333333333,0,0.866767964039479,0.00628930817610063,0,0.0185773009704059,0.333333333333333
2020-05-14,"NR","Nauru","NRU",11832,0,0,1,0,1,1,1,4,1,4,0,0,0,0,0,0,0,0,0,0.25,0,0.674344650278564,0.25,0,0.674344650278564,0.00471698113207547,0,0.0139402639808974,0.25
2020-05-15,"NR","Nauru","NRU",11832,0,0,1,0,1,1,1,5,1,5,0,0,0,0,0,0,0,0,0,0.2,0,0.550609016230633,0.2,0,0.550609016230633,0.00377358490566038,0,0.0111557073357215,0.2
2020-05-16,"NR","Nauru","NRU",11832,NA,NA,NA,NA,NA,1,1,5,1,5,NA,NA,NA,NA,NA,NA,NA,NA,NA,0.2,0,0.550609016230633,0.2,0,0.550609016230633,0.00377358490566038,0,0.0111557073357215,0.2
2020-05-17,"NR","Nauru","NRU",11832,0,0,1,0,1,1,1,6,1,6,0,0,0,0,0,0,0,0,0,0.166666666666667,0,0.464865690619526,0.166666666666667,0,0.464865690619526,0.00314465408805031,0,0.00929836431956434,0.166666666666667
2020-05-18,"NR","Nauru","NRU",11832,0,0,1,0,1,1,1,6,1,6,0,0,0,0,0,0,0,0,0,0.166666666666667,0,0.464865690619526,0.166666666666667,0,0.464865690619526,0.00314465408805031,0,0.00929836431956434,0.166666666666667
2020-05-19,"NR","Nauru","NRU",11832,NA,NA,NA,NA,NA,0,0,5,0,5,NA,NA,NA,NA,NA,NA,NA,NA,NA,0,0,0,0,0,0,0,0,0,0
2020-05-20,"NR","Nauru","NRU",11832,NA,NA,NA,NA,NA,0,0,5,0,5,NA,NA,NA,NA,NA,NA,NA,NA,NA,0,0,0,0,0,0,0,0,0,0
2020-05-21,"NR","Nauru","NRU",11832,0,0,1,100,1,0,0,6,100,6,0,0,0,0,0,0,1,1,1,0,0,0,0,0,0,0.314465408805031,0.263434223264162,0.365496594345901,0
2020-05-22,"NR","Nauru","NRU",11832,0,0,1,0,1,0,0,7,100,7,0,0,0,0,0,0,0,0,0,0,0,0,0,0,0,0.269541778975741,0.224390311284278,0.314693246667205,0
2020-05-23,"NR","Nauru","NRU",11832,NA,NA,NA,NA,NA,0,0,7,100,7,NA,NA,NA,NA,NA,NA,NA,NA,NA,0,0,0,0,0,0,0.269541778975741,0.224390311284278,0.314693246667205,0
2020-05-24,"NR","Nauru","NRU",11832,0,0,1,0,1,0,0,7,100,7,0,0,0,0,0,0,0,0,0,0,0,0,0,0,0,0.269541778975741,0.224390311284278,0.314693246667205,0
2020-05-25,"NR","Nauru","NRU",11832,NA,NA,NA,NA,NA,0,0,7,100,7,NA,NA,NA,NA,NA,NA,NA,NA,NA,0,0,0,0,0,0,0.269541778975741,0.224390311284278,0.314693246667205,0
2020-05-26,"NR","Nauru","NRU",11832,0,0,1,0,1,0,0,8,100,8,0,0,0,0,0,0,0,0,0,0,0,0,0,0,0,0.235849056603774,0.195440642027787,0.276257471179761,0
2020-05-27,"NR","Nauru","NRU",11832,NA,NA,NA,NA,NA,0,0,8,100,8,NA,NA,NA,NA,NA,NA,NA,NA,NA,0,0,0,0,0,0,0.235849056603774,0.195440642027787,0.276257471179761,0
2020-05-28,"NR","Nauru","NRU",11832,NA,NA,NA,NA,NA,0,0,7,100,7,NA,NA,NA,NA,NA,NA,NA,NA,NA,0,0,0,0,0,0,0.269541778975741,0.224390311284278,0.314693246667205,0
2020-05-29,"NR","Nauru","NRU",11832,0,1,1,13,1,0,1,7,113,7,0,0,0,1,1,1,0.245283018867925,0.129449044285983,0.361116993449866,0,0,0,0.142857142857143,0,0.402082007388211,0.304582210242588,0.257750900785763,0.351413519699412,0
2020-05-30,"NR","Nauru","NRU",11832,NA,NA,NA,NA,NA,0,1,7,113,7,NA,NA,NA,NA,NA,NA,NA,NA,NA,0,0,0,0.142857142857143,0,0.402082007388211,0.304582210242588,0.257750900785763,0.351413519699412,0
2020-05-31,"NR","Nauru","NRU",11832,NA,NA,NA,NA,NA,0,1,6,113,6,NA,NA,NA,NA,NA,NA,NA,NA,NA,0,0,0,0.166666666666667,0,0.464865690619526,0.355345911949686,0.30274133124585,0.407950492653521,0
2020-06-01,"NR","Nauru","NRU",11832,0,0,1,0,1,0,1,6,113,6,0,0,0,0,0,0,0,0,0,0,0,0,0.166666666666667,0,0.464865690619526,0.355345911949686,0.30274133124585,0.407950492653521,0
2020-06-02,"NR","Nauru","NRU",11832,0,0,1,0,1,0,1,7,113,7,0,0,0,0,0,0,0,0,0,0,0,0,0.142857142857143,0,0.402082007388211,0.304582210242588,0.257750900785763,0.351413519699412,0
2020-06-03,"NR","Nauru","NRU",11832,0,0,2,0,2,0,1,9,113,9,0,0,0,0,0,0,0,0,0,0,0,0,0.111111111111111,0,0.316430196199952,0.236897274633124,0.198741485849651,0.275053063416597,0
2020-06-04,"NR","Nauru","NRU",11832,NA,NA,NA,NA,NA,0,1,8,13,8,NA,NA,NA,NA,NA,NA,NA,NA,NA,0,0,0,0.125,0,0.354172303767662,0.0306603773584906,0.0142510079030873,0.0470697468138938,0
2020-06-05,"NR","Nauru","NRU",11832,0,0,1,1,1,0,1,8,14,8,0,0,0,0,0,0,0.0188679245283019,0,0.0554978435392005,0,0,0,0.125,0,0.354172303767662,0.0330188679245283,0.0160107893978949,0.0500269464511617,0
2020-06-06,"NR","Nauru","NRU",11832,0,0,4,1,4,0,1,12,15,12,0,0,0,0,0,0,0.00471698113207547,0,0.0139402639808974,0,0,0,0.0833333333333333,0,0.239710220752064,0.0235849056603774,0.0117911032583416,0.0353787080624131,0
2020-06-07,"NR","Nauru","NRU",11832,NA,NA,NA,NA,NA,0,1,11,15,11,NA,NA,NA,NA,NA,NA,NA,NA,NA,0,0,0,0.0909090909090909,0,0.260795666866152,0.0257289879931389,0.0128771555056142,0.0385808204806637,0
2020-06-08,"NR","Nauru","NRU",11832,0,0,1,9,1,0,1,12,24,12,0,0,0,0,0,0,0.169811320754717,0.0687274463244833,0.270895195184951,0,0,0,0.0833333333333333,0,0.239710220752064,0.0377358490566038,0.0229262347045555,0.052545463408652,0
2020-06-09,"NR","Nauru","NRU",11832,NA,NA,NA,NA,NA,0,1,11,24,11,NA,NA,NA,NA,NA,NA,NA,NA,NA,0,0,0,0.0909090909090909,0,0.260795666866152,0.0411663807890223,0.0250392620447024,0.0572934995333422,0
2020-06-10,"NR","Nauru","NRU",11832,NA,NA,NA,NA,NA,0,1,11,24,11,NA,NA,NA,NA,NA,NA,NA,NA,NA,0,0,0,0.0909090909090909,0,0.260795666866152,0.0411663807890223,0.0250392620447024,0.0572934995333422,0
2020-06-11,"NR","Nauru","NRU",11832,NA,NA,NA,NA,NA,0,1,11,24,11,NA,NA,NA,NA,NA,NA,NA,NA,NA,0,0,0,0.0909090909090909,0,0.260795666866152,0.0411663807890223,0.0250392620447024,0.0572934995333422,0
2020-06-12,"NR","Nauru","NRU",11832,NA,NA,NA,NA,NA,0,0,10,11,10,NA,NA,NA,NA,NA,NA,NA,NA,NA,0,0,0,0,0,0,0.0207547169811321,0.00861763436599444,0.0328917995962697,0
2020-06-13,"NR","Nauru","NRU",11832,NA,NA,NA,NA,NA,0,0,10,11,10,NA,NA,NA,NA,NA,NA,NA,NA,NA,0,0,0,0,0,0,0.0207547169811321,0.00861763436599444,0.0328917995962697,0
2020-06-14,"NR","Nauru","NRU",11832,1,1,1,100,1,1,1,11,111,11,1,1,1,1,1,1,1,1,1,0.0909090909090909,0,0.260795666866152,0.0909090909090909,0,0.260795666866152,0.190394511149228,0.158524827861674,0.222264194436782,0.0909090909090909
2020-06-15,"NR","Nauru","NRU",11832,0,0,1,0,1,1,1,11,111,11,0,0,0,0,0,0,0,0,0,0.0909090909090909,0,0.260795666866152,0.0909090909090909,0,0.260795666866152,0.190394511149228,0.158524827861674,0.222264194436782,0.0909090909090909
2020-06-16,"NR","Nauru","NRU",11832,NA,NA,NA,NA,NA,1,1,10,111,10,NA,NA,NA,NA,NA,NA,NA,NA,NA,0.1,0,0.285938509691368,0.1,0,0.285938509691368,0.209433962264151,0.17479197581364,0.244075948714662,0.1
2020-06-17,"NR","Nauru","NRU",11832,NA,NA,NA,NA,NA,1,1,8,111,8,NA,NA,NA,NA,NA,NA,NA,NA,NA,0.125,0,0.354172303767662,0.125,0,0.354172303767662,0.261792452830189,0.21994847490633,0.303636430754048,0.125
2020-06-18,"NR","Nauru","NRU",11832,NA,NA,NA,NA,NA,1,1,8,111,8,NA,NA,NA,NA,NA,NA,NA,NA,NA,0.125,0,0.354172303767662,0.125,0,0.354172303767662,0.261792452830189,0.21994847490633,0.303636430754048,0.125
2020-06-19,"NR","Nauru","NRU",11832,1,1,1,20,1,2,2,8,130,8,1,1,1,1,1,1,0.377358490566038,0.246859769819899,0.507857211312177,0.25,0,0.550056979772207,0.25,0,0.550056979772207,0.306603773584906,0.262715889068345,0.350491658101467,0.25
2020-06-20,"NR","Nauru","NRU",11832,0,0,1,0,1,2,2,5,129,5,0,0,0,0,0,0,0,0,0,0.4,0,0.829406594492118,0.4,0,0.829406594492118,0.486792452830189,0.42661364367898,0.546971261981397,0.4
2020-06-21,"NR","Nauru","NRU",11832,0,0,1,3,1,2,2,6,132,6,0,0,0,0,0,0,0.0566037735849057,0,0.118816597672831,0.333333333333333,0,0.71052857802539,0.333333333333333,0,0.71052857802539,0.415094339622642,0.360937807257462,0.469250871987822,0.333333333333333
2020-06-22,"NR","Nauru","NRU",11832,NA,NA,NA,NA,NA,2,2,5,123,5,NA,NA,NA,NA,NA,NA,NA,NA,NA,0.4,0,0.829406594492118,0.4,0,0.829406594492118,0.464150943396226,0.404106059690313,0.52419582710214,0.4
2020-06-23,"NR","Nauru","NRU",11832,NA,NA,NA,NA,NA,2,2,5,123,5,NA,NA,NA,NA,NA,NA,NA,NA,NA,0.4,0,0.829406594492118,0.4,0,0.829406594492118,0.464150943396226,0.404106059690313,0.52419582710214,0.4
2020-06-24,"NR","Nauru","NRU",11832,NA,NA,NA,NA,NA,2,2,5,123,5,NA,NA,NA,NA,NA,NA,NA,NA,NA,0.4,0,0.829406594492118,0.4,0,0.829406594492118,0.464150943396226,0.404106059690313,0.52419582710214,0.4
2020-06-25,"NR","Nauru","NRU",11832,NA,NA,NA,NA,NA,2,2,5,123,5,NA,NA,NA,NA,NA,NA,NA,NA,NA,0.4,0,0.829406594492118,0.4,0,0.829406594492118,0.464150943396226,0.404106059690313,0.52419582710214,0.4
2020-06-26,"NR","Nauru","NRU",11832,NA,NA,NA,NA,NA,2,2,5,123,5,NA,NA,NA,NA,NA,NA,NA,NA,NA,0.4,0,0.829406594492118,0.4,0,0.829406594492118,0.464150943396226,0.404106059690313,0.52419582710214,0.4
2020-06-27,"NR","Nauru","NRU",11832,NA,NA,NA,NA,NA,2,2,5,123,5,NA,NA,NA,NA,NA,NA,NA,NA,NA,0.4,0,0.829406594492118,0.4,0,0.829406594492118,0.464150943396226,0.404106059690313,0.52419582710214,0.4
2020-06-28,"NR","Nauru","NRU",11832,NA,NA,NA,NA,NA,1,1,4,23,4,NA,NA,NA,NA,NA,NA,NA,NA,NA,0.25,0,0.674344650278564,0.25,0,0.674344650278564,0.108490566037736,0.0666267204638026,0.150354411611669,0.25
2020-06-29,"NR","Nauru","NRU",11832,NA,NA,NA,NA,NA,1,1,3,23,3,NA,NA,NA,NA,NA,NA,NA,NA,NA,0.333333333333333,0,0.866767964039479,0.333333333333333,0,0.866767964039479,0.144654088050314,0.0899794676159421,0.199328708484687,0.333333333333333
2020-06-30,"NR","Nauru","NRU",11832,0,0,1,0,1,1,1,4,23,4,0,0,0,0,0,0,0,0,0,0.25,0,0.674344650278564,0.25,0,0.674344650278564,0.108490566037736,0.0666267204638026,0.150354411611669,0.25
2020-07-01,"NR","Nauru","NRU",11832,NA,NA,NA,NA,NA,1,1,4,23,4,NA,NA,NA,NA,NA,NA,NA,NA,NA,0.25,0,0.674344650278564,0.25,0,0.674344650278564,0.108490566037736,0.0666267204638026,0.150354411611669,0.25
2020-07-02,"NR","Nauru","NRU",11832,0,0,1,0,1,1,1,5,23,5,0,0,0,0,0,0,0,0,0,0.2,0,0.550609016230633,0.2,0,0.550609016230633,0.0867924528301887,0.0528962631625428,0.120688642497835,0.2
2020-07-03,"NR","Nauru","NRU",11832,NA,NA,NA,NA,NA,0,0,4,3,4,NA,NA,NA,NA,NA,NA,NA,NA,NA,0,0,0,0,0,0,0.0141509433962264,0,0.0300502458133923,0
2020-07-04,"NR","Nauru","NRU",11832,NA,NA,NA,NA,NA,0,0,3,3,3,NA,NA,NA,NA,NA,NA,NA,NA,NA,0,0,0,0,0,0,0.0188679245283019,0,0.0400162181296384,0
2020-07-05,"NR","Nauru","NRU",11832,0,1,1,1,1,0,1,3,1,3,0,0,0,1,1,1,0.0188679245283019,0,0.0554978435392005,0,0,0,0.333333333333333,0,0.866767964039479,0.00628930817610063,0,0.0185773009704059,0
2020-07-06,"NR","Nauru","NRU",11832,NA,NA,NA,NA,NA,0,1,3,1,3,NA,NA,NA,NA,NA,NA,NA,NA,NA,0,0,0,0.333333333333333,0,0.866767964039479,0.00628930817610063,0,0.0185773009704059,0
2020-07-07,"NR","Nauru","NRU",11832,NA,NA,NA,NA,NA,0,1,3,1,3,NA,NA,NA,NA,NA,NA,NA,NA,NA,0,0,0,0.333333333333333,0,0.866767964039479,0.00628930817610063,0,0.0185773009704059,0
2020-07-08,"NR","Nauru","NRU",11832,NA,NA,NA,NA,NA,0,1,3,1,3,NA,NA,NA,NA,NA,NA,NA,NA,NA,0,0,0,0.333333333333333,0,0.866767964039479,0.00628930817610063,0,0.0185773009704059,0
2020-07-09,"NR","Nauru","NRU",11832,NA,NA,NA,NA,NA,0,1,3,1,3,NA,NA,NA,NA,NA,NA,NA,NA,NA,0,0,0,0.333333333333333,0,0.866767964039479,0.00628930817610063,0,0.0185773009704059,0
2020-07-10,"NR","Nauru","NRU",11832,0,0,1,0,1,0,1,4,1,4,0,0,0,0,0,0,0,0,0,0,0,0,0.25,0,0.674344650278564,0.00471698113207547,0,0.0139402639808974,0
2020-07-11,"NR","Nauru","NRU",11832,1,1,2,3,2,1,2,6,4,6,0.5,0,1,0.5,0,1,0.0283018867924528,0,0.0598714470737785,0.166666666666667,0,0.464865690619526,0.333333333333333,0,0.71052857802539,0.0125786163522013,0.000329571335091925,0.0248276613693106,0.166666666666667
2020-07-12,"NR","Nauru","NRU",11832,NA,NA,NA,NA,NA,1,2,6,4,6,NA,NA,NA,NA,NA,NA,NA,NA,NA,0.166666666666667,0,0.464865690619526,0.333333333333333,0,0.71052857802539,0.0125786163522013,0.000329571335091925,0.0248276613693106,0.166666666666667
2020-07-13,"NR","Nauru","NRU",11832,NA,NA,NA,NA,NA,1,2,6,4,6,NA,NA,NA,NA,NA,NA,NA,NA,NA,0.166666666666667,0,0.464865690619526,0.333333333333333,0,0.71052857802539,0.0125786163522013,0.000329571335091925,0.0248276613693106,0.166666666666667
2020-07-14,"NR","Nauru","NRU",11832,1,1,3,101,3,2,3,8,105,8,0.333333333333333,0,0.866767964039479,0.333333333333333,0,0.866767964039479,0.635220125786163,0.560398509038341,0.710041742533986,0.25,0,0.550056979772207,0.375,0.0395260980530331,0.710473901946967,0.247641509433962,0.206555941263056,0.288727077604869,0.25
2020-07-15,"NR","Nauru","NRU",11832,0,0,1,0,1,2,3,9,105,9,0,0,0,0,0,0,0,0,0,0.222222222222222,0,0.493833841502414,0.333333333333333,0.0253547057000716,0.641311960966595,0.220125786163522,0.182943452658231,0.257308119668813,0.222222222222222
2020-07-16,"NR","Nauru","NRU",11832,NA,NA,NA,NA,NA,2,3,8,105,8,NA,NA,NA,NA,NA,NA,NA,NA,NA,0.25,0,0.550056979772207,0.375,0.0395260980530331,0.710473901946967,0.247641509433962,0.206555941263056,0.288727077604869,0.25
2020-07-17,"NR","Nauru","NRU",11832,NA,NA,NA,NA,NA,2,3,8,105,8,NA,NA,NA,NA,NA,NA,NA,NA,NA,0.25,0,0.550056979772207,0.375,0.0395260980530331,0.710473901946967,0.247641509433962,0.206555941263056,0.288727077604869,0.25
2020-07-18,"NR","Nauru","NRU",11832,NA,NA,NA,NA,NA,2,3,8,105,8,NA,NA,NA,NA,NA,NA,NA,NA,NA,0.25,0,0.550056979772207,0.375,0.0395260980530331,0.710473901946967,0.247641509433962,0.206555941263056,0.288727077604869,0.25
2020-07-19,"NR","Nauru","NRU",11832,NA,NA,NA,NA,NA,2,2,7,104,7,NA,NA,NA,NA,NA,NA,NA,NA,NA,0.285714285714286,0,0.620372146798186,0.285714285714286,0,0.620372146798186,0.280323450134771,0.23461889070257,0.326028009566972,0.285714285714286
2020-07-20,"NR","Nauru","NRU",11832,NA,NA,NA,NA,NA,2,2,7,104,7,NA,NA,NA,NA,NA,NA,NA,NA,NA,0.285714285714286,0,0.620372146798186,0.285714285714286,0,0.620372146798186,0.280323450134771,0.23461889070257,0.326028009566972,0.285714285714286
2020-07-21,"NR","Nauru","NRU",11832,0,0,2,0,2,2,2,9,104,9,0,0,0,0,0,0,0,0,0,0.222222222222222,0,0.493833841502414,0.222222222222222,0,0.493833841502414,0.218029350104822,0.18097479459623,0.255083905613414,0.222222222222222
2020-07-22,"NR","Nauru","NRU",11832,NA,NA,NA,NA,NA,2,2,9,104,9,NA,NA,NA,NA,NA,NA,NA,NA,NA,0.222222222222222,0,0.493833841502414,0.222222222222222,0,0.493833841502414,0.218029350104822,0.18097479459623,0.255083905613414,0.222222222222222
2020-07-23,"NR","Nauru","NRU",11832,NA,NA,NA,NA,NA,2,2,9,104,9,NA,NA,NA,NA,NA,NA,NA,NA,NA,0.222222222222222,0,0.493833841502414,0.222222222222222,0,0.493833841502414,0.218029350104822,0.18097479459623,0.255083905613414,0.222222222222222
2020-07-24,"NR","Nauru","NRU",11832,NA,NA,NA,NA,NA,2,2,8,104,8,NA,NA,NA,NA,NA,NA,NA,NA,NA,0.25,0,0.550056979772207,0.25,0,0.550056979772207,0.245283018867925,0.204329524408584,0.286236513327265,0.25
2020-07-25,"NR","Nauru","NRU",11832,0,0,2,1,2,1,1,8,102,8,0,0,0,0,0,0,0.00943396226415094,0,0.0278367638059564,0.125,0,0.354172303767662,0.125,0,0.354172303767662,0.240566037735849,0.199881692790043,0.281250382681655,0.125
2020-07-26,"NR","Nauru","NRU",11832,NA,NA,NA,NA,NA,1,1,8,102,8,NA,NA,NA,NA,NA,NA,NA,NA,NA,0.125,0,0.354172303767662,0.125,0,0.354172303767662,0.240566037735849,0.199881692790043,0.281250382681655,0.125
2020-07-27,"NR","Nauru","NRU",11832,0,0,1,0,1,1,1,9,102,9,0,0,0,0,0,0,0,0,0,0.111111111111111,0,0.316430196199952,0.111111111111111,0,0.316430196199952,0.213836477987421,0.177041695307714,0.250631260667128,0.111111111111111
2020-07-28,"NR","Nauru","NRU",11832,NA,NA,NA,NA,NA,0,0,6,1,6,NA,NA,NA,NA,NA,NA,NA,NA,NA,0,0,0,0,0,0,0.00314465408805031,0,0.00929836431956434,0
2020-07-29,"NR","Nauru","NRU",11832,0,0,2,3,2,0,0,7,4,7,0,0,0,0,0,0,0.0283018867924528,0,0.0598714470737785,0,0,0,0,0,0,0.0107816711590297,0.000272940662938622,0.0212904016551207,0
2020-07-30,"NR","Nauru","NRU",11832,0,0,1,0,0,0,0,8,4,7,0,0,0,0,0,0,NA,NA,NA,0,0,0,0,0,0,0.0107816711590297,0.000272940662938622,0.0212904016551207,0
2020-07-31,"NR","Nauru","NRU",11832,NA,NA,NA,NA,NA,0,0,8,4,7,NA,NA,NA,NA,NA,NA,NA,NA,NA,0,0,0,0,0,0,0.0107816711590297,0.000272940662938622,0.0212904016551207,0
2020-08-01,"NR","Nauru","NRU",11832,0,0,1,0,1,0,0,9,4,8,0,0,0,0,0,0,0,0,0,0,0,0,0,0,0,0.00943396226415094,0.000232561493248209,0.0186353630350537,0
2020-08-02,"NR","Nauru","NRU",11832,NA,NA,NA,NA,NA,0,0,9,4,8,NA,NA,NA,NA,NA,NA,NA,NA,NA,0,0,0,0,0,0,0.00943396226415094,0.000232561493248209,0.0186353630350537,0
2020-08-03,"NR","Nauru","NRU",11832,NA,NA,NA,NA,NA,0,0,9,4,8,NA,NA,NA,NA,NA,NA,NA,NA,NA,0,0,0,0,0,0,0.00943396226415094,0.000232561493248209,0.0186353630350537,0
2020-08-04,"NR","Nauru","NRU",11832,0,0,1,0,1,0,0,8,4,7,0,0,0,0,0,0,0,0,0,0,0,0,0,0,0,0.0107816711590297,0.000272940662938622,0.0212904016551207,0
2020-08-05,"NR","Nauru","NRU",11832,NA,NA,NA,NA,NA,0,0,8,4,7,NA,NA,NA,NA,NA,NA,NA,NA,NA,0,0,0,0,0,0,0.0107816711590297,0.000272940662938622,0.0212904016551207,0
2020-08-06,"NR","Nauru","NRU",11832,NA,NA,NA,NA,NA,0,0,8,4,7,NA,NA,NA,NA,NA,NA,NA,NA,NA,0,0,0,0,0,0,0.0107816711590297,0.000272940662938622,0.0212904016551207,0
2020-08-07,"NR","Nauru","NRU",11832,0,1,2,10,2,0,1,10,14,9,0,0,0,0.5,0,1,0.0943396226415094,0.0386947811483743,0.149984464134645,0,0,0,0.1,0,0.285938509691368,0.0293501048218029,0.0142031602628355,0.0444970493807704,0
2020-08-08,"NR","Nauru","NRU",11832,NA,NA,NA,NA,NA,0,1,8,13,7,NA,NA,NA,NA,NA,NA,NA,NA,NA,0,0,0,0.125,0,0.354172303767662,0.0350404312668464,0.016329284036351,0.0537515784973417,0
2020-08-09,"NR","Nauru","NRU",11832,NA,NA,NA,NA,NA,0,1,8,13,7,NA,NA,NA,NA,NA,NA,NA,NA,NA,0,0,0,0.125,0,0.354172303767662,0.0350404312668464,0.016329284036351,0.0537515784973417,0
2020-08-10,"NR","Nauru","NRU",11832,NA,NA,NA,NA,NA,0,1,7,13,6,NA,NA,NA,NA,NA,NA,NA,NA,NA,0,0,0,0.142857142857143,0,0.402082007388211,0.0408805031446541,0.0191169897591493,0.0626440165301589,0
2020-08-11,"NR","Nauru","NRU",11832,0,0,1,0,1,0,1,8,13,7,0,0,0,0,0,0,0,0,0,0,0,0,0.125,0,0.354172303767662,0.0350404312668464,0.016329284036351,0.0537515784973417,0
2020-08-12,"NR","Nauru","NRU",11832,NA,NA,NA,NA,NA,0,1,6,10,5,NA,NA,NA,NA,NA,NA,NA,NA,NA,0,0,0,0.166666666666667,0,0.464865690619526,0.0377358490566038,0.0147928931569089,0.0606788049562986,0
2020-08-13,"NR","Nauru","NRU",11832,NA,NA,NA,NA,NA,0,1,5,10,5,NA,NA,NA,NA,NA,NA,NA,NA,NA,0,0,0,0.2,0,0.550609016230633,0.0377358490566038,0.0147928931569089,0.0606788049562986,0
2020-08-14,"NR","Nauru","NRU",11832,0,0,1,0,1,0,1,6,10,6,0,0,0,0,0,0,0,0,0,0,0,0,0.166666666666667,0,0.464865690619526,0.0314465408805031,0.0122650319079282,0.0506280498530781,0
2020-08-15,"NR","Nauru","NRU",11832,1,1,1,100,1,1,2,6,110,6,1,1,1,1,1,1,1,1,1,0.166666666666667,0,0.464865690619526,0.333333333333333,0,0.71052857802539,0.345911949685535,0.293631968681906,0.398191930689163,0.166666666666667
2020-08-16,"NR","Nauru","NRU",11832,0,0,1,0,1,1,2,7,110,7,0,0,0,0,0,0,0,0,0,0.142857142857143,0,0.402082007388211,0.285714285714286,0,0.620372146798186,0.296495956873315,0.250022623629335,0.342969290117296,0.142857142857143
2020-08-17,"NR","Nauru","NRU",11832,NA,NA,NA,NA,NA,1,2,7,110,7,NA,NA,NA,NA,NA,NA,NA,NA,NA,0.142857142857143,0,0.402082007388211,0.285714285714286,0,0.620372146798186,0.296495956873315,0.250022623629335,0.342969290117296,0.142857142857143
2020-08-18,"NR","Nauru","NRU",11832,NA,NA,NA,NA,NA,1,2,6,110,6,NA,NA,NA,NA,NA,NA,NA,NA,NA,0.166666666666667,0,0.464865690619526,0.333333333333333,0,0.71052857802539,0.345911949685535,0.293631968681906,0.398191930689163,0.166666666666667
2020-08-19,"NR","Nauru","NRU",11832,0,1,1,1,1,1,3,7,111,7,0,0,0,1,1,1,0.0188679245283019,0,0.0554978435392005,0.142857142857143,0,0.402082007388211,0.428571428571429,0.0619721094472632,0.795170747695594,0.299191374663073,0.2525967958876,0.345785953438546,0.142857142857143
2020-08-20,"NR","Nauru","NRU",11832,NA,NA,NA,NA,NA,1,3,7,111,7,NA,NA,NA,NA,NA,NA,NA,NA,NA,0.142857142857143,0,0.402082007388211,0.428571428571429,0.0619721094472632,0.795170747695594,0.299191374663073,0.2525967958876,0.345785953438546,0.142857142857143
2020-08-21,"NR","Nauru","NRU",11832,0,0,1,0,1,1,2,6,101,6,0,0,0,0,0,0,0,0,0,0.166666666666667,0,0.464865690619526,0.333333333333333,0,0.71052857802539,0.317610062893082,0.266442119116955,0.368778006669209,0.166666666666667
2020-08-22,"NR","Nauru","NRU",11832,NA,NA,NA,NA,NA,1,2,6,101,6,NA,NA,NA,NA,NA,NA,NA,NA,NA,0.166666666666667,0,0.464865690619526,0.333333333333333,0,0.71052857802539,0.317610062893082,0.266442119116955,0.368778006669209,0.166666666666667
2020-08-23,"NR","Nauru","NRU",11832,0,0,2,0,2,1,2,8,101,8,0,0,0,0,0,0,0,0,0,0.125,0,0.354172303767662,0.25,0,0.550056979772207,0.238207547169811,0.197660311229461,0.278754783110161,0.125
2020-08-24,"NR","Nauru","NRU",11832,0,0,1,0,1,1,2,9,101,9,0,0,0,0,0,0,0,0,0,0.111111111111111,0,0.316430196199952,0.222222222222222,0,0.493833841502414,0.211740041928721,0.175077283959444,0.248402799897998,0.111111111111111
2020-08-25,"NR","Nauru","NRU",11832,0,0,1,0,1,1,2,9,101,9,0,0,0,0,0,0,0,0,0,0.111111111111111,0,0.316430196199952,0.222222222222222,0,0.493833841502414,0.211740041928721,0.175077283959444,0.248402799897998,0.111111111111111
2020-08-26,"NR","Nauru","NRU",11832,NA,NA,NA,NA,NA,1,2,9,101,9,NA,NA,NA,NA,NA,NA,NA,NA,NA,0.111111111111111,0,0.316430196199952,0.222222222222222,0,0.493833841502414,0.211740041928721,0.175077283959444,0.248402799897998,0.111111111111111
2020-08-27,"NR","Nauru","NRU",11832,NA,NA,NA,NA,NA,1,2,9,101,9,NA,NA,NA,NA,NA,NA,NA,NA,NA,0.111111111111111,0,0.316430196199952,0.222222222222222,0,0.493833841502414,0.211740041928721,0.175077283959444,0.248402799897998,0.111111111111111
2020-08-28,"NR","Nauru","NRU",11832,1,1,1,56,1,2,3,9,157,9,1,1,1,1,1,1,1,1,1,0.222222222222222,0,0.493833841502414,0.333333333333333,0.0253547057000716,0.641311960966595,0.329140461215933,0.286971263564191,0.371309658867675,0.222222222222222
2020-08-29,"NR","Nauru","NRU",11832,NA,NA,NA,NA,NA,1,2,8,57,8,NA,NA,NA,NA,NA,NA,NA,NA,NA,0.125,0,0.354172303767662,0.25,0,0.550056979772207,0.134433962264151,0.101964898497032,0.16690302603127,0.125
2020-08-30,"NR","Nauru","NRU",11832,NA,NA,NA,NA,NA,1,2,7,57,7,NA,NA,NA,NA,NA,NA,NA,NA,NA,0.142857142857143,0,0.402082007388211,0.285714285714286,0,0.620372146798186,0.153638814016173,0.116945285317311,0.190332342715034,0.142857142857143
2020-08-31,"NR","Nauru","NRU",11832,NA,NA,NA,NA,NA,1,2,7,57,7,NA,NA,NA,NA,NA,NA,NA,NA,NA,0.142857142857143,0,0.402082007388211,0.285714285714286,0,0.620372146798186,0.153638814016173,0.116945285317311,0.190332342715034,0.142857142857143
2020-09-01,"NR","Nauru","NRU",11832,NA,NA,NA,NA,NA,1,2,7,57,7,NA,NA,NA,NA,NA,NA,NA,NA,NA,0.142857142857143,0,0.402082007388211,0.285714285714286,0,0.620372146798186,0.153638814016173,0.116945285317311,0.190332342715034,0.142857142857143
2020-09-02,"NR","Nauru","NRU",11832,0,0,1,1,1,1,1,7,57,7,0,0,0,0,0,0,0.0188679245283019,0,0.0554978435392005,0.142857142857143,0,0.402082007388211,0.142857142857143,0,0.402082007388211,0.153638814016173,0.116945285317311,0.190332342715034,0.142857142857143
2020-09-03,"NR","Nauru","NRU",11832,NA,NA,NA,NA,NA,1,1,7,57,7,NA,NA,NA,NA,NA,NA,NA,NA,NA,0.142857142857143,0,0.402082007388211,0.142857142857143,0,0.402082007388211,0.153638814016173,0.116945285317311,0.190332342715034,0.142857142857143
2020-09-04,"NR","Nauru","NRU",11832,0,0,2,2,2,1,1,8,59,8,0,0,0,0,0,0,0.0188679245283019,0,0.0447691886552224,0.125,0,0.354172303767662,0.125,0,0.354172303767662,0.139150943396226,0.106207291202917,0.172094595589536,0.125
2020-09-05,"NR","Nauru","NRU",11832,NA,NA,NA,NA,NA,1,1,8,59,8,NA,NA,NA,NA,NA,NA,NA,NA,NA,0.125,0,0.354172303767662,0.125,0,0.354172303767662,0.139150943396226,0.106207291202917,0.172094595589536,0.125
2020-09-06,"NR","Nauru","NRU",11832,0,0,1,0,1,1,1,7,59,7,0,0,0,0,0,0,0,0,0,0.142857142857143,0,0.402082007388211,0.142857142857143,0,0.402082007388211,0.159029649595687,0.12181700549277,0.196242293698605,0.142857142857143
2020-09-07,"NR","Nauru","NRU",11832,NA,NA,NA,NA,NA,1,1,6,59,6,NA,NA,NA,NA,NA,NA,NA,NA,NA,0.166666666666667,0,0.464865690619526,0.166666666666667,0,0.464865690619526,0.185534591194969,0.142809470434646,0.228259711955291,0.166666666666667
2020-09-08,"NR","Nauru","NRU",11832,0,0,1,0,1,1,1,6,59,6,0,0,0,0,0,0,0,0,0,0.166666666666667,0,0.464865690619526,0.166666666666667,0,0.464865690619526,0.185534591194969,0.142809470434646,0.228259711955291,0.166666666666667
2020-09-09,"NR","Nauru","NRU",11832,NA,NA,NA,NA,NA,1,1,6,59,6,NA,NA,NA,NA,NA,NA,NA,NA,NA,0.166666666666667,0,0.464865690619526,0.166666666666667,0,0.464865690619526,0.185534591194969,0.142809470434646,0.228259711955291,0.166666666666667
2020-09-10,"NR","Nauru","NRU",11832,NA,NA,NA,NA,NA,1,1,6,59,6,NA,NA,NA,NA,NA,NA,NA,NA,NA,0.166666666666667,0,0.464865690619526,0.166666666666667,0,0.464865690619526,0.185534591194969,0.142809470434646,0.228259711955291,0.166666666666667
2020-09-11,"NR","Nauru","NRU",11832,1,1,1,0,1,1,1,6,3,6,1,1,1,1,1,1,0,0,0,0.166666666666667,0,0.464865690619526,0.166666666666667,0,0.464865690619526,0.00943396226415094,0,0.0200588246881556,0.166666666666667
2020-09-12,"NR","Nauru","NRU",11832,0,0,2,1,2,1,1,8,4,8,0,0,0,0,0,0,0.00943396226415094,0,0.0278367638059564,0.125,0,0.354172303767662,0.125,0,0.354172303767662,0.00943396226415094,0.000232561493248209,0.0186353630350537,0.125
2020-09-13,"NR","Nauru","NRU",11832,NA,NA,NA,NA,NA,1,1,8,4,8,NA,NA,NA,NA,NA,NA,NA,NA,NA,0.125,0,0.354172303767662,0.125,0,0.354172303767662,0.00943396226415094,0.000232561493248209,0.0186353630350537,0.125
2020-09-14,"NR","Nauru","NRU",11832,NA,NA,NA,NA,NA,1,1,8,4,8,NA,NA,NA,NA,NA,NA,NA,NA,NA,0.125,0,0.354172303767662,0.125,0,0.354172303767662,0.00943396226415094,0.000232561493248209,0.0186353630350537,0.125
2020-09-15,"NR","Nauru","NRU",11832,NA,NA,NA,NA,NA,1,1,8,4,8,NA,NA,NA,NA,NA,NA,NA,NA,NA,0.125,0,0.354172303767662,0.125,0,0.354172303767662,0.00943396226415094,0.000232561493248209,0.0186353630350537,0.125
2020-09-16,"NR","Nauru","NRU",11832,0,0,1,0,1,1,1,8,3,8,0,0,0,0,0,0,0,0,0,0.125,0,0.354172303767662,0.125,0,0.354172303767662,0.00707547169811321,0,0.0150535993604193,0.125
2020-09-17,"NR","Nauru","NRU",11832,NA,NA,NA,NA,NA,1,1,8,3,8,NA,NA,NA,NA,NA,NA,NA,NA,NA,0.125,0,0.354172303767662,0.125,0,0.354172303767662,0.00707547169811321,0,0.0150535993604193,0.125
2020-09-18,"NR","Nauru","NRU",11832,NA,NA,NA,NA,NA,1,1,6,1,6,NA,NA,NA,NA,NA,NA,NA,NA,NA,0.166666666666667,0,0.464865690619526,0.166666666666667,0,0.464865690619526,0.00314465408805031,0,0.00929836431956434,0.166666666666667
2020-09-19,"NR","Nauru","NRU",11832,NA,NA,NA,NA,NA,1,1,6,1,6,NA,NA,NA,NA,NA,NA,NA,NA,NA,0.166666666666667,0,0.464865690619526,0.166666666666667,0,0.464865690619526,0.00314465408805031,0,0.00929836431956434,0.166666666666667
2020-09-20,"NR","Nauru","NRU",11832,NA,NA,NA,NA,NA,1,1,5,1,5,NA,NA,NA,NA,NA,NA,NA,NA,NA,0.2,0,0.550609016230633,0.2,0,0.550609016230633,0.00377358490566038,0,0.0111557073357215,0.2
2020-09-21,"NR","Nauru","NRU",11832,NA,NA,NA,NA,NA,1,1,5,1,5,NA,NA,NA,NA,NA,NA,NA,NA,NA,0.2,0,0.550609016230633,0.2,0,0.550609016230633,0.00377358490566038,0,0.0111557073357215,0.2
2020-09-22,"NR","Nauru","NRU",11832,NA,NA,NA,NA,NA,1,1,4,1,4,NA,NA,NA,NA,NA,NA,NA,NA,NA,0.25,0,0.674344650278564,0.25,0,0.674344650278564,0.00471698113207547,0,0.0139402639808974,0.25
2020-09-23,"NR","Nauru","NRU",11832,NA,NA,NA,NA,NA,1,1,4,1,4,NA,NA,NA,NA,NA,NA,NA,NA,NA,0.25,0,0.674344650278564,0.25,0,0.674344650278564,0.00471698113207547,0,0.0139402639808974,0.25
2020-09-24,"NR","Nauru","NRU",11832,NA,NA,NA,NA,NA,1,1,4,1,4,NA,NA,NA,NA,NA,NA,NA,NA,NA,0.25,0,0.674344650278564,0.25,0,0.674344650278564,0.00471698113207547,0,0.0139402639808974,0.25
2020-09-25,"NR","Nauru","NRU",11832,NA,NA,NA,NA,NA,0,0,3,1,3,NA,NA,NA,NA,NA,NA,NA,NA,NA,0,0,0,0,0,0,0.00628930817610063,0,0.0185773009704059,0
2020-09-26,"NR","Nauru","NRU",11832,NA,NA,NA,NA,NA,0,0,1,0,1,NA,NA,NA,NA,NA,NA,NA,NA,NA,0,0,0,0,0,0,0,0,0,0
2020-09-27,"NR","Nauru","NRU",11832,NA,NA,NA,NA,NA,0,0,1,0,1,NA,NA,NA,NA,NA,NA,NA,NA,NA,0,0,0,0,0,0,0,0,0,0
2020-09-28,"NR","Nauru","NRU",11832,NA,NA,NA,NA,NA,0,0,1,0,1,NA,NA,NA,NA,NA,NA,NA,NA,NA,0,0,0,0,0,0,0,0,0,0
2020-09-29,"NR","Nauru","NRU",11832,NA,NA,NA,NA,NA,0,0,1,0,1,NA,NA,NA,NA,NA,NA,NA,NA,NA,0,0,0,0,0,0,0,0,0,0
2020-09-30,"NR","Nauru","NRU",11832,NA,NA,NA,NA,NA,0,0,0,0,0,NA,NA,NA,NA,NA,NA,NA,NA,NA,NA,NA,NA,NA,NA,NA,NA,NA,NA,NA
2020-10-01,"NR","Nauru","NRU",11832,NA,NA,NA,NA,NA,0,0,0,0,0,NA,NA,NA,NA,NA,NA,NA,NA,NA,NA,NA,NA,NA,NA,NA,NA,NA,NA,NA
2020-10-02,"NR","Nauru","NRU",11832,0,0,1,0,1,0,0,1,0,1,0,0,0,0,0,0,0,0,0,0,0,0,0,0,0,0,0,0,0
2020-10-03,"NR","Nauru","NRU",11832,NA,NA,NA,NA,NA,0,0,1,0,1,NA,NA,NA,NA,NA,NA,NA,NA,NA,0,0,0,0,0,0,0,0,0,0
2020-10-04,"NR","Nauru","NRU",11832,NA,NA,NA,NA,NA,0,0,1,0,1,NA,NA,NA,NA,NA,NA,NA,NA,NA,0,0,0,0,0,0,0,0,0,0
2020-10-05,"NR","Nauru","NRU",11832,NA,NA,NA,NA,NA,0,0,1,0,1,NA,NA,NA,NA,NA,NA,NA,NA,NA,0,0,0,0,0,0,0,0,0,0
2020-10-06,"NR","Nauru","NRU",11832,0,0,1,0,1,0,0,2,0,2,0,0,0,0,0,0,0,0,0,0,0,0,0,0,0,0,0,0,0
2020-10-07,"NR","Nauru","NRU",11832,NA,NA,NA,NA,NA,0,0,2,0,2,NA,NA,NA,NA,NA,NA,NA,NA,NA,0,0,0,0,0,0,0,0,0,0
2020-10-08,"NR","Nauru","NRU",11832,NA,NA,NA,NA,NA,0,0,2,0,2,NA,NA,NA,NA,NA,NA,NA,NA,NA,0,0,0,0,0,0,0,0,0,0
2020-10-09,"NR","Nauru","NRU",11832,NA,NA,NA,NA,NA,0,0,2,0,2,NA,NA,NA,NA,NA,NA,NA,NA,NA,0,0,0,0,0,0,0,0,0,0
2020-10-10,"NR","Nauru","NRU",11832,NA,NA,NA,NA,NA,0,0,2,0,2,NA,NA,NA,NA,NA,NA,NA,NA,NA,0,0,0,0,0,0,0,0,0,0
2020-10-11,"NR","Nauru","NRU",11832,NA,NA,NA,NA,NA,0,0,2,0,2,NA,NA,NA,NA,NA,NA,NA,NA,NA,0,0,0,0,0,0,0,0,0,0
2020-10-12,"NR","Nauru","NRU",11832,NA,NA,NA,NA,NA,0,0,2,0,2,NA,NA,NA,NA,NA,NA,NA,NA,NA,0,0,0,0,0,0,0,0,0,0
2020-10-13,"NR","Nauru","NRU",11832,NA,NA,NA,NA,NA,0,0,2,0,2,NA,NA,NA,NA,NA,NA,NA,NA,NA,0,0,0,0,0,0,0,0,0,0
2020-10-14,"NR","Nauru","NRU",11832,0,0,1,0,1,0,0,3,0,3,0,0,0,0,0,0,0,0,0,0,0,0,0,0,0,0,0,0,0
2020-10-15,"NR","Nauru","NRU",11832,NA,NA,NA,NA,NA,0,0,3,0,3,NA,NA,NA,NA,NA,NA,NA,NA,NA,0,0,0,0,0,0,0,0,0,0
2020-10-16,"NR","Nauru","NRU",11832,NA,NA,NA,NA,NA,0,0,2,0,2,NA,NA,NA,NA,NA,NA,NA,NA,NA,0,0,0,0,0,0,0,0,0,0
2020-10-17,"NR","Nauru","NRU",11832,0,0,1,1,1,0,0,3,1,3,0,0,0,0,0,0,0.0188679245283019,0,0.0554978435392005,0,0,0,0,0,0,0.00628930817610063,0,0.0185773009704059,0
2020-10-18,"NR","Nauru","NRU",11832,0,0,1,0,1,0,0,4,1,4,0,0,0,0,0,0,0,0,0,0,0,0,0,0,0,0.00471698113207547,0,0.0139402639808974,0
2020-10-19,"NR","Nauru","NRU",11832,NA,NA,NA,NA,NA,0,0,4,1,4,NA,NA,NA,NA,NA,NA,NA,NA,NA,0,0,0,0,0,0,0.00471698113207547,0,0.0139402639808974,0
2020-10-20,"NR","Nauru","NRU",11832,NA,NA,NA,NA,NA,0,0,3,1,3,NA,NA,NA,NA,NA,NA,NA,NA,NA,0,0,0,0,0,0,0.00628930817610063,0,0.0185773009704059,0
2020-10-21,"NR","Nauru","NRU",11832,1,1,1,100,1,1,1,4,101,4,1,1,1,1,1,1,1,1,1,0.25,0,0.674344650278564,0.25,0,0.674344650278564,0.476415094339623,0.409184573479304,0.543645615199941,0.25
2020-10-22,"NR","Nauru","NRU",11832,0,0,1,0,1,1,1,5,101,5,0,0,0,0,0,0,0,0,0,0.2,0,0.550609016230633,0.2,0,0.550609016230633,0.381132075471698,0.322658198315163,0.439605952628233,0.2
2020-10-23,"NR","Nauru","NRU",11832,NA,NA,NA,NA,NA,1,1,5,101,5,NA,NA,NA,NA,NA,NA,NA,NA,NA,0.2,0,0.550609016230633,0.2,0,0.550609016230633,0.381132075471698,0.322658198315163,0.439605952628233,0.2
2020-10-24,"NR","Nauru","NRU",11832,0,0,1,1,1,1,1,6,102,6,0,0,0,0,0,0,0.0188679245283019,0,0.0554978435392005,0.166666666666667,0,0.464865690619526,0.166666666666667,0,0.464865690619526,0.320754716981132,0.269452707984634,0.37205672597763,0.166666666666667
2020-10-25,"NR","Nauru","NRU",11832,0,0,1,0,1,1,1,7,102,7,0,0,0,0,0,0,0,0,0,0.142857142857143,0,0.402082007388211,0.142857142857143,0,0.402082007388211,0.274932614555256,0.229500447511578,0.320364781598934,0.142857142857143
2020-10-26,"NR","Nauru","NRU",11832,0,0,1,0,1,1,1,8,102,8,0,0,0,0,0,0,0,0,0,0.125,0,0.354172303767662,0.125,0,0.354172303767662,0.240566037735849,0.199881692790043,0.281250382681655,0.125
2020-10-27,"NR","Nauru","NRU",11832,NA,NA,NA,NA,NA,1,1,8,102,8,NA,NA,NA,NA,NA,NA,NA,NA,NA,0.125,0,0.354172303767662,0.125,0,0.354172303767662,0.240566037735849,0.199881692790043,0.281250382681655,0.125
2020-10-28,"NR","Nauru","NRU",11832,NA,NA,NA,NA,NA,1,1,7,102,7,NA,NA,NA,NA,NA,NA,NA,NA,NA,0.142857142857143,0,0.402082007388211,0.142857142857143,0,0.402082007388211,0.274932614555256,0.229500447511578,0.320364781598934,0.142857142857143
2020-10-29,"NR","Nauru","NRU",11832,0,0,2,0,2,1,1,9,102,9,0,0,0,0,0,0,0,0,0,0.111111111111111,0,0.316430196199952,0.111111111111111,0,0.316430196199952,0.213836477987421,0.177041695307714,0.250631260667128,0.111111111111111
2020-10-30,"NR","Nauru","NRU",11832,0,0,1,0,1,1,1,10,102,10,0,0,0,0,0,0,0,0,0,0.1,0,0.285938509691368,0.1,0,0.285938509691368,0.192452830188679,0.158890179185088,0.22601548119227,0.1
2020-10-31,"NR","Nauru","NRU",11832,NA,NA,NA,NA,NA,1,1,9,101,9,NA,NA,NA,NA,NA,NA,NA,NA,NA,0.111111111111111,0,0.316430196199952,0.111111111111111,0,0.316430196199952,0.211740041928721,0.175077283959444,0.248402799897998,0.111111111111111
2020-11-01,"NR","Nauru","NRU",11832,0,0,1,1,1,1,1,9,102,9,0,0,0,0,0,0,0.0188679245283019,0,0.0554978435392005,0.111111111111111,0,0.316430196199952,0.111111111111111,0,0.316430196199952,0.213836477987421,0.177041695307714,0.250631260667128,0.111111111111111
2020-11-02,"NR","Nauru","NRU",11832,NA,NA,NA,NA,NA,1,1,9,102,9,NA,NA,NA,NA,NA,NA,NA,NA,NA,0.111111111111111,0,0.316430196199952,0.111111111111111,0,0.316430196199952,0.213836477987421,0.177041695307714,0.250631260667128,0.111111111111111
2020-11-03,"NR","Nauru","NRU",11832,NA,NA,NA,NA,NA,1,1,9,102,9,NA,NA,NA,NA,NA,NA,NA,NA,NA,0.111111111111111,0,0.316430196199952,0.111111111111111,0,0.316430196199952,0.213836477987421,0.177041695307714,0.250631260667128,0.111111111111111
2020-11-04,"NR","Nauru","NRU",11832,0,0,1,0,1,0,0,9,2,9,0,0,0,0,0,0,0,0,0,0,0,0,0,0,0,0.00419287211740042,0,0.00999159460646785,0
2020-11-05,"NR","Nauru","NRU",11832,NA,NA,NA,NA,NA,0,0,8,2,8,NA,NA,NA,NA,NA,NA,NA,NA,NA,0,0,0,0,0,0,0.00471698113207547,0,0.011238826979279,0
2020-11-06,"NR","Nauru","NRU",11832,0,0,1,0,1,0,0,9,2,9,0,0,0,0,0,0,0,0,0,0,0,0,0,0,0,0.00419287211740042,0,0.00999159460646785,0
2020-11-07,"NR","Nauru","NRU",11832,NA,NA,NA,NA,NA,0,0,8,1,8,NA,NA,NA,NA,NA,NA,NA,NA,NA,0,0,0,0,0,0,0.00235849056603774,0,0.00697559278741737,0
2020-11-08,"NR","Nauru","NRU",11832,NA,NA,NA,NA,NA,0,0,7,1,7,NA,NA,NA,NA,NA,NA,NA,NA,NA,0,0,0,0,0,0,0.00269541778975741,0,0.00797121493606835,0
2020-11-09,"NR","Nauru","NRU",11832,NA,NA,NA,NA,NA,0,0,6,1,6,NA,NA,NA,NA,NA,NA,NA,NA,NA,0,0,0,0,0,0,0.00314465408805031,0,0.00929836431956434,0
2020-11-10,"NR","Nauru","NRU",11832,NA,NA,NA,NA,NA,0,0,6,1,6,NA,NA,NA,NA,NA,NA,NA,NA,NA,0,0,0,0,0,0,0.00314465408805031,0,0.00929836431956434,0
2020-11-11,"NR","Nauru","NRU",11832,NA,NA,NA,NA,NA,0,0,6,1,6,NA,NA,NA,NA,NA,NA,NA,NA,NA,0,0,0,0,0,0,0.00314465408805031,0,0.00929836431956434,0
2020-11-12,"NR","Nauru","NRU",11832,NA,NA,NA,NA,NA,0,0,4,1,4,NA,NA,NA,NA,NA,NA,NA,NA,NA,0,0,0,0,0,0,0.00471698113207547,0,0.0139402639808974,0
2020-11-13,"NR","Nauru","NRU",11832,0,0,1,0,1,0,0,4,1,4,0,0,0,0,0,0,0,0,0,0,0,0,0,0,0,0.00471698113207547,0,0.0139402639808974,0
2020-11-14,"NR","Nauru","NRU",11832,NA,NA,NA,NA,NA,0,0,4,1,4,NA,NA,NA,NA,NA,NA,NA,NA,NA,0,0,0,0,0,0,0.00471698113207547,0,0.0139402639808974,0
2020-11-15,"NR","Nauru","NRU",11832,NA,NA,NA,NA,NA,0,0,3,0,3,NA,NA,NA,NA,NA,NA,NA,NA,NA,0,0,0,0,0,0,0,0,0,0
2020-11-16,"NR","Nauru","NRU",11832,0,0,1,0,1,0,0,4,0,4,0,0,0,0,0,0,0,0,0,0,0,0,0,0,0,0,0,0,0
2020-11-17,"NR","Nauru","NRU",11832,NA,NA,NA,NA,NA,0,0,4,0,4,NA,NA,NA,NA,NA,NA,NA,NA,NA,0,0,0,0,0,0,0,0,0,0
2020-11-18,"NR","Nauru","NRU",11832,0,0,1,0,1,0,0,4,0,4,0,0,0,0,0,0,0,0,0,0,0,0,0,0,0,0,0,0,0
2020-11-19,"NR","Nauru","NRU",11832,NA,NA,NA,NA,NA,0,0,4,0,4,NA,NA,NA,NA,NA,NA,NA,NA,NA,0,0,0,0,0,0,0,0,0,0
2020-11-20,"NR","Nauru","NRU",11832,0,0,1,1,1,0,0,4,1,4,0,0,0,0,0,0,0.0188679245283019,0,0.0554978435392005,0,0,0,0,0,0,0.00471698113207547,0,0.0139402639808974,0
2020-11-21,"NR","Nauru","NRU",11832,0,0,1,0,1,0,0,5,1,5,0,0,0,0,0,0,0,0,0,0,0,0,0,0,0,0.00377358490566038,0,0.0111557073357215,0
2020-11-22,"NR","Nauru","NRU",11832,0,0,1,0,1,0,0,6,1,6,0,0,0,0,0,0,0,0,0,0,0,0,0,0,0,0.00314465408805031,0,0.00929836431956434,0
2020-11-23,"NR","Nauru","NRU",11832,NA,NA,NA,NA,NA,0,0,6,1,6,NA,NA,NA,NA,NA,NA,NA,NA,NA,0,0,0,0,0,0,0.00314465408805031,0,0.00929836431956434,0
2020-11-24,"NR","Nauru","NRU",11832,NA,NA,NA,NA,NA,0,0,6,1,6,NA,NA,NA,NA,NA,NA,NA,NA,NA,0,0,0,0,0,0,0.00314465408805031,0,0.00929836431956434,0
2020-11-25,"NR","Nauru","NRU",11832,0,0,1,0,1,0,0,7,1,7,0,0,0,0,0,0,0,0,0,0,0,0,0,0,0,0.00269541778975741,0,0.00797121493606835,0
2020-11-26,"NR","Nauru","NRU",11832,NA,NA,NA,NA,NA,0,0,7,1,7,NA,NA,NA,NA,NA,NA,NA,NA,NA,0,0,0,0,0,0,0.00269541778975741,0,0.00797121493606835,0
2020-11-27,"NR","Nauru","NRU",11832,0,0,1,0,1,0,0,7,1,7,0,0,0,0,0,0,0,0,0,0,0,0,0,0,0,0.00269541778975741,0,0.00797121493606835,0
2020-11-28,"NR","Nauru","NRU",11832,NA,NA,NA,NA,NA,0,0,7,1,7,NA,NA,NA,NA,NA,NA,NA,NA,NA,0,0,0,0,0,0,0.00269541778975741,0,0.00797121493606835,0
2020-11-29,"NR","Nauru","NRU",11832,NA,NA,NA,NA,NA,0,0,7,1,7,NA,NA,NA,NA,NA,NA,NA,NA,NA,0,0,0,0,0,0,0.00269541778975741,0,0.00797121493606835,0
2020-11-30,"NR","Nauru","NRU",11832,NA,NA,NA,NA,NA,0,0,6,1,6,NA,NA,NA,NA,NA,NA,NA,NA,NA,0,0,0,0,0,0,0.00314465408805031,0,0.00929836431956434,0
2020-12-01,"NR","Nauru","NRU",11832,NA,NA,NA,NA,NA,0,0,6,1,6,NA,NA,NA,NA,NA,NA,NA,NA,NA,0,0,0,0,0,0,0.00314465408805031,0,0.00929836431956434,0
2020-12-02,"NR","Nauru","NRU",11832,1,1,1,0,0,1,1,6,1,5,1,1,1,1,1,1,NA,NA,NA,0.166666666666667,0,0.464865690619526,0.166666666666667,0,0.464865690619526,0.00377358490566038,0,0.0111557073357215,0.166666666666667
2020-12-03,"NR","Nauru","NRU",11832,0,0,1,0,1,1,1,7,1,6,0,0,0,0,0,0,0,0,0,0.142857142857143,0,0.402082007388211,0.142857142857143,0,0.402082007388211,0.00314465408805031,0,0.00929836431956434,0.142857142857143
2020-12-04,"NR","Nauru","NRU",11832,0,0,1,0,0,1,1,7,0,5,0,0,0,0,0,0,NA,NA,NA,0.142857142857143,0,0.402082007388211,0.142857142857143,0,0.402082007388211,0,0,0,0.142857142857143
2020-12-05,"NR","Nauru","NRU",11832,1,2,2,0,1,2,3,8,0,5,0.5,0,1,1,1,1,0,0,0,0.25,0,0.550056979772207,0.375,0.0395260980530331,0.710473901946967,0,0,0,0.25
2020-12-06,"NR","Nauru","NRU",11832,NA,NA,NA,NA,NA,2,3,7,0,4,NA,NA,NA,NA,NA,NA,NA,NA,NA,0.285714285714286,0,0.620372146798186,0.428571428571429,0.0619721094472632,0.795170747695594,0,0,0,0.285714285714286
2020-12-07,"NR","Nauru","NRU",11832,0,0,1,0,0,2,3,8,0,4,0,0,0,0,0,0,NA,NA,NA,0.25,0,0.550056979772207,0.375,0.0395260980530331,0.710473901946967,0,0,0,0.25
2020-12-08,"NR","Nauru","NRU",11832,0,0,1,0,1,2,3,9,0,5,0,0,0,0,0,0,0,0,0,0.222222222222222,0,0.493833841502414,0.333333333333333,0.0253547057000716,0.641311960966595,0,0,0,0.222222222222222
2020-12-09,"NR","Nauru","NRU",11832,1,1,1,100,1,3,4,9,100,5,1,1,1,1,1,1,1,1,1,0.333333333333333,0.0253547057000716,0.641311960966595,0.444444444444444,0.119806466453118,0.769082422435771,0.377358490566038,0.318997688453012,0.435719292679064,0.333333333333333
2020-12-10,"NR","Nauru","NRU",11832,0,0,1,0,1,3,4,10,100,6,0,0,0,0,0,0,0,0,0,0.3,0.0159742349106747,0.584025765089325,0.4,0.0963636851484017,0.703636314851598,0.314465408805031,0.263434223264162,0.365496594345901,0.3
2020-12-11,"NR","Nauru","NRU",11832,NA,NA,NA,NA,NA,3,4,9,100,5,NA,NA,NA,NA,NA,NA,NA,NA,NA,0.333333333333333,0.0253547057000716,0.641311960966595,0.444444444444444,0.119806466453118,0.769082422435771,0.377358490566038,0.318997688453012,0.435719292679064,0.333333333333333
2020-12-12,"NR","Nauru","NRU",11832,1,1,1,0,1,4,5,10,100,6,1,1,1,1,1,1,0,0,0,0.4,0.0963636851484017,0.703636314851598,0.5,0.190102483847719,0.809897516152281,0.314465408805031,0.263434223264162,0.365496594345901,0.4
2020-12-13,"NR","Nauru","NRU",11832,NA,NA,NA,NA,NA,4,5,10,100,6,NA,NA,NA,NA,NA,NA,NA,NA,NA,0.4,0.0963636851484017,0.703636314851598,0.5,0.190102483847719,0.809897516152281,0.314465408805031,0.263434223264162,0.365496594345901,0.4
2020-12-14,"NR","Nauru","NRU",11832,NA,NA,NA,NA,NA,4,5,10,100,6,NA,NA,NA,NA,NA,NA,NA,NA,NA,0.4,0.0963636851484017,0.703636314851598,0.5,0.190102483847719,0.809897516152281,0.314465408805031,0.263434223264162,0.365496594345901,0.4
2020-12-15,"NR","Nauru","NRU",11832,NA,NA,NA,NA,NA,4,5,10,100,6,NA,NA,NA,NA,NA,NA,NA,NA,NA,0.4,0.0963636851484017,0.703636314851598,0.5,0.190102483847719,0.809897516152281,0.314465408805031,0.263434223264162,0.365496594345901,0.4
2020-12-16,"NR","Nauru","NRU",11832,0,0,2,0,2,3,4,11,100,8,0,0,0,0,0,0,0,0,0,0.272727272727273,0.00954012095691376,0.535914424497632,0.363636363636364,0.0793617493403284,0.647910977932399,0.235849056603774,0.195440642027787,0.276257471179761,0.272727272727273
2020-12-17,"NR","Nauru","NRU",11832,NA,NA,NA,NA,NA,3,4,10,100,7,NA,NA,NA,NA,NA,NA,NA,NA,NA,0.3,0.0159742349106747,0.584025765089325,0.4,0.0963636851484017,0.703636314851598,0.269541778975741,0.224390311284278,0.314693246667205,0.3
2020-12-18,"NR","Nauru","NRU",11832,NA,NA,NA,NA,NA,3,4,9,100,7,NA,NA,NA,NA,NA,NA,NA,NA,NA,0.333333333333333,0.0253547057000716,0.641311960966595,0.444444444444444,0.119806466453118,0.769082422435771,0.269541778975741,0.224390311284278,0.314693246667205,0.333333333333333
2020-12-19,"NR","Nauru","NRU",11832,NA,NA,NA,NA,NA,2,2,7,100,6,NA,NA,NA,NA,NA,NA,NA,NA,NA,0.285714285714286,0,0.620372146798186,0.285714285714286,0,0.620372146798186,0.314465408805031,0.263434223264162,0.365496594345901,0.285714285714286
2020-12-20,"NR","Nauru","NRU",11832,0,1,1,1,1,2,3,8,101,7,0,0,0,1,1,1,0.0188679245283019,0,0.0554978435392005,0.25,0,0.550056979772207,0.375,0.0395260980530331,0.710473901946967,0.272237196765499,0.226944331481748,0.31753006204925,0.25
2020-12-21,"NR","Nauru","NRU",11832,0,0,1,0,1,2,3,8,101,8,0,0,0,0,0,0,0,0,0,0.25,0,0.550056979772207,0.375,0.0395260980530331,0.710473901946967,0.238207547169811,0.197660311229461,0.278754783110161,0.25
2020-12-22,"NR","Nauru","NRU",11832,0,0,1,0,1,2,3,8,101,8,0,0,0,0,0,0,0,0,0,0.25,0,0.550056979772207,0.375,0.0395260980530331,0.710473901946967,0.238207547169811,0.197660311229461,0.278754783110161,0.25
2020-12-23,"NR","Nauru","NRU",11832,NA,NA,NA,NA,NA,1,2,7,1,7,NA,NA,NA,NA,NA,NA,NA,NA,NA,0.142857142857143,0,0.402082007388211,0.285714285714286,0,0.620372146798186,0.00269541778975741,0,0.00797121493606835,0.142857142857143
2020-12-24,"NR","Nauru","NRU",11832,0,0,1,1,1,1,2,7,2,7,0,0,0,0,0,0,0.0188679245283019,0,0.0554978435392005,0.142857142857143,0,0.402082007388211,0.285714285714286,0,0.620372146798186,0.00539083557951483,0,0.0128418500615798,0.142857142857143
2020-12-25,"NR","Nauru","NRU",11832,NA,NA,NA,NA,NA,1,2,7,2,7,NA,NA,NA,NA,NA,NA,NA,NA,NA,0.142857142857143,0,0.402082007388211,0.285714285714286,0,0.620372146798186,0.00539083557951483,0,0.0128418500615798,0.142857142857143
2020-12-26,"NR","Nauru","NRU",11832,0,0,2,0,2,0,1,8,2,8,0,0,0,0,0,0,0,0,0,0,0,0,0.125,0,0.354172303767662,0.00471698113207547,0,0.011238826979279,0
2020-12-27,"NR","Nauru","NRU",11832,NA,NA,NA,NA,NA,0,1,8,2,8,NA,NA,NA,NA,NA,NA,NA,NA,NA,0,0,0,0.125,0,0.354172303767662,0.00471698113207547,0,0.011238826979279,0
2020-12-28,"NR","Nauru","NRU",11832,0,0,1,0,0,0,1,9,2,8,0,0,0,0,0,0,NA,NA,NA,0,0,0,0.111111111111111,0,0.316430196199952,0.00471698113207547,0,0.011238826979279,0
2020-12-29,"NR","Nauru","NRU",11832,0,0,1,0,1,0,1,10,2,9,0,0,0,0,0,0,0,0,0,0,0,0,0.1,0,0.285938509691368,0.00419287211740042,0,0.00999159460646785,0
2020-12-30,"NR","Nauru","NRU",11832,NA,NA,NA,NA,NA,0,1,8,2,7,NA,NA,NA,NA,NA,NA,NA,NA,NA,0,0,0,0.125,0,0.354172303767662,0.00539083557951483,0,0.0128418500615798,0
2020-12-31,"NR","Nauru","NRU",11832,0,0,1,0,1,0,1,9,2,8,0,0,0,0,0,0,0,0,0,0,0,0,0.111111111111111,0,0.316430196199952,0.00471698113207547,0,0.011238826979279,0
2021-01-01,"NR","Nauru","NRU",11832,0,0,1,0,1,0,1,10,2,9,0,0,0,0,0,0,0,0,0,0,0,0,0.1,0,0.285938509691368,0.00419287211740042,0,0.00999159460646785,0
2021-01-02,"NR","Nauru","NRU",11832,0,0,1,0,1,0,1,11,2,10,0,0,0,0,0,0,0,0,0,0,0,0,0.0909090909090909,0,0.260795666866152,0.00377358490566038,0,0.00899353373550594,0
2021-01-03,"NR","Nauru","NRU",11832,0,0,2,0,2,0,0,12,1,11,0,0,0,0,0,0,0,0,0,0,0,0,0,0,0,0.00171526586620926,0,0.00507424070917674,0
2021-01-04,"NR","Nauru","NRU",11832,0,0,1,0,0,0,0,12,1,10,0,0,0,0,0,0,NA,NA,NA,0,0,0,0,0,0,0.00188679245283019,0,0.00558134733756389,0
2021-01-05,"NR","Nauru","NRU",11832,0,0,1,0,1,0,0,12,1,10,0,0,0,0,0,0,0,0,0,0,0,0,0,0,0,0.00188679245283019,0,0.00558134733756389,0
2021-01-06,"NR","Nauru","NRU",11832,NA,NA,NA,NA,NA,0,0,12,1,10,NA,NA,NA,NA,NA,NA,NA,NA,NA,0,0,0,0,0,0,0.00188679245283019,0,0.00558134733756389,0
2021-01-07,"NR","Nauru","NRU",11832,NA,NA,NA,NA,NA,0,0,11,0,9,NA,NA,NA,NA,NA,NA,NA,NA,NA,0,0,0,0,0,0,0,0,0,0
2021-01-08,"NR","Nauru","NRU",11832,NA,NA,NA,NA,NA,0,0,11,0,9,NA,NA,NA,NA,NA,NA,NA,NA,NA,0,0,0,0,0,0,0,0,0,0
2021-01-09,"NR","Nauru","NRU",11832,0,0,1,0,1,0,0,10,0,8,0,0,0,0,0,0,0,0,0,0,0,0,0,0,0,0,0,0,0
2021-01-10,"NR","Nauru","NRU",11832,0,0,1,0,1,0,0,11,0,9,0,0,0,0,0,0,0,0,0,0,0,0,0,0,0,0,0,0,0
2021-01-11,"NR","Nauru","NRU",11832,0,0,1,0,1,0,0,11,0,10,0,0,0,0,0,0,0,0,0,0,0,0,0,0,0,0,0,0,0
2021-01-12,"NR","Nauru","NRU",11832,NA,NA,NA,NA,NA,0,0,10,0,9,NA,NA,NA,NA,NA,NA,NA,NA,NA,0,0,0,0,0,0,0,0,0,0
2021-01-13,"NR","Nauru","NRU",11832,0,0,2,0,2,0,0,12,0,11,0,0,0,0,0,0,0,0,0,0,0,0,0,0,0,0,0,0,0
2021-01-14,"NR","Nauru","NRU",11832,NA,NA,NA,NA,NA,0,0,11,0,10,NA,NA,NA,NA,NA,NA,NA,NA,NA,0,0,0,0,0,0,0,0,0,0
2021-01-15,"NR","Nauru","NRU",11832,NA,NA,NA,NA,NA,0,0,10,0,9,NA,NA,NA,NA,NA,NA,NA,NA,NA,0,0,0,0,0,0,0,0,0,0
2021-01-16,"NR","Nauru","NRU",11832,0,0,1,0,1,0,0,10,0,9,0,0,0,0,0,0,0,0,0,0,0,0,0,0,0,0,0,0,0
2021-01-17,"NR","Nauru","NRU",11832,0,1,2,100,2,0,1,10,100,9,0,0,0,0.5,0,1,0.943396226415094,0.899405116625756,0.987387336204432,0,0,0,0.1,0,0.285938509691368,0.209643605870021,0.173114318694895,0.246172893045147,0
2021-01-18,"NR","Nauru","NRU",11832,NA,NA,NA,NA,NA,0,1,9,100,9,NA,NA,NA,NA,NA,NA,NA,NA,NA,0,0,0,0.111111111111111,0,0.316430196199952,0.209643605870021,0.173114318694895,0.246172893045147,0
2021-01-19,"NR","Nauru","NRU",11832,0,0,1,0,1,0,1,9,100,9,0,0,0,0,0,0,0,0,0,0,0,0,0.111111111111111,0,0.316430196199952,0.209643605870021,0.173114318694895,0.246172893045147,0
2021-01-20,"NR","Nauru","NRU",11832,NA,NA,NA,NA,NA,0,1,9,100,9,NA,NA,NA,NA,NA,NA,NA,NA,NA,0,0,0,0.111111111111111,0,0.316430196199952,0.209643605870021,0.173114318694895,0.246172893045147,0
2021-01-21,"NR","Nauru","NRU",11832,0,0,2,0,1,0,1,11,100,10,0,0,0,0,0,0,0,0,0,0,0,0,0.0909090909090909,0,0.260795666866152,0.188679245283019,0.155369714546527,0.221988776019511,0
2021-01-22,"NR","Nauru","NRU",11832,0,0,1,0,1,0,1,12,100,11,0,0,0,0,0,0,0,0,0,0,0,0,0.0833333333333333,0,0.239710220752064,0.171526586620926,0.140926769970763,0.20212640327109,0
2021-01-23,"NR","Nauru","NRU",11832,NA,NA,NA,NA,NA,0,1,11,100,10,NA,NA,NA,NA,NA,NA,NA,NA,NA,0,0,0,0.0909090909090909,0,0.260795666866152,0.188679245283019,0.155369714546527,0.221988776019511,0
2021-01-24,"NR","Nauru","NRU",11832,NA,NA,NA,NA,NA,0,1,10,100,9,NA,NA,NA,NA,NA,NA,NA,NA,NA,0,0,0,0.1,0,0.285938509691368,0.209643605870021,0.173114318694895,0.246172893045147,0
2021-01-25,"NR","Nauru","NRU",11832,NA,NA,NA,NA,NA,0,1,9,100,8,NA,NA,NA,NA,NA,NA,NA,NA,NA,0,0,0,0.111111111111111,0,0.316430196199952,0.235849056603774,0.195440642027787,0.276257471179761,0
2021-01-26,"NR","Nauru","NRU",11832,NA,NA,NA,NA,NA,0,1,9,100,8,NA,NA,NA,NA,NA,NA,NA,NA,NA,0,0,0,0.111111111111111,0,0.316430196199952,0.235849056603774,0.195440642027787,0.276257471179761,0
2021-01-27,"NR","Nauru","NRU",11832,NA,NA,NA,NA,NA,0,1,7,100,6,NA,NA,NA,NA,NA,NA,NA,NA,NA,0,0,0,0.142857142857143,0,0.402082007388211,0.314465408805031,0.263434223264162,0.365496594345901,0
2021-01-28,"NR","Nauru","NRU",11832,NA,NA,NA,NA,NA,0,1,7,100,6,NA,NA,NA,NA,NA,NA,NA,NA,NA,0,0,0,0.142857142857143,0,0.402082007388211,0.314465408805031,0.263434223264162,0.365496594345901,0
2021-01-29,"NR","Nauru","NRU",11832,0,0,1,0,1,0,1,8,100,7,0,0,0,0,0,0,0,0,0,0,0,0,0.125,0,0.354172303767662,0.269541778975741,0.224390311284278,0.314693246667205,0
2021-01-30,"NR","Nauru","NRU",11832,NA,NA,NA,NA,NA,0,1,7,100,6,NA,NA,NA,NA,NA,NA,NA,NA,NA,0,0,0,0.142857142857143,0,0.402082007388211,0.314465408805031,0.263434223264162,0.365496594345901,0
2021-01-31,"NR","Nauru","NRU",11832,NA,NA,NA,NA,NA,0,0,5,0,4,NA,NA,NA,NA,NA,NA,NA,NA,NA,0,0,0,0,0,0,0,0,0,0
2021-02-01,"NR","Nauru","NRU",11832,NA,NA,NA,NA,NA,0,0,5,0,4,NA,NA,NA,NA,NA,NA,NA,NA,NA,0,0,0,0,0,0,0,0,0,0
2021-02-02,"NR","Nauru","NRU",11832,0,0,1,1,1,0,0,5,1,4,0,0,0,0,0,0,0.0188679245283019,0,0.0554978435392005,0,0,0,0,0,0,0.00471698113207547,0,0.0139402639808974,0
2021-02-03,"NR","Nauru","NRU",11832,NA,NA,NA,NA,NA,0,0,5,1,4,NA,NA,NA,NA,NA,NA,NA,NA,NA,0,0,0,0,0,0,0.00471698113207547,0,0.0139402639808974,0
2021-02-04,"NR","Nauru","NRU",11832,1,1,2,100,1,1,1,5,101,4,0.5,0,1,0.5,0,1,1,1,1,0.2,0,0.550609016230633,0.2,0,0.550609016230633,0.476415094339623,0.409184573479304,0.543645615199941,0.2
2021-02-05,"NR","Nauru","NRU",11832,NA,NA,NA,NA,NA,1,1,4,101,3,NA,NA,NA,NA,NA,NA,NA,NA,NA,0.25,0,0.674344650278564,0.25,0,0.674344650278564,0.635220125786163,0.560398509038341,0.710041742533986,0.25
2021-02-06,"NR","Nauru","NRU",11832,NA,NA,NA,NA,NA,1,1,4,101,3,NA,NA,NA,NA,NA,NA,NA,NA,NA,0.25,0,0.674344650278564,0.25,0,0.674344650278564,0.635220125786163,0.560398509038341,0.710041742533986,0.25
2021-02-07,"NR","Nauru","NRU",11832,1,1,1,100,1,2,2,5,201,4,1,1,1,1,1,1,1,1,1,0.4,0,0.829406594492118,0.4,0,0.829406594492118,0.94811320754717,0.918256722963135,0.977969692131204,0.4
2021-02-08,"NR","Nauru","NRU",11832,NA,NA,NA,NA,NA,2,2,5,201,4,NA,NA,NA,NA,NA,NA,NA,NA,NA,0.4,0,0.829406594492118,0.4,0,0.829406594492118,0.94811320754717,0.918256722963135,0.977969692131204,0.4
2021-02-09,"NR","Nauru","NRU",11832,NA,NA,NA,NA,NA,2,2,5,201,4,NA,NA,NA,NA,NA,NA,NA,NA,NA,0.4,0,0.829406594492118,0.4,0,0.829406594492118,0.94811320754717,0.918256722963135,0.977969692131204,0.4
2021-02-10,"NR","Nauru","NRU",11832,NA,NA,NA,NA,NA,2,2,5,201,4,NA,NA,NA,NA,NA,NA,NA,NA,NA,0.4,0,0.829406594492118,0.4,0,0.829406594492118,0.94811320754717,0.918256722963135,0.977969692131204,0.4
2021-02-11,"NR","Nauru","NRU",11832,1,1,1,91.5,1,3,3,6,292.5,5,1,1,1,1,1,1,1,1,1,0.5,0.0999240269703909,0.900075973029609,0.5,0.0999240269703909,0.900075973029609,1,1,1,0.5
2021-02-12,"NR","Nauru","NRU",11832,0,0,1,0,1,3,3,6,292.5,5,0,0,0,0,0,0,0,0,0,0.5,0.0999240269703909,0.900075973029609,0.5,0.0999240269703909,0.900075973029609,1,1,1,0.5
2021-02-13,"NR","Nauru","NRU",11832,NA,NA,NA,NA,NA,3,3,6,292.5,5,NA,NA,NA,NA,NA,NA,NA,NA,NA,0.5,0.0999240269703909,0.900075973029609,0.5,0.0999240269703909,0.900075973029609,1,1,1,0.5
2021-02-14,"NR","Nauru","NRU",11832,NA,NA,NA,NA,NA,3,3,6,292.5,5,NA,NA,NA,NA,NA,NA,NA,NA,NA,0.5,0.0999240269703909,0.900075973029609,0.5,0.0999240269703909,0.900075973029609,1,1,1,0.5
2021-02-15,"NR","Nauru","NRU",11832,1,1,1,100,1,4,4,7,392.5,6,1,1,1,1,1,1,1,1,1,0.571428571428571,0.204829252304406,0.938027890552737,0.571428571428571,0.204829252304406,0.938027890552737,1,1,1,0.571428571428571
2021-02-16,"NR","Nauru","NRU",11832,0,0,2,1,2,4,4,8,392.5,7,0,0,0,0,0,0,0.00943396226415094,0,0.0278367638059564,0.5,0.153524043912581,0.846475956087419,0.5,0.153524043912581,0.846475956087419,1,1,1,0.5
2021-02-17,"NR","Nauru","NRU",11832,NA,NA,NA,NA,NA,4,4,8,392.5,7,NA,NA,NA,NA,NA,NA,NA,NA,NA,0.5,0.153524043912581,0.846475956087419,0.5,0.153524043912581,0.846475956087419,1,1,1,0.5
2021-02-18,"NR","Nauru","NRU",11832,NA,NA,NA,NA,NA,3,3,6,292.5,6,NA,NA,NA,NA,NA,NA,NA,NA,NA,0.5,0.0999240269703909,0.900075973029609,0.5,0.0999240269703909,0.900075973029609,0.919811320754717,0.889961588739938,0.949661052769496,0.5
2021-02-19,"NR","Nauru","NRU",11832,NA,NA,NA,NA,NA,3,3,6,292.5,6,NA,NA,NA,NA,NA,NA,NA,NA,NA,0.5,0.0999240269703909,0.900075973029609,0.5,0.0999240269703909,0.900075973029609,0.919811320754717,0.889961588739938,0.949661052769496,0.5
2021-02-20,"NR","Nauru","NRU",11832,NA,NA,NA,NA,NA,3,3,6,292.5,6,NA,NA,NA,NA,NA,NA,NA,NA,NA,0.5,0.0999240269703909,0.900075973029609,0.5,0.0999240269703909,0.900075973029609,0.919811320754717,0.889961588739938,0.949661052769496,0.5
2021-02-21,"NR","Nauru","NRU",11832,0,0,2,1,2,2,2,7,193.5,7,0,0,0,0,0,0,0.00943396226415094,0,0.0278367638059564,0.285714285714286,0,0.620372146798186,0.285714285714286,0,0.620372146798186,0.521563342318059,0.470732548746597,0.572394135889521,0.285714285714286
2021-02-22,"NR","Nauru","NRU",11832,0,0,1,0,1,2,2,8,193.5,8,0,0,0,0,0,0,0,0,0,0.25,0,0.550056979772207,0.25,0,0.550056979772207,0.456367924528302,0.408957345908839,0.503778503147765,0.25
2021-02-23,"NR","Nauru","NRU",11832,NA,NA,NA,NA,NA,2,2,8,193.5,8,NA,NA,NA,NA,NA,NA,NA,NA,NA,0.25,0,0.550056979772207,0.25,0,0.550056979772207,0.456367924528302,0.408957345908839,0.503778503147765,0.25
2021-02-24,"NR","Nauru","NRU",11832,NA,NA,NA,NA,NA,2,2,8,193.5,8,NA,NA,NA,NA,NA,NA,NA,NA,NA,0.25,0,0.550056979772207,0.25,0,0.550056979772207,0.456367924528302,0.408957345908839,0.503778503147765,0.25
2021-02-25,"NR","Nauru","NRU",11832,NA,NA,NA,NA,NA,1,1,7,102,7,NA,NA,NA,NA,NA,NA,NA,NA,NA,0.142857142857143,0,0.402082007388211,0.142857142857143,0,0.402082007388211,0.274932614555256,0.229500447511578,0.320364781598934,0.142857142857143
2021-02-26,"NR","Nauru","NRU",11832,1,1,1,100,1,2,2,7,202,7,1,1,1,1,1,1,1,1,1,0.285714285714286,0,0.620372146798186,0.285714285714286,0,0.620372146798186,0.544474393530997,0.493797934235491,0.595150852826504,0.285714285714286
2021-02-27,"NR","Nauru","NRU",11832,NA,NA,NA,NA,NA,2,2,7,202,7,NA,NA,NA,NA,NA,NA,NA,NA,NA,0.285714285714286,0,0.620372146798186,0.285714285714286,0,0.620372146798186,0.544474393530997,0.493797934235491,0.595150852826504,0.285714285714286
2021-02-28,"NR","Nauru","NRU",11832,NA,NA,NA,NA,NA,2,2,7,202,7,NA,NA,NA,NA,NA,NA,NA,NA,NA,0.285714285714286,0,0.620372146798186,0.285714285714286,0,0.620372146798186,0.544474393530997,0.493797934235491,0.595150852826504,0.285714285714286
2021-03-01,"NR","Nauru","NRU",11832,NA,NA,NA,NA,NA,1,1,6,102,6,NA,NA,NA,NA,NA,NA,NA,NA,NA,0.166666666666667,0,0.464865690619526,0.166666666666667,0,0.464865690619526,0.320754716981132,0.269452707984634,0.37205672597763,0.166666666666667
2021-03-02,"NR","Nauru","NRU",11832,NA,NA,NA,NA,NA,1,1,4,101,4,NA,NA,NA,NA,NA,NA,NA,NA,NA,0.25,0,0.674344650278564,0.25,0,0.674344650278564,0.476415094339623,0.409184573479304,0.543645615199941,0.25
2021-03-03,"NR","Nauru","NRU",11832,NA,NA,NA,NA,NA,1,1,4,101,4,NA,NA,NA,NA,NA,NA,NA,NA,NA,0.25,0,0.674344650278564,0.25,0,0.674344650278564,0.476415094339623,0.409184573479304,0.543645615199941,0.25
2021-03-04,"NR","Nauru","NRU",11832,NA,NA,NA,NA,NA,1,1,4,101,4,NA,NA,NA,NA,NA,NA,NA,NA,NA,0.25,0,0.674344650278564,0.25,0,0.674344650278564,0.476415094339623,0.409184573479304,0.543645615199941,0.25
2021-03-05,"NR","Nauru","NRU",11832,NA,NA,NA,NA,NA,1,1,4,101,4,NA,NA,NA,NA,NA,NA,NA,NA,NA,0.25,0,0.674344650278564,0.25,0,0.674344650278564,0.476415094339623,0.409184573479304,0.543645615199941,0.25
2021-03-06,"NR","Nauru","NRU",11832,NA,NA,NA,NA,NA,1,1,4,101,4,NA,NA,NA,NA,NA,NA,NA,NA,NA,0.25,0,0.674344650278564,0.25,0,0.674344650278564,0.476415094339623,0.409184573479304,0.543645615199941,0.25
2021-03-07,"NR","Nauru","NRU",11832,NA,NA,NA,NA,NA,1,1,2,100,2,NA,NA,NA,NA,NA,NA,NA,NA,NA,0.5,0,1,0.5,0,1,0.943396226415094,0.899405116625756,0.987387336204432,0.5
2021-03-08,"NR","Nauru","NRU",11832,NA,NA,NA,NA,NA,1,1,1,100,1,NA,NA,NA,NA,NA,NA,NA,NA,NA,1,1,1,1,1,1,1,1,1,1
2021-03-09,"NR","Nauru","NRU",11832,NA,NA,NA,NA,NA,1,1,1,100,1,NA,NA,NA,NA,NA,NA,NA,NA,NA,1,1,1,1,1,1,1,1,1,1
2021-03-10,"NR","Nauru","NRU",11832,NA,NA,NA,NA,NA,1,1,1,100,1,NA,NA,NA,NA,NA,NA,NA,NA,NA,1,1,1,1,1,1,1,1,1,1
2021-03-11,"NR","Nauru","NRU",11832,1,1,1,15,1,2,2,2,115,2,1,1,1,1,1,1,0.283018867924528,0.161743747525571,0.404293988323486,1,1,1,1,1,1,1,1,1,1
2021-03-12,"NR","Nauru","NRU",11832,NA,NA,NA,NA,NA,1,1,1,15,1,NA,NA,NA,NA,NA,NA,NA,NA,NA,1,1,1,1,1,1,0.283018867924528,0.161743747525571,0.404293988323486,1
2021-03-13,"NR","Nauru","NRU",11832,NA,NA,NA,NA,NA,1,1,1,15,1,NA,NA,NA,NA,NA,NA,NA,NA,NA,1,1,1,1,1,1,0.283018867924528,0.161743747525571,0.404293988323486,1
2021-03-14,"NR","Nauru","NRU",11832,NA,NA,NA,NA,NA,1,1,1,15,1,NA,NA,NA,NA,NA,NA,NA,NA,NA,1,1,1,1,1,1,0.283018867924528,0.161743747525571,0.404293988323486,1
2021-03-15,"NR","Nauru","NRU",11832,0,0,2,0,2,1,1,3,15,3,0,0,0,0,0,0,0,0,0,0.333333333333333,0,0.866767964039479,0.333333333333333,0,0.866767964039479,0.0943396226415094,0.0489057998160993,0.13977344546692,0.333333333333333
2021-03-16,"NR","Nauru","NRU",11832,NA,NA,NA,NA,NA,1,1,3,15,3,NA,NA,NA,NA,NA,NA,NA,NA,NA,0.333333333333333,0,0.866767964039479,0.333333333333333,0,0.866767964039479,0.0943396226415094,0.0489057998160993,0.13977344546692,0.333333333333333
2021-03-17,"NR","Nauru","NRU",11832,NA,NA,NA,NA,NA,1,1,3,15,3,NA,NA,NA,NA,NA,NA,NA,NA,NA,0.333333333333333,0,0.866767964039479,0.333333333333333,0,0.866767964039479,0.0943396226415094,0.0489057998160993,0.13977344546692,0.333333333333333
2021-03-18,"NR","Nauru","NRU",11832,0,0,1,0,1,1,1,4,15,4,0,0,0,0,0,0,0,0,0,0.25,0,0.674344650278564,0.25,0,0.674344650278564,0.0707547169811321,0.0362385117798961,0.105270922182368,0.25
2021-03-19,"NR","Nauru","NRU",11832,0,0,1,0,1,1,1,5,15,5,0,0,0,0,0,0,0,0,0,0.2,0,0.550609016230633,0.2,0,0.550609016230633,0.0566037735849057,0.0287813528383381,0.0844261943314732,0.2
2021-03-20,"NR","Nauru","NRU",11832,NA,NA,NA,NA,NA,1,1,5,15,5,NA,NA,NA,NA,NA,NA,NA,NA,NA,0.2,0,0.550609016230633,0.2,0,0.550609016230633,0.0566037735849057,0.0287813528383381,0.0844261943314732,0.2
2021-03-21,"NR","Nauru","NRU",11832,0,0,1,0,1,1,1,6,15,6,0,0,0,0,0,0,0,0,0,0.166666666666667,0,0.464865690619526,0.166666666666667,0,0.464865690619526,0.0471698113207547,0.0238688223222966,0.0704708003192129,0.166666666666667
2021-03-22,"NR","Nauru","NRU",11832,NA,NA,NA,NA,NA,1,1,6,15,6,NA,NA,NA,NA,NA,NA,NA,NA,NA,0.166666666666667,0,0.464865690619526,0.166666666666667,0,0.464865690619526,0.0471698113207547,0.0238688223222966,0.0704708003192129,0.166666666666667
2021-03-23,"NR","Nauru","NRU",11832,2,2,2,101,2,3,3,8,116,8,1,1,1,1,1,1,0.952830188679245,0.912471691867312,0.993188685491178,0.375,0.0395260980530331,0.710473901946967,0.375,0.0395260980530331,0.710473901946967,0.273584905660377,0.23115191331494,0.316017898005815,0.375
2021-03-24,"NR","Nauru","NRU",11832,NA,NA,NA,NA,NA,3,3,8,116,8,NA,NA,NA,NA,NA,NA,NA,NA,NA,0.375,0.0395260980530331,0.710473901946967,0.375,0.0395260980530331,0.710473901946967,0.273584905660377,0.23115191331494,0.316017898005815,0.375
2021-03-25,"NR","Nauru","NRU",11832,NA,NA,NA,NA,NA,2,2,7,101,7,NA,NA,NA,NA,NA,NA,NA,NA,NA,0.285714285714286,0,0.620372146798186,0.285714285714286,0,0.620372146798186,0.272237196765499,0.226944331481748,0.31753006204925,0.285714285714286
2021-03-26,"NR","Nauru","NRU",11832,NA,NA,NA,NA,NA,2,2,7,101,7,NA,NA,NA,NA,NA,NA,NA,NA,NA,0.285714285714286,0,0.620372146798186,0.285714285714286,0,0.620372146798186,0.272237196765499,0.226944331481748,0.31753006204925,0.285714285714286
2021-03-27,"NR","Nauru","NRU",11832,NA,NA,NA,NA,NA,2,2,7,101,7,NA,NA,NA,NA,NA,NA,NA,NA,NA,0.285714285714286,0,0.620372146798186,0.285714285714286,0,0.620372146798186,0.272237196765499,0.226944331481748,0.31753006204925,0.285714285714286
2021-03-28,"NR","Nauru","NRU",11832,NA,NA,NA,NA,NA,2,2,7,101,7,NA,NA,NA,NA,NA,NA,NA,NA,NA,0.285714285714286,0,0.620372146798186,0.285714285714286,0,0.620372146798186,0.272237196765499,0.226944331481748,0.31753006204925,0.285714285714286
2021-03-29,"NR","Nauru","NRU",11832,NA,NA,NA,NA,NA,2,2,5,101,5,NA,NA,NA,NA,NA,NA,NA,NA,NA,0.4,0,0.829406594492118,0.4,0,0.829406594492118,0.381132075471698,0.322658198315163,0.439605952628233,0.4
2021-03-30,"NR","Nauru","NRU",11832,NA,NA,NA,NA,NA,2,2,5,101,5,NA,NA,NA,NA,NA,NA,NA,NA,NA,0.4,0,0.829406594492118,0.4,0,0.829406594492118,0.381132075471698,0.322658198315163,0.439605952628233,0.4
2021-03-31,"NR","Nauru","NRU",11832,NA,NA,NA,NA,NA,2,2,5,101,5,NA,NA,NA,NA,NA,NA,NA,NA,NA,0.4,0,0.829406594492118,0.4,0,0.829406594492118,0.381132075471698,0.322658198315163,0.439605952628233,0.4
2021-04-01,"NR","Nauru","NRU",11832,1,1,2,100,2,3,3,6,201,6,0.5,0,1,0.5,0,1,0.943396226415094,0.899405116625756,0.987387336204432,0.5,0.0999240269703909,0.900075973029609,0.5,0.0999240269703909,0.900075973029609,0.632075471698113,0.579072725669041,0.685078217727185,0.5
2021-04-02,"NR","Nauru","NRU",11832,NA,NA,NA,NA,NA,3,3,5,201,5,NA,NA,NA,NA,NA,NA,NA,NA,NA,0.6,0.170593405507882,1,0.6,0.170593405507882,1,0.758490566037736,0.706959717269244,0.810021414806228,0.6
2021-04-03,"NR","Nauru","NRU",11832,NA,NA,NA,NA,NA,3,3,5,201,5,NA,NA,NA,NA,NA,NA,NA,NA,NA,0.6,0.170593405507882,1,0.6,0.170593405507882,1,0.758490566037736,0.706959717269244,0.810021414806228,0.6
2021-04-04,"NR","Nauru","NRU",11832,NA,NA,NA,NA,NA,3,3,4,201,4,NA,NA,NA,NA,NA,NA,NA,NA,NA,0.75,0.325655349721436,1,0.75,0.325655349721436,1,0.94811320754717,0.918256722963135,0.977969692131204,0.75
2021-04-05,"NR","Nauru","NRU",11832,NA,NA,NA,NA,NA,3,3,4,201,4,NA,NA,NA,NA,NA,NA,NA,NA,NA,0.75,0.325655349721436,1,0.75,0.325655349721436,1,0.94811320754717,0.918256722963135,0.977969692131204,0.75
2021-04-06,"NR","Nauru","NRU",11832,0,0,1,0,1,1,1,3,100,3,0,0,0,0,0,0,0,0,0,0.333333333333333,0,0.866767964039479,0.333333333333333,0,0.866767964039479,0.628930817610063,0.55384145629842,0.704020178921706,0.333333333333333
2021-04-07,"NR","Nauru","NRU",11832,NA,NA,NA,NA,NA,1,1,3,100,3,NA,NA,NA,NA,NA,NA,NA,NA,NA,0.333333333333333,0,0.866767964039479,0.333333333333333,0,0.866767964039479,0.628930817610063,0.55384145629842,0.704020178921706,0.333333333333333
2021-04-08,"NR","Nauru","NRU",11832,NA,NA,NA,NA,NA,1,1,3,100,3,NA,NA,NA,NA,NA,NA,NA,NA,NA,0.333333333333333,0,0.866767964039479,0.333333333333333,0,0.866767964039479,0.628930817610063,0.55384145629842,0.704020178921706,0.333333333333333
2021-04-09,"NR","Nauru","NRU",11832,NA,NA,NA,NA,NA,1,1,3,100,3,NA,NA,NA,NA,NA,NA,NA,NA,NA,0.333333333333333,0,0.866767964039479,0.333333333333333,0,0.866767964039479,0.628930817610063,0.55384145629842,0.704020178921706,0.333333333333333
2021-04-10,"NR","Nauru","NRU",11832,NA,NA,NA,NA,NA,1,1,3,100,3,NA,NA,NA,NA,NA,NA,NA,NA,NA,0.333333333333333,0,0.866767964039479,0.333333333333333,0,0.866767964039479,0.628930817610063,0.55384145629842,0.704020178921706,0.333333333333333
2021-04-11,"NR","Nauru","NRU",11832,NA,NA,NA,NA,NA,1,1,3,100,3,NA,NA,NA,NA,NA,NA,NA,NA,NA,0.333333333333333,0,0.866767964039479,0.333333333333333,0,0.866767964039479,0.628930817610063,0.55384145629842,0.704020178921706,0.333333333333333
2021-04-12,"NR","Nauru","NRU",11832,1,1,1,100,1,2,2,4,200,4,1,1,1,1,1,1,1,1,1,0.5,0.0100090038649866,0.989990996135013,0.5,0.0100090038649866,0.989990996135013,0.943396226415094,0.912289814371132,0.974502638459057,0.5
2021-04-13,"NR","Nauru","NRU",11832,0,0,1,0,1,2,2,5,200,5,0,0,0,0,0,0,0,0,0,0.4,0,0.829406594492118,0.4,0,0.829406594492118,0.754716981132076,0.702914452878235,0.806519509385916,0.4
2021-04-14,"NR","Nauru","NRU",11832,0,0,1,0,1,2,2,6,200,6,0,0,0,0,0,0,0,0,0,0.333333333333333,0,0.71052857802539,0.333333333333333,0,0.71052857802539,0.628930817610063,0.575834621031633,0.682027014188493,0.333333333333333
2021-04-15,"NR","Nauru","NRU",11832,NA,NA,NA,NA,NA,1,1,4,100,4,NA,NA,NA,NA,NA,NA,NA,NA,NA,0.25,0,0.674344650278564,0.25,0,0.674344650278564,0.471698113207547,0.404500583035962,0.538895643379132,0.25
2021-04-16,"NR","Nauru","NRU",11832,NA,NA,NA,NA,NA,1,1,4,100,4,NA,NA,NA,NA,NA,NA,NA,NA,NA,0.25,0,0.674344650278564,0.25,0,0.674344650278564,0.471698113207547,0.404500583035962,0.538895643379132,0.25
2021-04-17,"NR","Nauru","NRU",11832,NA,NA,NA,NA,NA,1,1,4,100,4,NA,NA,NA,NA,NA,NA,NA,NA,NA,0.25,0,0.674344650278564,0.25,0,0.674344650278564,0.471698113207547,0.404500583035962,0.538895643379132,0.25
2021-04-18,"NR","Nauru","NRU",11832,NA,NA,NA,NA,NA,1,1,4,100,4,NA,NA,NA,NA,NA,NA,NA,NA,NA,0.25,0,0.674344650278564,0.25,0,0.674344650278564,0.471698113207547,0.404500583035962,0.538895643379132,0.25
2021-04-19,"NR","Nauru","NRU",11832,NA,NA,NA,NA,NA,1,1,4,100,4,NA,NA,NA,NA,NA,NA,NA,NA,NA,0.25,0,0.674344650278564,0.25,0,0.674344650278564,0.471698113207547,0.404500583035962,0.538895643379132,0.25
2021-04-20,"NR","Nauru","NRU",11832,NA,NA,NA,NA,NA,1,1,3,100,3,NA,NA,NA,NA,NA,NA,NA,NA,NA,0.333333333333333,0,0.866767964039479,0.333333333333333,0,0.866767964039479,0.628930817610063,0.55384145629842,0.704020178921706,0.333333333333333
2021-04-21,"NR","Nauru","NRU",11832,NA,NA,NA,NA,NA,1,1,3,100,3,NA,NA,NA,NA,NA,NA,NA,NA,NA,0.333333333333333,0,0.866767964039479,0.333333333333333,0,0.866767964039479,0.628930817610063,0.55384145629842,0.704020178921706,0.333333333333333
2021-04-22,"NR","Nauru","NRU",11832,0,0,1,5,1,1,1,4,105,4,0,0,0,0,0,0,0.0943396226415094,0.0156459331258165,0.173033312157202,0.25,0,0.674344650278564,0.25,0,0.674344650278564,0.495283018867925,0.427980574455762,0.562585463280087,0.25
2021-04-23,"NR","Nauru","NRU",11832,NA,NA,NA,NA,NA,1,1,4,105,4,NA,NA,NA,NA,NA,NA,NA,NA,NA,0.25,0,0.674344650278564,0.25,0,0.674344650278564,0.495283018867925,0.427980574455762,0.562585463280087,0.25
2021-04-24,"NR","Nauru","NRU",11832,NA,NA,NA,NA,NA,1,1,4,105,4,NA,NA,NA,NA,NA,NA,NA,NA,NA,0.25,0,0.674344650278564,0.25,0,0.674344650278564,0.495283018867925,0.427980574455762,0.562585463280087,0.25
2021-04-25,"NR","Nauru","NRU",11832,0,1,1,0,0,1,2,5,105,4,0,0,0,1,1,1,NA,NA,NA,0.2,0,0.550609016230633,0.4,0,0.829406594492118,0.495283018867925,0.427980574455762,0.562585463280087,0.2
2021-04-26,"NR","Nauru","NRU",11832,0,0,1,0,1,0,1,5,5,4,0,0,0,0,0,0,0,0,0,0,0,0,0.2,0,0.550609016230633,0.0235849056603774,0.00315744068562359,0.0440123706351311,0
2021-04-27,"NR","Nauru","NRU",11832,0,0,1,0,1,0,1,5,5,4,0,0,0,0,0,0,0,0,0,0,0,0,0.2,0,0.550609016230633,0.0235849056603774,0.00315744068562359,0.0440123706351311,0
2021-04-28,"NR","Nauru","NRU",11832,NA,NA,NA,NA,NA,0,1,4,5,3,NA,NA,NA,NA,NA,NA,NA,NA,NA,0,0,0,0.25,0,0.674344650278564,0.0314465408805031,0.00431979074470644,0.0585732910162998,0
2021-04-29,"NR","Nauru","NRU",11832,NA,NA,NA,NA,NA,0,1,4,5,3,NA,NA,NA,NA,NA,NA,NA,NA,NA,0,0,0,0.25,0,0.674344650278564,0.0314465408805031,0.00431979074470644,0.0585732910162998,0
2021-04-30,"NR","Nauru","NRU",11832,NA,NA,NA,NA,NA,0,1,4,5,3,NA,NA,NA,NA,NA,NA,NA,NA,NA,0,0,0,0.25,0,0.674344650278564,0.0314465408805031,0.00431979074470644,0.0585732910162998,0
2021-05-01,"NR","Nauru","NRU",11832,NA,NA,NA,NA,NA,0,1,4,5,3,NA,NA,NA,NA,NA,NA,NA,NA,NA,0,0,0,0.25,0,0.674344650278564,0.0314465408805031,0.00431979074470644,0.0585732910162998,0
2021-05-02,"NR","Nauru","NRU",11832,NA,NA,NA,NA,NA,0,1,4,5,3,NA,NA,NA,NA,NA,NA,NA,NA,NA,0,0,0,0.25,0,0.674344650278564,0.0314465408805031,0.00431979074470644,0.0585732910162998,0
2021-05-03,"NR","Nauru","NRU",11832,NA,NA,NA,NA,NA,0,1,4,5,3,NA,NA,NA,NA,NA,NA,NA,NA,NA,0,0,0,0.25,0,0.674344650278564,0.0314465408805031,0.00431979074470644,0.0585732910162998,0
2021-05-04,"NR","Nauru","NRU",11832,NA,NA,NA,NA,NA,0,1,4,5,3,NA,NA,NA,NA,NA,NA,NA,NA,NA,0,0,0,0.25,0,0.674344650278564,0.0314465408805031,0.00431979074470644,0.0585732910162998,0
2021-05-05,"NR","Nauru","NRU",11832,0,0,2,6,2,0,1,6,11,5,0,0,0,0,0,0,0.0566037735849057,0.0126126637955677,0.100594883374244,0,0,0,0.166666666666667,0,0.464865690619526,0.0415094339622641,0.0174938870712459,0.0655249808532824,0
2021-05-06,"NR","Nauru","NRU",11832,NA,NA,NA,NA,NA,0,1,5,6,4,NA,NA,NA,NA,NA,NA,NA,NA,NA,0,0,0,0.2,0,0.550609016230633,0.0283018867924528,0.00597883663844994,0.0506249369464557,0
