"CountryName","CountryCode","RegionName","RegionCode","Jurisdiction","Date","C1_School.closing","C1_Flag","C2_Workplace.closing","C2_Flag","C3_Cancel.public.events","C3_Flag","C4_Restrictions.on.gatherings","C4_Flag","C5_Close.public.transport","C5_Flag","C6_Stay.at.home.requirements","C6_Flag","C7_Restrictions.on.internal.movement","C7_Flag","C8_International.travel.controls","E1_Income.support","E1_Flag","E2_Debt.contract.relief","E3_Fiscal.measures","E4_International.support","H1_Public.information.campaigns","H1_Flag","H2_Testing.policy","H3_Contact.tracing","H4_Emergency.investment.in.healthcare","H5_Investment.in.vaccines","H6_Facial.Coverings","H6_Flag","H7_Vaccination.policy","H7_Flag","H8_Protection.of.elderly.people","H8_Flag","M1_Wildcard","ConfirmedCases","ConfirmedDeaths","StringencyIndex","StringencyIndexForDisplay","StringencyLegacyIndex","StringencyLegacyIndexForDisplay","GovernmentResponseIndex","GovernmentResponseIndexForDisplay","ContainmentHealthIndex","ContainmentHealthIndexForDisplay","EconomicSupportIndex","EconomicSupportIndexForDisplay","cases","deaths","population","iso2"
"Zambia","ZMB","","","NAT_TOTAL",2020-01-01,0,NA,0,NA,0,NA,0,NA,0,NA,0,NA,0,NA,0,0,NA,0,0,0,0,NA,0,0,0,0,0,NA,0,NA,0,NA,NA,NA,NA,0,0,0,0,0,0,0,0,0,0,NA,NA,17861034,"ZM"
"Zambia","ZMB","","","NAT_TOTAL",2020-01-02,0,NA,0,NA,0,NA,0,NA,0,NA,0,NA,0,NA,0,0,NA,0,0,0,0,NA,0,0,0,0,0,NA,0,NA,0,NA,NA,NA,NA,0,0,0,0,0,0,0,0,0,0,NA,NA,17861034,"ZM"
"Zambia","ZMB","","","NAT_TOTAL",2020-01-03,0,NA,0,NA,0,NA,0,NA,0,NA,0,NA,0,NA,0,0,NA,0,0,0,0,NA,0,0,0,0,0,NA,0,NA,0,NA,NA,NA,NA,0,0,0,0,0,0,0,0,0,0,NA,NA,17861034,"ZM"
"Zambia","ZMB","","","NAT_TOTAL",2020-01-04,0,NA,0,NA,0,NA,0,NA,0,NA,0,NA,0,NA,0,0,NA,0,0,0,0,NA,0,0,0,0,0,NA,0,NA,0,NA,NA,NA,NA,0,0,0,0,0,0,0,0,0,0,NA,NA,17861034,"ZM"
"Zambia","ZMB","","","NAT_TOTAL",2020-01-05,0,NA,0,NA,0,NA,0,NA,0,NA,0,NA,0,NA,0,0,NA,0,0,0,0,NA,0,0,0,0,0,NA,0,NA,0,NA,NA,NA,NA,0,0,0,0,0,0,0,0,0,0,NA,NA,17861034,"ZM"
"Zambia","ZMB","","","NAT_TOTAL",2020-01-06,0,NA,0,NA,0,NA,0,NA,0,NA,0,NA,0,NA,0,0,NA,0,0,0,0,NA,0,0,0,0,0,NA,0,NA,0,NA,NA,NA,NA,0,0,0,0,0,0,0,0,0,0,NA,NA,17861034,"ZM"
"Zambia","ZMB","","","NAT_TOTAL",2020-01-07,0,NA,0,NA,0,NA,0,NA,0,NA,0,NA,0,NA,0,0,NA,0,0,0,0,NA,0,0,0,0,0,NA,0,NA,0,NA,NA,NA,NA,0,0,0,0,0,0,0,0,0,0,NA,NA,17861034,"ZM"
"Zambia","ZMB","","","NAT_TOTAL",2020-01-08,0,NA,0,NA,0,NA,0,NA,0,NA,0,NA,0,NA,0,0,NA,0,0,0,0,NA,0,0,0,0,0,NA,0,NA,0,NA,NA,NA,NA,0,0,0,0,0,0,0,0,0,0,NA,NA,17861034,"ZM"
"Zambia","ZMB","","","NAT_TOTAL",2020-01-09,0,NA,0,NA,0,NA,0,NA,0,NA,0,NA,0,NA,0,0,NA,0,0,0,0,NA,0,0,0,0,0,NA,0,NA,0,NA,NA,NA,NA,0,0,0,0,0,0,0,0,0,0,NA,NA,17861034,"ZM"
"Zambia","ZMB","","","NAT_TOTAL",2020-01-10,0,NA,0,NA,0,NA,0,NA,0,NA,0,NA,0,NA,0,0,NA,0,0,0,0,NA,0,0,0,0,0,NA,0,NA,0,NA,NA,NA,NA,0,0,0,0,0,0,0,0,0,0,NA,NA,17861034,"ZM"
"Zambia","ZMB","","","NAT_TOTAL",2020-01-11,0,NA,0,NA,0,NA,0,NA,0,NA,0,NA,0,NA,0,0,NA,0,0,0,0,NA,0,0,0,0,0,NA,0,NA,0,NA,NA,NA,NA,0,0,0,0,0,0,0,0,0,0,NA,NA,17861034,"ZM"
"Zambia","ZMB","","","NAT_TOTAL",2020-01-12,0,NA,0,NA,0,NA,0,NA,0,NA,0,NA,0,NA,0,0,NA,0,0,0,0,NA,0,0,0,0,0,NA,0,NA,0,NA,NA,NA,NA,0,0,0,0,0,0,0,0,0,0,NA,NA,17861034,"ZM"
"Zambia","ZMB","","","NAT_TOTAL",2020-01-13,0,NA,0,NA,0,NA,0,NA,0,NA,0,NA,0,NA,0,0,NA,0,0,0,0,NA,0,0,0,0,0,NA,0,NA,0,NA,NA,NA,NA,0,0,0,0,0,0,0,0,0,0,NA,NA,17861034,"ZM"
"Zambia","ZMB","","","NAT_TOTAL",2020-01-14,0,NA,0,NA,0,NA,0,NA,0,NA,0,NA,0,NA,0,0,NA,0,0,0,0,NA,0,0,0,0,0,NA,0,NA,0,NA,NA,NA,NA,0,0,0,0,0,0,0,0,0,0,NA,NA,17861034,"ZM"
"Zambia","ZMB","","","NAT_TOTAL",2020-01-15,0,NA,0,NA,0,NA,0,NA,0,NA,0,NA,0,NA,0,0,NA,0,0,0,0,NA,0,0,0,0,0,NA,0,NA,0,NA,NA,NA,NA,0,0,0,0,0,0,0,0,0,0,NA,NA,17861034,"ZM"
"Zambia","ZMB","","","NAT_TOTAL",2020-01-16,0,NA,0,NA,0,NA,0,NA,0,NA,0,NA,0,NA,0,0,NA,0,0,0,0,NA,0,0,0,0,0,NA,0,NA,0,NA,NA,NA,NA,0,0,0,0,0,0,0,0,0,0,NA,NA,17861034,"ZM"
"Zambia","ZMB","","","NAT_TOTAL",2020-01-17,0,NA,0,NA,0,NA,0,NA,0,NA,0,NA,0,NA,0,0,NA,0,0,0,0,NA,0,0,0,0,0,NA,0,NA,0,NA,NA,NA,NA,0,0,0,0,0,0,0,0,0,0,NA,NA,17861034,"ZM"
"Zambia","ZMB","","","NAT_TOTAL",2020-01-18,0,NA,0,NA,0,NA,0,NA,0,NA,0,NA,0,NA,0,0,NA,0,0,0,0,NA,0,0,0,0,0,NA,0,NA,0,NA,NA,NA,NA,0,0,0,0,0,0,0,0,0,0,NA,NA,17861034,"ZM"
"Zambia","ZMB","","","NAT_TOTAL",2020-01-19,0,NA,0,NA,0,NA,0,NA,0,NA,0,NA,0,NA,0,0,NA,0,0,0,0,NA,0,0,0,0,0,NA,0,NA,0,NA,NA,NA,NA,0,0,0,0,0,0,0,0,0,0,NA,NA,17861034,"ZM"
"Zambia","ZMB","","","NAT_TOTAL",2020-01-20,0,NA,0,NA,0,NA,0,NA,0,NA,0,NA,0,NA,0,0,NA,0,0,0,0,NA,0,0,0,0,0,NA,0,NA,0,NA,NA,NA,NA,0,0,0,0,0,0,0,0,0,0,NA,NA,17861034,"ZM"
"Zambia","ZMB","","","NAT_TOTAL",2020-01-21,0,NA,0,NA,0,NA,0,NA,0,NA,0,NA,0,NA,0,0,NA,0,0,0,0,NA,0,0,0,0,0,NA,0,NA,0,NA,NA,NA,NA,0,0,0,0,0,0,0,0,0,0,NA,NA,17861034,"ZM"
"Zambia","ZMB","","","NAT_TOTAL",2020-01-22,0,NA,0,NA,0,NA,0,NA,0,NA,0,NA,0,NA,0,0,NA,0,0,0,0,NA,0,0,0,0,0,NA,0,NA,0,NA,NA,0,0,0,0,0,0,0,0,0,0,0,0,NA,NA,17861034,"ZM"
"Zambia","ZMB","","","NAT_TOTAL",2020-01-23,0,NA,0,NA,0,NA,0,NA,0,NA,0,NA,0,NA,0,0,NA,0,0,0,0,NA,0,0,0,0,0,NA,0,NA,0,NA,NA,0,0,0,0,0,0,0,0,0,0,0,0,0,0,17861034,"ZM"
"Zambia","ZMB","","","NAT_TOTAL",2020-01-24,0,NA,0,NA,0,NA,0,NA,0,NA,0,NA,0,NA,0,0,NA,0,0,0,0,NA,0,0,0,0,0,NA,0,NA,0,NA,NA,0,0,0,0,0,0,0,0,0,0,0,0,0,0,17861034,"ZM"
"Zambia","ZMB","","","NAT_TOTAL",2020-01-25,0,NA,0,NA,0,NA,0,NA,0,NA,0,NA,0,NA,0,0,NA,0,0,0,0,NA,0,0,0,0,0,NA,0,NA,0,NA,NA,0,0,0,0,0,0,0,0,0,0,0,0,0,0,17861034,"ZM"
"Zambia","ZMB","","","NAT_TOTAL",2020-01-26,0,NA,0,NA,0,NA,0,NA,0,NA,0,NA,0,NA,0,0,NA,0,0,0,0,NA,0,0,0,0,0,NA,0,NA,0,NA,NA,0,0,0,0,0,0,0,0,0,0,0,0,0,0,17861034,"ZM"
"Zambia","ZMB","","","NAT_TOTAL",2020-01-27,0,NA,0,NA,0,NA,0,NA,0,NA,0,NA,0,NA,0,0,NA,0,0,0,0,NA,0,0,0,0,0,NA,0,NA,0,NA,NA,0,0,0,0,0,0,0,0,0,0,0,0,0,0,17861034,"ZM"
"Zambia","ZMB","","","NAT_TOTAL",2020-01-28,0,NA,0,NA,0,NA,0,NA,0,NA,0,NA,0,NA,0,0,NA,0,0,0,0,NA,0,0,0,0,0,NA,0,NA,0,NA,NA,0,0,0,0,0,0,0,0,0,0,0,0,0,0,17861034,"ZM"
"Zambia","ZMB","","","NAT_TOTAL",2020-01-29,0,NA,0,NA,0,NA,0,NA,0,NA,0,NA,0,NA,0,0,NA,0,0,0,0,NA,0,0,0,0,0,NA,0,NA,0,NA,NA,0,0,0,0,0,0,0,0,0,0,0,0,0,0,17861034,"ZM"
"Zambia","ZMB","","","NAT_TOTAL",2020-01-30,0,NA,0,NA,0,NA,0,NA,0,NA,0,NA,0,NA,0,0,NA,0,0,0,0,NA,0,0,0,0,0,NA,0,NA,0,NA,NA,0,0,0,0,0,0,0,0,0,0,0,0,0,0,17861034,"ZM"
"Zambia","ZMB","","","NAT_TOTAL",2020-01-31,0,NA,0,NA,0,NA,0,NA,0,NA,0,NA,0,NA,0,0,NA,0,0,0,0,NA,0,0,0,0,0,NA,0,NA,0,NA,NA,0,0,0,0,0,0,0,0,0,0,0,0,0,0,17861034,"ZM"
"Zambia","ZMB","","","NAT_TOTAL",2020-02-01,0,NA,0,NA,0,NA,0,NA,0,NA,0,NA,0,NA,0,0,NA,0,0,0,0,NA,0,0,0,0,0,NA,0,NA,0,NA,NA,0,0,0,0,0,0,0,0,0,0,0,0,0,0,17861034,"ZM"
"Zambia","ZMB","","","NAT_TOTAL",2020-02-02,0,NA,0,NA,0,NA,0,NA,0,NA,0,NA,0,NA,0,0,NA,0,0,0,0,NA,0,0,0,0,0,NA,0,NA,0,NA,NA,0,0,0,0,0,0,0,0,0,0,0,0,0,0,17861034,"ZM"
"Zambia","ZMB","","","NAT_TOTAL",2020-02-03,0,NA,0,NA,0,NA,0,NA,0,NA,0,NA,0,NA,0,0,NA,0,0,0,0,NA,0,0,0,0,0,NA,0,NA,0,NA,NA,0,0,0,0,0,0,0,0,0,0,0,0,0,0,17861034,"ZM"
"Zambia","ZMB","","","NAT_TOTAL",2020-02-04,0,NA,0,NA,0,NA,0,NA,0,NA,0,NA,0,NA,0,0,NA,0,0,0,0,NA,0,0,0,0,0,NA,0,NA,0,NA,NA,0,0,0,0,0,0,0,0,0,0,0,0,0,0,17861034,"ZM"
"Zambia","ZMB","","","NAT_TOTAL",2020-02-05,0,NA,0,NA,0,NA,0,NA,0,NA,0,NA,0,NA,0,0,NA,0,0,0,0,NA,0,0,0,0,0,NA,0,NA,0,NA,NA,0,0,0,0,0,0,0,0,0,0,0,0,0,0,17861034,"ZM"
"Zambia","ZMB","","","NAT_TOTAL",2020-02-06,0,NA,0,NA,0,NA,0,NA,0,NA,0,NA,0,NA,0,0,NA,0,0,0,0,NA,0,0,0,0,0,NA,0,NA,0,NA,NA,0,0,0,0,0,0,0,0,0,0,0,0,0,0,17861034,"ZM"
"Zambia","ZMB","","","NAT_TOTAL",2020-02-07,0,NA,0,NA,0,NA,0,NA,0,NA,0,NA,0,NA,0,0,NA,0,0,0,0,NA,0,0,0,0,0,NA,0,NA,0,NA,NA,0,0,0,0,0,0,0,0,0,0,0,0,0,0,17861034,"ZM"
"Zambia","ZMB","","","NAT_TOTAL",2020-02-08,0,NA,0,NA,0,NA,0,NA,0,NA,0,NA,0,NA,0,0,NA,0,0,0,0,NA,0,0,0,0,0,NA,0,NA,0,NA,NA,0,0,0,0,0,0,0,0,0,0,0,0,0,0,17861034,"ZM"
"Zambia","ZMB","","","NAT_TOTAL",2020-02-09,0,NA,0,NA,0,NA,0,NA,0,NA,0,NA,0,NA,0,0,NA,0,0,0,0,NA,0,0,0,0,0,NA,0,NA,0,NA,NA,0,0,0,0,0,0,0,0,0,0,0,0,0,0,17861034,"ZM"
"Zambia","ZMB","","","NAT_TOTAL",2020-02-10,0,NA,0,NA,0,NA,0,NA,0,NA,0,NA,0,NA,0,0,NA,0,0,0,0,NA,0,0,0,0,0,NA,0,NA,0,NA,NA,0,0,0,0,0,0,0,0,0,0,0,0,0,0,17861034,"ZM"
"Zambia","ZMB","","","NAT_TOTAL",2020-02-11,0,NA,0,NA,0,NA,0,NA,0,NA,0,NA,0,NA,0,0,NA,0,0,0,0,NA,0,0,0,0,0,NA,0,NA,0,NA,NA,0,0,0,0,0,0,0,0,0,0,0,0,0,0,17861034,"ZM"
"Zambia","ZMB","","","NAT_TOTAL",2020-02-12,0,NA,0,NA,0,NA,0,NA,0,NA,0,NA,0,NA,0,0,NA,0,0,0,0,NA,0,0,0,0,0,NA,0,NA,0,NA,NA,0,0,0,0,0,0,0,0,0,0,0,0,0,0,17861034,"ZM"
"Zambia","ZMB","","","NAT_TOTAL",2020-02-13,0,NA,0,NA,0,NA,0,NA,0,NA,0,NA,0,NA,0,0,NA,0,0,0,0,NA,0,0,0,0,0,NA,0,NA,0,NA,NA,0,0,0,0,0,0,0,0,0,0,0,0,0,0,17861034,"ZM"
"Zambia","ZMB","","","NAT_TOTAL",2020-02-14,0,NA,0,NA,0,NA,0,NA,0,NA,0,NA,0,NA,0,0,NA,0,0,0,0,NA,0,0,0,0,0,NA,0,NA,0,NA,NA,0,0,0,0,0,0,0,0,0,0,0,0,0,0,17861034,"ZM"
"Zambia","ZMB","","","NAT_TOTAL",2020-02-15,0,NA,0,NA,0,NA,0,NA,0,NA,0,NA,0,NA,0,0,NA,0,0,0,0,NA,0,0,0,0,0,NA,0,NA,0,NA,NA,0,0,0,0,0,0,0,0,0,0,0,0,0,0,17861034,"ZM"
"Zambia","ZMB","","","NAT_TOTAL",2020-02-16,0,NA,0,NA,0,NA,0,NA,0,NA,0,NA,0,NA,0,0,NA,0,0,0,0,NA,0,0,0,0,0,NA,0,NA,0,NA,NA,0,0,0,0,0,0,0,0,0,0,0,0,0,0,17861034,"ZM"
"Zambia","ZMB","","","NAT_TOTAL",2020-02-17,0,NA,0,NA,0,NA,0,NA,0,NA,0,NA,0,NA,0,0,NA,0,0,0,0,NA,0,0,0,0,0,NA,0,NA,0,NA,NA,0,0,0,0,0,0,0,0,0,0,0,0,0,0,17861034,"ZM"
"Zambia","ZMB","","","NAT_TOTAL",2020-02-18,0,NA,0,NA,0,NA,0,NA,0,NA,0,NA,0,NA,0,0,NA,0,0,0,0,NA,0,0,0,0,0,NA,0,NA,0,NA,NA,0,0,0,0,0,0,0,0,0,0,0,0,0,0,17861034,"ZM"
"Zambia","ZMB","","","NAT_TOTAL",2020-02-19,0,NA,0,NA,0,NA,0,NA,0,NA,0,NA,0,NA,0,0,NA,0,0,0,0,NA,0,0,0,0,0,NA,0,NA,0,NA,NA,0,0,0,0,0,0,0,0,0,0,0,0,0,0,17861034,"ZM"
"Zambia","ZMB","","","NAT_TOTAL",2020-02-20,0,NA,0,NA,0,NA,0,NA,0,NA,0,NA,0,NA,0,0,NA,0,0,0,0,NA,0,0,0,0,0,NA,0,NA,0,NA,NA,0,0,0,0,0,0,0,0,0,0,0,0,0,0,17861034,"ZM"
"Zambia","ZMB","","","NAT_TOTAL",2020-02-21,0,NA,0,NA,0,NA,0,NA,0,NA,0,NA,0,NA,2,0,NA,0,0,0,2,1,0,0,0,0,0,NA,0,NA,0,NA,NA,0,0,16.67,16.67,21.43,21.43,9.38,9.38,10.71,10.71,0,0,0,0,17861034,"ZM"
"Zambia","ZMB","","","NAT_TOTAL",2020-02-22,0,NA,0,NA,0,NA,0,NA,0,NA,0,NA,0,NA,2,0,NA,0,0,0,2,1,0,0,0,0,0,NA,0,NA,0,NA,NA,0,0,16.67,16.67,21.43,21.43,9.38,9.38,10.71,10.71,0,0,0,0,17861034,"ZM"
"Zambia","ZMB","","","NAT_TOTAL",2020-02-23,0,NA,0,NA,0,NA,0,NA,0,NA,0,NA,0,NA,2,0,NA,0,0,0,2,1,0,0,0,0,0,NA,0,NA,0,NA,NA,0,0,16.67,16.67,21.43,21.43,9.38,9.38,10.71,10.71,0,0,0,0,17861034,"ZM"
"Zambia","ZMB","","","NAT_TOTAL",2020-02-24,0,NA,0,NA,0,NA,0,NA,0,NA,0,NA,0,NA,2,0,NA,0,0,0,2,1,0,0,0,0,0,NA,0,NA,0,NA,NA,0,0,16.67,16.67,21.43,21.43,9.38,9.38,10.71,10.71,0,0,0,0,17861034,"ZM"
"Zambia","ZMB","","","NAT_TOTAL",2020-02-25,0,NA,0,NA,0,NA,0,NA,0,NA,0,NA,0,NA,2,0,NA,0,0,0,2,1,0,0,0,0,0,NA,0,NA,0,NA,NA,0,0,16.67,16.67,21.43,21.43,9.38,9.38,10.71,10.71,0,0,0,0,17861034,"ZM"
"Zambia","ZMB","","","NAT_TOTAL",2020-02-26,0,NA,0,NA,0,NA,0,NA,0,NA,0,NA,0,NA,2,0,NA,0,0,0,2,1,0,0,0,0,0,NA,0,NA,0,NA,NA,0,0,16.67,16.67,21.43,21.43,9.38,9.38,10.71,10.71,0,0,0,0,17861034,"ZM"
"Zambia","ZMB","","","NAT_TOTAL",2020-02-27,0,NA,0,NA,0,NA,0,NA,0,NA,0,NA,0,NA,2,0,NA,0,0,0,2,1,0,0,0,0,0,NA,0,NA,0,NA,NA,0,0,16.67,16.67,21.43,21.43,9.38,9.38,10.71,10.71,0,0,0,0,17861034,"ZM"
"Zambia","ZMB","","","NAT_TOTAL",2020-02-28,0,NA,0,NA,0,NA,0,NA,0,NA,0,NA,0,NA,2,0,NA,0,0,0,2,1,0,0,0,0,0,NA,0,NA,0,NA,NA,0,0,16.67,16.67,21.43,21.43,9.38,9.38,10.71,10.71,0,0,0,0,17861034,"ZM"
"Zambia","ZMB","","","NAT_TOTAL",2020-02-29,0,NA,0,NA,0,NA,0,NA,0,NA,0,NA,0,NA,2,0,NA,0,0,0,2,1,0,0,0,0,0,NA,0,NA,0,NA,NA,0,0,16.67,16.67,21.43,21.43,9.38,9.38,10.71,10.71,0,0,0,0,17861034,"ZM"
"Zambia","ZMB","","","NAT_TOTAL",2020-03-01,0,NA,0,NA,0,NA,0,NA,0,NA,0,NA,0,NA,2,0,NA,0,0,0,2,1,0,0,0,0,0,NA,0,NA,0,NA,NA,0,0,16.67,16.67,21.43,21.43,9.38,9.38,10.71,10.71,0,0,0,0,17861034,"ZM"
"Zambia","ZMB","","","NAT_TOTAL",2020-03-02,0,NA,0,NA,0,NA,0,NA,0,NA,0,NA,0,NA,2,0,NA,0,0,0,2,1,0,0,0,0,0,NA,0,NA,0,NA,NA,0,0,16.67,16.67,21.43,21.43,9.38,9.38,10.71,10.71,0,0,0,0,17861034,"ZM"
"Zambia","ZMB","","","NAT_TOTAL",2020-03-03,0,NA,0,NA,0,NA,0,NA,0,NA,0,NA,0,NA,2,0,NA,0,0,0,2,1,0,0,0,0,0,NA,0,NA,0,NA,NA,0,0,16.67,16.67,21.43,21.43,9.38,9.38,10.71,10.71,0,0,0,0,17861034,"ZM"
"Zambia","ZMB","","","NAT_TOTAL",2020-03-04,0,NA,0,NA,0,NA,0,NA,0,NA,0,NA,0,NA,2,0,NA,0,0,0,2,1,0,0,0,0,0,NA,0,NA,0,NA,NA,0,0,16.67,16.67,21.43,21.43,9.38,9.38,10.71,10.71,0,0,0,0,17861034,"ZM"
"Zambia","ZMB","","","NAT_TOTAL",2020-03-05,0,NA,0,NA,0,NA,0,NA,0,NA,0,NA,0,NA,2,0,NA,0,0,0,2,1,0,0,0,0,0,NA,0,NA,0,NA,NA,0,0,16.67,16.67,21.43,21.43,9.38,9.38,10.71,10.71,0,0,0,0,17861034,"ZM"
"Zambia","ZMB","","","NAT_TOTAL",2020-03-06,0,NA,0,NA,0,NA,0,NA,0,NA,0,NA,0,NA,2,0,NA,0,0,0,2,1,0,0,0,0,0,NA,0,NA,0,NA,NA,0,0,16.67,16.67,21.43,21.43,9.38,9.38,10.71,10.71,0,0,0,0,17861034,"ZM"
"Zambia","ZMB","","","NAT_TOTAL",2020-03-07,0,NA,0,NA,0,NA,0,NA,0,NA,0,NA,0,NA,2,0,NA,0,0,0,2,1,0,0,0,0,0,NA,0,NA,0,NA,NA,0,0,16.67,16.67,21.43,21.43,9.38,9.38,10.71,10.71,0,0,0,0,17861034,"ZM"
"Zambia","ZMB","","","NAT_TOTAL",2020-03-08,0,NA,0,NA,0,NA,0,NA,0,NA,0,NA,0,NA,2,0,NA,0,0,0,2,1,0,0,0,0,0,NA,0,NA,0,NA,NA,0,0,16.67,16.67,21.43,21.43,9.38,9.38,10.71,10.71,0,0,0,0,17861034,"ZM"
"Zambia","ZMB","","","NAT_TOTAL",2020-03-09,0,NA,0,NA,0,NA,0,NA,0,NA,0,NA,0,NA,2,0,NA,0,0,0,2,1,0,0,0,0,0,NA,0,NA,0,NA,NA,0,0,16.67,16.67,21.43,21.43,9.38,9.38,10.71,10.71,0,0,0,0,17861034,"ZM"
"Zambia","ZMB","","","NAT_TOTAL",2020-03-10,0,NA,0,NA,0,NA,0,NA,0,NA,0,NA,0,NA,2,0,NA,0,0,0,2,1,0,0,0,0,0,NA,0,NA,0,NA,NA,0,0,16.67,16.67,21.43,21.43,9.38,9.38,10.71,10.71,0,0,0,0,17861034,"ZM"
"Zambia","ZMB","","","NAT_TOTAL",2020-03-11,0,NA,0,NA,0,NA,0,NA,0,NA,0,NA,0,NA,2,0,NA,0,0,0,2,1,0,0,0,0,0,NA,0,NA,0,NA,NA,0,0,16.67,16.67,21.43,21.43,9.38,9.38,10.71,10.71,0,0,0,0,17861034,"ZM"
"Zambia","ZMB","","","NAT_TOTAL",2020-03-12,0,NA,0,NA,0,NA,0,NA,0,NA,0,NA,0,NA,2,0,NA,0,0,0,2,1,0,0,0,0,0,NA,0,NA,0,NA,NA,0,0,16.67,16.67,21.43,21.43,9.38,9.38,10.71,10.71,0,0,0,0,17861034,"ZM"
"Zambia","ZMB","","","NAT_TOTAL",2020-03-13,0,NA,0,NA,0,NA,0,NA,0,NA,0,NA,0,NA,2,0,NA,0,0,0,2,1,0,0,0,0,0,NA,0,NA,0,NA,NA,0,0,16.67,16.67,21.43,21.43,9.38,9.38,10.71,10.71,0,0,0,0,17861034,"ZM"
"Zambia","ZMB","","","NAT_TOTAL",2020-03-14,0,NA,0,NA,0,NA,0,NA,0,NA,0,NA,0,NA,2,0,NA,0,0,0,2,1,0,0,0,0,0,NA,0,NA,0,NA,NA,0,0,16.67,16.67,21.43,21.43,9.38,9.38,10.71,10.71,0,0,0,0,17861034,"ZM"
"Zambia","ZMB","","","NAT_TOTAL",2020-03-15,0,NA,0,NA,0,NA,0,NA,0,NA,0,NA,0,NA,2,0,NA,0,0,0,2,1,0,0,0,0,0,NA,0,NA,0,NA,NA,0,0,16.67,16.67,21.43,21.43,9.38,9.38,10.71,10.71,0,0,0,0,17861034,"ZM"
"Zambia","ZMB","","","NAT_TOTAL",2020-03-16,0,NA,0,NA,0,NA,0,NA,0,NA,0,NA,0,NA,2,0,NA,0,0,0,2,1,0,0,0,0,0,NA,0,NA,0,NA,NA,0,0,16.67,16.67,21.43,21.43,9.38,9.38,10.71,10.71,0,0,0,0,17861034,"ZM"
"Zambia","ZMB","","","NAT_TOTAL",2020-03-17,0,NA,0,NA,0,NA,0,NA,0,NA,0,NA,0,NA,2,0,NA,0,0,0,2,1,0,0,0,0,0,NA,0,NA,0,NA,NA,0,0,16.67,16.67,21.43,21.43,9.38,9.38,10.71,10.71,0,0,0,0,17861034,"ZM"
"Zambia","ZMB","","","NAT_TOTAL",2020-03-18,0,NA,0,NA,0,NA,0,NA,0,NA,0,NA,0,NA,2,0,NA,0,0,0,2,1,1,0,0,0,0,NA,0,NA,0,NA,NA,2,0,16.67,16.67,21.43,21.43,11.46,11.46,13.1,13.1,0,0,2,0,17861034,"ZM"
"Zambia","ZMB","","","NAT_TOTAL",2020-03-19,0,NA,0,NA,0,NA,0,NA,0,NA,0,NA,0,NA,2,0,NA,0,0,0,2,1,1,0,0,0,0,NA,0,NA,0,NA,NA,2,0,16.67,16.67,21.43,21.43,11.46,11.46,13.1,13.1,0,0,0,0,17861034,"ZM"
"Zambia","ZMB","","","NAT_TOTAL",2020-03-20,3,1,0,NA,0,NA,0,NA,0,NA,0,NA,0,NA,2,0,NA,0,0,0,2,1,1,0,0,0,0,NA,0,NA,0,NA,NA,2,0,27.78,27.78,35.71,35.71,17.71,17.71,20.24,20.24,0,0,0,0,17861034,"ZM"
"Zambia","ZMB","","","NAT_TOTAL",2020-03-21,3,1,0,NA,0,NA,0,NA,0,NA,0,NA,0,NA,2,0,NA,0,0,0,2,1,1,0,0,0,0,NA,0,NA,0,NA,NA,2,0,27.78,27.78,35.71,35.71,17.71,17.71,20.24,20.24,0,0,0,0,17861034,"ZM"
"Zambia","ZMB","","","NAT_TOTAL",2020-03-22,3,1,0,NA,0,NA,0,NA,0,NA,0,NA,0,NA,2,0,NA,0,0,0,2,1,1,0,0,0,0,NA,0,NA,0,NA,NA,3,0,27.78,27.78,35.71,35.71,17.71,17.71,20.24,20.24,0,0,1,0,17861034,"ZM"
"Zambia","ZMB","","","NAT_TOTAL",2020-03-23,3,1,0,NA,0,NA,0,NA,0,NA,0,NA,0,NA,2,0,NA,0,0,0,2,1,1,0,0,0,0,NA,0,NA,0,NA,NA,3,0,27.78,27.78,35.71,35.71,17.71,17.71,20.24,20.24,0,0,0,0,17861034,"ZM"
"Zambia","ZMB","","","NAT_TOTAL",2020-03-24,3,1,0,NA,0,NA,0,NA,0,NA,0,NA,0,NA,2,0,NA,0,0,0,2,1,1,0,0,0,0,NA,0,NA,0,NA,NA,3,0,27.78,27.78,35.71,35.71,17.71,17.71,20.24,20.24,0,0,0,0,17861034,"ZM"
"Zambia","ZMB","","","NAT_TOTAL",2020-03-25,3,1,0,NA,0,NA,0,NA,0,NA,0,NA,0,NA,2,0,NA,0,0,0,2,1,1,0,0,0,0,NA,0,NA,0,NA,NA,12,0,27.78,27.78,35.71,35.71,17.71,17.71,20.24,20.24,0,0,9,0,17861034,"ZM"
"Zambia","ZMB","","","NAT_TOTAL",2020-03-26,3,1,0,NA,0,NA,3,1,0,NA,0,NA,0,NA,2,0,NA,0,0,0,2,1,1,2,0,0,0,NA,0,NA,0,NA,NA,16,0,36.11,36.11,47.14,47.14,28.65,28.65,32.74,32.74,0,0,4,0,17861034,"ZM"
"Zambia","ZMB","","","NAT_TOTAL",2020-03-27,3,1,0,NA,0,NA,3,1,0,NA,0,NA,0,NA,4,0,NA,0,0,0,2,1,1,2,0,0,0,NA,0,NA,0,NA,NA,22,0,41.67,41.67,54.29,54.29,31.77,31.77,36.31,36.31,0,0,6,0,17861034,"ZM"
"Zambia","ZMB","","","NAT_TOTAL",2020-03-28,3,1,0,NA,0,NA,3,1,0,NA,0,NA,0,NA,4,0,NA,1,133956000,0,2,1,1,2,38360000,0,0,NA,0,NA,0,NA,NA,28,0,41.67,41.67,54.29,54.29,34.9,34.9,36.31,36.31,25,25,6,0,17861034,"ZM"
"Zambia","ZMB","","","NAT_TOTAL",2020-03-29,3,1,0,NA,0,NA,3,1,0,NA,0,NA,1,1,4,0,NA,1,0,0,2,1,1,2,0,0,0,NA,0,NA,0,NA,NA,29,0,47.22,47.22,63.81,63.81,38.02,38.02,39.88,39.88,25,25,1,0,17861034,"ZM"
"Zambia","ZMB","","","NAT_TOTAL",2020-03-30,3,1,0,NA,0,NA,3,1,0,NA,0,NA,1,1,4,0,NA,1,0,0,2,1,1,2,0,0,0,NA,0,NA,0,NA,NA,35,0,47.22,47.22,63.81,63.81,38.02,38.02,39.88,39.88,25,25,6,0,17861034,"ZM"
"Zambia","ZMB","","","NAT_TOTAL",2020-03-31,3,1,0,NA,0,NA,3,1,0,NA,0,NA,1,1,4,0,NA,1,0,0,2,1,1,2,0,0,0,NA,0,NA,0,NA,NA,35,0,47.22,47.22,63.81,63.81,38.02,38.02,39.88,39.88,25,25,0,0,17861034,"ZM"
"Zambia","ZMB","","","NAT_TOTAL",2020-04-01,3,1,0,NA,0,NA,3,1,0,NA,0,NA,1,1,4,0,NA,1,0,0,2,1,1,2,0,0,0,NA,0,NA,0,NA,NA,36,0,47.22,47.22,63.81,63.81,38.02,38.02,39.88,39.88,25,25,1,0,17861034,"ZM"
"Zambia","ZMB","","","NAT_TOTAL",2020-04-02,3,1,0,NA,0,NA,3,1,0,NA,0,NA,1,1,4,0,NA,1,0,0,2,1,1,2,0,0,0,NA,0,NA,0,NA,NA,39,1,47.22,47.22,63.81,63.81,38.02,38.02,39.88,39.88,25,25,3,1,17861034,"ZM"
"Zambia","ZMB","","","NAT_TOTAL",2020-04-03,3,1,0,NA,0,NA,3,1,0,NA,0,NA,1,1,4,0,NA,1,0,0,2,1,1,2,0,0,0,NA,0,NA,0,NA,NA,39,1,47.22,47.22,63.81,63.81,38.02,38.02,39.88,39.88,25,25,0,0,17861034,"ZM"
"Zambia","ZMB","","","NAT_TOTAL",2020-04-04,3,1,0,NA,0,NA,3,1,0,NA,0,NA,1,1,4,0,NA,1,0,0,2,1,1,2,0,0,0,NA,0,NA,0,NA,NA,39,1,47.22,47.22,63.81,63.81,38.02,38.02,39.88,39.88,25,25,0,0,17861034,"ZM"
"Zambia","ZMB","","","NAT_TOTAL",2020-04-05,3,1,0,NA,0,NA,3,1,0,NA,0,NA,1,1,4,0,NA,1,0,0,2,1,1,2,0,0,0,NA,0,NA,0,NA,NA,39,1,47.22,47.22,63.81,63.81,38.02,38.02,39.88,39.88,25,25,0,0,17861034,"ZM"
"Zambia","ZMB","","","NAT_TOTAL",2020-04-06,3,1,0,NA,0,NA,3,1,0,NA,0,NA,1,1,4,0,NA,1,0,0,2,1,1,2,0,0,0,NA,0,NA,0,NA,NA,39,1,47.22,47.22,63.81,63.81,38.02,38.02,39.88,39.88,25,25,0,0,17861034,"ZM"
"Zambia","ZMB","","","NAT_TOTAL",2020-04-07,3,1,0,NA,0,NA,3,1,0,NA,0,NA,1,1,4,0,NA,1,0,0,2,1,1,2,0,0,0,NA,0,NA,0,NA,NA,39,1,47.22,47.22,63.81,63.81,38.02,38.02,39.88,39.88,25,25,0,0,17861034,"ZM"
"Zambia","ZMB","","","NAT_TOTAL",2020-04-08,3,1,0,NA,0,NA,3,1,0,NA,0,NA,1,1,4,0,NA,1,0,0,2,1,1,2,0,0,0,NA,0,NA,0,NA,NA,39,1,47.22,47.22,63.81,63.81,38.02,38.02,39.88,39.88,25,25,0,0,17861034,"ZM"
"Zambia","ZMB","","","NAT_TOTAL",2020-04-09,3,1,0,NA,0,NA,3,1,0,NA,1,1,1,1,4,0,NA,1,0,0,2,1,1,2,0,0,0,NA,0,NA,0,NA,NA,39,1,50.93,50.93,63.81,63.81,40.1,40.1,42.26,42.26,25,25,0,0,17861034,"ZM"
"Zambia","ZMB","","","NAT_TOTAL",2020-04-10,3,1,0,NA,0,NA,3,1,0,NA,1,1,1,1,4,0,NA,1,0,0,2,1,1,2,0,0,0,NA,0,NA,0,NA,NA,40,2,50.93,50.93,63.81,63.81,40.1,40.1,42.26,42.26,25,25,1,1,17861034,"ZM"
"Zambia","ZMB","","","NAT_TOTAL",2020-04-11,3,1,0,NA,0,NA,3,1,0,NA,1,1,1,1,4,0,NA,1,0,0,2,1,1,2,0,0,0,NA,0,NA,0,NA,NA,40,2,50.93,50.93,63.81,63.81,40.1,40.1,42.26,42.26,25,25,0,0,17861034,"ZM"
"Zambia","ZMB","","","NAT_TOTAL",2020-04-12,3,1,0,NA,0,NA,3,1,0,NA,1,1,1,1,4,0,NA,1,0,0,2,1,1,2,0,0,0,NA,0,NA,0,NA,NA,43,2,50.93,50.93,63.81,63.81,40.1,40.1,42.26,42.26,25,25,3,0,17861034,"ZM"
"Zambia","ZMB","","","NAT_TOTAL",2020-04-13,3,1,0,NA,0,NA,3,1,0,NA,1,1,1,1,4,0,NA,1,0,0,2,1,1,2,0,0,0,NA,0,NA,0,NA,NA,45,2,50.93,50.93,63.81,63.81,40.1,40.1,42.26,42.26,25,25,2,0,17861034,"ZM"
"Zambia","ZMB","","","NAT_TOTAL",2020-04-14,3,1,0,NA,0,NA,3,1,0,NA,1,1,2,0,4,0,NA,1,0,0,2,1,1,2,0,0,0,NA,0,NA,0,NA,NA,45,2,53.7,53.7,63.81,63.81,41.67,41.67,44.05,44.05,25,25,0,0,17861034,"ZM"
"Zambia","ZMB","","","NAT_TOTAL",2020-04-15,3,1,0,NA,2,0,4,0,0,NA,2,0,2,0,4,0,NA,1,0,0,2,1,1,2,0,0,0,NA,0,NA,0,NA,NA,48,2,65.28,65.28,63.81,63.81,48.18,48.18,51.49,51.49,25,25,3,0,17861034,"ZM"
"Zambia","ZMB","","","NAT_TOTAL",2020-04-16,3,1,0,NA,2,0,4,0,0,NA,2,0,2,0,4,0,NA,1,0,0,2,1,1,2,0,0,3,1,0,NA,0,NA,NA,48,2,65.28,65.28,63.81,63.81,52.86,52.86,56.85,56.85,25,25,0,0,17861034,"ZM"
"Zambia","ZMB","","","NAT_TOTAL",2020-04-17,3,1,0,NA,2,0,4,0,0,NA,2,0,2,0,4,0,NA,1,0,0,2,1,1,2,0,0,3,1,0,NA,0,NA,NA,52,2,65.28,65.28,63.81,63.81,52.86,52.86,56.85,56.85,25,25,4,0,17861034,"ZM"
"Zambia","ZMB","","","NAT_TOTAL",2020-04-18,3,1,0,NA,2,0,4,0,0,NA,2,0,2,0,4,0,NA,1,0,0,2,1,1,2,0,0,3,1,0,NA,0,NA,NA,57,2,65.28,65.28,63.81,63.81,52.86,52.86,56.85,56.85,25,25,5,0,17861034,"ZM"
"Zambia","ZMB","","","NAT_TOTAL",2020-04-19,3,1,0,NA,2,0,4,0,0,NA,2,0,2,0,4,0,NA,1,0,0,2,1,1,2,0,0,3,1,0,NA,0,NA,NA,61,3,65.28,65.28,63.81,63.81,52.86,52.86,56.85,56.85,25,25,4,1,17861034,"ZM"
"Zambia","ZMB","","","NAT_TOTAL",2020-04-20,3,1,0,NA,2,0,4,0,0,NA,2,0,2,0,4,0,NA,1,0,0,2,1,1,2,0,0,3,1,0,NA,0,NA,NA,65,3,65.28,65.28,63.81,63.81,52.86,52.86,56.85,56.85,25,25,4,0,17861034,"ZM"
"Zambia","ZMB","","","NAT_TOTAL",2020-04-21,3,1,0,NA,2,0,4,0,0,NA,2,0,2,0,4,0,NA,1,0,0,2,1,1,2,0,0,3,1,0,NA,0,NA,NA,70,3,65.28,65.28,63.81,63.81,52.86,52.86,56.85,56.85,25,25,5,0,17861034,"ZM"
"Zambia","ZMB","","","NAT_TOTAL",2020-04-22,3,1,0,NA,2,0,4,0,0,NA,2,0,2,0,4,0,NA,1,0,0,2,1,1,2,0,0,3,1,0,NA,0,NA,NA,74,3,65.28,65.28,63.81,63.81,52.86,52.86,56.85,56.85,25,25,4,0,17861034,"ZM"
"Zambia","ZMB","","","NAT_TOTAL",2020-04-23,3,1,0,NA,2,0,4,0,0,NA,2,0,2,0,4,0,NA,1,0,0,2,1,1,2,0,0,3,1,0,NA,0,NA,NA,76,3,65.28,65.28,63.81,63.81,52.86,52.86,56.85,56.85,25,25,2,0,17861034,"ZM"
"Zambia","ZMB","","","NAT_TOTAL",2020-04-24,3,1,0,NA,2,0,4,0,0,NA,2,0,2,0,4,0,NA,1,0,0,2,1,1,2,0,0,3,1,0,NA,0,NA,NA,84,3,65.28,65.28,63.81,63.81,52.86,52.86,56.85,56.85,25,25,8,0,17861034,"ZM"
"Zambia","ZMB","","","NAT_TOTAL",2020-04-25,3,1,0,NA,2,0,4,0,0,NA,2,0,2,0,4,0,NA,1,0,0,2,1,1,2,0,0,3,1,0,NA,0,NA,NA,84,3,65.28,65.28,63.81,63.81,52.86,52.86,56.85,56.85,25,25,0,0,17861034,"ZM"
"Zambia","ZMB","","","NAT_TOTAL",2020-04-26,3,1,0,NA,2,0,4,0,0,NA,2,0,2,0,4,0,NA,1,0,0,2,1,1,2,0,0,3,1,0,NA,0,NA,NA,88,3,65.28,65.28,63.81,63.81,52.86,52.86,56.85,56.85,25,25,4,0,17861034,"ZM"
"Zambia","ZMB","","","NAT_TOTAL",2020-04-27,3,1,0,NA,2,0,4,0,0,NA,2,0,2,0,4,0,NA,1,0,0,2,1,1,2,0,0,3,1,0,NA,0,NA,NA,88,3,65.28,65.28,63.81,63.81,52.86,52.86,56.85,56.85,25,25,0,0,17861034,"ZM"
"Zambia","ZMB","","","NAT_TOTAL",2020-04-28,3,1,0,NA,2,0,4,0,0,NA,2,0,2,0,4,0,NA,1,0,0,2,1,1,2,0,0,3,1,0,NA,0,NA,NA,95,3,65.28,65.28,63.81,63.81,52.86,52.86,56.85,56.85,25,25,7,0,17861034,"ZM"
"Zambia","ZMB","","","NAT_TOTAL",2020-04-29,3,1,0,NA,2,0,4,0,0,NA,2,0,2,0,4,0,NA,1,0,0,2,1,1,2,0,0,3,1,0,NA,0,NA,NA,97,3,65.28,65.28,63.81,63.81,52.86,52.86,56.85,56.85,25,25,2,0,17861034,"ZM"
"Zambia","ZMB","","","NAT_TOTAL",2020-04-30,3,1,0,NA,2,0,4,0,0,NA,2,0,2,0,4,0,NA,1,0,0,2,1,1,2,0,0,3,1,0,NA,0,NA,NA,106,3,65.28,65.28,63.81,63.81,52.86,52.86,56.85,56.85,25,25,9,0,17861034,"ZM"
"Zambia","ZMB","","","NAT_TOTAL",2020-05-01,3,1,0,NA,2,0,4,0,0,NA,2,0,2,0,4,0,NA,1,0,0,2,1,1,2,0,0,3,1,0,NA,0,NA,NA,109,3,65.28,65.28,63.81,63.81,52.86,52.86,56.85,56.85,25,25,3,0,17861034,"ZM"
"Zambia","ZMB","","","NAT_TOTAL",2020-05-02,3,1,3,1,2,0,4,0,0,NA,2,0,2,0,2,0,NA,1,0,0,2,1,1,2,0,0,3,1,0,NA,0,NA,NA,119,3,70.83,70.83,70.95,70.95,55.99,55.99,60.42,60.42,25,25,10,0,17861034,"ZM"
"Zambia","ZMB","","","NAT_TOTAL",2020-05-03,3,1,3,1,2,0,4,0,0,NA,2,0,2,0,2,0,NA,1,0,0,2,1,1,2,0,0,3,1,0,NA,0,NA,NA,124,3,70.83,70.83,70.95,70.95,55.99,55.99,60.42,60.42,25,25,5,0,17861034,"ZM"
"Zambia","ZMB","","","NAT_TOTAL",2020-05-04,3,1,3,1,2,0,4,0,0,NA,2,0,2,0,2,0,NA,1,0,0,2,1,1,2,0,0,3,1,0,NA,0,NA,NA,137,3,70.83,70.83,70.95,70.95,55.99,55.99,60.42,60.42,25,25,13,0,17861034,"ZM"
"Zambia","ZMB","","","NAT_TOTAL",2020-05-05,3,1,3,1,2,0,4,0,0,NA,2,0,2,0,2,0,NA,1,0,0,2,1,1,2,0,0,3,1,0,NA,0,NA,NA,138,3,70.83,70.83,70.95,70.95,55.99,55.99,60.42,60.42,25,25,1,0,17861034,"ZM"
"Zambia","ZMB","","","NAT_TOTAL",2020-05-06,3,1,3,1,2,0,4,0,0,NA,2,0,2,0,2,0,NA,1,0,0,2,1,1,2,0,0,3,1,0,NA,0,NA,NA,146,4,70.83,70.83,70.95,70.95,55.99,55.99,60.42,60.42,25,25,8,1,17861034,"ZM"
"Zambia","ZMB","","","NAT_TOTAL",2020-05-07,3,1,3,1,2,0,4,0,0,NA,2,0,2,0,2,0,NA,1,0,0,2,1,1,2,0,0,3,1,0,NA,0,NA,NA,153,4,70.83,70.83,70.95,70.95,55.99,55.99,60.42,60.42,25,25,7,0,17861034,"ZM"
"Zambia","ZMB","","","NAT_TOTAL",2020-05-08,3,1,2,1,0,NA,3,1,0,NA,0,NA,0,NA,2,0,NA,1,0,0,2,1,1,2,0,0,3,1,0,NA,0,NA,NA,167,4,43.52,43.52,57.86,57.86,40.62,40.62,42.86,42.86,25,25,14,0,17861034,"ZM"
"Zambia","ZMB","","","NAT_TOTAL",2020-05-09,3,1,2,1,0,NA,3,1,0,NA,0,NA,0,NA,2,0,NA,1,0,0,2,1,1,2,0,0,3,1,0,NA,0,NA,NA,252,7,43.52,43.52,57.86,57.86,40.62,40.62,42.86,42.86,25,25,85,3,17861034,"ZM"
"Zambia","ZMB","","","NAT_TOTAL",2020-05-10,3,1,2,1,0,NA,3,1,0,NA,0,NA,0,NA,2,0,NA,1,0,0,2,1,1,2,0,0,3,1,0,NA,0,NA,NA,267,7,43.52,43.52,57.86,57.86,40.62,40.62,42.86,42.86,25,25,15,0,17861034,"ZM"
"Zambia","ZMB","","","NAT_TOTAL",2020-05-11,3,1,2,1,0,NA,3,1,0,NA,0,NA,0,NA,2,0,NA,1,0,0,2,1,1,2,0,0,3,1,0,NA,0,NA,NA,267,7,43.52,43.52,57.86,57.86,40.62,40.62,42.86,42.86,25,25,0,0,17861034,"ZM"
"Zambia","ZMB","","","NAT_TOTAL",2020-05-12,3,1,2,1,0,NA,3,1,0,NA,0,NA,0,NA,2,0,NA,1,0,0,2,1,1,2,0,0,3,1,0,NA,0,NA,NA,441,7,43.52,43.52,57.86,57.86,40.62,40.62,42.86,42.86,25,25,174,0,17861034,"ZM"
"Zambia","ZMB","","","NAT_TOTAL",2020-05-13,3,1,2,1,0,NA,3,1,0,NA,0,NA,0,NA,2,0,NA,1,0,0,2,1,1,2,0,0,3,1,0,NA,0,NA,NA,446,7,43.52,43.52,57.86,57.86,40.62,40.62,42.86,42.86,25,25,5,0,17861034,"ZM"
"Zambia","ZMB","","","NAT_TOTAL",2020-05-14,3,1,2,1,0,NA,3,1,0,NA,0,NA,0,NA,2,0,NA,1,0,0,2,1,1,2,0,0,3,1,0,NA,0,NA,NA,654,7,43.52,43.52,57.86,57.86,40.62,40.62,42.86,42.86,25,25,208,0,17861034,"ZM"
"Zambia","ZMB","","","NAT_TOTAL",2020-05-15,3,1,2,1,0,NA,3,1,0,NA,0,NA,0,NA,2,0,NA,1,0,0,2,1,1,2,0,0,3,1,0,NA,0,NA,NA,654,7,43.52,43.52,57.86,57.86,40.62,40.62,42.86,42.86,25,25,0,0,17861034,"ZM"
"Zambia","ZMB","","","NAT_TOTAL",2020-05-16,3,1,2,1,0,NA,3,1,0,NA,0,NA,0,NA,2,0,NA,1,0,0,2,1,1,2,0,0,3,1,0,NA,0,NA,NA,679,7,43.52,43.52,57.86,57.86,40.62,40.62,42.86,42.86,25,25,25,0,17861034,"ZM"
"Zambia","ZMB","","","NAT_TOTAL",2020-05-17,3,1,2,1,0,NA,3,1,0,NA,0,NA,0,NA,2,0,NA,1,0,0,2,1,1,2,0,0,3,1,0,NA,0,NA,NA,753,7,43.52,43.52,57.86,57.86,40.62,40.62,42.86,42.86,25,25,74,0,17861034,"ZM"
"Zambia","ZMB","","","NAT_TOTAL",2020-05-18,3,1,2,1,0,NA,3,1,0,NA,0,NA,0,NA,2,0,NA,1,0,0,2,1,1,2,0,0,3,1,0,NA,0,NA,NA,761,7,43.52,43.52,57.86,57.86,40.62,40.62,42.86,42.86,25,25,8,0,17861034,"ZM"
"Zambia","ZMB","","","NAT_TOTAL",2020-05-19,3,1,2,1,0,NA,3,1,0,NA,0,NA,0,NA,2,0,NA,1,0,0,2,1,1,2,0,0,3,1,0,NA,0,NA,NA,772,7,43.52,43.52,57.86,57.86,40.62,40.62,42.86,42.86,25,25,11,0,17861034,"ZM"
"Zambia","ZMB","","","NAT_TOTAL",2020-05-20,3,1,2,1,0,NA,3,1,0,NA,0,NA,0,NA,2,0,NA,1,0,0,2,1,1,2,0,0,3,1,0,NA,0,NA,NA,832,7,43.52,43.52,57.86,57.86,40.62,40.62,42.86,42.86,25,25,60,0,17861034,"ZM"
"Zambia","ZMB","","","NAT_TOTAL",2020-05-21,3,1,2,1,0,NA,3,1,0,NA,0,NA,0,NA,2,0,NA,1,0,0,2,1,1,2,0,0,3,1,0,NA,0,NA,NA,866,7,43.52,43.52,57.86,57.86,40.62,40.62,42.86,42.86,25,25,34,0,17861034,"ZM"
"Zambia","ZMB","","","NAT_TOTAL",2020-05-22,3,1,2,1,0,NA,3,1,0,NA,0,NA,0,NA,2,0,NA,1,0,0,2,1,1,2,0,0,3,1,0,NA,0,NA,NA,920,7,43.52,43.52,57.86,57.86,40.62,40.62,42.86,42.86,25,25,54,0,17861034,"ZM"
"Zambia","ZMB","","","NAT_TOTAL",2020-05-23,3,1,2,1,0,NA,3,1,0,NA,0,NA,0,NA,2,0,NA,1,0,0,2,1,1,2,0,0,3,1,0,NA,0,NA,NA,920,7,43.52,43.52,57.86,57.86,40.62,40.62,42.86,42.86,25,25,0,0,17861034,"ZM"
"Zambia","ZMB","","","NAT_TOTAL",2020-05-24,3,1,2,1,0,NA,3,1,0,NA,0,NA,0,NA,2,0,NA,1,0,0,2,1,1,2,0,0,3,1,0,NA,0,NA,NA,920,7,43.52,43.52,57.86,57.86,40.62,40.62,42.86,42.86,25,25,0,0,17861034,"ZM"
"Zambia","ZMB","","","NAT_TOTAL",2020-05-25,3,1,2,1,0,NA,3,1,0,NA,0,NA,0,NA,2,0,NA,1,0,0,2,1,1,2,0,0,3,1,0,NA,0,NA,NA,920,7,43.52,43.52,57.86,57.86,40.62,40.62,42.86,42.86,25,25,0,0,17861034,"ZM"
"Zambia","ZMB","","","NAT_TOTAL",2020-05-26,3,1,2,1,0,NA,3,1,0,NA,0,NA,0,NA,2,0,NA,1,0,0,2,1,1,2,0,0,3,1,0,NA,0,NA,NA,920,7,43.52,43.52,57.86,57.86,40.62,40.62,42.86,42.86,25,25,0,0,17861034,"ZM"
"Zambia","ZMB","","","NAT_TOTAL",2020-05-27,3,1,2,1,0,NA,3,1,0,NA,0,NA,0,NA,2,0,NA,1,0,0,2,1,1,2,0,0,3,1,0,NA,0,NA,NA,1057,7,43.52,43.52,57.86,57.86,40.62,40.62,42.86,42.86,25,25,137,0,17861034,"ZM"
"Zambia","ZMB","","","NAT_TOTAL",2020-05-28,3,1,2,1,0,NA,3,1,0,NA,0,NA,0,NA,2,0,NA,1,0,0,2,1,1,2,0,0,3,1,0,NA,0,NA,NA,1057,7,43.52,43.52,57.86,57.86,40.62,40.62,42.86,42.86,25,25,0,0,17861034,"ZM"
"Zambia","ZMB","","","NAT_TOTAL",2020-05-29,3,1,2,1,0,NA,3,1,0,NA,0,NA,0,NA,2,0,NA,1,0,0,2,1,1,2,0,0,3,1,0,NA,0,NA,NA,1057,7,43.52,43.52,57.86,57.86,40.62,40.62,42.86,42.86,25,25,0,0,17861034,"ZM"
"Zambia","ZMB","","","NAT_TOTAL",2020-05-30,3,1,2,1,0,NA,3,1,0,NA,0,NA,0,NA,2,0,NA,1,0,0,2,1,1,2,0,0,3,1,0,NA,0,NA,NA,1057,7,43.52,43.52,57.86,57.86,40.62,40.62,42.86,42.86,25,25,0,0,17861034,"ZM"
"Zambia","ZMB","","","NAT_TOTAL",2020-05-31,3,1,2,1,0,NA,3,1,0,NA,0,NA,0,NA,2,0,NA,1,0,0,2,1,1,2,0,0,3,1,0,NA,0,NA,NA,1057,7,43.52,43.52,57.86,57.86,40.62,40.62,42.86,42.86,25,25,0,0,17861034,"ZM"
"Zambia","ZMB","","","NAT_TOTAL",2020-06-01,2,1,2,1,0,NA,3,1,0,NA,0,NA,0,NA,2,0,NA,1,0,0,2,1,1,2,0,0,3,1,0,NA,0,NA,NA,1089,7,39.81,39.81,54.29,54.29,38.54,38.54,40.48,40.48,25,25,32,0,17861034,"ZM"
"Zambia","ZMB","","","NAT_TOTAL",2020-06-02,2,1,2,1,0,NA,3,1,0,NA,0,NA,0,NA,2,0,NA,1,0,0,2,1,1,2,0,0,3,1,0,NA,0,NA,NA,1089,7,39.81,39.81,54.29,54.29,38.54,38.54,40.48,40.48,25,25,0,0,17861034,"ZM"
"Zambia","ZMB","","","NAT_TOTAL",2020-06-03,2,1,2,1,0,NA,3,1,0,NA,0,NA,0,NA,2,0,NA,1,0,0,2,1,1,2,0,0,3,1,0,NA,0,NA,NA,1089,7,39.81,39.81,54.29,54.29,38.54,38.54,40.48,40.48,25,25,0,0,17861034,"ZM"
"Zambia","ZMB","","","NAT_TOTAL",2020-06-04,2,1,2,1,0,NA,3,1,0,NA,0,NA,0,NA,2,0,NA,1,0,0,2,1,1,2,0,0,3,1,0,NA,0,NA,NA,1089,7,39.81,39.81,54.29,54.29,38.54,38.54,40.48,40.48,25,25,0,0,17861034,"ZM"
"Zambia","ZMB","","","NAT_TOTAL",2020-06-05,2,1,2,1,0,NA,3,1,0,NA,0,NA,0,NA,2,0,NA,1,0,0,2,1,1,2,0,0,3,1,0,NA,0,NA,NA,1089,7,39.81,39.81,54.29,54.29,38.54,38.54,40.48,40.48,25,25,0,0,17861034,"ZM"
"Zambia","ZMB","","","NAT_TOTAL",2020-06-06,2,1,2,1,0,NA,3,1,0,NA,0,NA,0,NA,2,0,NA,1,0,0,2,1,1,2,0,0,3,1,0,NA,0,NA,NA,1089,7,39.81,39.81,54.29,54.29,38.54,38.54,40.48,40.48,25,25,0,0,17861034,"ZM"
"Zambia","ZMB","","","NAT_TOTAL",2020-06-07,2,1,2,1,0,NA,3,1,0,NA,0,NA,0,NA,2,0,NA,1,0,0,2,1,1,2,0,0,3,1,0,NA,0,NA,NA,1089,7,39.81,39.81,54.29,54.29,38.54,38.54,40.48,40.48,25,25,0,0,17861034,"ZM"
"Zambia","ZMB","","","NAT_TOTAL",2020-06-08,2,1,2,1,0,NA,3,1,0,NA,0,NA,0,NA,2,0,NA,1,0,0,2,1,1,2,0,0,3,1,0,NA,0,NA,NA,1200,10,39.81,39.81,54.29,54.29,38.54,38.54,40.48,40.48,25,25,111,3,17861034,"ZM"
"Zambia","ZMB","","","NAT_TOTAL",2020-06-09,2,1,2,1,0,NA,3,1,0,NA,0,NA,0,NA,2,0,NA,1,0,0,2,1,1,2,0,0,3,1,0,NA,0,NA,NA,1200,10,39.81,39.81,54.29,54.29,38.54,38.54,40.48,40.48,25,25,0,0,17861034,"ZM"
"Zambia","ZMB","","","NAT_TOTAL",2020-06-10,2,1,2,1,0,NA,3,1,0,NA,0,NA,0,NA,2,0,NA,1,0,0,2,1,1,2,0,0,3,1,0,NA,0,NA,NA,1200,10,39.81,39.81,54.29,54.29,38.54,38.54,40.48,40.48,25,25,0,0,17861034,"ZM"
"Zambia","ZMB","","","NAT_TOTAL",2020-06-11,2,1,2,1,0,NA,3,1,0,NA,0,NA,0,NA,2,0,NA,1,0,0,2,1,1,2,0,0,3,1,0,NA,0,NA,NA,1200,10,39.81,39.81,54.29,54.29,38.54,38.54,40.48,40.48,25,25,0,0,17861034,"ZM"
"Zambia","ZMB","","","NAT_TOTAL",2020-06-12,2,1,2,1,0,NA,3,1,0,NA,0,NA,0,NA,2,0,NA,1,0,0,2,1,1,2,0,0,3,1,0,NA,0,NA,NA,1321,10,39.81,39.81,54.29,54.29,38.54,38.54,40.48,40.48,25,25,121,0,17861034,"ZM"
"Zambia","ZMB","","","NAT_TOTAL",2020-06-13,2,1,2,1,0,NA,3,1,0,NA,0,NA,0,NA,2,0,NA,1,0,0,2,1,1,2,0,0,3,1,0,NA,0,NA,NA,1357,10,39.81,39.81,54.29,54.29,38.54,38.54,40.48,40.48,25,25,36,0,17861034,"ZM"
"Zambia","ZMB","","","NAT_TOTAL",2020-06-14,2,1,2,1,0,NA,3,1,0,NA,0,NA,0,NA,2,0,NA,1,0,0,2,1,1,2,0,0,3,1,0,NA,0,NA,NA,1358,11,39.81,39.81,54.29,54.29,38.54,38.54,40.48,40.48,25,25,1,1,17861034,"ZM"
"Zambia","ZMB","","","NAT_TOTAL",2020-06-15,2,1,2,1,0,NA,3,1,0,NA,0,NA,0,NA,2,0,NA,1,0,0,2,1,1,2,0,0,3,1,0,NA,0,NA,NA,1382,11,39.81,39.81,54.29,54.29,38.54,38.54,40.48,40.48,25,25,24,0,17861034,"ZM"
"Zambia","ZMB","","","NAT_TOTAL",2020-06-16,2,1,2,1,0,NA,3,1,0,NA,0,NA,0,NA,2,0,NA,1,0,0,2,1,1,2,0,0,3,1,0,NA,0,NA,NA,1405,11,39.81,39.81,54.29,54.29,38.54,38.54,40.48,40.48,25,25,23,0,17861034,"ZM"
"Zambia","ZMB","","","NAT_TOTAL",2020-06-17,2,1,2,1,0,NA,3,1,0,NA,0,NA,0,NA,2,0,NA,1,0,0,2,1,1,2,0,0,3,1,0,NA,0,NA,NA,1412,11,39.81,39.81,54.29,54.29,38.54,38.54,40.48,40.48,25,25,7,0,17861034,"ZM"
"Zambia","ZMB","","","NAT_TOTAL",2020-06-18,2,1,2,1,0,NA,3,1,0,NA,0,NA,0,NA,2,0,NA,1,0,0,2,1,1,2,0,0,3,1,0,NA,0,NA,NA,1416,11,39.81,39.81,54.29,54.29,38.54,38.54,40.48,40.48,25,25,4,0,17861034,"ZM"
"Zambia","ZMB","","","NAT_TOTAL",2020-06-19,2,1,2,1,0,NA,3,1,0,NA,0,NA,0,NA,2,0,NA,1,0,0,2,1,1,2,0,0,3,1,0,NA,0,NA,NA,1430,11,39.81,39.81,54.29,54.29,38.54,38.54,40.48,40.48,25,25,14,0,17861034,"ZM"
"Zambia","ZMB","","","NAT_TOTAL",2020-06-20,2,1,2,1,0,NA,3,1,0,NA,0,NA,0,NA,2,0,NA,1,0,0,2,1,1,2,0,0,3,1,0,NA,0,NA,NA,1430,11,39.81,39.81,54.29,54.29,38.54,38.54,40.48,40.48,25,25,0,0,17861034,"ZM"
"Zambia","ZMB","","","NAT_TOTAL",2020-06-21,2,1,2,1,0,NA,3,1,0,NA,0,NA,0,NA,2,0,NA,1,0,0,2,1,1,2,0,0,3,1,0,NA,0,NA,NA,1430,11,39.81,39.81,54.29,54.29,38.54,38.54,40.48,40.48,25,25,0,0,17861034,"ZM"
"Zambia","ZMB","","","NAT_TOTAL",2020-06-22,2,1,2,1,0,NA,3,1,0,NA,0,NA,0,NA,2,0,NA,1,0,0,2,1,1,2,0,0,3,1,0,NA,0,NA,NA,1430,11,39.81,39.81,54.29,54.29,38.54,38.54,40.48,40.48,25,25,0,0,17861034,"ZM"
"Zambia","ZMB","","","NAT_TOTAL",2020-06-23,2,1,2,1,0,NA,3,1,0,NA,0,NA,0,NA,2,0,NA,1,4.39e+08,0,2,1,1,2,0,0,3,1,0,NA,0,NA,NA,1477,18,39.81,39.81,54.29,54.29,38.54,38.54,40.48,40.48,25,25,47,7,17861034,"ZM"
"Zambia","ZMB","","","NAT_TOTAL",2020-06-24,2,1,2,1,0,NA,3,1,0,NA,0,NA,0,NA,2,0,NA,1,0,0,2,1,1,2,0,0,3,1,0,NA,0,NA,NA,1489,18,39.81,39.81,54.29,54.29,38.54,38.54,40.48,40.48,25,25,12,0,17861034,"ZM"
"Zambia","ZMB","","","NAT_TOTAL",2020-06-25,2,1,2,1,1,1,3,1,0,NA,0,NA,1,1,2,0,NA,1,0,0,2,1,1,2,0,0,3,1,0,NA,0,NA,NA,1497,18,50.93,50.93,63.81,63.81,44.79,44.79,47.62,47.62,25,25,8,0,17861034,"ZM"
"Zambia","ZMB","","","NAT_TOTAL",2020-06-26,2,1,2,1,1,1,3,1,0,NA,0,NA,1,1,2,0,NA,1,0,0,2,1,1,2,0,0,3,1,0,NA,0,NA,NA,1531,21,50.93,50.93,63.81,63.81,44.79,44.79,47.62,47.62,25,25,34,3,17861034,"ZM"
"Zambia","ZMB","","","NAT_TOTAL",2020-06-27,2,1,2,1,1,1,3,1,0,NA,0,NA,1,1,2,0,NA,1,0,0,2,1,1,2,0,0,3,1,0,NA,0,NA,NA,1531,21,50.93,50.93,63.81,63.81,44.79,44.79,47.62,47.62,25,25,0,0,17861034,"ZM"
"Zambia","ZMB","","","NAT_TOTAL",2020-06-28,2,1,2,1,1,1,3,1,0,NA,0,NA,1,1,2,0,NA,1,0,0,2,1,1,2,0,0,3,1,0,NA,0,NA,NA,1557,22,50.93,50.93,63.81,63.81,44.79,44.79,47.62,47.62,25,25,26,1,17861034,"ZM"
"Zambia","ZMB","","","NAT_TOTAL",2020-06-29,2,1,2,1,1,1,3,1,0,NA,0,NA,1,1,2,0,NA,1,0,0,2,1,1,2,0,0,3,1,0,NA,0,NA,NA,1568,22,50.93,50.93,63.81,63.81,44.79,44.79,47.62,47.62,25,25,11,0,17861034,"ZM"
"Zambia","ZMB","","","NAT_TOTAL",2020-06-30,2,1,2,1,1,1,3,1,0,NA,0,NA,1,1,2,0,NA,1,0,0,2,1,1,2,0,0,3,1,0,NA,0,NA,NA,1594,24,50.93,50.93,63.81,63.81,44.79,44.79,47.62,47.62,25,25,26,2,17861034,"ZM"
"Zambia","ZMB","","","NAT_TOTAL",2020-07-01,2,1,2,1,1,1,3,1,0,NA,0,NA,1,1,2,0,NA,1,0,0,2,1,1,2,0,0,3,1,0,NA,0,NA,NA,1632,30,50.93,50.93,63.81,63.81,44.79,44.79,47.62,47.62,25,25,38,6,17861034,"ZM"
"Zambia","ZMB","","","NAT_TOTAL",2020-07-02,2,1,2,1,1,1,3,1,0,NA,0,NA,1,1,2,0,NA,1,0,0,2,1,1,2,0,0,3,1,0,NA,0,NA,NA,1632,30,50.93,50.93,63.81,63.81,44.79,44.79,47.62,47.62,25,25,0,0,17861034,"ZM"
"Zambia","ZMB","","","NAT_TOTAL",2020-07-03,2,1,2,1,1,1,3,1,0,NA,0,NA,1,1,2,0,NA,1,0,0,2,1,1,2,0,0,3,1,0,NA,0,NA,NA,1632,30,50.93,50.93,63.81,63.81,44.79,44.79,47.62,47.62,25,25,0,0,17861034,"ZM"
"Zambia","ZMB","","","NAT_TOTAL",2020-07-04,2,1,2,1,1,1,3,1,0,NA,0,NA,1,1,2,0,NA,1,0,0,2,1,1,2,0,0,3,1,0,NA,0,NA,NA,1632,30,50.93,50.93,63.81,63.81,44.79,44.79,47.62,47.62,25,25,0,0,17861034,"ZM"
"Zambia","ZMB","","","NAT_TOTAL",2020-07-05,2,1,2,1,1,1,3,1,0,NA,0,NA,1,1,2,0,NA,1,0,0,2,1,1,2,0,0,3,1,0,NA,0,NA,NA,1632,30,50.93,50.93,63.81,63.81,44.79,44.79,47.62,47.62,25,25,0,0,17861034,"ZM"
"Zambia","ZMB","","","NAT_TOTAL",2020-07-06,2,1,2,1,1,1,3,1,0,NA,0,NA,1,1,2,0,NA,1,0,0,2,1,1,2,0,0,3,1,0,NA,0,NA,NA,1632,30,50.93,50.93,63.81,63.81,44.79,44.79,47.62,47.62,25,25,0,0,17861034,"ZM"
"Zambia","ZMB","","","NAT_TOTAL",2020-07-07,2,1,2,1,1,1,3,1,0,NA,0,NA,1,1,2,0,NA,1,0,0,2,1,1,2,0,0,3,1,0,NA,0,NA,NA,1895,42,50.93,50.93,63.81,63.81,44.79,44.79,47.62,47.62,25,25,263,12,17861034,"ZM"
"Zambia","ZMB","","","NAT_TOTAL",2020-07-08,2,1,2,1,1,1,3,1,0,NA,0,NA,1,1,2,0,NA,1,0,0,2,1,1,2,0,0,3,1,0,NA,0,NA,NA,1895,42,50.93,50.93,63.81,63.81,44.79,44.79,47.62,47.62,25,25,0,0,17861034,"ZM"
"Zambia","ZMB","","","NAT_TOTAL",2020-07-09,2,1,2,1,1,1,3,1,0,NA,0,NA,1,1,2,0,NA,1,0,0,2,1,1,2,0,0,3,1,0,NA,0,NA,NA,1895,42,50.93,50.93,63.81,63.81,44.79,44.79,47.62,47.62,25,25,0,0,17861034,"ZM"
"Zambia","ZMB","","","NAT_TOTAL",2020-07-10,2,1,2,1,1,1,3,1,0,NA,0,NA,1,1,2,0,NA,1,0,0,2,1,1,2,0,0,3,1,0,NA,0,NA,NA,1895,42,50.93,50.93,63.81,63.81,44.79,44.79,47.62,47.62,25,25,0,0,17861034,"ZM"
"Zambia","ZMB","","","NAT_TOTAL",2020-07-11,2,1,2,1,1,1,3,1,0,NA,0,NA,1,1,2,0,NA,1,0,0,2,1,1,2,0,0,3,1,0,NA,0,NA,NA,1895,42,50.93,50.93,63.81,63.81,44.79,44.79,47.62,47.62,25,25,0,0,17861034,"ZM"
"Zambia","ZMB","","","NAT_TOTAL",2020-07-12,2,1,2,1,1,1,3,1,0,NA,0,NA,1,1,2,0,NA,1,0,0,2,1,1,2,0,0,3,1,0,NA,0,NA,NA,1895,42,50.93,50.93,63.81,63.81,44.79,44.79,47.62,47.62,25,25,0,0,17861034,"ZM"
"Zambia","ZMB","","","NAT_TOTAL",2020-07-13,2,1,2,1,1,1,3,1,0,NA,0,NA,1,1,2,0,NA,1,0,0,2,1,1,2,0,0,3,1,0,NA,0,NA,NA,1895,42,50.93,50.93,63.81,63.81,44.79,44.79,47.62,47.62,25,25,0,0,17861034,"ZM"
"Zambia","ZMB","","","NAT_TOTAL",2020-07-14,2,1,2,1,1,1,3,1,0,NA,0,NA,1,1,2,0,NA,1,0,0,2,1,1,2,0,0,3,1,0,NA,0,NA,NA,1895,42,50.93,50.93,63.81,63.81,44.79,44.79,47.62,47.62,25,25,0,0,17861034,"ZM"
"Zambia","ZMB","","","NAT_TOTAL",2020-07-15,2,1,2,1,1,1,3,1,0,NA,0,NA,1,1,2,0,NA,1,0,0,2,1,1,2,0,0,3,1,0,NA,0,NA,NA,1895,42,50.93,50.93,63.81,63.81,44.79,44.79,47.62,47.62,25,25,0,0,17861034,"ZM"
"Zambia","ZMB","","","NAT_TOTAL",2020-07-16,2,1,2,1,1,1,3,1,0,NA,0,NA,1,1,2,0,NA,1,0,0,2,1,1,2,0,0,3,1,0,NA,0,NA,NA,1895,42,50.93,50.93,63.81,63.81,44.79,44.79,47.62,47.62,25,25,0,0,17861034,"ZM"
"Zambia","ZMB","","","NAT_TOTAL",2020-07-17,2,1,2,1,1,1,3,1,0,NA,0,NA,1,1,2,0,NA,1,0,0,2,1,1,2,0,0,3,1,0,NA,0,NA,NA,2810,109,50.93,50.93,63.81,63.81,44.79,44.79,47.62,47.62,25,25,915,67,17861034,"ZM"
"Zambia","ZMB","","","NAT_TOTAL",2020-07-18,2,1,2,1,1,1,3,1,0,NA,0,NA,1,1,2,0,NA,1,0,0,2,1,1,2,0,0,3,1,0,NA,0,NA,NA,2980,120,50.93,50.93,63.81,63.81,44.79,44.79,47.62,47.62,25,25,170,11,17861034,"ZM"
"Zambia","ZMB","","","NAT_TOTAL",2020-07-19,2,1,2,1,1,1,3,1,0,NA,0,NA,1,1,2,0,NA,1,0,0,2,1,1,2,0,0,3,1,0,NA,0,NA,NA,2980,120,50.93,50.93,63.81,63.81,44.79,44.79,47.62,47.62,25,25,0,0,17861034,"ZM"
"Zambia","ZMB","","","NAT_TOTAL",2020-07-20,2,1,2,1,1,1,3,1,0,NA,0,NA,1,1,2,0,NA,1,0,0,2,1,1,2,0,0,3,1,0,NA,0,NA,NA,3326,128,50.93,50.93,63.81,63.81,44.79,44.79,47.62,47.62,25,25,346,8,17861034,"ZM"
"Zambia","ZMB","","","NAT_TOTAL",2020-07-21,2,1,2,1,1,1,3,1,0,NA,0,NA,1,1,2,0,NA,1,0,0,2,1,1,2,0,0,3,1,0,NA,0,NA,NA,3386,128,50.93,50.93,63.81,63.81,44.79,44.79,47.62,47.62,25,25,60,0,17861034,"ZM"
"Zambia","ZMB","","","NAT_TOTAL",2020-07-22,2,1,2,1,1,1,3,1,0,NA,0,NA,1,1,2,0,NA,1,0,0,2,1,1,2,0,0,3,1,0,NA,0,NA,NA,3583,128,50.93,50.93,63.81,63.81,44.79,44.79,47.62,47.62,25,25,197,0,17861034,"ZM"
"Zambia","ZMB","","","NAT_TOTAL",2020-07-23,2,1,2,1,1,1,3,1,0,NA,0,NA,1,1,2,0,NA,1,0,0,2,1,1,2,0,0,3,1,0,NA,0,NA,NA,3789,134,50.93,50.93,63.81,63.81,44.79,44.79,47.62,47.62,25,25,206,6,17861034,"ZM"
"Zambia","ZMB","","","NAT_TOTAL",2020-07-24,2,1,2,1,1,1,3,1,0,NA,0,NA,1,1,2,0,NA,1,0,0,2,1,1,2,0,0,3,1,0,NA,0,NA,NA,3856,136,50.93,50.93,63.81,63.81,44.79,44.79,47.62,47.62,25,25,67,2,17861034,"ZM"
"Zambia","ZMB","","","NAT_TOTAL",2020-07-25,2,1,2,1,1,1,3,1,0,NA,0,NA,1,1,2,0,NA,1,0,0,2,1,1,2,0,0,3,1,0,NA,0,NA,NA,4328,139,50.93,50.93,63.81,63.81,44.79,44.79,47.62,47.62,25,25,472,3,17861034,"ZM"
"Zambia","ZMB","","","NAT_TOTAL",2020-07-26,2,1,2,1,1,1,3,1,0,NA,0,NA,1,1,2,0,NA,1,0,0,2,1,1,2,0,0,3,1,0,NA,0,NA,NA,4481,139,50.93,50.93,63.81,63.81,44.79,44.79,47.62,47.62,25,25,153,0,17861034,"ZM"
"Zambia","ZMB","","","NAT_TOTAL",2020-07-27,2,1,2,1,1,1,3,1,0,NA,0,NA,1,1,2,0,NA,1,0,0,2,1,1,2,0,0,3,1,0,NA,0,NA,NA,4552,140,50.93,50.93,63.81,63.81,44.79,44.79,47.62,47.62,25,25,71,1,17861034,"ZM"
"Zambia","ZMB","","","NAT_TOTAL",2020-07-28,2,1,2,1,1,1,3,1,0,NA,0,NA,1,1,2,0,NA,1,0,0,2,1,1,2,0,0,3,1,0,NA,0,NA,NA,5002,142,50.93,50.93,63.81,63.81,44.79,44.79,47.62,47.62,25,25,450,2,17861034,"ZM"
"Zambia","ZMB","","","NAT_TOTAL",2020-07-29,2,1,2,1,1,1,3,1,0,NA,0,NA,1,1,2,0,NA,1,0,0,2,1,1,2,0,0,3,1,0,NA,0,NA,NA,5249,146,50.93,50.93,63.81,63.81,44.79,44.79,47.62,47.62,25,25,247,4,17861034,"ZM"
"Zambia","ZMB","","","NAT_TOTAL",2020-07-30,2,1,2,1,1,1,3,1,0,NA,0,NA,1,1,2,0,NA,1,0,0,2,1,1,2,0,0,3,1,0,NA,0,NA,NA,5555,149,50.93,50.93,63.81,63.81,44.79,44.79,47.62,47.62,25,25,306,3,17861034,"ZM"
"Zambia","ZMB","","","NAT_TOTAL",2020-07-31,2,1,2,1,1,1,3,1,0,NA,0,NA,1,1,2,0,NA,1,0,0,2,1,1,2,0,0,3,1,0,NA,0,NA,NA,5963,151,50.93,50.93,63.81,63.81,44.79,44.79,47.62,47.62,25,25,408,2,17861034,"ZM"
"Zambia","ZMB","","","NAT_TOTAL",2020-08-01,2,1,2,1,1,1,3,1,0,NA,0,NA,1,1,2,0,NA,1,0,0,2,1,1,2,0,0,3,1,0,NA,0,NA,NA,6228,165,50.93,50.93,63.81,63.81,44.79,44.79,47.62,47.62,25,25,265,14,17861034,"ZM"
"Zambia","ZMB","","","NAT_TOTAL",2020-08-02,2,1,2,1,1,1,3,1,0,NA,0,NA,1,1,2,0,NA,1,0,0,2,1,1,2,0,0,3,1,0,NA,0,NA,NA,6347,170,50.93,50.93,63.81,63.81,44.79,44.79,47.62,47.62,25,25,119,5,17861034,"ZM"
"Zambia","ZMB","","","NAT_TOTAL",2020-08-03,2,1,2,1,1,1,3,1,0,NA,0,NA,1,1,2,0,NA,1,0,0,2,1,1,2,0,0,3,1,0,NA,0,NA,NA,6580,171,50.93,50.93,63.81,63.81,44.79,44.79,47.62,47.62,25,25,233,1,17861034,"ZM"
"Zambia","ZMB","","","NAT_TOTAL",2020-08-04,2,1,2,1,1,1,3,1,0,NA,0,NA,1,1,2,0,NA,1,0,0,2,1,1,2,0,0,3,1,0,NA,0,NA,NA,6793,173,50.93,50.93,63.81,63.81,44.79,44.79,47.62,47.62,25,25,213,2,17861034,"ZM"
"Zambia","ZMB","","","NAT_TOTAL",2020-08-05,2,1,2,1,1,1,3,1,0,NA,0,NA,1,1,2,0,NA,1,0,0,2,1,1,2,0,0,3,1,0,NA,0,NA,NA,7022,176,50.93,50.93,63.81,63.81,44.79,44.79,47.62,47.62,25,25,229,3,17861034,"ZM"
"Zambia","ZMB","","","NAT_TOTAL",2020-08-06,2,1,2,1,1,1,3,1,0,NA,0,NA,1,1,2,0,NA,1,0,0,2,1,1,2,0,0,3,1,0,NA,0,NA,NA,7164,199,50.93,50.93,63.81,63.81,44.79,44.79,47.62,47.62,25,25,142,23,17861034,"ZM"
"Zambia","ZMB","","","NAT_TOTAL",2020-08-07,2,1,2,1,1,1,3,1,0,NA,0,NA,1,1,2,0,NA,1,0,0,2,1,1,2,0,0,3,1,0,NA,0,NA,NA,7486,200,50.93,50.93,63.81,63.81,44.79,44.79,47.62,47.62,25,25,322,1,17861034,"ZM"
"Zambia","ZMB","","","NAT_TOTAL",2020-08-08,2,1,2,1,1,1,3,1,0,NA,0,NA,1,1,2,0,NA,1,0,0,2,1,1,2,0,0,3,1,0,NA,0,NA,NA,7903,203,50.93,50.93,63.81,63.81,44.79,44.79,47.62,47.62,25,25,417,3,17861034,"ZM"
"Zambia","ZMB","","","NAT_TOTAL",2020-08-09,2,1,2,1,1,1,3,1,0,NA,0,NA,1,1,2,0,NA,1,0,0,2,1,1,2,0,0,3,1,0,NA,0,NA,NA,8085,235,50.93,50.93,63.81,63.81,44.79,44.79,47.62,47.62,25,25,182,32,17861034,"ZM"
"Zambia","ZMB","","","NAT_TOTAL",2020-08-10,2,1,2,1,1,1,3,1,0,NA,0,NA,1,1,2,0,NA,1,0,0,2,1,1,2,0,0,3,1,0,NA,0,NA,NA,8210,241,50.93,50.93,63.81,63.81,44.79,44.79,47.62,47.62,25,25,125,6,17861034,"ZM"
"Zambia","ZMB","","","NAT_TOTAL",2020-08-11,2,1,2,1,1,1,3,1,0,NA,0,NA,1,1,2,0,NA,1,0,0,2,1,1,2,0,0,3,1,0,NA,0,NA,NA,8275,241,50.93,50.93,63.81,63.81,44.79,44.79,47.62,47.62,25,25,65,0,17861034,"ZM"
"Zambia","ZMB","","","NAT_TOTAL",2020-08-12,2,1,2,1,1,1,3,1,0,NA,0,NA,1,1,2,0,NA,1,0,0,2,1,1,2,0,0,3,1,0,NA,0,NA,NA,8501,246,50.93,50.93,63.81,63.81,44.79,44.79,47.62,47.62,25,25,226,5,17861034,"ZM"
"Zambia","ZMB","","","NAT_TOTAL",2020-08-13,2,1,2,1,1,1,3,1,0,NA,0,NA,1,1,2,0,NA,1,0,0,2,1,1,2,0,0,3,1,0,NA,0,NA,NA,8663,246,50.93,50.93,63.81,63.81,44.79,44.79,47.62,47.62,25,25,162,0,17861034,"ZM"
"Zambia","ZMB","","","NAT_TOTAL",2020-08-14,2,1,2,1,1,1,3,1,0,NA,0,NA,1,1,2,0,NA,1,0,0,2,1,1,2,0,0,3,1,0,NA,0,NA,NA,9021,256,50.93,50.93,63.81,63.81,44.79,44.79,47.62,47.62,25,25,358,10,17861034,"ZM"
"Zambia","ZMB","","","NAT_TOTAL",2020-08-15,2,1,2,1,1,1,3,1,0,NA,0,NA,1,1,2,0,NA,1,0,0,2,1,1,2,0,0,3,1,0,NA,0,NA,NA,9186,260,50.93,50.93,63.81,63.81,44.79,44.79,47.62,47.62,25,25,165,4,17861034,"ZM"
"Zambia","ZMB","","","NAT_TOTAL",2020-08-16,2,1,2,1,1,1,3,1,0,NA,0,NA,1,1,2,0,NA,1,0,0,2,1,1,2,0,0,3,1,0,NA,0,NA,NA,9343,260,50.93,50.93,63.81,63.81,44.79,44.79,47.62,47.62,25,25,157,0,17861034,"ZM"
"Zambia","ZMB","","","NAT_TOTAL",2020-08-17,2,1,2,1,1,1,3,1,0,NA,0,NA,1,1,2,0,NA,1,0,0,2,1,1,2,0,0,3,1,0,NA,0,NA,NA,9839,264,50.93,50.93,63.81,63.81,44.79,44.79,47.62,47.62,25,25,496,4,17861034,"ZM"
"Zambia","ZMB","","","NAT_TOTAL",2020-08-18,2,1,2,1,1,1,3,1,0,NA,0,NA,1,1,2,0,NA,1,0,0,2,1,1,2,0,0,3,1,0,NA,0,NA,NA,9981,264,50.93,50.93,63.81,63.81,44.79,44.79,47.62,47.62,25,25,142,0,17861034,"ZM"
"Zambia","ZMB","","","NAT_TOTAL",2020-08-19,2,1,2,1,1,1,3,1,0,NA,0,NA,1,1,2,0,NA,1,0,0,2,1,1,2,0,0,3,1,0,NA,0,NA,NA,10218,269,50.93,50.93,63.81,63.81,44.79,44.79,47.62,47.62,25,25,237,5,17861034,"ZM"
"Zambia","ZMB","","","NAT_TOTAL",2020-08-20,2,1,2,0,1,1,3,1,0,NA,0,NA,1,1,2,0,NA,1,0,0,2,1,1,2,0,0,3,1,0,NA,0,NA,NA,10372,274,49.07,49.07,60.24,60.24,43.75,43.75,46.43,46.43,25,25,154,5,17861034,"ZM"
"Zambia","ZMB","","","NAT_TOTAL",2020-08-21,2,1,2,0,1,1,3,1,0,NA,0,NA,1,1,2,0,NA,1,0,0,2,1,1,2,0,0,3,1,0,NA,0,NA,NA,10627,277,49.07,49.07,60.24,60.24,43.75,43.75,46.43,46.43,25,25,255,3,17861034,"ZM"
"Zambia","ZMB","","","NAT_TOTAL",2020-08-22,2,1,2,0,1,1,3,1,0,NA,0,NA,1,1,2,0,NA,1,0,0,2,1,1,2,0,0,3,1,0,NA,0,NA,NA,10831,279,49.07,49.07,60.24,60.24,43.75,43.75,46.43,46.43,25,25,204,2,17861034,"ZM"
"Zambia","ZMB","","","NAT_TOTAL",2020-08-23,2,1,2,0,1,1,3,1,0,NA,0,NA,1,1,2,0,NA,1,0,0,2,1,1,2,0,0,3,1,0,NA,0,NA,NA,11082,280,49.07,49.07,60.24,60.24,43.75,43.75,46.43,46.43,25,25,251,1,17861034,"ZM"
"Zambia","ZMB","","","NAT_TOTAL",2020-08-24,2,1,2,0,1,1,3,1,0,NA,0,NA,1,1,2,0,NA,1,0,0,2,1,1,2,0,0,3,1,0,NA,0,NA,NA,11148,280,49.07,49.07,60.24,60.24,43.75,43.75,46.43,46.43,25,25,66,0,17861034,"ZM"
"Zambia","ZMB","","","NAT_TOTAL",2020-08-25,2,1,2,0,1,1,3,1,0,NA,0,NA,1,1,2,0,NA,1,0,0,2,1,1,2,0,0,3,1,0,NA,0,NA,NA,11285,282,49.07,49.07,60.24,60.24,43.75,43.75,46.43,46.43,25,25,137,2,17861034,"ZM"
"Zambia","ZMB","","","NAT_TOTAL",2020-08-26,2,1,2,0,1,1,3,1,0,NA,0,NA,1,1,2,0,NA,1,0,0,2,1,1,2,0,0,3,1,0,NA,0,NA,NA,11376,282,49.07,49.07,60.24,60.24,43.75,43.75,46.43,46.43,25,25,91,0,17861034,"ZM"
"Zambia","ZMB","","","NAT_TOTAL",2020-08-27,2,1,2,0,1,1,3,1,0,NA,0,NA,1,1,2,0,NA,1,0,0,2,1,1,2,0,0,3,1,0,NA,0,NA,NA,11601,282,49.07,49.07,60.24,60.24,43.75,43.75,46.43,46.43,25,25,225,0,17861034,"ZM"
"Zambia","ZMB","","","NAT_TOTAL",2020-08-28,2,1,2,0,1,1,3,1,0,NA,0,NA,1,1,2,0,NA,1,0,0,2,1,1,2,0,0,3,1,0,NA,0,NA,NA,11779,283,49.07,49.07,60.24,60.24,43.75,43.75,46.43,46.43,25,25,178,1,17861034,"ZM"
"Zambia","ZMB","","","NAT_TOTAL",2020-08-29,2,1,2,0,1,1,3,1,0,NA,0,NA,1,1,2,0,NA,1,0,0,2,1,1,2,0,0,3,1,0,NA,0,NA,NA,11902,284,49.07,49.07,60.24,60.24,43.75,43.75,46.43,46.43,25,25,123,1,17861034,"ZM"
"Zambia","ZMB","","","NAT_TOTAL",2020-08-30,2,1,2,0,1,1,3,1,0,NA,0,NA,1,1,2,0,NA,1,0,0,2,1,1,2,0,0,3,1,0,NA,0,NA,NA,12025,287,49.07,49.07,60.24,60.24,43.75,43.75,46.43,46.43,25,25,123,3,17861034,"ZM"
"Zambia","ZMB","","","NAT_TOTAL",2020-08-31,2,1,2,0,1,1,3,1,0,NA,0,NA,1,1,2,0,NA,1,0,0,2,1,1,2,0,0,3,1,0,NA,0,NA,NA,12097,288,49.07,49.07,60.24,60.24,43.75,43.75,46.43,46.43,25,25,72,1,17861034,"ZM"
"Zambia","ZMB","","","NAT_TOTAL",2020-09-01,2,1,2,1,1,1,3,1,0,NA,0,NA,1,1,2,0,NA,1,0,0,2,1,1,2,0,0,3,1,0,NA,0,NA,NA,12381,290,50.93,50.93,63.81,63.81,44.79,44.79,47.62,47.62,25,25,284,2,17861034,"ZM"
"Zambia","ZMB","","","NAT_TOTAL",2020-09-02,2,1,2,1,1,1,3,1,0,NA,0,NA,1,1,2,0,NA,1,0,0,2,1,1,2,0,0,3,1,0,NA,0,NA,NA,12415,292,50.93,50.93,63.81,63.81,44.79,44.79,47.62,47.62,25,25,34,2,17861034,"ZM"
"Zambia","ZMB","","","NAT_TOTAL",2020-09-03,2,1,2,1,1,1,3,1,0,NA,0,NA,1,1,2,0,NA,1,0,0,2,1,1,2,0,0,3,1,0,NA,0,NA,NA,12523,292,50.93,50.93,63.81,63.81,44.79,44.79,47.62,47.62,25,25,108,0,17861034,"ZM"
"Zambia","ZMB","","","NAT_TOTAL",2020-09-04,2,1,2,1,1,1,3,1,0,NA,0,NA,1,1,2,0,NA,1,0,0,2,1,1,2,0,0,3,1,0,NA,0,NA,NA,12639,292,50.93,50.93,63.81,63.81,44.79,44.79,47.62,47.62,25,25,116,0,17861034,"ZM"
"Zambia","ZMB","","","NAT_TOTAL",2020-09-05,2,1,2,1,1,1,3,1,0,NA,0,NA,1,1,2,0,NA,1,0,0,2,1,1,2,0,0,3,1,0,NA,0,NA,NA,12709,292,50.93,50.93,63.81,63.81,44.79,44.79,47.62,47.62,25,25,70,0,17861034,"ZM"
"Zambia","ZMB","","","NAT_TOTAL",2020-09-06,2,1,2,1,1,1,3,1,0,NA,0,NA,1,1,2,0,NA,1,0,0,2,1,1,2,0,0,3,1,0,NA,0,NA,NA,12776,295,50.93,50.93,63.81,63.81,44.79,44.79,47.62,47.62,25,25,67,3,17861034,"ZM"
"Zambia","ZMB","","","NAT_TOTAL",2020-09-07,2,1,2,1,1,1,3,1,0,NA,0,NA,1,1,2,0,NA,1,0,0,2,1,1,2,0,0,3,1,0,NA,0,NA,NA,12836,295,50.93,50.93,63.81,63.81,44.79,44.79,47.62,47.62,25,25,60,0,17861034,"ZM"
"Zambia","ZMB","","","NAT_TOTAL",2020-09-08,2,1,2,1,1,1,3,1,0,NA,0,NA,1,1,2,0,NA,1,0,0,2,1,1,2,0,0,3,1,0,NA,0,NA,NA,12952,297,50.93,50.93,63.81,63.81,44.79,44.79,47.62,47.62,25,25,116,2,17861034,"ZM"
"Zambia","ZMB","","","NAT_TOTAL",2020-09-09,2,1,2,1,1,1,3,1,0,NA,0,NA,1,1,2,0,NA,1,0,0,2,1,1,2,0,0,3,1,0,NA,0,NA,NA,13112,300,50.93,50.93,63.81,63.81,44.79,44.79,47.62,47.62,25,25,160,3,17861034,"ZM"
"Zambia","ZMB","","","NAT_TOTAL",2020-09-10,2,1,2,1,1,1,3,1,0,NA,0,NA,1,1,2,0,NA,1,0,0,2,1,1,2,0,0,3,1,0,NA,0,NA,NA,13214,300,50.93,50.93,63.81,63.81,44.79,44.79,47.62,47.62,25,25,102,0,17861034,"ZM"
"Zambia","ZMB","","","NAT_TOTAL",2020-09-11,2,1,2,1,1,1,3,1,0,NA,0,NA,1,1,2,0,NA,1,0,0,2,1,1,2,0,0,3,1,0,NA,0,NA,NA,13323,306,50.93,50.93,63.81,63.81,44.79,44.79,47.62,47.62,25,25,109,6,17861034,"ZM"
"Zambia","ZMB","","","NAT_TOTAL",2020-09-12,2,1,2,1,1,1,3,1,0,NA,0,NA,1,1,2,0,NA,1,0,0,2,1,1,2,0,0,3,1,0,NA,0,NA,NA,13466,312,50.93,50.93,63.81,63.81,44.79,44.79,47.62,47.62,25,25,143,6,17861034,"ZM"
"Zambia","ZMB","","","NAT_TOTAL",2020-09-13,2,1,2,1,1,1,3,1,0,NA,0,NA,1,1,2,0,NA,1,0,0,2,1,1,2,0,0,3,1,0,NA,0,NA,NA,13539,312,50.93,50.93,63.81,63.81,44.79,44.79,47.62,47.62,25,25,73,0,17861034,"ZM"
"Zambia","ZMB","","","NAT_TOTAL",2020-09-14,1,1,2,1,1,1,3,1,0,NA,0,NA,1,1,2,0,NA,1,0,0,2,1,1,2,0,0,3,1,0,NA,0,NA,NA,13720,320,47.22,47.22,60.24,60.24,42.71,42.71,45.24,45.24,25,25,181,8,17861034,"ZM"
"Zambia","ZMB","","","NAT_TOTAL",2020-09-15,1,1,2,1,1,1,3,1,0,NA,0,NA,1,1,2,0,NA,1,0,0,2,1,1,2,0,0,3,1,0,NA,0,NA,NA,13819,324,47.22,47.22,60.24,60.24,42.71,42.71,45.24,45.24,25,25,99,4,17861034,"ZM"
"Zambia","ZMB","","","NAT_TOTAL",2020-09-16,1,1,2,1,1,1,3,1,0,NA,0,NA,1,1,2,0,NA,1,0,0,2,1,1,2,0,0,3,1,0,NA,0,NA,NA,13887,326,47.22,47.22,60.24,60.24,42.71,42.71,45.24,45.24,25,25,68,2,17861034,"ZM"
"Zambia","ZMB","","","NAT_TOTAL",2020-09-17,1,1,2,1,1,1,3,1,0,NA,0,NA,1,1,2,0,NA,1,0,0,2,1,1,2,0,0,3,1,0,NA,0,NA,NA,13928,326,47.22,47.22,60.24,60.24,42.71,42.71,45.24,45.24,25,25,41,0,17861034,"ZM"
"Zambia","ZMB","","","NAT_TOTAL",2020-09-18,1,1,2,1,1,1,3,1,0,NA,0,NA,1,1,2,0,NA,1,0,0,2,1,1,2,0,0,3,1,0,NA,0,NA,NA,14022,329,47.22,47.22,60.24,60.24,42.71,42.71,45.24,45.24,25,25,94,3,17861034,"ZM"
"Zambia","ZMB","","","NAT_TOTAL",2020-09-19,1,1,2,1,1,1,3,1,0,NA,0,NA,1,1,2,0,NA,1,0,0,2,1,1,2,0,0,3,1,0,NA,0,NA,NA,14070,330,47.22,47.22,60.24,60.24,42.71,42.71,45.24,45.24,25,25,48,1,17861034,"ZM"
"Zambia","ZMB","","","NAT_TOTAL",2020-09-20,1,1,2,1,1,1,3,1,0,NA,0,NA,1,1,2,0,NA,1,0,0,2,1,1,2,0,0,3,1,0,NA,0,NA,NA,14131,330,47.22,47.22,60.24,60.24,42.71,42.71,45.24,45.24,25,25,61,0,17861034,"ZM"
"Zambia","ZMB","","","NAT_TOTAL",2020-09-21,1,1,2,1,1,1,3,1,0,NA,0,NA,1,1,2,0,NA,1,0,0,2,1,1,2,0,0,3,1,0,NA,0,NA,NA,14175,331,47.22,47.22,60.24,60.24,42.71,42.71,45.24,45.24,25,25,44,1,17861034,"ZM"
"Zambia","ZMB","","","NAT_TOTAL",2020-09-22,1,1,2,1,1,1,3,1,0,NA,0,NA,1,1,2,0,NA,1,0,0,2,1,1,2,0,0,3,1,0,NA,0,NA,NA,14389,331,47.22,47.22,60.24,60.24,42.71,42.71,45.24,45.24,25,25,214,0,17861034,"ZM"
"Zambia","ZMB","","","NAT_TOTAL",2020-09-23,1,1,2,1,1,1,3,1,0,NA,0,NA,1,1,2,0,NA,1,0,0,2,1,1,2,0,0,3,1,0,NA,0,NA,NA,14443,332,47.22,47.22,60.24,60.24,42.71,42.71,45.24,45.24,25,25,54,1,17861034,"ZM"
"Zambia","ZMB","","","NAT_TOTAL",2020-09-24,1,1,2,1,1,1,3,1,0,NA,0,NA,1,1,2,0,NA,1,0,0,2,1,1,2,0,0,3,1,0,NA,0,NA,NA,14491,332,47.22,47.22,60.24,60.24,42.71,42.71,45.24,45.24,25,25,48,0,17861034,"ZM"
"Zambia","ZMB","","","NAT_TOTAL",2020-09-25,1,1,2,1,1,1,3,1,0,NA,0,NA,1,1,2,0,NA,1,0,0,2,1,1,2,0,0,3,1,0,NA,0,NA,NA,14515,332,47.22,47.22,60.24,60.24,42.71,42.71,45.24,45.24,25,25,24,0,17861034,"ZM"
"Zambia","ZMB","","","NAT_TOTAL",2020-09-26,1,1,2,1,1,1,4,1,0,NA,1,1,0,NA,2,0,NA,1,0,0,2,1,1,2,0,0,3,1,0,NA,0,NA,NA,14612,332,48.15,48.15,60.71,60.71,43.23,43.23,45.83,45.83,25,25,97,0,17861034,"ZM"
"Zambia","ZMB","","","NAT_TOTAL",2020-09-27,1,1,2,1,1,1,4,1,0,NA,1,1,0,NA,2,0,NA,1,0,0,2,1,1,2,0,0,3,1,0,NA,0,NA,NA,14641,332,48.15,48.15,60.71,60.71,43.23,43.23,45.83,45.83,25,25,29,0,17861034,"ZM"
"Zambia","ZMB","","","NAT_TOTAL",2020-09-28,1,1,2,1,1,1,4,1,0,NA,1,1,0,NA,2,0,NA,1,0,0,2,1,1,2,0,0,3,1,0,NA,0,NA,NA,14660,332,48.15,48.15,60.71,60.71,43.23,43.23,45.83,45.83,25,25,19,0,17861034,"ZM"
"Zambia","ZMB","","","NAT_TOTAL",2020-09-29,1,1,2,1,1,1,4,1,0,NA,1,1,0,NA,2,0,NA,1,0,0,2,1,1,2,0,0,3,1,0,NA,0,NA,NA,14715,332,48.15,48.15,60.71,60.71,43.23,43.23,45.83,45.83,25,25,55,0,17861034,"ZM"
"Zambia","ZMB","","","NAT_TOTAL",2020-09-30,1,1,2,1,1,1,4,1,0,NA,1,1,0,NA,2,0,NA,1,0,0,2,1,1,2,0,0,3,1,0,NA,0,NA,NA,14759,332,48.15,48.15,60.71,60.71,43.23,43.23,45.83,45.83,25,25,44,0,17861034,"ZM"
"Zambia","ZMB","","","NAT_TOTAL",2020-10-01,1,1,2,1,1,1,4,1,0,NA,1,1,0,NA,2,0,NA,1,0,0,2,1,1,2,0,0,3,1,0,NA,0,NA,NA,14802,333,48.15,48.15,60.71,60.71,43.23,43.23,45.83,45.83,25,25,43,1,17861034,"ZM"
"Zambia","ZMB","","","NAT_TOTAL",2020-10-02,1,1,2,1,1,1,4,1,0,NA,1,1,0,NA,2,0,NA,1,0,0,2,1,1,2,0,0,3,1,0,NA,0,NA,NA,14830,333,48.15,48.15,60.71,60.71,43.23,43.23,45.83,45.83,25,25,28,0,17861034,"ZM"
"Zambia","ZMB","","","NAT_TOTAL",2020-10-03,1,1,2,1,1,1,4,1,0,NA,1,1,0,NA,2,0,NA,1,0,0,2,1,1,2,0,0,3,1,0,NA,0,NA,NA,14974,333,48.15,48.15,60.71,60.71,43.23,43.23,45.83,45.83,25,25,144,0,17861034,"ZM"
"Zambia","ZMB","","","NAT_TOTAL",2020-10-04,1,1,2,1,1,1,4,1,0,NA,1,1,0,NA,2,0,NA,1,0,0,2,1,1,2,0,0,3,1,0,NA,0,NA,NA,15052,333,48.15,48.15,60.71,60.71,43.23,43.23,45.83,45.83,25,25,78,0,17861034,"ZM"
"Zambia","ZMB","","","NAT_TOTAL",2020-10-05,1,1,2,1,1,1,4,1,0,NA,1,1,0,NA,2,0,NA,1,0,0,2,1,1,2,0,0,3,1,0,NA,0,NA,NA,15089,334,48.15,48.15,60.71,60.71,43.23,43.23,45.83,45.83,25,25,37,1,17861034,"ZM"
"Zambia","ZMB","","","NAT_TOTAL",2020-10-06,1,1,2,1,1,1,4,1,0,NA,1,1,0,NA,1,0,NA,1,0,0,2,1,1,2,0,0,3,1,0,NA,0,NA,NA,15170,335,45.37,45.37,57.14,57.14,41.67,41.67,44.05,44.05,25,25,81,1,17861034,"ZM"
"Zambia","ZMB","","","NAT_TOTAL",2020-10-07,1,1,2,1,1,1,4,1,0,NA,1,1,0,NA,1,0,NA,1,0,0,2,1,1,2,0,0,3,1,0,NA,0,NA,NA,15224,335,45.37,45.37,57.14,57.14,41.67,41.67,44.05,44.05,25,25,54,0,17861034,"ZM"
"Zambia","ZMB","","","NAT_TOTAL",2020-10-08,1,1,2,1,1,1,4,1,0,NA,1,1,0,NA,1,0,NA,1,0,0,2,1,1,2,0,0,3,1,0,NA,0,NA,NA,15301,335,45.37,45.37,57.14,57.14,41.67,41.67,44.05,44.05,25,25,77,0,17861034,"ZM"
"Zambia","ZMB","","","NAT_TOTAL",2020-10-09,1,1,2,1,1,1,4,1,0,NA,1,1,0,NA,1,0,NA,1,0,0,2,1,1,2,0,0,3,1,0,NA,0,NA,NA,15339,336,45.37,45.37,57.14,57.14,41.67,41.67,44.05,44.05,25,25,38,1,17861034,"ZM"
"Zambia","ZMB","","","NAT_TOTAL",2020-10-10,1,1,2,1,1,1,4,1,0,NA,1,1,0,NA,1,0,NA,1,0,0,2,1,1,2,0,0,3,1,0,NA,0,NA,NA,15415,337,45.37,45.37,57.14,57.14,41.67,41.67,44.05,44.05,25,25,76,1,17861034,"ZM"
"Zambia","ZMB","","","NAT_TOTAL",2020-10-11,1,1,2,1,1,1,4,1,0,NA,1,1,0,NA,1,0,NA,1,0,0,2,1,1,2,0,0,3,1,0,NA,0,NA,NA,15458,337,45.37,45.37,57.14,57.14,41.67,41.67,44.05,44.05,25,25,43,0,17861034,"ZM"
"Zambia","ZMB","","","NAT_TOTAL",2020-10-12,1,1,2,1,1,1,4,1,0,NA,1,1,0,NA,1,0,NA,1,0,0,2,1,1,2,0,0,3,1,0,NA,0,NA,NA,15549,345,45.37,45.37,57.14,57.14,41.67,41.67,44.05,44.05,25,25,91,8,17861034,"ZM"
"Zambia","ZMB","","","NAT_TOTAL",2020-10-13,1,1,2,1,1,1,4,1,0,NA,1,1,0,NA,1,0,NA,1,0,0,2,1,1,2,0,0,3,1,0,NA,0,NA,NA,15587,345,45.37,45.37,57.14,57.14,41.67,41.67,44.05,44.05,25,25,38,0,17861034,"ZM"
"Zambia","ZMB","","","NAT_TOTAL",2020-10-14,1,1,2,1,1,1,4,1,0,NA,1,1,0,NA,1,0,NA,1,0,0,2,1,1,2,0,0,3,1,0,NA,0,NA,NA,15616,345,45.37,45.37,57.14,57.14,41.67,41.67,44.05,44.05,25,25,29,0,17861034,"ZM"
"Zambia","ZMB","","","NAT_TOTAL",2020-10-15,1,1,2,1,1,1,4,1,0,NA,1,1,0,NA,1,0,NA,1,0,0,2,1,1,2,0,0,3,1,0,NA,0,NA,NA,15659,346,45.37,45.37,57.14,57.14,41.67,41.67,44.05,44.05,25,25,43,1,17861034,"ZM"
"Zambia","ZMB","","","NAT_TOTAL",2020-10-16,1,1,2,1,1,1,4,1,0,NA,1,1,0,NA,1,0,NA,1,0,0,2,1,1,2,0,0,3,1,0,NA,0,NA,NA,15659,346,45.37,45.37,57.14,57.14,41.67,41.67,44.05,44.05,25,25,0,0,17861034,"ZM"
"Zambia","ZMB","","","NAT_TOTAL",2020-10-17,1,1,2,1,1,1,4,1,0,NA,1,1,0,NA,1,0,NA,1,0,0,2,1,1,2,0,0,3,1,0,NA,0,NA,NA,15789,346,45.37,45.37,57.14,57.14,41.67,41.67,44.05,44.05,25,25,130,0,17861034,"ZM"
"Zambia","ZMB","","","NAT_TOTAL",2020-10-18,1,1,2,1,1,1,4,1,0,NA,1,1,0,NA,1,0,NA,1,0,0,2,1,1,2,0,0,3,1,0,NA,0,NA,NA,15853,346,45.37,45.37,57.14,57.14,41.67,41.67,44.05,44.05,25,25,64,0,17861034,"ZM"
"Zambia","ZMB","","","NAT_TOTAL",2020-10-19,1,1,2,1,1,1,4,1,0,NA,1,1,0,NA,1,0,NA,1,0,0,2,1,1,2,0,0,3,1,0,NA,0,NA,NA,15897,346,45.37,45.37,57.14,57.14,41.67,41.67,44.05,44.05,25,25,44,0,17861034,"ZM"
"Zambia","ZMB","","","NAT_TOTAL",2020-10-20,1,1,2,1,1,1,4,1,0,NA,1,1,0,NA,1,0,NA,1,0,0,2,1,1,2,0,0,3,1,0,NA,0,NA,NA,15982,346,45.37,45.37,57.14,57.14,41.67,41.67,44.05,44.05,25,25,85,0,17861034,"ZM"
"Zambia","ZMB","","","NAT_TOTAL",2020-10-21,1,1,2,1,1,1,4,1,0,NA,1,1,0,NA,1,0,NA,1,0,0,2,1,1,2,0,0,3,1,0,NA,0,NA,NA,16000,346,45.37,45.37,57.14,57.14,41.67,41.67,44.05,44.05,25,25,18,0,17861034,"ZM"
"Zambia","ZMB","","","NAT_TOTAL",2020-10-22,1,1,2,1,1,1,4,1,0,NA,1,1,0,NA,1,0,NA,1,0,0,2,1,1,2,0,0,3,1,0,NA,0,NA,NA,16035,346,45.37,45.37,57.14,57.14,41.67,41.67,44.05,44.05,25,25,35,0,17861034,"ZM"
"Zambia","ZMB","","","NAT_TOTAL",2020-10-23,1,1,2,1,1,1,4,1,0,NA,1,1,0,NA,1,0,NA,1,0,0,2,1,1,2,0,0,3,1,0,NA,0,NA,NA,16095,346,45.37,45.37,57.14,57.14,41.67,41.67,44.05,44.05,25,25,60,0,17861034,"ZM"
"Zambia","ZMB","","","NAT_TOTAL",2020-10-24,1,1,2,1,1,1,4,1,0,NA,1,1,0,NA,1,0,NA,1,0,0,2,1,1,2,0,0,3,1,0,NA,0,NA,NA,16117,348,45.37,45.37,57.14,57.14,41.67,41.67,44.05,44.05,25,25,22,2,17861034,"ZM"
"Zambia","ZMB","","","NAT_TOTAL",2020-10-25,1,1,2,1,1,1,4,1,0,NA,1,1,0,NA,1,0,NA,1,0,0,2,1,1,2,0,0,3,1,0,NA,0,NA,NA,16117,348,45.37,45.37,57.14,57.14,41.67,41.67,44.05,44.05,25,25,0,0,17861034,"ZM"
"Zambia","ZMB","","","NAT_TOTAL",2020-10-26,1,1,2,1,1,1,4,1,0,NA,1,1,0,NA,1,0,NA,1,0,0,2,1,1,2,0,0,3,1,0,NA,0,NA,NA,16200,348,45.37,45.37,57.14,57.14,41.67,41.67,44.05,44.05,25,25,83,0,17861034,"ZM"
"Zambia","ZMB","","","NAT_TOTAL",2020-10-27,1,1,2,1,1,1,4,1,0,NA,1,1,0,NA,1,0,NA,1,0,0,2,1,1,2,0,0,3,1,0,NA,0,NA,NA,16243,348,45.37,45.37,57.14,57.14,41.67,41.67,44.05,44.05,25,25,43,0,17861034,"ZM"
"Zambia","ZMB","","","NAT_TOTAL",2020-10-28,1,1,2,1,1,1,4,1,0,NA,1,1,0,NA,1,0,NA,1,0,0,2,1,1,2,0,0,3,1,0,NA,0,NA,NA,16285,348,45.37,45.37,57.14,57.14,41.67,41.67,44.05,44.05,25,25,42,0,17861034,"ZM"
"Zambia","ZMB","","","NAT_TOTAL",2020-10-29,1,1,2,1,1,1,4,1,0,NA,1,1,0,NA,1,0,NA,1,0,0,2,1,1,2,0,0,3,1,0,NA,0,NA,NA,16325,348,45.37,45.37,57.14,57.14,41.67,41.67,44.05,44.05,25,25,40,0,17861034,"ZM"
"Zambia","ZMB","","","NAT_TOTAL",2020-10-30,1,1,2,1,1,1,4,1,0,NA,1,1,0,NA,1,0,NA,1,0,0,2,1,1,2,0,0,3,1,0,NA,0,NA,NA,16415,349,45.37,45.37,57.14,57.14,41.67,41.67,44.05,44.05,25,25,90,1,17861034,"ZM"
"Zambia","ZMB","","","NAT_TOTAL",2020-10-31,1,1,2,1,1,1,4,1,0,NA,1,1,0,NA,1,0,NA,1,0,0,2,1,1,2,0,0,3,1,0,NA,0,NA,NA,16432,349,45.37,45.37,57.14,57.14,41.67,41.67,44.05,44.05,25,25,17,0,17861034,"ZM"
"Zambia","ZMB","","","NAT_TOTAL",2020-11-01,1,1,2,1,1,1,4,1,0,NA,1,1,0,NA,1,0,NA,1,0,0,2,1,1,2,0,0,3,1,0,NA,0,NA,NA,16480,349,45.37,45.37,57.14,57.14,41.67,41.67,44.05,44.05,25,25,48,0,17861034,"ZM"
"Zambia","ZMB","","","NAT_TOTAL",2020-11-02,1,1,2,1,1,1,4,1,0,NA,1,1,0,NA,1,0,NA,1,0,0,2,1,1,2,0,0,3,1,0,NA,0,NA,NA,16543,349,45.37,45.37,57.14,57.14,41.67,41.67,44.05,44.05,25,25,63,0,17861034,"ZM"
"Zambia","ZMB","","","NAT_TOTAL",2020-11-03,1,1,2,1,1,1,4,1,0,NA,1,1,0,NA,1,0,NA,1,0,0,2,1,1,2,0,0,3,1,0,NA,0,NA,NA,16661,349,45.37,45.37,57.14,57.14,41.67,41.67,44.05,44.05,25,25,118,0,17861034,"ZM"
"Zambia","ZMB","","","NAT_TOTAL",2020-11-04,1,1,2,1,1,1,4,1,0,NA,1,1,0,NA,1,0,NA,1,0,0,2,1,1,2,0,0,3,1,0,NA,0,NA,NA,16698,349,45.37,45.37,57.14,57.14,41.67,41.67,44.05,44.05,25,25,37,0,17861034,"ZM"
"Zambia","ZMB","","","NAT_TOTAL",2020-11-05,1,1,2,1,1,1,4,1,0,NA,1,1,0,NA,1,0,NA,1,0,0,2,1,1,2,0,0,3,1,0,NA,0,NA,NA,16770,349,45.37,45.37,57.14,57.14,41.67,41.67,44.05,44.05,25,25,72,0,17861034,"ZM"
"Zambia","ZMB","","","NAT_TOTAL",2020-11-06,1,1,2,1,1,1,4,1,0,NA,1,1,0,NA,1,0,NA,1,0,0,2,1,1,2,0,0,3,1,0,NA,0,NA,NA,16819,349,45.37,45.37,57.14,57.14,41.67,41.67,44.05,44.05,25,25,49,0,17861034,"ZM"
"Zambia","ZMB","","","NAT_TOTAL",2020-11-07,1,1,2,1,1,1,4,1,0,NA,1,1,0,NA,1,0,NA,1,0,0,2,1,1,2,0,0,3,1,0,NA,0,NA,NA,16908,349,45.37,45.37,57.14,57.14,41.67,41.67,44.05,44.05,25,25,89,0,17861034,"ZM"
"Zambia","ZMB","","","NAT_TOTAL",2020-11-08,1,1,2,1,1,1,4,1,0,NA,1,1,0,NA,1,0,NA,1,0,0,2,1,1,2,0,0,3,1,0,NA,0,NA,NA,16954,349,45.37,45.37,57.14,57.14,41.67,41.67,44.05,44.05,25,25,46,0,17861034,"ZM"
"Zambia","ZMB","","","NAT_TOTAL",2020-11-09,1,1,2,1,1,1,4,1,0,NA,1,1,0,NA,1,0,NA,1,0,0,2,1,1,2,0,0,3,1,0,NA,0,NA,NA,16971,349,45.37,45.37,57.14,57.14,41.67,41.67,44.05,44.05,25,25,17,0,17861034,"ZM"
"Zambia","ZMB","","","NAT_TOTAL",2020-11-10,1,1,2,1,1,1,4,1,0,NA,1,1,0,NA,1,0,NA,1,0,0,2,1,1,2,0,0,3,1,0,NA,0,NA,NA,16997,350,45.37,45.37,57.14,57.14,41.67,41.67,44.05,44.05,25,25,26,1,17861034,"ZM"
"Zambia","ZMB","","","NAT_TOTAL",2020-11-11,1,1,2,1,1,1,4,1,0,NA,1,1,0,NA,1,0,NA,1,0,0,2,1,1,2,0,0,3,1,0,NA,0,NA,NA,17036,350,45.37,45.37,57.14,57.14,41.67,41.67,44.05,44.05,25,25,39,0,17861034,"ZM"
"Zambia","ZMB","","","NAT_TOTAL",2020-11-12,1,1,2,1,1,1,4,1,0,NA,1,1,0,NA,1,0,NA,1,0,0,2,1,1,2,0,0,3,1,0,NA,0,NA,NA,17056,350,45.37,45.37,57.14,57.14,41.67,41.67,44.05,44.05,25,25,20,0,17861034,"ZM"
"Zambia","ZMB","","","NAT_TOTAL",2020-11-13,1,1,2,1,1,1,4,1,0,NA,1,1,0,NA,1,0,NA,1,0,0,2,1,1,2,0,0,3,1,0,NA,0,NA,NA,17093,350,45.37,45.37,57.14,57.14,41.67,41.67,44.05,44.05,25,25,37,0,17861034,"ZM"
"Zambia","ZMB","","","NAT_TOTAL",2020-11-14,1,1,2,1,1,1,4,1,0,NA,1,1,0,NA,1,0,NA,1,0,0,2,1,1,2,0,0,3,1,0,NA,0,NA,NA,17097,350,45.37,45.37,57.14,57.14,41.67,41.67,44.05,44.05,25,25,4,0,17861034,"ZM"
"Zambia","ZMB","","","NAT_TOTAL",2020-11-15,1,1,2,1,1,1,4,1,0,NA,1,1,0,NA,1,0,NA,1,0,0,2,1,1,2,0,0,3,1,0,NA,0,NA,NA,17123,353,45.37,45.37,57.14,57.14,41.67,41.67,44.05,44.05,25,25,26,3,17861034,"ZM"
"Zambia","ZMB","","","NAT_TOTAL",2020-11-16,1,1,2,1,1,1,4,1,0,NA,1,1,0,NA,1,0,NA,1,0,0,2,1,3,2,0,0,3,1,0,NA,0,NA,NA,17187,353,45.37,45.37,57.14,57.14,45.83,45.83,48.81,48.81,25,25,64,0,17861034,"ZM"
"Zambia","ZMB","","","NAT_TOTAL",2020-11-17,1,1,2,1,1,1,4,1,0,NA,1,1,0,NA,1,0,NA,1,380991568,0,2,1,3,2,0,0,3,1,0,NA,0,NA,NA,17243,353,45.37,45.37,57.14,57.14,45.83,45.83,48.81,48.81,25,25,56,0,17861034,"ZM"
"Zambia","ZMB","","","NAT_TOTAL",2020-11-18,1,1,2,1,1,1,4,1,0,NA,1,1,0,NA,1,0,NA,1,0,0,2,1,3,2,0,0,3,1,0,NA,0,NA,NA,17280,356,45.37,45.37,57.14,57.14,45.83,45.83,48.81,48.81,25,25,37,3,17861034,"ZM"
"Zambia","ZMB","","","NAT_TOTAL",2020-11-19,1,1,2,1,1,1,4,1,0,NA,1,1,0,NA,1,0,NA,1,0,0,2,1,3,2,0,0,3,1,0,NA,0,NA,NA,17350,356,45.37,45.37,57.14,57.14,45.83,45.83,48.81,48.81,25,25,70,0,17861034,"ZM"
"Zambia","ZMB","","","NAT_TOTAL",2020-11-20,1,1,2,1,1,1,4,1,0,NA,1,1,0,NA,1,0,NA,1,0,0,2,1,3,2,0,0,3,1,0,NA,0,NA,NA,17373,356,45.37,45.37,57.14,57.14,45.83,45.83,48.81,48.81,25,25,23,0,17861034,"ZM"
"Zambia","ZMB","","","NAT_TOTAL",2020-11-21,1,1,2,1,1,1,4,1,0,NA,1,1,0,NA,1,0,NA,1,0,0,2,1,3,2,0,0,3,1,0,NA,0,NA,NA,17394,356,45.37,45.37,57.14,57.14,45.83,45.83,48.81,48.81,25,25,21,0,17861034,"ZM"
"Zambia","ZMB","","","NAT_TOTAL",2020-11-22,1,1,2,1,1,1,4,1,0,NA,1,1,0,NA,1,0,NA,1,0,0,2,1,3,2,0,0,3,1,0,NA,0,NA,NA,17424,357,45.37,45.37,57.14,57.14,45.83,45.83,48.81,48.81,25,25,30,1,17861034,"ZM"
"Zambia","ZMB","","","NAT_TOTAL",2020-11-23,1,1,2,1,1,1,4,1,0,NA,1,1,0,NA,1,0,NA,1,0,0,2,1,3,2,0,0,3,1,0,NA,0,NA,NA,17454,357,45.37,45.37,57.14,57.14,45.83,45.83,48.81,48.81,25,25,30,0,17861034,"ZM"
"Zambia","ZMB","","","NAT_TOTAL",2020-11-24,1,1,2,1,1,1,4,1,0,NA,1,1,0,NA,1,0,NA,1,0,0,2,1,3,2,0,0,3,1,0,NA,0,NA,NA,17466,357,45.37,45.37,57.14,57.14,45.83,45.83,48.81,48.81,25,25,12,0,17861034,"ZM"
"Zambia","ZMB","","","NAT_TOTAL",2020-11-25,1,1,2,1,1,1,4,1,0,NA,1,1,0,NA,1,0,NA,1,0,0,2,1,3,2,0,0,3,1,0,NA,0,NA,NA,17535,357,45.37,45.37,57.14,57.14,45.83,45.83,48.81,48.81,25,25,69,0,17861034,"ZM"
"Zambia","ZMB","","","NAT_TOTAL",2020-11-26,1,1,2,1,1,1,4,1,0,NA,1,1,0,NA,1,0,NA,1,0,0,2,1,3,2,0,0,3,1,0,NA,0,NA,NA,17553,357,45.37,45.37,57.14,57.14,45.83,45.83,48.81,48.81,25,25,18,0,17861034,"ZM"
"Zambia","ZMB","","","NAT_TOTAL",2020-11-27,1,1,2,1,1,1,4,1,0,NA,1,1,0,NA,1,0,NA,1,0,0,2,1,3,2,0,0,3,1,0,NA,0,NA,NA,17569,357,45.37,45.37,57.14,57.14,45.83,45.83,48.81,48.81,25,25,16,0,17861034,"ZM"
"Zambia","ZMB","","","NAT_TOTAL",2020-11-28,1,1,2,1,1,1,4,1,0,NA,1,1,0,NA,1,0,NA,1,0,0,2,1,3,2,0,0,3,1,0,NA,0,NA,NA,17589,357,45.37,45.37,57.14,57.14,45.83,45.83,48.81,48.81,25,25,20,0,17861034,"ZM"
"Zambia","ZMB","","","NAT_TOTAL",2020-11-29,1,1,2,1,1,1,4,1,0,NA,1,1,0,NA,1,0,NA,1,0,0,2,1,3,2,0,0,3,1,0,NA,0,NA,NA,17608,357,45.37,45.37,57.14,57.14,45.83,45.83,48.81,48.81,25,25,19,0,17861034,"ZM"
"Zambia","ZMB","","","NAT_TOTAL",2020-11-30,1,1,2,1,1,1,4,1,0,NA,1,1,0,NA,1,0,NA,1,0,0,2,1,3,2,0,0,3,1,0,NA,0,NA,NA,17647,357,45.37,45.37,57.14,57.14,45.83,45.83,48.81,48.81,25,25,39,0,17861034,"ZM"
"Zambia","ZMB","","","NAT_TOTAL",2020-12-01,1,1,2,1,1,1,4,1,0,NA,1,1,0,NA,1,0,NA,1,0,0,2,1,3,2,0,0,3,1,0,NA,0,NA,NA,17665,357,45.37,45.37,57.14,57.14,45.83,45.83,48.81,48.81,25,25,18,0,17861034,"ZM"
"Zambia","ZMB","","","NAT_TOTAL",2020-12-02,1,1,2,1,1,1,4,1,0,NA,1,1,0,NA,1,0,NA,1,0,0,2,1,3,2,0,0,3,1,0,NA,0,NA,NA,17700,357,45.37,45.37,57.14,57.14,45.83,45.83,48.81,48.81,25,25,35,0,17861034,"ZM"
"Zambia","ZMB","","","NAT_TOTAL",2020-12-03,1,1,2,1,1,1,4,1,0,NA,1,1,0,NA,1,0,NA,1,0,0,2,1,3,2,0,0,3,1,0,NA,0,NA,NA,17730,357,45.37,45.37,57.14,57.14,45.83,45.83,48.81,48.81,25,25,30,0,17861034,"ZM"
"Zambia","ZMB","","","NAT_TOTAL",2020-12-04,1,1,2,1,1,1,4,1,0,NA,1,1,0,NA,1,0,NA,1,0,0,2,1,3,2,0,0,3,1,0,NA,0,NA,NA,17857,364,45.37,45.37,57.14,57.14,45.83,45.83,48.81,48.81,25,25,127,7,17861034,"ZM"
"Zambia","ZMB","","","NAT_TOTAL",2020-12-05,1,1,2,1,1,1,4,1,0,NA,1,1,0,NA,1,0,NA,1,0,0,2,1,3,2,0,0,3,1,0,NA,0,NA,NA,17898,364,45.37,45.37,57.14,57.14,45.83,45.83,48.81,48.81,25,25,41,0,17861034,"ZM"
"Zambia","ZMB","","","NAT_TOTAL",2020-12-06,1,1,2,1,1,1,4,1,0,NA,1,1,0,NA,1,0,NA,1,0,0,2,1,3,2,0,0,3,1,0,NA,0,NA,NA,17916,364,45.37,45.37,57.14,57.14,45.83,45.83,48.81,48.81,25,25,18,0,17861034,"ZM"
"Zambia","ZMB","","","NAT_TOTAL",2020-12-07,1,1,2,1,1,1,4,1,0,NA,1,1,0,NA,1,0,NA,1,0,0,2,1,3,2,0,0,3,1,0,NA,0,NA,NA,17931,364,45.37,45.37,57.14,57.14,45.83,45.83,48.81,48.81,25,25,15,0,17861034,"ZM"
"Zambia","ZMB","","","NAT_TOTAL",2020-12-08,1,1,2,1,1,1,4,1,0,NA,1,1,0,NA,1,0,NA,1,0,0,2,1,3,2,0,0,3,1,0,NA,0,NA,NA,17963,364,45.37,45.37,57.14,57.14,45.83,45.83,48.81,48.81,25,25,32,0,17861034,"ZM"
"Zambia","ZMB","","","NAT_TOTAL",2020-12-09,1,1,2,1,1,1,4,1,0,NA,1,1,0,NA,1,0,NA,1,0,0,2,1,3,2,0,0,3,1,0,NA,0,NA,NA,18062,364,45.37,45.37,57.14,57.14,45.83,45.83,48.81,48.81,25,25,99,0,17861034,"ZM"
"Zambia","ZMB","","","NAT_TOTAL",2020-12-10,1,1,2,1,1,1,4,1,0,NA,1,1,0,NA,1,0,NA,1,0,0,2,1,3,2,0,0,3,1,0,NA,0,NA,NA,18091,364,45.37,45.37,57.14,57.14,45.83,45.83,48.81,48.81,25,25,29,0,17861034,"ZM"
"Zambia","ZMB","","","NAT_TOTAL",2020-12-11,1,1,2,1,1,1,4,1,0,NA,1,1,0,NA,1,0,NA,1,0,0,2,1,3,2,0,0,3,1,0,NA,0,NA,NA,18161,365,45.37,45.37,57.14,57.14,45.83,45.83,48.81,48.81,25,25,70,1,17861034,"ZM"
"Zambia","ZMB","","","NAT_TOTAL",2020-12-12,1,1,2,1,1,1,4,1,0,NA,1,1,0,NA,1,0,NA,1,0,0,2,1,3,2,0,0,3,1,0,NA,0,NA,NA,18217,366,45.37,45.37,57.14,57.14,45.83,45.83,48.81,48.81,25,25,56,1,17861034,"ZM"
"Zambia","ZMB","","","NAT_TOTAL",2020-12-13,1,1,2,1,1,1,4,1,0,NA,1,1,0,NA,1,0,NA,1,0,0,2,1,3,2,0,0,3,1,0,NA,0,NA,NA,18274,367,45.37,45.37,57.14,57.14,45.83,45.83,48.81,48.81,25,25,57,1,17861034,"ZM"
"Zambia","ZMB","","","NAT_TOTAL",2020-12-14,2,1,2,1,1,1,4,1,0,NA,1,1,0,NA,1,0,NA,1,0,0,2,1,3,2,0,0,3,1,0,NA,0,NA,NA,18322,367,49.07,49.07,60.71,60.71,47.92,47.92,51.19,51.19,25,25,48,0,17861034,"ZM"
"Zambia","ZMB","","","NAT_TOTAL",2020-12-15,2,1,2,1,1,1,4,1,0,NA,1,1,0,NA,1,0,NA,1,0,0,2,1,3,2,0,0,3,1,0,NA,0,NA,NA,18428,368,49.07,49.07,60.71,60.71,47.92,47.92,51.19,51.19,25,25,106,1,17861034,"ZM"
"Zambia","ZMB","","","NAT_TOTAL",2020-12-16,2,1,2,1,1,1,4,1,0,NA,1,1,0,NA,1,0,NA,1,0,0,2,1,3,2,0,0,3,1,0,NA,0,NA,NA,18456,369,49.07,49.07,60.71,60.71,47.92,47.92,51.19,51.19,25,25,28,1,17861034,"ZM"
"Zambia","ZMB","","","NAT_TOTAL",2020-12-17,2,1,2,1,1,1,4,1,0,NA,1,1,0,NA,1,0,NA,1,0,0,2,1,3,2,0,0,3,1,0,NA,0,NA,NA,18504,369,49.07,49.07,60.71,60.71,47.92,47.92,51.19,51.19,25,25,48,0,17861034,"ZM"
"Zambia","ZMB","","","NAT_TOTAL",2020-12-18,2,1,2,1,1,1,4,1,0,NA,1,1,0,NA,1,0,NA,1,0,0,2,1,3,2,0,0,3,1,0,NA,0,NA,NA,18575,373,49.07,49.07,60.71,60.71,47.92,47.92,51.19,51.19,25,25,71,4,17861034,"ZM"
"Zambia","ZMB","","","NAT_TOTAL",2020-12-19,2,1,2,1,1,1,4,1,0,NA,1,1,0,NA,1,0,NA,1,0,0,2,1,3,2,0,0,3,1,0,NA,0,NA,NA,18620,373,49.07,49.07,60.71,60.71,47.92,47.92,51.19,51.19,25,25,45,0,17861034,"ZM"
"Zambia","ZMB","","","NAT_TOTAL",2020-12-20,2,1,2,1,1,1,4,1,0,NA,1,1,0,NA,1,0,NA,1,0,0,2,1,3,2,0,0,3,1,0,NA,0,NA,NA,18716,373,49.07,49.07,60.71,60.71,47.92,47.92,51.19,51.19,25,25,96,0,17861034,"ZM"
"Zambia","ZMB","","","NAT_TOTAL",2020-12-21,2,1,2,1,1,1,4,1,0,NA,1,1,0,NA,1,0,NA,1,0,0,2,1,3,2,0,0,3,1,0,NA,0,NA,NA,18768,375,49.07,49.07,60.71,60.71,47.92,47.92,51.19,51.19,25,25,52,2,17861034,"ZM"
"Zambia","ZMB","","","NAT_TOTAL",2020-12-22,2,1,2,1,1,1,4,1,0,NA,1,1,0,NA,1,0,NA,1,0,0,2,1,3,2,0,0,3,1,0,NA,0,NA,NA,18881,379,49.07,49.07,60.71,60.71,47.92,47.92,51.19,51.19,25,25,113,4,17861034,"ZM"
"Zambia","ZMB","","","NAT_TOTAL",2020-12-23,2,1,2,1,1,1,4,1,0,NA,1,1,0,NA,1,0,NA,1,0,0,2,1,3,2,0,0,3,1,0,NA,0,NA,NA,19122,380,49.07,49.07,60.71,60.71,47.92,47.92,51.19,51.19,25,25,241,1,17861034,"ZM"
"Zambia","ZMB","","","NAT_TOTAL",2020-12-24,2,1,2,1,1,1,4,1,0,NA,1,1,0,NA,1,0,NA,1,0,0,2,1,3,2,0,0,3,1,0,NA,0,NA,NA,19234,381,49.07,49.07,60.71,60.71,47.92,47.92,51.19,51.19,25,25,112,1,17861034,"ZM"
"Zambia","ZMB","","","NAT_TOTAL",2020-12-25,2,1,2,1,1,1,4,1,0,NA,1,1,0,NA,1,0,NA,1,0,0,2,1,3,2,0,0,3,1,0,NA,0,NA,NA,19571,381,49.07,49.07,60.71,60.71,47.92,47.92,51.19,51.19,25,25,337,0,17861034,"ZM"
"Zambia","ZMB","","","NAT_TOTAL",2020-12-26,2,1,2,1,1,1,4,1,0,NA,1,1,0,NA,1,0,NA,1,0,0,2,1,3,2,0,0,3,1,0,NA,0,NA,NA,19671,382,49.07,49.07,60.71,60.71,47.92,47.92,51.19,51.19,25,25,100,1,17861034,"ZM"
"Zambia","ZMB","","","NAT_TOTAL",2020-12-27,2,1,2,1,1,1,4,1,0,NA,1,1,0,NA,1,0,NA,1,0,0,2,1,3,2,0,0,3,1,0,NA,0,NA,NA,19834,383,49.07,49.07,60.71,60.71,47.92,47.92,51.19,51.19,25,25,163,1,17861034,"ZM"
"Zambia","ZMB","","","NAT_TOTAL",2020-12-28,2,1,2,1,1,1,4,1,0,NA,1,1,0,NA,1,0,NA,1,0,0,2,1,3,2,0,0,3,1,0,NA,0,NA,NA,19943,384,49.07,49.07,60.71,60.71,47.92,47.92,51.19,51.19,25,25,109,1,17861034,"ZM"
"Zambia","ZMB","","","NAT_TOTAL",2020-12-29,2,1,2,1,1,1,4,1,0,NA,1,1,0,NA,1,0,NA,1,0,0,2,1,3,2,0,0,3,1,0,NA,0,NA,NA,20177,385,49.07,49.07,60.71,60.71,47.92,47.92,51.19,51.19,25,25,234,1,17861034,"ZM"
"Zambia","ZMB","","","NAT_TOTAL",2020-12-30,2,1,2,1,1,1,4,1,0,NA,1,1,0,NA,1,0,NA,1,0,0,2,1,3,2,0,0,3,1,0,NA,0,NA,NA,20462,386,49.07,49.07,60.71,60.71,47.92,47.92,51.19,51.19,25,25,285,1,17861034,"ZM"
"Zambia","ZMB","","","NAT_TOTAL",2020-12-31,2,1,2,1,1,1,4,1,0,NA,1,1,0,NA,1,0,NA,1,0,0,2,1,3,2,0,0,3,1,0,NA,0,NA,NA,20725,388,49.07,49.07,60.71,60.71,47.92,47.92,51.19,51.19,25,25,263,2,17861034,"ZM"
"Zambia","ZMB","","","NAT_TOTAL",2021-01-01,2,1,2,1,1,1,4,1,0,NA,1,1,0,NA,1,0,NA,1,0,0,2,1,3,2,0,0,3,1,0,NA,0,NA,NA,20997,390,49.07,49.07,60.71,60.71,47.92,47.92,51.19,51.19,25,25,272,2,17861034,"ZM"
"Zambia","ZMB","","","NAT_TOTAL",2021-01-02,2,1,2,1,1,1,4,1,0,NA,1,1,0,NA,1,0,NA,1,0,0,2,1,3,2,0,0,3,1,0,NA,0,NA,NA,21230,392,49.07,49.07,60.71,60.71,47.92,47.92,51.19,51.19,25,25,233,2,17861034,"ZM"
"Zambia","ZMB","","","NAT_TOTAL",2021-01-03,2,1,2,1,1,1,4,1,0,NA,1,1,0,NA,1,0,NA,1,0,0,2,1,3,2,0,0,3,1,0,NA,0,NA,NA,21582,394,49.07,49.07,60.71,60.71,47.92,47.92,51.19,51.19,25,25,352,2,17861034,"ZM"
"Zambia","ZMB","","","NAT_TOTAL",2021-01-04,2,1,2,1,1,1,4,1,0,NA,1,1,0,NA,1,0,NA,1,0,0,2,1,3,2,0,0,3,1,0,NA,0,NA,NA,21993,398,49.07,49.07,60.71,60.71,47.92,47.92,51.19,51.19,25,25,411,4,17861034,"ZM"
"Zambia","ZMB","","","NAT_TOTAL",2021-01-05,2,1,2,1,1,1,4,1,0,NA,1,1,0,NA,1,0,NA,1,0,0,2,1,3,2,0,0,3,1,0,NA,0,NA,NA,22645,412,49.07,49.07,60.71,60.71,47.92,47.92,51.19,51.19,25,25,652,14,17861034,"ZM"
"Zambia","ZMB","","","NAT_TOTAL",2021-01-06,2,1,2,1,1,1,4,1,0,NA,1,1,0,NA,1,0,NA,1,0,0,2,1,3,2,0,0,3,1,0,NA,0,NA,NA,23495,417,49.07,49.07,60.71,60.71,47.92,47.92,51.19,51.19,25,25,850,5,17861034,"ZM"
"Zambia","ZMB","","","NAT_TOTAL",2021-01-07,2,1,2,1,1,1,4,1,0,NA,1,1,0,NA,1,0,NA,1,0,0,2,1,3,2,0,0,3,1,0,NA,0,NA,NA,24297,423,49.07,49.07,60.71,60.71,47.92,47.92,51.19,51.19,25,25,802,6,17861034,"ZM"
"Zambia","ZMB","","","NAT_TOTAL",2021-01-08,2,1,2,1,1,1,4,1,0,NA,1,1,0,NA,1,0,NA,1,0,0,2,1,3,2,0,0,3,1,0,NA,0,NA,NA,25326,441,49.07,49.07,60.71,60.71,47.92,47.92,51.19,51.19,25,25,1029,18,17861034,"ZM"
"Zambia","ZMB","","","NAT_TOTAL",2021-01-09,2,1,2,1,1,1,4,1,0,NA,1,1,0,NA,1,0,NA,1,0,0,2,1,3,2,0,0,3,1,0,NA,0,NA,NA,26567,464,49.07,49.07,60.71,60.71,47.92,47.92,51.19,51.19,25,25,1241,23,17861034,"ZM"
"Zambia","ZMB","","","NAT_TOTAL",2021-01-10,2,1,2,1,1,1,4,1,0,NA,1,1,0,NA,1,0,NA,1,0,0,2,1,3,2,0,0,3,1,0,NA,0,NA,NA,27728,469,49.07,49.07,60.71,60.71,47.92,47.92,51.19,51.19,25,25,1161,5,17861034,"ZM"
"Zambia","ZMB","","","NAT_TOTAL",2021-01-11,2,1,2,1,1,1,4,1,0,NA,1,1,0,NA,1,0,NA,1,0,0,2,1,3,2,0,0,3,1,0,NA,0,NA,NA,28596,471,49.07,49.07,60.71,60.71,47.92,47.92,51.19,51.19,25,25,868,2,17861034,"ZM"
"Zambia","ZMB","","","NAT_TOTAL",2021-01-12,2,1,2,1,1,1,4,1,0,NA,1,1,0,NA,1,0,NA,1,0,0,2,1,3,2,0,0,3,1,0,NA,0,NA,NA,29757,495,49.07,49.07,60.71,60.71,47.92,47.92,51.19,51.19,25,25,1161,24,17861034,"ZM"
"Zambia","ZMB","","","NAT_TOTAL",2021-01-13,2,1,2,1,1,1,4,1,0,NA,1,1,0,NA,1,0,NA,1,0,0,2,1,3,2,0,0,3,1,0,NA,0,NA,NA,31100,509,49.07,49.07,60.71,60.71,47.92,47.92,51.19,51.19,25,25,1343,14,17861034,"ZM"
"Zambia","ZMB","","","NAT_TOTAL",2021-01-14,2,1,2,1,1,1,4,1,0,NA,1,1,0,NA,1,0,NA,1,0,0,2,1,3,2,0,0,3,1,0,NA,0,NA,NA,32800,514,49.07,49.07,60.71,60.71,47.92,47.92,51.19,51.19,25,25,1700,5,17861034,"ZM"
"Zambia","ZMB","","","NAT_TOTAL",2021-01-15,2,1,2,1,1,1,4,1,0,NA,1,1,0,NA,1,0,NA,1,0,0,2,1,3,2,0,0,3,1,0,NA,0,NA,NA,34278,527,49.07,49.07,60.71,60.71,47.92,47.92,51.19,51.19,25,25,1478,13,17861034,"ZM"
"Zambia","ZMB","","","NAT_TOTAL",2021-01-16,2,1,2,1,1,1,4,1,0,NA,1,1,0,NA,1,0,NA,1,0,0,2,1,3,2,0,0,3,1,0,NA,0,NA,NA,36074,537,49.07,49.07,60.71,60.71,47.92,47.92,51.19,51.19,25,25,1796,10,17861034,"ZM"
"Zambia","ZMB","","","NAT_TOTAL",2021-01-17,2,1,2,1,1,1,4,1,0,NA,1,1,0,NA,1,0,NA,1,0,0,2,1,3,2,0,0,3,1,0,NA,0,NA,NA,37605,546,49.07,49.07,60.71,60.71,47.92,47.92,51.19,51.19,25,25,1531,9,17861034,"ZM"
"Zambia","ZMB","","","NAT_TOTAL",2021-01-18,2,1,2,1,1,1,4,1,0,NA,1,1,0,NA,1,0,NA,1,0,0,2,1,3,2,0,0,3,1,0,NA,0,NA,NA,38207,559,49.07,49.07,60.71,60.71,47.92,47.92,51.19,51.19,25,25,602,13,17861034,"ZM"
"Zambia","ZMB","","","NAT_TOTAL",2021-01-19,2,1,2,1,1,1,4,1,0,NA,1,1,0,NA,1,0,NA,1,0,0,2,1,1,2,0,0,3,1,0,NA,0,NA,NA,39515,578,49.07,49.07,60.71,60.71,43.75,43.75,46.43,46.43,25,25,1308,19,17861034,"ZM"
"Zambia","ZMB","","","NAT_TOTAL",2021-01-20,2,1,2,1,1,1,4,1,0,NA,1,1,0,NA,1,0,NA,1,0,0,2,1,1,2,0,0,3,1,0,NA,0,NA,NA,40949,585,49.07,49.07,60.71,60.71,43.75,43.75,46.43,46.43,25,25,1434,7,17861034,"ZM"
"Zambia","ZMB","","","NAT_TOTAL",2021-01-21,2,1,2,1,1,1,4,1,0,NA,1,1,0,NA,1,0,NA,1,0,0,2,1,1,2,0,0,3,1,0,NA,0,NA,NA,42213,597,49.07,49.07,60.71,60.71,43.75,43.75,46.43,46.43,25,25,1264,12,17861034,"ZM"
"Zambia","ZMB","","","NAT_TOTAL",2021-01-22,2,1,2,1,1,1,4,1,0,NA,1,1,0,NA,1,0,NA,1,0,0,2,1,1,2,0,0,3,1,0,NA,0,NA,NA,43333,610,49.07,49.07,60.71,60.71,43.75,43.75,46.43,46.43,25,25,1120,13,17861034,"ZM"
"Zambia","ZMB","","","NAT_TOTAL",2021-01-23,2,1,2,1,1,1,4,1,0,NA,1,1,0,NA,1,0,NA,1,0,0,2,1,1,2,0,0,3,1,0,NA,0,NA,NA,44592,627,49.07,49.07,60.71,60.71,43.75,43.75,46.43,46.43,25,25,1259,17,17861034,"ZM"
"Zambia","ZMB","","","NAT_TOTAL",2021-01-24,2,1,2,1,1,1,4,1,0,NA,1,1,0,NA,1,0,NA,1,0,0,2,1,1,2,0,0,3,1,0,NA,0,NA,NA,45337,639,49.07,49.07,60.71,60.71,43.75,43.75,46.43,46.43,25,25,745,12,17861034,"ZM"
"Zambia","ZMB","","","NAT_TOTAL",2021-01-25,2,1,2,1,1,1,4,1,0,NA,1,1,0,NA,1,0,NA,1,0,0,2,1,1,2,0,0,3,1,0,NA,0,NA,NA,46146,660,49.07,49.07,60.71,60.71,43.75,43.75,46.43,46.43,25,25,809,21,17861034,"ZM"
"Zambia","ZMB","","","NAT_TOTAL",2021-01-26,2,1,2,1,1,1,4,1,0,NA,1,1,0,NA,1,0,NA,1,0,0,2,1,1,2,0,0,3,1,0,NA,0,NA,NA,47622,672,49.07,49.07,60.71,60.71,43.75,43.75,46.43,46.43,25,25,1476,12,17861034,"ZM"
"Zambia","ZMB","","","NAT_TOTAL",2021-01-27,2,1,2,1,1,1,4,1,0,NA,1,1,0,NA,1,0,NA,1,0,0,2,1,1,2,0,0,3,1,0,NA,0,NA,NA,48911,688,49.07,49.07,60.71,60.71,43.75,43.75,46.43,46.43,25,25,1289,16,17861034,"ZM"
"Zambia","ZMB","","","NAT_TOTAL",2021-01-28,2,1,2,1,1,1,4,1,0,NA,1,1,0,NA,1,0,NA,1,0,0,2,1,1,2,0,0,3,1,0,NA,0,NA,NA,50319,705,49.07,49.07,60.71,60.71,43.75,43.75,46.43,46.43,25,25,1408,17,17861034,"ZM"
"Zambia","ZMB","","","NAT_TOTAL",2021-01-29,2,1,2,1,1,1,4,1,0,NA,1,1,0,NA,1,0,NA,1,0,0,2,1,1,2,0,0,3,1,0,NA,0,NA,NA,51624,728,49.07,49.07,60.71,60.71,43.75,43.75,46.43,46.43,25,25,1305,23,17861034,"ZM"
"Zambia","ZMB","","","NAT_TOTAL",2021-01-30,2,1,2,1,1,1,4,1,0,NA,1,1,0,NA,1,0,NA,1,0,0,2,1,1,2,0,0,3,1,0,NA,0,NA,NA,53352,745,49.07,49.07,60.71,60.71,43.75,43.75,46.43,46.43,25,25,1728,17,17861034,"ZM"
"Zambia","ZMB","","","NAT_TOTAL",2021-01-31,2,1,0,NA,2,1,4,1,0,NA,0,NA,0,NA,1,0,NA,0,0,0,2,1,1,1,0,0,3,1,0,NA,0,NA,NA,54217,763,43.52,43.52,42.86,42.86,34.38,34.38,39.29,39.29,0,0,865,18,17861034,"ZM"
"Zambia","ZMB","","","NAT_TOTAL",2021-02-01,0,NA,0,NA,2,1,4,1,0,NA,0,NA,0,NA,1,0,NA,0,0,0,2,1,1,1,0,0,3,1,0,NA,0,NA,NA,55042,780,36.11,36.11,32.14,32.14,30.21,30.21,34.52,34.52,0,0,825,17,17861034,"ZM"
"Zambia","ZMB","","","NAT_TOTAL",2021-02-02,0,NA,0,NA,2,1,4,1,0,NA,0,NA,0,NA,1,0,NA,0,0,0,2,1,1,1,0,0,3,1,0,NA,0,NA,NA,56233,794,36.11,36.11,32.14,32.14,30.21,30.21,34.52,34.52,0,0,1191,14,17861034,"ZM"
"Zambia","ZMB","","","NAT_TOTAL",2021-02-03,0,NA,0,NA,2,1,4,1,0,NA,0,NA,0,NA,1,0,NA,0,0,0,2,1,1,1,0,0,3,1,0,NA,0,NA,NA,57489,804,36.11,36.11,32.14,32.14,30.21,30.21,34.52,34.52,0,0,1256,10,17861034,"ZM"
"Zambia","ZMB","","","NAT_TOTAL",2021-02-04,0,NA,0,NA,2,1,4,1,0,NA,0,NA,0,NA,1,0,NA,0,0,0,2,1,1,1,0,0,3,1,0,NA,0,NA,NA,59003,812,36.11,36.11,32.14,32.14,30.21,30.21,34.52,34.52,0,0,1514,8,17861034,"ZM"
"Zambia","ZMB","","","NAT_TOTAL",2021-02-05,0,NA,0,NA,2,1,4,1,0,NA,0,NA,0,NA,1,0,NA,0,0,0,2,1,1,1,0,0,3,1,0,NA,0,NA,NA,60427,828,36.11,36.11,32.14,32.14,30.21,30.21,34.52,34.52,0,0,1424,16,17861034,"ZM"
"Zambia","ZMB","","","NAT_TOTAL",2021-02-06,0,NA,0,NA,2,1,4,1,0,NA,0,NA,0,NA,1,0,NA,0,0,0,2,1,1,1,0,0,3,1,0,NA,0,NA,NA,61427,839,36.11,36.11,32.14,32.14,30.21,30.21,34.52,34.52,0,0,1000,11,17861034,"ZM"
"Zambia","ZMB","","","NAT_TOTAL",2021-02-07,0,NA,0,NA,2,1,4,1,0,NA,0,NA,0,NA,1,0,NA,0,0,0,2,1,1,1,0,0,3,1,0,NA,0,NA,NA,62633,853,36.11,36.11,32.14,32.14,30.21,30.21,34.52,34.52,0,0,1206,14,17861034,"ZM"
"Zambia","ZMB","","","NAT_TOTAL",2021-02-08,0,NA,0,NA,2,1,4,1,0,NA,0,NA,0,NA,1,0,NA,0,0,0,2,1,1,1,0,0,3,1,0,NA,0,NA,NA,63573,869,36.11,36.11,32.14,32.14,30.21,30.21,34.52,34.52,0,0,940,16,17861034,"ZM"
"Zambia","ZMB","","","NAT_TOTAL",2021-02-09,0,NA,0,NA,2,1,4,1,0,NA,0,NA,0,NA,1,0,NA,0,0,0,2,1,1,1,0,0,3,1,0,NA,0,NA,NA,64610,881,36.11,36.11,32.14,32.14,30.21,30.21,34.52,34.52,0,0,1037,12,17861034,"ZM"
"Zambia","ZMB","","","NAT_TOTAL",2021-02-10,0,NA,0,NA,2,1,4,1,0,NA,0,NA,0,NA,1,0,NA,0,0,0,2,1,1,1,0,0,3,1,0,NA,0,NA,NA,65573,901,36.11,36.11,32.14,32.14,30.21,30.21,34.52,34.52,0,0,963,20,17861034,"ZM"
"Zambia","ZMB","","","NAT_TOTAL",2021-02-11,0,NA,0,NA,2,1,4,1,0,NA,0,NA,0,NA,1,0,NA,0,0,0,2,1,1,1,0,0,3,1,0,NA,0,NA,NA,66598,914,36.11,36.11,32.14,32.14,30.21,30.21,34.52,34.52,0,0,1025,13,17861034,"ZM"
"Zambia","ZMB","","","NAT_TOTAL",2021-02-12,0,NA,0,NA,2,1,4,1,0,NA,0,NA,0,NA,1,0,NA,0,0,0,2,1,1,1,0,0,3,1,0,NA,0,NA,NA,67681,931,36.11,36.11,32.14,32.14,30.21,30.21,34.52,34.52,0,0,1083,17,17861034,"ZM"
"Zambia","ZMB","","","NAT_TOTAL",2021-02-13,0,NA,0,NA,2,1,4,1,0,NA,0,NA,0,NA,1,0,NA,0,0,0,2,1,1,1,0,0,3,1,0,NA,0,NA,NA,68454,940,36.11,36.11,32.14,32.14,30.21,30.21,34.52,34.52,0,0,773,9,17861034,"ZM"
"Zambia","ZMB","","","NAT_TOTAL",2021-02-14,0,NA,0,NA,2,1,4,1,0,NA,0,NA,0,NA,1,0,NA,0,0,0,2,1,1,1,0,0,3,1,0,NA,0,NA,NA,69437,951,36.11,36.11,32.14,32.14,30.21,30.21,34.52,34.52,0,0,983,11,17861034,"ZM"
"Zambia","ZMB","","","NAT_TOTAL",2021-02-15,0,NA,0,NA,2,1,4,1,0,NA,0,NA,0,NA,1,0,NA,0,0,0,2,1,1,1,0,0,3,1,0,NA,0,NA,NA,70248,959,36.11,36.11,32.14,32.14,30.21,30.21,34.52,34.52,0,0,811,8,17861034,"ZM"
"Zambia","ZMB","","","NAT_TOTAL",2021-02-16,0,NA,0,NA,2,1,4,1,0,NA,0,NA,0,NA,1,0,NA,0,0,0,2,1,1,1,0,0,3,1,0,NA,0,NA,NA,70823,974,36.11,36.11,32.14,32.14,30.21,30.21,34.52,34.52,0,0,575,15,17861034,"ZM"
"Zambia","ZMB","","","NAT_TOTAL",2021-02-17,0,NA,0,NA,2,1,4,1,0,NA,0,NA,0,NA,1,0,NA,0,0,0,2,1,1,1,0,0,3,1,0,NA,0,NA,NA,71677,983,36.11,36.11,32.14,32.14,30.21,30.21,34.52,34.52,0,0,854,9,17861034,"ZM"
"Zambia","ZMB","","","NAT_TOTAL",2021-02-18,0,NA,0,NA,2,1,4,1,0,NA,0,NA,0,NA,1,0,NA,0,0,0,2,1,1,1,0,0,3,1,0,NA,0,NA,NA,72467,991,36.11,36.11,32.14,32.14,30.21,30.21,34.52,34.52,0,0,790,8,17861034,"ZM"
"Zambia","ZMB","","","NAT_TOTAL",2021-02-19,0,NA,0,NA,2,1,4,1,0,NA,0,NA,0,NA,1,0,NA,0,0,0,2,1,1,1,0,0,3,1,0,NA,0,NA,NA,73203,1002,36.11,36.11,32.14,32.14,30.21,30.21,34.52,34.52,0,0,736,11,17861034,"ZM"
"Zambia","ZMB","","","NAT_TOTAL",2021-02-20,0,NA,0,NA,2,1,4,1,0,NA,0,NA,0,NA,1,0,NA,0,0,0,2,1,1,1,0,0,3,1,0,NA,0,NA,NA,73894,1016,36.11,36.11,32.14,32.14,30.21,30.21,34.52,34.52,0,0,691,14,17861034,"ZM"
"Zambia","ZMB","","","NAT_TOTAL",2021-02-21,0,NA,0,NA,2,1,4,1,0,NA,0,NA,0,NA,1,0,NA,0,0,0,2,1,1,1,0,0,3,1,0,NA,0,NA,NA,74503,1020,36.11,36.11,32.14,32.14,30.21,30.21,34.52,34.52,0,0,609,4,17861034,"ZM"
"Zambia","ZMB","","","NAT_TOTAL",2021-02-22,0,NA,0,NA,2,1,4,1,0,NA,0,NA,0,NA,1,0,NA,0,0,0,2,1,1,1,0,0,3,1,0,NA,0,NA,NA,75027,1031,36.11,36.11,32.14,32.14,30.21,30.21,34.52,34.52,0,0,524,11,17861034,"ZM"
"Zambia","ZMB","","","NAT_TOTAL",2021-02-23,0,NA,0,NA,2,1,4,1,0,NA,0,NA,0,NA,1,0,NA,0,0,0,2,1,1,1,0,0,3,1,0,NA,0,NA,NA,75582,1040,36.11,36.11,32.14,32.14,30.21,30.21,34.52,34.52,0,0,555,9,17861034,"ZM"
"Zambia","ZMB","","","NAT_TOTAL",2021-02-24,0,NA,0,NA,2,1,4,1,0,NA,0,NA,0,NA,1,0,NA,0,0,0,2,1,1,1,0,0,3,1,0,NA,0,NA,NA,76484,1051,36.11,36.11,32.14,32.14,30.21,30.21,34.52,34.52,0,0,902,11,17861034,"ZM"
"Zambia","ZMB","","","NAT_TOTAL",2021-02-25,0,NA,0,NA,2,1,4,1,0,NA,0,NA,0,NA,1,0,NA,0,0,0,2,1,1,1,0,0,3,1,0,NA,0,NA,NA,77171,1059,36.11,36.11,32.14,32.14,30.21,30.21,34.52,34.52,0,0,687,8,17861034,"ZM"
"Zambia","ZMB","","","NAT_TOTAL",2021-02-26,0,NA,0,NA,2,1,4,1,0,NA,0,NA,0,NA,1,0,NA,0,0,0,2,1,1,1,0,0,3,1,0,NA,0,NA,NA,77639,1066,36.11,36.11,32.14,32.14,30.21,30.21,34.52,34.52,0,0,468,7,17861034,"ZM"
"Zambia","ZMB","","","NAT_TOTAL",2021-02-27,0,NA,0,NA,2,1,4,1,0,NA,0,NA,0,NA,1,0,NA,0,0,0,2,1,1,1,0,0,3,1,0,NA,0,NA,NA,78202,1081,36.11,36.11,32.14,32.14,30.21,30.21,34.52,34.52,0,0,563,15,17861034,"ZM"
"Zambia","ZMB","","","NAT_TOTAL",2021-02-28,0,NA,0,NA,2,1,4,1,0,NA,0,NA,0,NA,1,0,NA,0,0,0,2,1,1,1,0,0,3,1,0,NA,0,NA,NA,78534,1091,36.11,36.11,32.14,32.14,30.21,30.21,34.52,34.52,0,0,332,10,17861034,"ZM"
"Zambia","ZMB","","","NAT_TOTAL",2021-03-01,0,NA,0,NA,2,1,4,1,0,NA,0,NA,0,NA,1,0,NA,0,0,0,2,1,1,1,0,0,3,1,0,NA,0,NA,NA,79002,1098,36.11,36.11,32.14,32.14,30.21,30.21,34.52,34.52,0,0,468,7,17861034,"ZM"
"Zambia","ZMB","","","NAT_TOTAL",2021-03-02,0,NA,0,NA,2,1,4,1,0,NA,0,NA,0,NA,1,0,NA,0,0,0,2,1,1,1,0,0,2,1,0,NA,0,NA,NA,79557,1104,36.11,36.11,32.14,32.14,28.65,28.65,32.74,32.74,0,0,555,6,17861034,"ZM"
"Zambia","ZMB","","","NAT_TOTAL",2021-03-03,0,NA,0,NA,2,1,4,1,0,NA,0,NA,0,NA,1,0,NA,0,0,0,2,1,1,1,0,0,2,1,0,NA,0,NA,NA,80090,1108,36.11,36.11,32.14,32.14,28.65,28.65,32.74,32.74,0,0,533,4,17861034,"ZM"
"Zambia","ZMB","","","NAT_TOTAL",2021-03-04,0,NA,0,NA,2,1,4,1,0,NA,0,NA,0,NA,1,0,NA,0,0,0,2,1,1,1,0,0,2,1,0,NA,0,NA,NA,80687,1109,36.11,36.11,32.14,32.14,28.65,28.65,32.74,32.74,0,0,597,1,17861034,"ZM"
"Zambia","ZMB","","","NAT_TOTAL",2021-03-05,0,NA,0,NA,2,1,4,1,0,NA,0,NA,0,NA,1,0,NA,0,0,0,2,1,1,1,0,0,2,1,0,NA,0,NA,NA,81341,1113,36.11,36.11,32.14,32.14,28.65,28.65,32.74,32.74,0,0,654,4,17861034,"ZM"
"Zambia","ZMB","","","NAT_TOTAL",2021-03-06,0,NA,0,NA,2,1,4,1,0,NA,0,NA,0,NA,1,0,NA,0,0,0,2,1,1,1,0,0,2,1,0,NA,0,NA,NA,82011,1116,36.11,36.11,32.14,32.14,28.65,28.65,32.74,32.74,0,0,670,3,17861034,"ZM"
"Zambia","ZMB","","","NAT_TOTAL",2021-03-07,0,NA,0,NA,2,1,4,1,0,NA,0,NA,0,NA,1,0,NA,0,0,0,2,1,1,1,0,0,2,1,0,NA,0,NA,NA,82421,1124,36.11,36.11,32.14,32.14,28.65,28.65,32.74,32.74,0,0,410,8,17861034,"ZM"
"Zambia","ZMB","","","NAT_TOTAL",2021-03-08,0,NA,0,NA,2,1,4,1,0,NA,0,NA,0,NA,1,0,NA,0,0,0,2,1,1,1,0,0,2,1,0,NA,0,NA,NA,82655,1132,36.11,36.11,32.14,32.14,28.65,28.65,32.74,32.74,0,0,234,8,17861034,"ZM"
"Zambia","ZMB","","","NAT_TOTAL",2021-03-09,0,NA,0,NA,2,1,4,1,0,NA,0,NA,0,NA,1,0,NA,0,0,0,2,1,1,1,0,0,3,1,0,NA,0,NA,NA,82897,1137,36.11,36.11,32.14,32.14,30.21,30.21,34.52,34.52,0,0,242,5,17861034,"ZM"
"Zambia","ZMB","","","NAT_TOTAL",2021-03-10,0,NA,0,NA,2,1,4,1,0,NA,0,NA,0,NA,1,0,NA,0,0,0,2,1,1,1,0,0,3,1,0,NA,0,NA,NA,83333,1140,36.11,36.11,32.14,32.14,30.21,30.21,34.52,34.52,0,0,436,3,17861034,"ZM"
"Zambia","ZMB","","","NAT_TOTAL",2021-03-11,0,NA,0,NA,2,1,4,1,0,NA,0,NA,0,NA,1,0,NA,0,0,0,2,1,1,1,0,0,3,1,0,NA,0,NA,NA,83913,1148,36.11,36.11,32.14,32.14,30.21,30.21,34.52,34.52,0,0,580,8,17861034,"ZM"
"Zambia","ZMB","","","NAT_TOTAL",2021-03-12,0,NA,0,NA,2,1,4,1,0,NA,0,NA,0,NA,1,0,NA,0,0,0,2,1,1,1,0,0,3,1,0,NA,0,NA,NA,84240,1149,36.11,36.11,32.14,32.14,30.21,30.21,34.52,34.52,0,0,327,1,17861034,"ZM"
"Zambia","ZMB","","","NAT_TOTAL",2021-03-13,0,NA,0,NA,2,1,4,1,0,NA,0,NA,0,NA,1,0,NA,0,0,0,2,1,1,1,0,0,3,1,0,NA,0,NA,NA,84474,1153,36.11,36.11,32.14,32.14,30.21,30.21,34.52,34.52,0,0,234,4,17861034,"ZM"
"Zambia","ZMB","","","NAT_TOTAL",2021-03-14,0,NA,0,NA,2,1,4,1,0,NA,0,NA,0,NA,1,0,NA,0,0,0,2,1,1,1,0,0,3,1,0,NA,0,NA,NA,84797,1158,36.11,36.11,32.14,32.14,30.21,30.21,34.52,34.52,0,0,323,5,17861034,"ZM"
"Zambia","ZMB","","","NAT_TOTAL",2021-03-15,0,NA,0,NA,2,1,4,1,0,NA,0,NA,0,NA,1,0,NA,0,0,0,2,1,1,1,0,0,3,1,0,NA,0,NA,NA,84950,1164,36.11,36.11,32.14,32.14,30.21,30.21,34.52,34.52,0,0,153,6,17861034,"ZM"
"Zambia","ZMB","","","NAT_TOTAL",2021-03-16,0,NA,0,NA,2,1,4,1,0,NA,0,NA,0,NA,1,0,NA,0,0,0,2,1,1,1,0,0,3,1,0,NA,0,NA,NA,85240,1167,36.11,36.11,32.14,32.14,30.21,30.21,34.52,34.52,0,0,290,3,17861034,"ZM"
"Zambia","ZMB","","","NAT_TOTAL",2021-03-17,0,NA,0,NA,2,1,4,1,0,NA,0,NA,0,NA,1,0,NA,0,0,0,2,1,1,1,0,0,3,1,0,NA,0,NA,NA,85502,1170,36.11,36.11,32.14,32.14,30.21,30.21,34.52,34.52,0,0,262,3,17861034,"ZM"
"Zambia","ZMB","","","NAT_TOTAL",2021-03-18,0,NA,0,NA,2,1,4,1,0,NA,0,NA,0,NA,1,0,NA,0,0,0,2,1,1,1,0,0,3,1,0,NA,0,NA,NA,85889,1175,36.11,36.11,32.14,32.14,30.21,30.21,34.52,34.52,0,0,387,5,17861034,"ZM"
"Zambia","ZMB","","","NAT_TOTAL",2021-03-19,0,NA,0,NA,2,1,4,1,0,NA,0,NA,0,NA,1,0,NA,0,0,0,2,1,1,1,0,0,3,1,0,NA,0,NA,NA,86059,1178,36.11,36.11,32.14,32.14,30.21,30.21,34.52,34.52,0,0,170,3,17861034,"ZM"
"Zambia","ZMB","","","NAT_TOTAL",2021-03-20,0,NA,0,NA,2,1,4,1,0,NA,0,NA,0,NA,1,0,NA,0,0,0,2,1,1,1,0,0,3,1,0,NA,0,NA,NA,86273,1178,36.11,36.11,32.14,32.14,30.21,30.21,34.52,34.52,0,0,214,0,17861034,"ZM"
"Zambia","ZMB","","","NAT_TOTAL",2021-03-21,0,NA,0,NA,2,1,4,1,0,NA,0,NA,0,NA,1,0,NA,0,0,0,2,1,1,1,0,0,3,1,0,NA,0,NA,NA,86449,1179,36.11,36.11,32.14,32.14,30.21,30.21,34.52,34.52,0,0,176,1,17861034,"ZM"
"Zambia","ZMB","","","NAT_TOTAL",2021-03-22,0,NA,0,NA,2,1,4,1,0,NA,0,NA,0,NA,1,0,NA,0,0,0,2,1,1,1,0,0,3,1,0,NA,0,NA,NA,86535,1182,36.11,36.11,32.14,32.14,30.21,30.21,34.52,34.52,0,0,86,3,17861034,"ZM"
"Zambia","ZMB","","","NAT_TOTAL",2021-03-23,0,NA,0,NA,2,1,4,1,0,NA,0,NA,0,NA,1,0,NA,0,0,0,2,1,1,1,0,0,3,1,3,1,1,1,NA,86779,1185,36.11,36.11,32.14,32.14,36.04,36.04,41.19,41.19,0,0,244,3,17861034,"ZM"
"Zambia","ZMB","","","NAT_TOTAL",2021-03-24,0,NA,0,NA,2,1,4,1,0,NA,0,NA,0,NA,1,0,NA,0,0,0,2,1,1,1,0,0,3,1,3,1,1,1,NA,86993,1187,36.11,36.11,32.14,32.14,36.04,36.04,41.19,41.19,0,0,214,2,17861034,"ZM"
"Zambia","ZMB","","","NAT_TOTAL",2021-03-25,0,NA,0,NA,2,1,4,1,0,NA,0,NA,0,NA,1,0,NA,0,0,0,2,1,1,1,0,0,3,1,3,1,1,1,NA,87318,1191,36.11,36.11,32.14,32.14,36.04,36.04,41.19,41.19,0,0,325,4,17861034,"ZM"
"Zambia","ZMB","","","NAT_TOTAL",2021-03-26,0,NA,0,NA,2,1,4,1,0,NA,0,NA,0,NA,1,0,NA,0,0,0,2,1,1,1,0,0,3,1,3,1,1,1,NA,87583,1194,36.11,36.11,32.14,32.14,36.04,36.04,41.19,41.19,0,0,265,3,17861034,"ZM"
"Zambia","ZMB","","","NAT_TOTAL",2021-03-27,0,NA,0,NA,2,1,4,1,0,NA,0,NA,0,NA,1,0,NA,0,0,0,2,1,1,1,0,0,3,1,3,1,1,1,NA,87583,1198,36.11,36.11,32.14,32.14,36.04,36.04,41.19,41.19,0,0,0,4,17861034,"ZM"
"Zambia","ZMB","","","NAT_TOTAL",2021-03-28,0,NA,0,NA,2,1,4,1,0,NA,0,NA,0,NA,1,0,NA,0,0,0,2,1,1,1,0,0,3,1,3,1,1,1,NA,87872,1200,36.11,36.11,32.14,32.14,36.04,36.04,41.19,41.19,0,0,289,2,17861034,"ZM"
"Zambia","ZMB","","","NAT_TOTAL",2021-03-29,0,NA,0,NA,2,1,4,1,0,NA,0,NA,0,NA,1,0,NA,0,0,0,2,1,1,1,0,0,3,1,3,1,1,1,NA,88012,1200,36.11,36.11,32.14,32.14,36.04,36.04,41.19,41.19,0,0,140,0,17861034,"ZM"
"Zambia","ZMB","","","NAT_TOTAL",2021-03-30,0,NA,0,NA,2,1,4,1,0,NA,0,NA,0,NA,1,0,NA,0,0,0,2,1,1,1,0,0,3,1,3,1,1,1,NA,88199,1202,36.11,36.11,32.14,32.14,36.04,36.04,41.19,41.19,0,0,187,2,17861034,"ZM"
"Zambia","ZMB","","","NAT_TOTAL",2021-03-31,0,NA,0,NA,2,1,4,1,0,NA,0,NA,0,NA,1,0,NA,0,0,0,2,1,1,1,0,0,3,1,3,1,1,1,NA,88418,1208,36.11,36.11,32.14,32.14,36.04,36.04,41.19,41.19,0,0,219,6,17861034,"ZM"
"Zambia","ZMB","","","NAT_TOTAL",2021-04-01,0,NA,0,NA,2,1,4,1,0,NA,0,NA,0,NA,1,0,NA,0,0,0,2,1,1,1,0,0,3,1,3,1,1,1,NA,88549,1212,36.11,36.11,32.14,32.14,36.04,36.04,41.19,41.19,0,0,131,4,17861034,"ZM"
"Zambia","ZMB","","","NAT_TOTAL",2021-04-02,0,NA,0,NA,2,1,4,1,0,NA,1,1,0,NA,1,0,NA,0,0,0,2,1,1,1,0,0,3,1,0,NA,1,1,NA,88730,1215,39.81,39.81,39.29,39.29,34.37,34.37,39.29,39.29,0,0,181,3,17861034,"ZM"
"Zambia","ZMB","","","NAT_TOTAL",2021-04-03,0,NA,0,NA,2,1,4,1,0,NA,1,1,0,NA,1,0,NA,0,0,0,2,1,1,1,0,0,3,1,0,NA,1,1,NA,88800,1215,39.81,39.81,39.29,39.29,34.37,34.37,39.29,39.29,0,0,70,0,17861034,"ZM"
"Zambia","ZMB","","","NAT_TOTAL",2021-04-04,0,NA,0,NA,2,1,4,1,0,NA,1,1,0,NA,1,0,NA,0,0,0,2,1,1,1,0,0,3,1,0,NA,1,1,NA,88930,1220,39.81,39.81,39.29,39.29,34.37,34.37,39.29,39.29,0,0,130,5,17861034,"ZM"
"Zambia","ZMB","","","NAT_TOTAL",2021-04-05,0,NA,0,NA,2,1,4,1,0,NA,1,1,0,NA,1,0,NA,0,0,0,2,1,1,1,0,0,3,1,0,NA,1,1,NA,89009,1222,39.81,39.81,39.29,39.29,34.37,34.37,39.29,39.29,0,0,79,2,17861034,"ZM"
"Zambia","ZMB","","","NAT_TOTAL",2021-04-06,0,NA,0,NA,2,1,4,1,0,NA,1,1,0,NA,1,0,NA,0,0,0,2,1,1,1,0,0,3,1,0,NA,1,1,NA,89071,1224,39.81,39.81,39.29,39.29,34.37,34.37,39.29,39.29,0,0,62,2,17861034,"ZM"
"Zambia","ZMB","","","NAT_TOTAL",2021-04-07,0,NA,0,NA,2,1,4,1,0,NA,1,1,0,NA,1,0,NA,0,0,0,2,1,1,1,0,0,3,1,0,NA,1,1,NA,89386,1224,39.81,39.81,39.29,39.29,34.37,34.37,39.29,39.29,0,0,315,0,17861034,"ZM"
"Zambia","ZMB","","","NAT_TOTAL",2021-04-08,0,NA,0,NA,2,1,4,1,0,NA,1,1,0,NA,1,0,NA,0,0,0,2,1,1,1,0,0,3,1,0,NA,1,1,NA,89592,1225,39.81,39.81,39.29,39.29,34.37,34.37,39.29,39.29,0,0,206,1,17861034,"ZM"
"Zambia","ZMB","","","NAT_TOTAL",2021-04-09,0,NA,0,NA,2,1,4,1,0,NA,1,1,0,NA,1,0,NA,0,0,0,2,1,1,1,0,0,3,1,0,NA,1,1,NA,89783,1226,39.81,39.81,39.29,39.29,34.37,34.37,39.29,39.29,0,0,191,1,17861034,"ZM"
"Zambia","ZMB","","","NAT_TOTAL",2021-04-10,0,NA,0,NA,2,1,4,1,0,NA,1,1,0,NA,1,0,NA,0,0,0,2,1,1,1,0,0,3,1,0,NA,1,1,NA,89918,1226,39.81,39.81,39.29,39.29,34.37,34.37,39.29,39.29,0,0,135,0,17861034,"ZM"
"Zambia","ZMB","","","NAT_TOTAL",2021-04-11,0,NA,0,NA,2,1,4,1,0,NA,1,1,0,NA,1,0,NA,0,0,0,2,1,1,1,0,0,3,1,0,NA,1,1,NA,90029,1226,39.81,39.81,39.29,39.29,34.37,34.37,39.29,39.29,0,0,111,0,17861034,"ZM"
"Zambia","ZMB","","","NAT_TOTAL",2021-04-12,0,NA,0,NA,2,1,4,1,0,NA,1,1,0,NA,1,0,NA,0,0,0,2,1,1,1,0,0,3,1,0,NA,1,1,NA,90064,1227,39.81,39.81,39.29,39.29,34.37,34.37,39.29,39.29,0,0,35,1,17861034,"ZM"
"Zambia","ZMB","","","NAT_TOTAL",2021-04-13,0,NA,0,NA,2,1,4,1,0,NA,1,1,0,NA,1,0,NA,0,0,0,2,1,1,1,0,0,3,1,0,NA,1,1,NA,90218,1229,39.81,39.81,39.29,39.29,34.37,34.37,39.29,39.29,0,0,154,2,17861034,"ZM"
"Zambia","ZMB","","","NAT_TOTAL",2021-04-14,0,NA,0,NA,2,1,4,1,0,NA,1,1,0,NA,1,0,NA,0,0,0,2,1,1,1,0,0,3,1,1,1,1,1,NA,90389,1229,39.81,39.81,39.29,39.29,35.62,35.62,40.71,40.71,0,0,171,0,17861034,"ZM"
"Zambia","ZMB","","","NAT_TOTAL",2021-04-15,0,NA,0,NA,2,1,4,1,0,NA,1,1,0,NA,1,0,NA,0,0,0,2,1,1,1,0,0,3,1,1,1,1,1,NA,90532,1230,39.81,39.81,39.29,39.29,35.62,35.62,40.71,40.71,0,0,143,1,17861034,"ZM"
"Zambia","ZMB","","","NAT_TOTAL",2021-04-16,0,NA,0,NA,2,1,4,1,0,NA,1,1,0,NA,1,0,NA,0,0,0,2,1,1,1,0,0,3,1,1,1,1,1,NA,90750,1233,39.81,39.81,39.29,39.29,35.62,35.62,40.71,40.71,0,0,218,3,17861034,"ZM"
"Zambia","ZMB","","","NAT_TOTAL",2021-04-17,0,NA,0,NA,2,1,4,1,0,NA,1,1,0,NA,1,0,NA,0,0,0,2,1,1,1,0,0,3,1,1,1,1,1,NA,90844,1234,39.81,39.81,39.29,39.29,35.62,35.62,40.71,40.71,0,0,94,1,17861034,"ZM"
"Zambia","ZMB","","","NAT_TOTAL",2021-04-18,0,NA,0,NA,2,1,4,1,0,NA,1,1,0,NA,1,0,NA,0,0,0,2,1,1,1,0,0,3,1,1,1,1,1,NA,90918,1235,39.81,39.81,39.29,39.29,35.62,35.62,40.71,40.71,0,0,74,1,17861034,"ZM"
"Zambia","ZMB","","","NAT_TOTAL",2021-04-19,0,NA,0,NA,2,1,4,1,0,NA,1,1,0,NA,1,0,NA,0,0,0,2,1,1,1,0,0,3,1,1,1,1,1,NA,90942,1236,39.81,39.81,39.29,39.29,35.62,35.62,40.71,40.71,0,0,24,1,17861034,"ZM"
"Zambia","ZMB","","","NAT_TOTAL",2021-04-20,0,NA,0,NA,2,1,4,1,0,NA,1,1,0,NA,1,0,NA,0,0,0,2,1,1,1,0,0,3,1,1,1,1,1,NA,91042,1236,39.81,39.81,39.29,39.29,35.62,35.62,40.71,40.71,0,0,100,0,17861034,"ZM"
"Zambia","ZMB","","","NAT_TOTAL",2021-04-21,0,NA,0,NA,2,1,4,1,0,NA,1,1,0,NA,1,0,NA,0,0,0,2,1,1,1,0,0,3,1,1,1,1,1,NA,91119,1238,39.81,39.81,39.29,39.29,35.62,35.62,40.71,40.71,0,0,77,2,17861034,"ZM"
"Zambia","ZMB","","","NAT_TOTAL",2021-04-22,0,NA,0,NA,2,1,4,1,0,NA,1,1,0,NA,1,0,NA,0,0,0,2,1,1,1,0,0,3,1,1,1,1,1,NA,91189,1240,39.81,39.81,39.29,39.29,35.62,35.62,40.71,40.71,0,0,70,2,17861034,"ZM"
"Zambia","ZMB","","","NAT_TOTAL",2021-04-23,0,NA,0,NA,2,1,4,1,0,NA,1,1,0,NA,1,0,NA,0,0,0,2,1,1,1,0,0,3,1,1,1,1,1,NA,91251,1245,39.81,39.81,39.29,39.29,35.62,35.62,40.71,40.71,0,0,62,5,17861034,"ZM"
"Zambia","ZMB","","","NAT_TOTAL",2021-04-24,0,NA,0,NA,2,1,4,1,0,NA,1,1,0,NA,1,0,NA,0,0,0,2,1,1,1,0,0,3,1,1,1,1,1,NA,91317,1245,39.81,39.81,39.29,39.29,35.62,35.62,40.71,40.71,0,0,66,0,17861034,"ZM"
"Zambia","ZMB","","","NAT_TOTAL",2021-04-25,0,NA,0,NA,2,1,4,1,0,NA,1,1,0,NA,1,0,NA,0,0,0,2,1,1,1,0,0,3,1,1,1,1,1,NA,91358,1246,39.81,39.81,39.29,39.29,35.62,35.62,40.71,40.71,0,0,41,1,17861034,"ZM"
"Zambia","ZMB","","","NAT_TOTAL",2021-04-26,0,NA,0,NA,2,1,4,1,0,NA,1,1,0,NA,1,0,NA,0,0,0,2,1,2,1,0,0,3,1,1,1,1,1,NA,91378,1248,39.81,39.81,39.29,39.29,37.71,37.71,43.1,43.1,0,0,20,2,17861034,"ZM"
"Zambia","ZMB","","","NAT_TOTAL",2021-04-27,0,NA,0,NA,2,1,4,1,0,NA,1,1,0,NA,1,0,NA,0,0,0,2,1,2,1,0,0,3,1,1,1,1,1,NA,91418,1249,39.81,39.81,39.29,39.29,37.71,37.71,43.1,43.1,0,0,40,1,17861034,"ZM"
"Zambia","ZMB","","","NAT_TOTAL",2021-04-28,0,NA,0,NA,2,1,4,1,0,NA,1,1,0,NA,1,0,NA,0,0,0,2,1,2,1,0,0,3,1,1,1,1,1,NA,91484,1249,39.81,39.81,39.29,39.29,37.71,37.71,43.1,43.1,0,0,66,0,17861034,"ZM"
"Zambia","ZMB","","","NAT_TOTAL",2021-04-29,0,NA,0,NA,2,1,4,1,0,NA,1,1,0,NA,1,0,NA,0,0,0,2,1,2,1,0,0,3,1,1,1,1,1,NA,91533,1250,39.81,39.81,39.29,39.29,37.71,37.71,43.1,43.1,0,0,49,1,17861034,"ZM"
"Zambia","ZMB","","","NAT_TOTAL",2021-04-30,0,NA,0,NA,2,1,4,1,0,NA,1,1,0,NA,1,0,NA,0,0,0,2,1,2,1,0,0,3,1,1,1,1,1,NA,91586,1251,39.81,39.81,39.29,39.29,37.71,37.71,43.1,43.1,0,0,53,1,17861034,"ZM"
"Zambia","ZMB","","","NAT_TOTAL",2021-05-01,0,NA,0,NA,2,1,4,1,0,NA,1,1,0,NA,1,0,NA,0,0,0,2,1,2,1,0,0,3,1,1,1,1,1,NA,91670,1251,39.81,39.81,39.29,39.29,37.71,37.71,43.1,43.1,0,0,84,0,17861034,"ZM"
"Zambia","ZMB","","","NAT_TOTAL",2021-05-02,0,NA,0,NA,2,1,4,1,0,NA,1,1,0,NA,1,0,NA,0,0,0,2,1,2,1,0,0,3,1,1,1,1,1,NA,91693,1253,39.81,39.81,39.29,39.29,37.71,37.71,43.1,43.1,0,0,23,2,17861034,"ZM"
"Zambia","ZMB","","","NAT_TOTAL",2021-05-03,0,NA,0,NA,2,1,4,1,0,NA,1,1,0,NA,1,0,NA,0,0,0,2,1,2,1,0,0,3,1,1,1,1,1,NA,91722,1253,39.81,39.81,39.29,39.29,37.71,37.71,43.1,43.1,0,0,29,0,17861034,"ZM"
"Zambia","ZMB","","","NAT_TOTAL",2021-05-04,0,NA,0,NA,2,1,4,1,0,NA,1,1,0,NA,1,0,NA,0,0,0,2,1,2,1,0,0,3,1,1,1,1,1,NA,91804,1254,39.81,39.81,39.29,39.29,37.71,37.71,43.1,43.1,0,0,82,1,17861034,"ZM"
"Zambia","ZMB","","","NAT_TOTAL",2021-05-05,0,NA,0,NA,2,1,4,1,0,NA,1,1,0,NA,1,0,NA,0,0,0,2,1,2,1,0,0,3,1,1,1,1,1,NA,91849,1255,39.81,39.81,39.29,39.29,37.71,37.71,43.1,43.1,0,0,45,1,17861034,"ZM"
"Zambia","ZMB","","","NAT_TOTAL",2021-05-06,0,NA,0,NA,2,1,4,1,0,NA,1,1,0,NA,1,0,NA,0,0,0,2,1,2,1,0,0,3,1,1,1,1,1,NA,91946,1256,39.81,39.81,39.29,39.29,37.71,37.71,43.1,43.1,0,0,97,1,17861034,"ZM"
"Zambia","ZMB","","","NAT_TOTAL",2021-05-07,0,NA,0,NA,2,1,4,1,0,NA,1,1,0,NA,1,0,NA,0,0,0,2,1,2,1,52016.77,0,3,1,1,1,1,1,NA,92004,1256,39.81,39.81,39.29,39.29,37.71,37.71,43.1,43.1,0,0,58,0,17861034,"ZM"
"Zambia","ZMB","","","NAT_TOTAL",2021-05-08,0,NA,0,NA,2,1,4,1,0,NA,1,1,0,NA,1,0,NA,0,0,0,2,1,2,1,0,0,3,1,1,1,1,1,NA,92057,1257,39.81,39.81,39.29,39.29,37.71,37.71,43.1,43.1,0,0,53,1,17861034,"ZM"
"Zambia","ZMB","","","NAT_TOTAL",2021-05-09,0,NA,0,NA,2,1,4,1,0,NA,1,1,0,NA,1,0,NA,0,0,0,2,1,2,1,0,0,3,1,1,1,1,1,NA,92092,1257,39.81,39.81,39.29,39.29,37.71,37.71,43.1,43.1,0,0,35,0,17861034,"ZM"
"Zambia","ZMB","","","NAT_TOTAL",2021-05-10,0,NA,0,NA,2,1,4,1,0,NA,1,1,0,NA,1,0,NA,0,0,0,2,1,2,1,0,0,3,1,1,1,1,1,NA,92112,1257,39.81,39.81,39.29,39.29,37.71,37.71,43.1,43.1,0,0,20,0,17861034,"ZM"
"Zambia","ZMB","","","NAT_TOTAL",2021-05-11,0,NA,0,NA,2,1,4,1,0,NA,1,1,0,NA,1,0,NA,0,0,0,2,1,2,1,0,0,3,1,1,1,1,1,NA,92152,1258,39.81,39.81,39.29,39.29,37.71,37.71,43.1,43.1,0,0,40,1,17861034,"ZM"
"Zambia","ZMB","","","NAT_TOTAL",2021-05-12,0,NA,0,NA,2,1,4,1,0,NA,1,1,0,NA,1,0,NA,0,0,0,2,1,2,1,0,0,3,1,1,1,1,1,NA,92211,1259,39.81,39.81,39.29,39.29,37.71,37.71,43.1,43.1,0,0,59,1,17861034,"ZM"
"Zambia","ZMB","","","NAT_TOTAL",2021-05-13,0,NA,0,NA,2,1,4,1,0,NA,1,1,0,NA,1,0,NA,0,0,0,2,1,2,1,0,0,3,1,1,1,1,1,NA,92262,1260,39.81,39.81,39.29,39.29,37.71,37.71,43.1,43.1,0,0,51,1,17861034,"ZM"
"Zambia","ZMB","","","NAT_TOTAL",2021-05-14,0,NA,0,NA,2,1,4,1,0,NA,1,1,0,NA,1,0,NA,0,0,0,2,1,2,1,0,0,3,1,1,1,1,1,NA,92356,1260,39.81,39.81,39.29,39.29,37.71,37.71,43.1,43.1,0,0,94,0,17861034,"ZM"
"Zambia","ZMB","","","NAT_TOTAL",2021-05-15,0,NA,0,NA,2,1,4,1,0,NA,1,1,0,NA,1,0,NA,0,0,0,2,1,2,1,0,0,3,1,1,1,1,1,NA,92409,1260,39.81,39.81,39.29,39.29,37.71,37.71,43.1,43.1,0,0,53,0,17861034,"ZM"
"Zambia","ZMB","","","NAT_TOTAL",2021-05-16,0,NA,0,NA,2,1,4,1,0,NA,0,NA,0,NA,1,0,NA,0,0,0,2,1,2,1,0,0,3,1,3,1,0,NA,NA,92436,1260,36.11,36.11,32.14,32.14,36.04,36.04,41.19,41.19,0,0,27,0,17861034,"ZM"
"Zambia","ZMB","","","NAT_TOTAL",2021-05-17,0,NA,0,NA,2,1,4,1,0,NA,0,NA,0,NA,1,0,NA,0,0,0,2,1,2,1,0,0,3,1,3,1,0,NA,NA,92460,1261,36.11,36.11,32.14,32.14,36.04,36.04,41.19,41.19,0,0,24,1,17861034,"ZM"
"Zambia","ZMB","","","NAT_TOTAL",2021-05-18,0,NA,0,NA,2,1,4,1,0,NA,0,NA,0,NA,1,0,NA,0,0,0,2,1,2,1,0,0,3,1,3,1,0,NA,NA,92520,1263,36.11,36.11,32.14,32.14,36.04,36.04,41.19,41.19,0,0,60,2,17861034,"ZM"
"Zambia","ZMB","","","NAT_TOTAL",2021-05-19,0,NA,0,NA,2,1,4,1,0,NA,0,NA,0,NA,1,0,NA,0,0,0,2,1,2,1,0,0,3,1,3,1,0,NA,NA,92630,1263,36.11,36.11,32.14,32.14,36.04,36.04,41.19,41.19,0,0,110,0,17861034,"ZM"
"Zambia","ZMB","","","NAT_TOTAL",2021-05-20,0,NA,0,NA,2,1,4,1,0,NA,0,NA,0,NA,1,0,NA,0,0,0,2,1,2,1,0,0,3,1,3,1,0,NA,NA,92754,1265,36.11,36.11,32.14,32.14,36.04,36.04,41.19,41.19,0,0,124,2,17861034,"ZM"
"Zambia","ZMB","","","NAT_TOTAL",2021-05-21,0,NA,0,NA,2,1,4,1,0,NA,0,NA,0,NA,2,0,NA,0,0,0,2,1,2,1,0,0,3,1,3,1,0,NA,NA,92920,1266,38.89,38.89,35.71,35.71,37.6,37.6,42.98,42.98,0,0,166,1,17861034,"ZM"
"Zambia","ZMB","","","NAT_TOTAL",2021-05-22,0,NA,0,NA,2,1,4,1,0,NA,0,NA,0,NA,2,0,NA,0,0,0,2,1,2,1,0,0,3,1,3,1,0,NA,NA,93106,1267,38.89,38.89,35.71,35.71,37.6,37.6,42.98,42.98,0,0,186,1,17861034,"ZM"
"Zambia","ZMB","","","NAT_TOTAL",2021-05-23,0,NA,0,NA,2,1,4,1,0,NA,0,NA,0,NA,2,0,NA,0,0,0,2,1,2,1,0,0,3,1,3,1,0,NA,NA,93201,1268,38.89,38.89,35.71,35.71,37.6,37.6,42.98,42.98,0,0,95,1,17861034,"ZM"
"Zambia","ZMB","","","NAT_TOTAL",2021-05-24,0,NA,0,NA,2,1,4,1,0,NA,0,NA,0,NA,2,0,NA,0,0,0,2,1,2,1,0,0,3,1,3,1,0,NA,NA,93279,1271,38.89,38.89,35.71,35.71,37.6,37.6,42.98,42.98,0,0,78,3,17861034,"ZM"
"Zambia","ZMB","","","NAT_TOTAL",2021-05-25,0,NA,0,NA,2,1,4,1,0,NA,0,NA,0,NA,2,0,NA,0,0,0,2,1,2,1,0,0,3,1,3,1,0,NA,NA,93428,1271,38.89,38.89,35.71,35.71,37.6,37.6,42.98,42.98,0,0,149,0,17861034,"ZM"
"Zambia","ZMB","","","NAT_TOTAL",2021-05-26,0,NA,0,NA,2,1,4,1,0,NA,0,NA,0,NA,2,0,NA,0,0,0,2,1,2,1,0,0,3,1,3,1,0,NA,NA,93627,1273,38.89,38.89,35.71,35.71,37.6,37.6,42.98,42.98,0,0,199,2,17861034,"ZM"
"Zambia","ZMB","","","NAT_TOTAL",2021-05-27,0,NA,0,NA,2,1,4,1,0,NA,0,NA,0,NA,2,0,NA,0,0,0,2,1,2,1,0,0,3,1,3,1,0,NA,NA,93947,1275,38.89,38.89,35.71,35.71,37.6,37.6,42.98,42.98,0,0,320,2,17861034,"ZM"
"Zambia","ZMB","","","NAT_TOTAL",2021-05-28,0,NA,0,NA,2,1,4,1,0,NA,0,NA,0,NA,2,0,NA,0,0,0,2,1,2,1,0,0,3,1,3,1,0,NA,NA,94430,1275,38.89,38.89,35.71,35.71,37.6,37.6,42.98,42.98,0,0,483,0,17861034,"ZM"
"Zambia","ZMB","","","NAT_TOTAL",2021-05-29,0,NA,0,NA,2,1,4,1,0,NA,0,NA,0,NA,2,0,NA,0,0,0,2,1,2,1,0,0,3,1,3,1,0,NA,NA,94751,1276,38.89,38.89,35.71,35.71,37.6,37.6,42.98,42.98,0,0,321,1,17861034,"ZM"
"Zambia","ZMB","","","NAT_TOTAL",2021-05-30,0,NA,0,NA,2,1,4,1,0,NA,0,NA,0,NA,2,0,NA,0,0,0,2,1,2,1,0,0,3,1,3,1,0,NA,NA,95050,1278,38.89,38.89,35.71,35.71,37.6,37.6,42.98,42.98,0,0,299,2,17861034,"ZM"
"Zambia","ZMB","","","NAT_TOTAL",2021-05-31,0,NA,0,NA,2,1,4,1,0,NA,0,NA,0,NA,2,0,NA,0,0,0,2,1,2,1,0,0,3,1,3,1,0,NA,NA,95263,1281,38.89,38.89,35.71,35.71,37.6,37.6,42.98,42.98,0,0,213,3,17861034,"ZM"
"Zambia","ZMB","","","NAT_TOTAL",2021-06-01,0,NA,0,NA,2,1,4,1,0,NA,0,NA,0,NA,2,0,NA,0,0,0,2,1,2,1,0,0,3,1,3,1,0,NA,NA,95821,1282,38.89,38.89,35.71,35.71,37.6,37.6,42.98,42.98,0,0,558,1,17861034,"ZM"
"Zambia","ZMB","","","NAT_TOTAL",2021-06-02,0,NA,0,NA,2,1,4,1,0,NA,0,NA,0,NA,2,0,NA,0,0,0,2,1,2,1,0,0,3,1,3,1,0,NA,NA,96563,1284,38.89,38.89,35.71,35.71,37.6,37.6,42.98,42.98,0,0,742,2,17861034,"ZM"
"Zambia","ZMB","","","NAT_TOTAL",2021-06-03,0,NA,0,NA,2,1,4,1,0,NA,0,NA,0,NA,2,0,NA,0,0,0,2,1,2,1,0,0,3,1,3,1,0,NA,NA,97388,1288,38.89,38.89,35.71,35.71,37.6,37.6,42.98,42.98,0,0,825,4,17861034,"ZM"
"Zambia","ZMB","","","NAT_TOTAL",2021-06-04,0,NA,0,NA,2,1,4,1,0,NA,0,NA,0,NA,2,0,NA,0,0,0,2,1,2,1,0,0,3,1,3,1,0,NA,NA,98376,1297,38.89,38.89,35.71,35.71,37.6,37.6,42.98,42.98,0,0,988,9,17861034,"ZM"
"Zambia","ZMB","","","NAT_TOTAL",2021-06-05,0,NA,0,NA,2,1,4,1,0,NA,0,NA,0,NA,2,0,NA,0,0,0,2,1,2,1,0,0,3,1,3,1,0,NA,NA,99540,1303,38.89,38.89,35.71,35.71,37.6,37.6,42.98,42.98,0,0,1164,6,17861034,"ZM"
"Zambia","ZMB","","","NAT_TOTAL",2021-06-06,0,NA,0,NA,2,1,4,1,0,NA,0,NA,0,NA,2,0,NA,0,0,0,2,1,2,1,0,0,3,1,3,1,0,NA,NA,100278,1308,38.89,38.89,35.71,35.71,37.6,37.6,42.98,42.98,0,0,738,5,17861034,"ZM"
"Zambia","ZMB","","","NAT_TOTAL",2021-06-07,0,NA,0,NA,2,1,4,1,0,NA,0,NA,0,NA,2,0,NA,0,0,0,2,1,2,1,0,0,3,1,3,1,0,NA,NA,100765,1315,38.89,38.89,35.71,35.71,37.6,37.6,42.98,42.98,0,0,487,7,17861034,"ZM"
"Zambia","ZMB","","","NAT_TOTAL",2021-06-08,0,NA,0,NA,2,1,4,1,0,NA,0,NA,0,NA,2,0,NA,0,0,0,2,1,2,1,0,0,3,1,3,1,0,NA,NA,101996,1321,38.89,38.89,35.71,35.71,37.6,37.6,42.98,42.98,0,0,1231,6,17861034,"ZM"
"Zambia","ZMB","","","NAT_TOTAL",2021-06-09,0,NA,0,NA,2,1,4,1,0,NA,0,NA,0,NA,2,0,NA,0,0,0,2,1,2,1,0,0,3,1,3,1,0,NA,NA,103763,1324,38.89,38.89,35.71,35.71,37.6,37.6,42.98,42.98,0,0,1767,3,17861034,"ZM"
"Zambia","ZMB","","","NAT_TOTAL",2021-06-10,0,NA,0,NA,2,1,4,1,0,NA,0,NA,0,NA,2,0,NA,0,0,0,2,1,2,1,0,0,3,1,3,1,0,NA,NA,105909,1332,38.89,38.89,35.71,35.71,37.6,37.6,42.98,42.98,0,0,2146,8,17861034,"ZM"
"Zambia","ZMB","","","NAT_TOTAL",2021-06-11,0,NA,0,NA,2,1,4,1,0,NA,0,NA,0,NA,2,0,NA,0,0,0,2,1,2,1,0,0,3,1,3,1,0,NA,NA,107974,1348,38.89,38.89,35.71,35.71,37.6,37.6,42.98,42.98,0,0,2065,16,17861034,"ZM"
"Zambia","ZMB","","","NAT_TOTAL",2021-06-12,0,NA,0,NA,2,1,4,1,0,NA,0,NA,0,NA,2,0,NA,0,0,0,2,1,2,1,0,0,3,1,3,1,0,NA,NA,110332,1365,38.89,38.89,35.71,35.71,37.6,37.6,42.98,42.98,0,0,2358,17,17861034,"ZM"
"Zambia","ZMB","","","NAT_TOTAL",2021-06-13,0,NA,0,NA,2,1,4,1,0,NA,0,NA,0,NA,2,0,NA,0,0,0,2,1,2,1,0,0,3,1,3,1,0,NA,NA,111746,1389,38.89,38.89,35.71,35.71,37.6,37.6,42.98,42.98,0,0,1414,24,17861034,"ZM"
"Zambia","ZMB","","","NAT_TOTAL",2021-06-14,0,NA,0,NA,2,1,4,1,0,NA,0,NA,0,NA,2,0,NA,0,0,0,2,1,2,1,0,0,3,1,3,1,0,NA,NA,113134,1416,38.89,38.89,35.71,35.71,37.6,37.6,42.98,42.98,0,0,1388,27,17861034,"ZM"
"Zambia","ZMB","","","NAT_TOTAL",2021-06-15,0,NA,0,NA,2,1,4,1,0,NA,0,NA,0,NA,2,0,NA,0,0,0,2,1,2,1,0,0,3,1,3,1,0,NA,NA,115824,1444,38.89,38.89,35.71,35.71,37.6,37.6,42.98,42.98,0,0,2690,28,17861034,"ZM"
"Zambia","ZMB","","","NAT_TOTAL",2021-06-16,0,NA,0,NA,2,1,4,1,0,NA,0,NA,0,NA,2,0,NA,0,0,0,2,1,2,1,0,0,3,1,3,1,0,NA,NA,118850,1492,38.89,38.89,35.71,35.71,37.6,37.6,42.98,42.98,0,0,3026,48,17861034,"ZM"
"Zambia","ZMB","","","NAT_TOTAL",2021-06-17,0,NA,0,NA,2,1,4,1,0,NA,0,NA,0,NA,2,0,NA,0,0,0,2,1,2,1,0,0,3,1,3,1,0,NA,NA,122244,1525,38.89,38.89,35.71,35.71,37.6,37.6,42.98,42.98,0,0,3394,33,17861034,"ZM"
"Zambia","ZMB","","","NAT_TOTAL",2021-06-18,3,1,2,1,1,1,3,1,2,1,0,NA,0,NA,2,0,NA,0,0,0,2,1,3,0,0,0,3,1,1,1,0,NA,NA,125157,1554,60.19,60.19,72.14,72.14,46.04,46.04,52.62,52.62,0,0,2913,29,17861034,"ZM"
"Zambia","ZMB","","","NAT_TOTAL",2021-06-19,3,1,2,1,1,1,3,1,2,1,0,NA,0,NA,2,0,NA,0,0,0,2,1,3,0,0,0,3,1,1,1,0,NA,NA,126973,1595,60.19,60.19,72.14,72.14,46.04,46.04,52.62,52.62,0,0,1816,41,17861034,"ZM"
"Zambia","ZMB","","","NAT_TOTAL",2021-06-20,3,1,2,1,1,1,3,1,2,1,0,NA,0,NA,2,0,NA,0,0,0,2,1,3,0,0,0,3,1,1,1,0,NA,NA,129033,1644,60.19,60.19,72.14,72.14,46.04,46.04,52.62,52.62,0,0,2060,49,17861034,"ZM"
"Zambia","ZMB","","","NAT_TOTAL",2021-06-21,3,1,2,1,1,1,3,1,2,1,0,NA,0,NA,2,0,NA,0,0,0,2,1,3,0,0,0,3,1,1,1,0,NA,NA,130631,1691,60.19,60.19,72.14,72.14,46.04,46.04,52.62,52.62,0,0,1598,47,17861034,"ZM"
"Zambia","ZMB","","","NAT_TOTAL",2021-06-22,NA,NA,NA,NA,NA,NA,NA,NA,NA,NA,NA,NA,NA,NA,NA,NA,NA,NA,NA,NA,NA,NA,NA,NA,NA,NA,NA,NA,NA,NA,NA,NA,NA,133659,1744,NA,60.19,NA,72.14,NA,46.04,NA,52.62,NA,0,3028,53,17861034,"ZM"
"Zambia","ZMB","","","NAT_TOTAL",2021-06-23,NA,NA,NA,NA,NA,NA,NA,NA,NA,NA,NA,NA,NA,NA,NA,NA,NA,NA,NA,NA,NA,NA,NA,NA,NA,NA,NA,NA,NA,NA,NA,NA,NA,137026,1794,NA,60.19,NA,72.14,NA,46.04,NA,52.62,NA,0,3367,50,17861034,"ZM"
"Zambia","ZMB","","","NAT_TOTAL",2021-06-24,NA,NA,NA,NA,NA,NA,NA,NA,NA,NA,NA,NA,NA,NA,NA,NA,NA,NA,NA,NA,NA,NA,NA,NA,NA,NA,NA,NA,NA,NA,NA,NA,NA,140620,1855,NA,60.19,NA,72.14,NA,46.04,NA,52.62,NA,0,3594,61,17861034,"ZM"
"Zambia","ZMB","","","NAT_TOTAL",2021-06-25,NA,NA,NA,NA,NA,NA,NA,NA,NA,NA,NA,NA,NA,NA,NA,NA,NA,NA,NA,NA,NA,NA,NA,NA,NA,NA,NA,NA,NA,NA,NA,NA,NA,143215,1915,NA,60.19,NA,72.14,NA,46.04,NA,52.62,NA,0,2595,60,17861034,"ZM"
"Zambia","ZMB","","","NAT_TOTAL",2021-06-26,NA,NA,NA,NA,NA,NA,NA,NA,NA,NA,NA,NA,NA,NA,NA,NA,NA,NA,NA,NA,NA,NA,NA,NA,NA,NA,NA,NA,NA,NA,NA,NA,NA,146031,1967,NA,60.19,NA,72.14,NA,46.04,NA,52.62,NA,0,2816,52,17861034,"ZM"
"Zambia","ZMB","","","NAT_TOTAL",2021-06-27,NA,NA,NA,NA,NA,NA,NA,NA,NA,NA,NA,NA,NA,NA,NA,NA,NA,NA,NA,NA,NA,NA,NA,NA,NA,NA,NA,NA,NA,NA,NA,NA,NA,148568,2022,NA,60.19,NA,72.14,NA,46.04,NA,52.62,NA,0,2537,55,17861034,"ZM"
"Zambia","ZMB","","","NAT_TOTAL",2021-06-28,NA,NA,NA,NA,NA,NA,NA,NA,NA,NA,NA,NA,NA,NA,NA,NA,NA,NA,NA,NA,NA,NA,NA,NA,NA,NA,NA,NA,NA,NA,NA,NA,NA,NA,NA,NA,60.19,NA,72.14,NA,46.04,NA,52.62,NA,0,NA,NA,17861034,"ZM"
