ISO2,ISO_3,country_agg,age,date,first_date,count,cli,cli_weight,cliWHO,cliWHO_weight,cli_local,count_local,test_recent,positive_recent,weight,Finished,B1_1.1,B1_1.2,B1_1.NA,B1_2.1,B1_2.2,B1_2.NA,B1_3.1,B1_3.2,B1_3.NA,B1_4.1,B1_4.2,B1_4.NA,B1_5.1,B1_5.2,B1_5.NA,B1_6.1,B1_6.2,B1_6.NA,B1_7.1,B1_7.2,B1_7.NA,B1_8.1,B1_8.2,B1_8.NA,B1_9.1,B1_9.2,B1_9.NA,B1_10.1,B1_10.2,B1_10.NA,B1_11.1,B1_11.2,B1_11.NA,B1_12.1,B1_12.2,B1_12.NA,B3.1,B3.2,B3.NA,B5.1,B5.2,B5.NA,B6.1,B6.2,B6.NA,B7.1,B7.2,B7.NA,B8.1,B8.2,B8.3,B8.NA,C0_1.1,C0_1.2,C0_1.NA,C0_2.1,C0_2.2,C0_2.NA,C0_3.1,C0_3.2,C0_3.NA,C0_4.1,C0_4.2,C0_4.NA,C0_5.1,C0_5.2,C0_5.NA,C0_6.1,C0_6.2,C0_6.NA,C1_m.1,C1_m.2,C1_m.NA,C2.1,C2.2,C2.3,C2.4,C2.NA,C3.1,C3.2,C3.NA,C5.1,C5.2,C5.3,C5.4,C5.5,C5.6,C5.NA,C6.1,C6.2,C6.3,C6.4,C6.NA,D1.1,D1.2,D1.3,D1.4,D1.5,D1.NA,D2.1,D2.2,D2.3,D2.4,D2.5,D2.NA,D3.1,D3.2,D3.3,D3.4,D3.NA,D4.1,D4.2,D4.3,D4.4,D4.NA,E3.1,E3.2,E3.3,E3.4,E3.NA,E4.1,E4.2,E4.3,E4.4,E4.5,E4.6,E4.7,E4.NA,E2.1,E2.2,E2.3,E2.NA,B2.mean,B2.sd,B4.mean,B4.sd,E5.mean,E5.sd,p_cli,p_cli_CI,p_cli_weight,p_cli_weight_CI,p_cliWHO,p_cliWHO_CI,p_cliWHO_weight,p_cliWHO_weight_CI,p_cli_local,p_cli_local_CI
NO,NOR,Norway,2,2020-04-24,2020-04-24,126,0,0,0,0,22,125,0,0,710171.616723022,126,1,124,1,19,106,1,3,122,1,26,100,0,45,81,0,27,99,0,15,111,0,9,116,1,8,117,1,2,123,1,10,115,1,27,98,1,9,117,0,4,5,117,7,119,0,0,6,120,1,6,0,119,54,72,0,101,25,0,20,105,1,75,50,1,2,124,0,11,115,0,62,64,0,41,11,5,5,64,20,106,0,0,4,3,0,113,6,0,27,27,46,26,0,1,3,8,18,95,1,2,5,11,31,76,1,24,63,28,10,1,2,5,12,107,0,43,81,1,1,0,0,126,0,0,0,0,0,0,59,38,28,1,15.0970045625868,22.5115091083327,43.3125,21.8724998571265,2.42998027613412,1.67406839265438,0,0,0,0,0,0,0,0,0.00247887323943662,0.00103455151481721
NO,NOR,Norway,3,2020-04-24,2020-04-24,111,0,0,0,0,27,108,3,1,656160.970232993,111,0,110,1,11,100,0,7,104,0,11,100,0,26,85,0,16,95,0,7,104,0,5,106,0,7,104,0,2,109,0,7,104,0,20,91,0,11,99,1,7,4,100,6,105,0,3,1,107,1,4,1,105,42,69,0,84,26,1,28,83,0,60,51,0,1,110,0,9,102,0,49,62,0,39,6,3,1,62,17,94,0,1,1,4,0,96,9,0,30,22,35,23,1,0,1,5,14,91,0,0,1,9,18,83,0,14,47,30,20,0,1,4,9,97,0,54,54,1,2,0,0,0,111,0,0,0,0,0,43,41,26,1,35.7193077339102,45.0361118293141,37,45.7332240037566,2.98611232422046,1.68428448614579,0,0,0,0,0,0,0,0,0.00352112676056338,0.00132581191180114
NO,NOR,Norway,4,2020-04-24,2020-04-24,201,5,29984.4699778315,5,29984.4699778315,26,200,1,0,1030279.69105636,201,7,193,1,44,157,0,19,181,1,36,164,1,49,151,1,38,162,1,21,180,0,15,185,1,8,192,1,6,194,1,14,186,1,47,153,1,16,185,0,9,7,185,11,186,4,1,7,193,1,10,0,190,81,119,1,152,49,0,45,156,0,105,96,0,0,201,0,22,179,0,69,132,0,51,11,5,2,132,36,165,0,0,1,4,0,179,17,0,57,53,54,37,0,0,0,6,20,174,1,0,1,17,19,163,1,28,89,61,22,1,2,2,11,186,0,74,126,0,1,0,0,0,0,201,0,0,0,0,72,72,57,0,33.234902124115,50.3550382921702,22.3333333333333,18.7235019109547,2.45913161182841,1.51745513673425,0.0248756218905473,0.0215311408874553,0.0291032330716799,0.000324584418266556,0.0248756218905473,0.0215311408874553,0.0291032330716799,0.000324584418266556,0.00183098591549296,0.000703150779652283
NO,NOR,Norway,5,2020-04-24,2020-04-24,183,0,0,0,0,20,183,4,0,577814.865046376,183,1,181,1,27,156,0,7,174,2,24,158,1,44,139,0,38,144,1,18,164,1,11,171,1,9,173,1,2,180,1,11,171,1,41,141,1,14,169,0,7,7,169,10,172,1,4,2,177,0,10,0,173,54,129,0,147,36,0,46,135,2,87,96,0,0,183,0,11,172,0,56,127,0,47,6,1,2,127,27,156,0,2,2,2,0,163,14,0,57,34,66,26,0,0,2,4,18,157,2,0,2,10,28,142,1,28,83,50,22,0,0,1,16,166,0,76,98,5,4,0,0,0,0,0,183,0,0,0,58,60,65,0,32.62546875,43.2244782038586,17.7397959183674,8.27844542579479,1.86763833837895,1.28138883844772,0,0,0,0,0,0,0,0,0.00153929038713153,0.000674091949057556
NO,NOR,Norway,6,2020-04-24,2020-04-24,131,1,5383.36684497456,1,5383.36684497456,2,129,0,0,639175.484225477,131,3,127,1,14,116,1,3,127,1,11,119,1,22,109,0,12,118,1,5,125,1,3,127,1,5,125,1,1,129,1,6,124,1,13,117,1,3,127,1,0,3,128,1,123,7,0,0,131,0,1,0,130,17,113,1,107,24,0,38,93,0,65,66,0,1,130,0,12,119,0,34,97,0,30,1,1,2,97,18,113,0,1,1,5,0,101,23,0,59,29,36,7,0,0,1,3,15,111,1,0,1,3,23,104,0,14,56,44,17,0,0,1,6,124,0,52,74,3,1,1,0,0,0,0,0,131,0,0,65,26,39,1,46.4770146024878,76.6374178232009,65.5,0,1.64064728129456,1.64565065399672,0.00763358778625954,0.0149043425566953,0.00842236127297322,0.000224036269145321,0.00763358778625954,0.0149043425566953,0.00842236127297322,0.000224036269145321,0.000218364450267496,0.000302599082874746
NO,NOR,Norway,1,2020-04-25,2020-04-23,100,0,0,0,0,71,99,1,0,1012027.3060447,100,0,100,0,24,76,0,5,95,0,21,79,0,38,62,0,20,80,0,15,85,0,9,91,0,14,86,0,3,97,0,10,90,0,28,72,0,15,85,0,5,10,85,7,93,0,1,2,97,1,5,1,93,20,80,0,78,22,0,28,72,0,59,41,0,6,94,0,20,80,0,48,52,0,40,7,0,1,52,14,86,0,1,0,5,0,89,5,0,21,25,37,17,0,2,2,9,8,79,0,3,6,13,13,65,0,28,39,25,8,0,2,2,11,84,1,40,57,1,2,0,100,0,0,0,0,0,0,0,43,39,17,1,19.2781065088757,29.2433794039304,36.2244897959184,65.1326557051194,2.47554643159039,1.85040361051523,0,0,0,0,0,0,0,0,0.0101010101010101,0.0023376482495426
NO,NOR,Norway,2,2020-04-25,2020-04-24,100,1,6440.14385442263,1,6440.14385442263,22,99,1,0,808297.491958103,100,1,98,1,14,85,1,6,93,1,23,77,0,31,69,0,15,85,0,15,85,0,8,91,1,6,93,1,3,96,1,9,90,1,30,69,1,9,91,0,4,5,91,3,96,1,1,2,97,1,1,1,97,44,56,0,86,14,0,23,76,1,63,36,1,3,97,0,14,86,0,56,44,0,39,12,4,1,44,19,81,0,1,3,3,0,89,4,0,17,20,39,24,0,0,3,14,9,73,1,2,1,11,22,63,1,23,38,26,12,1,2,5,13,80,0,36,63,1,0,0,0,100,0,0,0,0,0,0,48,23,26,3,16.0820451843044,23.6983302590286,34.375,20.863074009907,2.38795835219556,2.51886368922269,0.01,0.0195013954179879,0.00796754155307518,0.000193815089026634,0.01,0.0195013954179879,0.00796754155307518,0.000193815089026634,0.00312989045383412,0.00130582559021084
NO,NOR,Norway,3,2020-04-25,2020-04-24,100,0,0,0,0,41,99,4,1,827253.622077725,100,0,99,1,13,87,0,3,97,0,18,82,0,30,70,0,15,85,0,12,88,0,5,95,0,4,96,0,2,98,0,5,95,0,24,76,0,11,89,0,3,8,89,5,95,0,4,0,96,1,4,0,95,30,70,0,75,25,0,34,66,0,51,49,0,0,100,0,7,93,0,43,57,0,32,9,1,1,57,19,81,0,2,2,1,0,87,7,1,28,25,34,12,1,0,1,5,14,79,1,1,1,10,13,74,1,17,42,27,13,1,3,5,12,80,0,45,54,1,0,0,0,0,100,0,0,0,0,0,34,33,30,3,28.9473684210526,45.3130128964812,41,57.6290821643995,3.31830269395306,2.53493050324131,0,0,0,0,0,0,0,0,0.00583297766396358,0.00178023015238154
NO,NOR,Norway,4,2020-04-25,2020-04-24,100,2,24137.7923354382,2,24137.7923354382,10,100,0,0,603547.103026175,100,3,97,0,13,87,0,3,97,0,12,88,0,28,71,1,17,83,0,8,92,0,6,94,0,4,96,0,1,98,1,5,95,0,16,84,0,6,94,0,3,3,94,5,94,1,0,5,95,0,5,0,95,39,61,0,83,17,0,25,75,0,51,49,0,0,100,0,8,92,0,34,66,0,21,9,3,1,66,18,82,0,1,0,4,0,91,4,0,30,26,23,21,0,0,0,3,8,89,0,0,0,9,19,72,0,8,56,26,10,0,0,1,8,91,0,51,49,0,0,0,0,0,0,100,0,0,0,0,45,25,30,0,28.7182260681449,50.0788317773976,27.7777777777778,13.6082763487954,2.87543402777778,1.55421628479737,0.02,0.0274394957835608,0.0399932204369994,0.000494336689282486,0.02,0.0274394957835608,0.0399932204369994,0.000494336689282486,0.00140845070422535,0.000872335779060366
NO,NOR,Norway,5,2020-04-25,2020-04-25,102,0,0,0,0,12,101,0,0,692691.087233056,102,0,101,1,14,87,1,2,99,1,7,94,1,18,83,1,16,85,1,9,92,1,4,97,1,1,100,1,1,100,1,3,98,1,13,89,0,9,93,0,3,6,93,3,96,3,0,3,99,0,3,0,99,39,63,0,78,24,0,33,69,0,48,53,1,0,101,1,3,98,1,31,70,1,27,2,1,0,72,19,83,0,0,2,4,0,86,10,0,28,21,30,23,0,0,2,6,8,85,1,0,0,2,10,88,2,17,52,23,9,1,0,2,9,90,1,41,54,2,4,1,0,0,0,0,102,0,0,0,39,30,32,1,46.5138888888889,64.9547018594558,15.9375,13.1975038224225,2.2644,2.12863797682077,0,0,0,0,0,0,0,0,0.00167340677729745,0.000946009094433217
NO,NOR,Norway,6,2020-04-25,2020-04-24,100,0,0,0,0,5,98,0,0,756802.451151672,100,0,99,1,9,90,1,1,98,1,2,97,1,16,84,0,7,91,2,4,95,1,3,96,1,2,97,1,1,98,1,3,96,1,7,92,1,4,94,2,0,4,96,2,92,6,0,2,98,0,2,0,98,7,92,1,75,25,0,31,69,0,47,53,0,0,100,0,12,88,0,32,68,0,26,4,0,1,69,11,89,0,1,0,2,0,84,13,0,39,24,31,6,0,1,0,2,7,89,1,1,0,1,12,85,1,14,43,32,10,1,1,0,4,95,0,37,57,2,3,1,0,0,0,0,0,100,0,0,44,27,29,0,47.1111111111111,76.050665373182,25,20.4124145231932,1.93085905885073,1.65185275604684,0,0,0,0,0,0,0,0,0.000718597298074159,0.000629640378423396
NO,NOR,Norway,1,2020-04-26,2020-04-24,100,1,11703.7646390096,0,0,93,99,1,0,998402.510242686,100,1,99,0,25,75,0,6,94,0,23,77,0,40,60,0,21,79,0,20,80,0,9,91,0,13,87,0,4,96,0,13,87,0,29,71,0,16,84,0,6,10,84,5,95,0,1,3,96,0,4,1,95,27,73,0,75,25,0,28,72,0,58,42,0,2,98,0,18,82,0,54,46,0,44,8,1,1,46,17,83,0,1,1,3,0,88,7,0,22,20,38,20,0,2,4,11,14,69,0,3,7,15,26,49,0,19,45,25,11,0,3,2,11,83,1,41,56,1,2,0,100,0,0,0,0,0,0,0,44,39,16,1,15.5817474048443,25.3672915299173,41.3333333333333,63.7056724194377,3.21046373365042,2.78333584074435,0.01,0.0195013954179879,0.0117224911986296,0.000211127435484501,0,0,0,0,0.0132309005548442,0.00267118392534567
NO,NOR,Norway,2,2020-04-26,2020-04-25,100,1,5501.19782459839,1,5501.19782459839,7,100,0,0,807880.782203581,100,1,99,0,22,78,0,2,98,0,20,80,0,34,66,0,18,82,0,12,88,0,2,98,0,3,97,0,4,96,0,9,91,0,21,79,0,6,94,0,2,4,94,4,95,1,0,2,98,0,4,0,96,26,74,0,71,29,0,31,69,0,69,31,0,2,98,0,12,88,0,51,49,0,42,8,1,0,49,15,85,0,1,0,1,0,90,8,0,19,23,42,16,0,1,2,8,12,75,2,1,4,10,13,70,2,15,49,26,8,2,2,5,11,82,0,43,54,2,1,0,0,100,0,0,0,0,0,0,54,27,18,1,21.6803132787469,39.12645052231,16.6666666666667,10.5409255338946,2.84090909090909,1.9340066895381,0.01,0.0195013954179879,0.00680941785691855,0.000179327024050181,0.01,0.0195013954179879,0.00680941785691855,0.000179327024050181,0.000985915492957746,0.000730002870544757
NO,NOR,Norway,3,2020-04-26,2020-04-25,100,0,0,0,0,15,100,0,0,770024.220826824,100,0,99,1,13,87,0,1,98,1,14,86,0,27,73,0,19,81,0,11,89,0,5,95,0,7,92,1,2,97,1,4,95,1,28,71,1,9,91,0,4,5,91,4,96,0,0,4,96,0,4,0,96,27,72,1,73,27,0,33,67,0,60,40,0,1,99,0,13,87,0,48,52,0,35,10,1,2,52,18,82,0,3,0,8,0,87,2,0,24,24,34,18,0,0,0,6,15,78,1,0,2,4,19,74,1,21,43,22,13,1,1,4,16,79,0,44,55,1,0,0,0,0,100,0,0,0,0,0,41,30,29,0,17.5411522633745,24.3177054698869,17.283950617284,9.79907892986885,3.67377856331271,2.59537099607,0,0,0,0,0,0,0,0,0.00211267605633803,0.00106801198126762
NO,NOR,Norway,4,2020-04-26,2020-04-26,130,1,3341.24431255855,1,3341.24431255855,12,129,1,0,698696.618769645,130,1,129,0,23,107,0,3,127,0,17,113,0,39,91,0,26,104,0,9,121,0,3,127,0,8,122,0,3,127,0,6,124,0,25,105,0,8,122,0,4,4,122,5,124,1,1,1,128,0,5,0,125,36,94,0,97,32,1,42,88,0,63,67,0,0,129,1,13,117,0,38,92,0,30,7,1,0,92,17,113,0,2,0,7,0,113,8,0,33,33,42,22,0,0,1,6,9,114,0,0,1,7,15,107,0,15,60,41,14,0,0,4,10,116,0,54,73,1,2,0,0,0,0,130,0,0,0,0,55,33,42,0,17.9924751410911,20.0732702420828,29.1836734693878,14.6119218601468,2.54487513007284,1.45939801323501,0.00769230769230769,0.0150185469901632,0.00478211032199103,0.00016176056411496,0.00769230769230769,0.0150185469901632,0.00478211032199103,0.00016176056411496,0.00131018670160498,0.000740808514129212
NO,NOR,Norway,5,2020-04-26,2020-04-26,118,3,32767.6018358741,3,32767.6018358741,11,115,0,0,568231.661859044,118,3,115,0,14,104,0,1,117,0,10,108,0,32,86,0,23,95,0,7,111,0,2,116,0,5,113,0,3,115,0,4,114,0,15,103,0,4,113,1,1,3,114,5,109,4,0,3,115,0,5,0,113,26,91,1,83,35,0,30,88,0,70,48,0,0,118,0,8,110,0,49,68,1,41,8,0,0,69,19,99,0,0,0,0,0,111,6,1,30,18,45,24,1,1,3,4,13,95,2,0,3,9,12,94,0,28,52,29,9,0,0,1,11,106,0,35,82,0,1,0,0,0,0,0,118,0,0,0,47,28,42,1,27.9635416666667,44.6941790211181,295,417.193000900063,2.54131098754797,5.89375250337184,0.0254237288135593,0.0284010651185517,0.0576659204956489,0.000606104404245244,0.0254237288135593,0.0284010651185517,0.0576659204956489,0.000606104404245244,0.00134721371708512,0.000795601335658639
NO,NOR,Norway,6,2020-04-26,2020-04-25,100,0,0,0,0,3,100,0,0,751296.278163888,100,0,100,0,8,92,0,2,98,0,4,96,0,16,84,0,11,89,0,3,97,0,0,100,0,1,99,0,0,100,0,2,98,0,3,97,0,2,98,0,0,2,98,5,90,5,0,0,100,0,4,1,95,12,87,1,72,28,0,23,77,0,47,53,0,0,100,0,7,93,0,23,77,0,19,2,1,0,78,17,83,0,1,1,5,0,76,17,0,39,31,21,9,0,0,0,3,7,90,0,0,0,6,11,83,0,14,43,30,13,0,0,0,5,95,0,49,44,3,4,0,0,0,0,0,0,100,0,0,39,27,34,0,54.421768707483,84.977940695947,75,35.3553390593274,1.80678074184292,1.97424995183425,0,0,0,0,0,0,0,0,0.000422535211267606,0.000478033792144491
NO,NOR,Norway,1,2020-04-27,2020-04-25,100,1,11703.7646390096,0,0,53,100,0,0,876180.289445565,100,1,99,0,19,81,0,4,96,0,18,82,0,34,66,0,15,85,0,14,86,0,6,94,0,14,86,0,2,98,0,8,92,0,26,74,0,13,87,0,6,7,87,2,98,0,0,2,98,0,2,0,98,26,74,0,66,34,0,20,79,1,52,48,0,0,100,0,9,91,0,47,53,0,40,5,1,1,53,13,87,0,0,2,2,0,86,9,1,23,20,45,11,1,1,2,12,19,65,1,3,5,9,36,46,1,11,52,27,9,1,1,4,9,85,1,31,67,1,1,0,100,0,0,0,0,0,0,0,44,36,19,1,14.8165680473373,22.923479008427,31.3609467455621,41.3601989813696,3.12345679012346,2.60655535013138,0.01,0.0195013954179879,0.0133577127675579,0.00024037940973064,0,0,0,0,0.00746478873239437,0.00200216856513271
NO,NOR,Norway,2,2020-04-27,2020-04-26,100,3,30609.6280003491,3,30609.6280003491,14,99,1,0,798961.657370172,100,4,95,1,23,76,1,3,96,1,18,81,1,35,64,1,20,79,1,12,88,0,7,92,1,8,91,1,2,97,1,6,93,1,35,64,1,6,94,0,1,5,94,6,94,0,1,5,94,0,6,0,94,41,59,0,68,32,0,15,85,0,53,47,0,0,100,0,18,82,0,47,53,0,37,5,5,0,53,21,79,0,3,1,2,0,91,3,0,21,24,46,9,0,0,1,14,15,70,0,3,8,11,22,56,0,17,52,26,5,0,4,2,18,76,0,46,54,0,0,0,0,100,0,0,0,0,0,0,49,23,27,1,17.8684286124677,27.13566465043,52,38.9871773792359,2.52052260376922,1.90574144866635,0.03,0.0334344809563718,0.0383117609186684,0.000420889732638266,0.03,0.0334344809563718,0.0383117609186684,0.000420889732638266,0.00199174847062171,0.00104228294537026
NO,NOR,Norway,3,2020-04-27,2020-04-26,100,2,18440.0168392506,2,18440.0168392506,43,100,1,1,779065.944482614,100,2,97,1,14,86,0,1,98,1,15,84,1,16,83,1,11,88,1,6,93,1,4,95,1,6,93,1,1,98,1,3,96,1,21,78,1,19,81,0,7,12,81,7,93,0,1,4,95,1,5,1,93,37,62,1,60,39,1,25,74,1,56,43,1,2,97,1,11,88,1,47,52,1,34,9,2,2,53,13,87,0,1,0,2,0,90,7,0,22,23,39,16,0,0,3,6,12,78,1,0,2,7,16,74,1,23,35,26,15,1,4,7,10,79,0,45,54,1,0,0,0,0,100,0,0,0,0,0,34,39,27,0,23.1875,41.2426664032684,11.9113573407202,7.61534980628449,3.89886578449905,10.0531318900508,0.02,0.0274394957835608,0.0236693914935491,0.000337561555751649,0.02,0.0274394957835608,0.0236693914935491,0.000337561555751649,0.00605633802816902,0.0018046993189768
NO,NOR,Norway,4,2020-04-27,2020-04-27,121,2,11029.2118853969,1,4399.27344981433,27,120,2,0,715656.32184212,121,2,119,0,19,102,0,7,113,1,13,108,0,32,89,0,23,98,0,13,108,0,9,112,0,8,113,0,4,117,0,6,115,0,32,89,0,14,107,0,7,7,107,10,110,1,2,5,114,0,9,0,112,44,76,1,73,48,0,22,99,0,68,53,0,0,121,0,12,109,0,48,73,0,43,3,2,0,73,16,105,0,0,0,4,0,104,13,0,25,40,41,15,0,1,0,6,21,93,0,1,2,10,19,89,0,22,50,35,14,0,0,2,16,103,0,42,76,2,1,0,0,0,0,121,0,0,0,0,48,32,41,0,26.7652973283539,42.0737081723345,19.3313609467456,22.6279483812423,2.69905482041588,1.55270603285943,0.0165289256198347,0.0227173941974505,0.0154113246104043,0.000285392947750563,0.00826446280991736,0.0161309765023335,0.00614718729583842,0.000181090260473647,0.00316901408450704,0.00119344152014932
NO,NOR,Norway,5,2020-04-27,2020-04-27,113,2,17409.2671588645,2,17409.2671588645,6,113,0,0,549996.659843054,113,2,111,0,16,97,0,2,111,0,6,107,0,26,87,0,8,105,0,8,105,0,1,112,0,1,112,0,1,112,0,5,108,0,14,99,0,4,109,0,1,3,109,3,109,1,0,0,113,0,3,0,110,33,78,2,70,43,0,25,88,0,53,60,0,0,113,0,9,104,0,40,73,0,33,6,0,1,73,13,100,0,0,0,5,0,95,13,0,37,22,38,16,0,2,0,6,11,93,1,0,0,6,18,87,2,14,60,27,10,2,1,4,8,99,1,46,60,3,4,0,0,0,0,0,113,0,0,0,38,34,40,1,47.31875,65.9820852118987,28.25,39.9515331370399,2.33970204528238,3.55334936090459,0.0176991150442478,0.0243112289346397,0.0316534052476471,0.000462693819948357,0.0176991150442478,0.0243112289346397,0.0316534052476471,0.000462693819948357,0.00074784993144709,0.000598169781860187
NO,NOR,Norway,6,2020-04-27,2020-04-27,106,1,3925.74243251148,1,3925.74243251148,1,106,0,0,604886.199951938,106,1,105,0,17,89,0,4,102,0,8,98,0,16,90,0,18,88,0,7,99,0,3,103,0,3,103,0,1,105,0,6,100,0,11,95,0,1,105,0,0,1,105,0,102,4,0,0,106,0,0,0,106,12,92,2,66,40,0,23,82,1,48,58,0,0,105,1,6,100,0,33,73,0,29,2,2,0,73,15,91,0,0,0,2,0,86,15,3,45,23,31,7,0,0,0,3,12,87,4,0,0,4,17,82,3,11,50,34,8,3,0,3,7,94,2,47,52,6,0,1,0,0,0,0,0,106,0,0,39,29,37,1,30.2437673130194,39.2702628030841,106,0,1.85842209444811,0.934564250534365,0.00943396226415094,0.0184028015418055,0.00649005124075142,0.000202358488026629,0.00943396226415094,0.0184028015418055,0.00649005124075142,0.000202358488026629,0.000132872707945788,0.000260408419791826
NO,NOR,Norway,7,2020-04-27,2020-04-24,100,0,0,0,0,6,99,1,0,671549.948823501,100,0,97,3,9,89,2,3,94,3,5,93,2,18,81,1,14,85,1,7,90,3,3,94,3,1,96,3,2,94,4,5,93,2,5,93,2,4,96,0,0,4,96,1,95,4,1,0,99,0,1,0,99,3,95,2,65,34,1,23,76,1,41,59,0,2,97,1,3,96,1,27,72,1,20,7,0,0,73,16,84,0,1,0,1,0,70,28,0,51,24,21,4,0,0,0,1,9,88,2,0,0,2,10,87,1,10,50,24,15,1,0,1,10,89,0,46,43,5,5,1,0,0,0,0,0,0,100,0,37,28,32,3,62,83.9384923505557,55.5555555555556,69.3888666488711,1.79501385041551,3.26028007410717,0,0,0,0,0,0,0,0,0.000853606487409304,0.000682723316861988
NO,NOR,Norway,1,2020-04-28,2020-04-26,100,1,11703.7646390096,0,0,39,100,0,0,1020294.40064254,100,2,98,0,21,79,0,5,95,0,26,74,0,31,69,0,16,84,0,12,88,0,8,92,0,13,87,0,4,96,0,9,91,0,30,70,0,10,90,0,5,5,90,2,98,0,0,2,98,0,2,0,98,25,75,0,64,36,0,18,81,1,54,46,0,2,98,0,11,89,0,50,50,0,42,6,0,2,50,9,91,0,0,1,2,3,87,6,1,19,22,46,12,1,1,1,12,19,66,1,2,2,9,32,54,1,15,50,28,6,1,0,5,8,86,1,34,65,1,0,0,100,0,0,0,0,0,0,0,53,30,17,0,16.6036785084404,28.7526615327944,39,34.1402336775183,2.64770493698694,1.82533665134613,0.01,0.0195013954179879,0.0114709682143105,0.000206623679847426,0,0,0,0,0.00549295774647887,0.00171919831648074
NO,NOR,Norway,2,2020-04-28,2020-04-27,100,4,34583.5449833556,3,30609.6280003491,15,99,1,0,1219966.83456082,100,5,94,1,14,85,1,4,95,1,24,75,1,32,67,1,23,76,1,13,87,0,6,93,1,10,89,1,2,97,1,7,92,1,26,73,1,7,93,0,3,4,93,4,95,1,1,3,96,0,4,0,96,38,62,0,80,20,0,21,79,0,52,48,0,1,99,0,20,80,0,42,58,0,32,6,3,1,58,20,80,0,2,2,4,3,86,3,0,24,20,43,13,0,1,1,11,15,72,0,2,2,11,23,62,0,22,46,25,7,0,1,3,12,84,0,49,51,0,0,0,0,100,0,0,0,0,0,0,55,28,17,0,25.9259259259259,37.005577134863,41.6666666666667,34.5607355888795,2.48698055053672,2.24070025235098,0.04,0.0384072934108425,0.0283479386517958,0.000294503329568278,0.03,0.0334344809563718,0.0250905410976753,0.000277530830040954,0.00213401621852326,0.0010787884457632
NO,NOR,Norway,3,2020-04-28,2020-04-27,100,1,11626.5879962193,1,11626.5879962193,29,99,1,0,778190.7920926,100,3,97,0,17,82,1,3,96,1,14,86,0,22,78,0,12,88,0,10,88,2,4,95,1,3,96,1,4,95,1,2,97,1,19,80,1,16,84,0,7,9,84,7,92,1,1,2,97,0,7,0,93,36,64,0,78,22,0,19,80,1,50,50,0,0,100,0,9,91,0,37,63,0,22,11,2,2,63,22,78,0,0,1,3,1,89,6,0,24,23,35,18,0,0,0,9,13,77,1,2,3,8,19,67,1,15,53,21,10,1,1,2,18,79,0,45,54,1,0,0,0,0,100,0,0,0,0,0,44,33,23,0,30.9070294784581,44.9634439727042,12.8888888888889,4.69154367032665,4.9196675900277,12.6515725542261,0.01,0.0195013954179879,0.0149405365809517,0.000269537607156028,0.01,0.0195013954179879,0.0149405365809517,0.000269537607156028,0.00412576468914497,0.00149849671423455
NO,NOR,Norway,4,2020-04-28,2020-04-28,123,1,7593.52900311982,0,0,21,121,0,0,754933.312894287,123,1,122,0,16,107,0,4,119,0,8,115,0,29,94,0,16,107,0,15,108,0,1,122,0,6,117,0,2,121,0,0,123,0,24,99,0,13,109,1,6,7,110,4,118,1,0,3,120,0,4,0,119,51,72,0,91,32,0,30,92,1,67,56,0,2,120,1,9,114,0,42,81,0,30,6,5,1,81,26,97,0,1,1,4,1,107,9,0,34,33,28,28,0,0,0,6,10,107,0,0,2,9,13,99,0,11,54,42,16,0,1,1,11,109,1,53,69,1,0,0,0,0,0,123,0,0,0,0,47,47,29,0,25.6571900826446,32.1925174662751,17.0833333333333,15.3490943371163,2.54552284680008,1.43233198333646,0.00813008130081301,0.0158697592791709,0.0100585427526141,0.000225095122883131,0,0,0,0,0.00244441857758119,0.00104419731173906
NO,NOR,Norway,5,2020-04-28,2020-04-28,103,1,10846.6945541929,1,10846.6945541929,14,103,0,0,579261.16232698,103,1,101,1,10,93,0,3,100,0,11,92,0,21,82,0,21,82,0,8,95,0,4,99,0,6,96,1,1,101,1,4,98,1,13,90,0,7,96,0,3,4,96,5,93,5,0,5,98,0,5,0,98,37,65,1,81,22,0,29,74,0,58,45,0,2,101,0,7,96,0,42,61,0,30,10,1,1,61,18,85,0,1,0,2,4,85,11,0,40,20,28,15,0,0,0,1,13,89,0,0,1,2,12,88,0,15,41,32,15,0,1,1,11,90,0,44,58,0,0,1,0,0,0,0,103,0,0,0,45,24,33,1,39.2380952380952,61.7921192180354,29.4285714285714,18.9960611742554,1.80737182629154,1.41220437384795,0.00970873786407767,0.018936178546626,0.0187250505637562,0.000349074191587047,0.00970873786407767,0.018936178546626,0.0187250505637562,0.000349074191587047,0.00191439901545193,0.00100184475892607
NO,NOR,Norway,6,2020-04-28,2020-04-27,100,0,0,0,0,6,98,0,0,678407.788885987,100,0,100,0,8,92,0,4,96,0,7,93,0,16,84,0,14,86,0,7,93,0,4,96,0,4,96,0,0,100,0,6,94,0,6,94,0,4,95,1,2,2,96,3,96,1,0,2,98,0,3,0,97,6,93,1,75,25,0,27,73,0,43,57,0,0,100,0,3,97,0,23,77,0,22,1,0,0,77,15,85,0,1,1,2,0,78,18,0,45,23,27,5,0,0,3,2,8,86,1,1,1,3,13,81,1,16,48,21,14,1,0,1,8,91,0,46,54,0,0,0,0,0,0,0,0,100,0,0,38,19,43,0,87.52,92.8606123893943,66.6666666666667,33.3333333333333,1.62610266765862,0.950876689948566,0,0,0,0,0,0,0,0,0.000862316757688991,0.000689686875054412
NO,NOR,Norway,7,2020-04-28,2020-04-25,100,0,0,0,0,1,98,0,0,662570.115470093,100,0,98,2,12,87,1,3,95,2,7,92,1,20,80,0,16,84,0,9,89,2,4,94,2,1,97,2,2,95,3,3,96,1,6,93,1,2,97,1,0,2,98,0,95,5,0,0,100,0,0,0,100,2,96,2,61,39,0,24,76,0,43,57,0,2,98,0,1,99,0,24,75,1,19,5,0,0,76,15,85,0,1,0,2,0,71,26,0,46,32,19,3,0,0,0,3,12,83,2,0,0,4,15,80,1,14,53,20,12,1,0,0,10,88,2,51,42,4,3,0,0,0,0,0,0,0,100,0,32,29,38,1,44.4636678200692,58.5992368539286,0,0,2.00023124060585,3.57889683596556,0,0,0,0,0,0,0,0,0.000143719459614832,0.000281664722189836
NO,NOR,Norway,1,2020-04-29,2020-04-27,100,0,0,0,0,33,98,0,0,1164408.89662942,100,1,99,0,22,78,0,5,95,0,28,72,0,39,61,0,21,79,0,16,84,0,6,94,0,11,89,0,4,96,0,7,93,0,33,67,0,14,86,0,6,8,86,4,96,0,0,3,97,1,3,0,96,27,73,0,68,32,0,23,77,0,55,45,0,2,98,0,7,93,0,52,48,0,44,7,0,1,48,10,90,0,0,1,1,3,85,9,1,20,22,43,14,1,0,0,7,18,74,1,1,5,12,20,61,1,20,41,28,10,1,0,2,13,84,1,33,65,2,0,0,100,0,0,0,0,0,0,0,49,30,21,0,18.8402366863905,32.3100168225472,22.9166666666667,24.6503324295817,2.5350837483024,1.70260219147965,0,0,0,0,0,0,0,0,0.00474274216728945,0.00161431511529907
NO,NOR,Norway,2,2020-04-29,2020-04-28,100,1,3973.91698300654,0,0,20,98,2,0,1302570.981129,100,1,99,0,13,87,0,4,96,0,23,77,0,29,71,0,18,82,0,12,88,0,5,95,0,9,91,0,2,98,0,5,95,0,26,74,0,10,90,0,7,3,90,8,92,0,2,3,95,0,8,0,92,30,70,0,72,28,0,29,71,0,53,47,0,1,99,0,18,82,0,38,62,0,30,4,1,3,62,16,84,0,3,0,1,3,90,2,1,21,29,36,14,0,0,5,9,9,77,0,2,4,16,17,61,0,14,49,29,8,0,2,4,14,80,0,43,57,0,0,0,0,100,0,0,0,0,0,0,49,32,19,0,26.780508121616,42.7834494636823,31.25,22.160131510698,2.32204861111111,1.49987181672899,0.01,0.0195013954179879,0.00305082566752882,9.47092934035755e-05,0,0,0,0,0.00287438919229664,0.00125792167371867
NO,NOR,Norway,3,2020-04-29,2020-04-28,100,0,0,0,0,16,100,1,0,870360.591208336,100,1,99,0,14,85,1,3,96,1,21,79,0,28,72,0,17,83,0,16,83,1,5,94,1,7,92,1,3,96,1,4,95,1,25,74,1,10,90,0,4,6,90,5,95,0,1,2,97,0,5,0,95,35,65,0,71,28,1,19,79,2,49,50,1,0,99,1,6,93,1,33,67,0,21,7,2,3,67,22,78,0,1,2,1,1,92,3,0,24,17,38,21,0,0,0,7,15,77,1,1,1,4,20,73,1,15,51,22,11,1,0,1,12,87,0,33,67,0,0,0,0,0,100,0,0,0,0,0,48,35,17,0,20.2057613168724,28.535227633974,15,9.7182531580755,2.92827262524232,1.48912539965437,0,0,0,0,0,0,0,0,0.00225352112676056,0.00110296018526087
NO,NOR,Norway,4,2020-04-29,2020-04-28,100,0,0,0,0,19,100,1,0,712261.520947759,100,1,99,0,18,82,0,2,98,0,14,86,0,20,80,0,17,83,0,6,94,0,5,95,0,9,91,0,1,99,0,6,94,0,27,73,0,7,93,0,1,6,93,10,89,1,1,4,95,0,10,0,90,46,53,1,80,20,0,21,78,1,63,37,0,2,98,0,9,90,1,48,51,1,36,7,5,0,52,15,85,0,0,0,1,1,90,8,0,29,17,38,16,0,1,0,5,9,83,2,0,0,8,9,81,2,15,52,24,7,2,0,4,8,87,1,39,60,0,1,0,0,0,0,100,0,0,0,0,33,34,33,0,35.7750472589792,52.3200580406326,36.734693877551,38.5600890361045,3.09244791666667,4.29743566916273,0,0,0,0,0,0,0,0,0.00267605633802817,0.0012016684687081
NO,NOR,Norway,5,2020-04-29,2020-04-28,100,1,5143.57475841706,1,5143.57475841706,9,99,0,0,598841.889828328,100,2,97,1,17,83,0,2,98,0,10,90,0,21,79,0,20,80,0,9,91,0,6,93,1,1,98,1,3,96,1,5,94,1,14,86,0,6,94,0,6,0,94,2,94,4,0,2,98,0,2,0,98,30,70,0,77,23,0,30,70,0,53,47,0,0,100,0,9,90,1,30,69,1,20,8,1,1,70,17,83,0,2,5,0,1,80,12,0,28,21,41,10,0,0,1,2,12,85,0,1,1,1,7,90,0,12,51,26,11,0,0,1,7,92,0,43,57,0,0,0,0,0,0,0,100,0,0,0,41,24,35,0,46.7820443482964,65.9537377017921,32,22.8035085019828,1.71,1.15727824195088,0.01,0.0195013954179879,0.0085892033369469,0.00023371967248354,0.01,0.0195013954179879,0.0085892033369469,0.00023371967248354,0.00128040973111396,0.000835983271082306
NO,NOR,Norway,6,2020-04-29,2020-04-28,100,0,0,0,0,8,99,0,0,719167.61360452,100,0,100,0,8,92,0,2,98,0,6,94,0,17,83,0,8,92,0,6,94,0,0,100,0,0,100,0,0,100,0,2,98,0,5,95,0,5,94,1,4,1,95,0,95,5,0,0,100,0,0,0,100,15,85,0,70,29,1,26,74,0,48,52,0,0,100,0,8,92,0,26,74,0,22,4,0,0,74,12,88,0,1,0,1,1,81,16,0,33,28,31,8,0,0,0,3,8,89,0,0,0,2,18,80,0,10,53,26,11,0,0,0,7,93,0,42,57,0,1,0,0,0,0,0,0,100,0,0,37,33,30,0,61.2244897959184,78.3107404922826,32,17.8885438199983,1.77682209144409,0.914852354077665,0,0,0,0,0,0,0,0,0.00113814198321241,0.000788228722237302
NO,NOR,Norway,7,2020-04-29,2020-04-26,100,0,0,0,0,1,97,0,0,666706.990561635,100,0,99,1,10,90,0,2,97,1,7,93,0,22,78,0,14,86,0,8,91,1,4,95,1,1,98,1,2,96,2,2,97,1,3,96,1,2,96,2,0,2,98,0,96,4,0,0,100,0,0,0,100,2,94,4,58,41,1,24,75,1,45,54,1,2,97,1,2,98,0,26,73,1,20,6,0,0,74,11,89,0,1,1,2,0,70,26,0,45,33,19,3,0,0,0,4,5,88,3,0,0,3,15,80,2,12,50,23,13,2,0,0,10,87,3,47,49,1,3,0,0,0,0,0,0,0,100,0,34,31,34,1,52.05078125,74.3952829443504,0,0,1.68628338614758,1.63182406838382,0,0,0,0,0,0,0,0,0.000145201103528387,0.000284568271367451
NO,NOR,Norway,1,2020-04-30,2020-04-28,100,1,14658.0559585642,1,14658.0559585642,26,98,0,0,1215736.7133406,100,1,99,0,23,77,0,5,95,0,32,68,0,41,59,0,27,73,0,17,83,0,5,95,0,10,90,0,3,97,0,6,94,0,39,61,0,12,88,0,7,5,88,4,96,0,0,3,97,1,3,0,96,29,71,0,69,31,0,27,73,0,57,43,0,4,96,0,15,85,0,56,44,0,44,9,1,2,44,10,90,0,0,2,0,2,87,9,0,19,23,39,19,0,0,3,8,16,73,0,2,7,13,25,53,0,26,39,22,13,0,0,1,16,83,0,30,67,3,0,0,100,0,0,0,0,0,0,0,48,33,19,0,19.4917034236505,33.0397167284053,26,21.7050941281329,2.43958839172159,1.65626445829124,0.01,0.0195013954179879,0.0120569328849885,0.000194004902969439,0.01,0.0195013954179879,0.0120569328849885,0.000194004902969439,0.00373670594998563,0.00143363107281851
NO,NOR,Norway,2,2020-04-30,2020-04-29,100,0,0,0,0,20,98,2,0,1049331.55931431,100,0,99,1,14,85,1,2,97,1,20,80,0,32,67,1,14,85,1,12,87,1,2,97,1,11,88,1,5,94,1,6,93,1,31,69,0,10,90,0,5,5,90,8,92,0,2,2,96,0,8,0,92,27,73,0,74,26,0,26,74,0,52,48,0,1,99,0,14,86,0,42,58,0,30,4,4,4,58,19,81,0,3,2,2,2,86,5,0,26,29,28,17,0,2,4,6,15,72,1,2,7,11,20,59,1,17,37,32,13,1,3,2,13,82,0,41,59,0,0,0,0,100,0,0,0,0,0,0,47,34,19,0,18.4027777777778,33.5495430330662,31.25,38.3824736789369,2.08239022181983,1.55158836432839,0,0,0,0,0,0,0,0,0.00287438919229664,0.00125792167371867
NO,NOR,Norway,3,2020-04-30,2020-04-29,100,0,0,0,0,13,100,0,0,970556.708541131,100,0,99,1,12,87,1,5,94,1,18,81,1,27,73,0,14,85,1,11,88,1,6,93,1,9,90,1,2,97,1,4,95,1,19,79,2,8,92,0,4,4,92,5,94,1,0,4,96,0,5,0,95,44,54,2,83,15,2,30,67,3,54,44,2,2,96,2,6,92,2,45,54,1,34,7,2,2,55,31,69,0,1,1,4,3,90,1,0,23,22,34,21,0,0,0,5,16,79,0,1,3,5,16,75,0,14,51,25,10,0,1,2,11,86,0,41,59,0,0,0,0,0,100,0,0,0,0,0,43,30,27,0,18.9035243859025,34.4774077594875,20.3125,11.4515672664113,2.9,1.44599761096244,0,0,0,0,0,0,0,0,0.00183098591549296,0.000994405368977474
NO,NOR,Norway,4,2020-04-30,2020-04-29,100,0,0,0,0,10,100,0,0,759016.297833554,100,2,97,1,20,79,1,4,95,1,14,85,1,27,73,0,18,82,0,9,90,1,2,97,1,7,92,1,1,99,0,3,96,1,24,76,0,9,91,0,5,4,91,9,88,3,0,7,93,0,8,1,91,52,48,0,82,17,1,32,67,1,56,43,1,1,98,1,14,85,1,36,64,0,25,6,2,3,64,19,81,0,0,1,3,2,89,4,1,30,20,28,21,1,1,0,6,9,83,1,2,1,8,12,77,0,16,37,33,14,0,0,2,11,87,0,40,60,0,0,0,0,0,0,100,0,0,0,0,45,30,25,0,24.3343195266272,32.1744645282503,12.3456790123457,3.7037037037037,3.07152726113296,4.14507829235369,0,0,0,0,0,0,0,0,0.00140845070422535,0.000872335779060366
NO,NOR,Norway,5,2020-04-30,2020-04-29,100,0,0,0,0,6,100,0,0,634817.388751534,100,0,100,0,14,86,0,3,97,0,6,94,0,14,86,0,19,81,0,8,92,0,1,99,0,1,99,0,0,100,0,1,99,0,12,88,0,4,96,0,1,3,96,6,93,1,0,2,98,0,6,0,94,36,64,0,73,27,0,24,76,0,46,53,1,0,100,0,10,90,0,28,72,0,21,4,1,1,73,23,77,0,0,0,2,5,85,8,0,32,26,30,12,0,2,1,4,10,83,0,1,3,4,10,82,0,14,50,18,18,0,0,1,5,94,0,40,58,0,2,0,0,0,0,0,100,0,0,0,36,22,42,0,60.3305785123967,85.193978804508,37.5,14.4337567297406,1.87304890738814,1.08577413536337,0,0,0,0,0,0,0,0,0.000845070422535211,0.000675898970898153
NO,NOR,Norway,6,2020-04-30,2020-04-29,100,0,0,0,0,5,100,1,0,616850.608478965,100,0,99,1,11,89,0,1,97,2,7,92,1,18,81,1,17,82,1,8,91,1,2,97,1,3,96,1,0,99,1,2,98,0,12,87,1,4,96,0,1,3,96,1,93,6,1,0,99,0,0,1,99,15,83,2,79,21,0,36,64,0,49,51,0,0,100,0,11,89,0,28,71,1,22,5,1,0,72,11,89,0,0,0,0,0,88,12,0,43,25,29,3,0,0,1,2,5,91,1,0,0,2,15,83,0,12,45,28,15,0,0,0,9,91,0,38,62,0,0,0,0,0,0,0,0,100,0,0,38,30,32,0,33.8888888888889,42.0643853629676,31.25,12.5,1.69,0.906709000794197,0,0,0,0,0,0,0,0,0.000704225352112676,0.00061705200811476
NO,NOR,Norway,7,2020-04-30,2020-04-27,100,0,0,0,0,2,97,0,0,661995.857709499,100,0,100,0,7,93,0,3,97,0,8,92,0,19,81,0,16,84,0,6,94,0,1,99,0,2,98,0,1,98,1,3,97,0,4,96,0,3,95,2,0,3,97,0,98,2,0,0,100,0,0,0,100,3,93,4,61,38,1,24,75,1,43,55,2,1,98,1,3,97,0,20,78,2,17,3,0,0,80,11,89,0,2,1,3,0,69,25,0,52,29,17,2,0,0,0,4,7,85,4,0,1,4,16,77,2,12,45,31,10,2,0,0,9,88,3,51,48,0,1,0,0,0,0,0,0,0,100,0,41,28,31,0,69.140625,86.7615367781882,25,35.3553390593274,1.66204986149585,1.63635069565934,0,0,0,0,0,0,0,0,0.000290402207056774,0.000402411086096449
NO,NOR,Norway,1,2020-05-01,2020-04-29,100,1,14658.0559585642,1,14658.0559585642,24,98,0,0,1166212.93499528,100,1,99,0,20,80,0,6,94,0,31,69,0,41,59,0,24,76,0,19,81,0,5,94,1,12,88,0,2,98,0,5,95,0,35,65,0,11,89,0,5,6,89,5,95,0,0,3,97,1,4,0,95,29,70,1,74,25,1,28,71,1,54,45,1,2,97,1,20,79,1,53,47,0,42,9,1,1,47,11,89,0,1,3,0,0,90,6,0,23,20,41,16,0,0,3,11,16,69,1,3,8,17,29,42,1,24,42,21,12,1,0,2,19,79,0,31,66,3,0,0,100,0,0,0,0,0,0,0,38,39,23,0,15.6,25.8778823109506,29.6296296296296,25.4587538608658,2.33137166138524,1.66772453183686,0.01,0.0195013954179879,0.0125689361854176,0.000202190998713078,0.01,0.0195013954179879,0.0125689361854176,0.000202190998713078,0.00344926703075596,0.00137758686720668
NO,NOR,Norway,2,2020-05-01,2020-04-30,100,1,23423.3866799825,0,0,18,100,2,0,1006731.30342388,100,2,97,1,11,88,1,3,96,1,21,79,0,32,67,1,12,87,1,13,86,1,5,94,1,13,86,1,3,96,1,4,95,1,29,71,0,7,93,0,2,5,93,5,95,0,2,2,96,0,5,0,95,28,72,0,77,23,0,26,74,0,53,47,0,1,99,0,17,82,1,45,55,0,30,9,5,1,55,14,86,0,0,1,2,3,88,6,0,30,19,34,17,0,1,2,8,14,74,1,1,5,9,27,57,1,17,43,27,12,1,1,3,13,83,0,47,51,1,1,0,0,100,0,0,0,0,0,0,53,29,18,0,20.6799247514109,31.9526355449858,36.734693877551,47.277688037807,2.18939313423318,1.70478688191757,0.01,0.0195013954179879,0.02326677098479,0.000294474263063207,0,0,0,0,0.00253521126760563,0.00116970078590584
NO,NOR,Norway,3,2020-05-01,2020-04-30,100,0,0,0,0,21,100,1,0,842889.257666076,100,1,98,1,14,85,1,1,98,1,11,88,1,29,71,0,8,91,1,13,86,1,5,94,1,0,99,1,3,96,1,4,95,1,19,80,1,11,89,0,3,8,89,7,93,0,1,2,97,1,6,0,93,36,64,0,74,25,1,20,79,1,47,52,1,2,97,1,7,92,1,46,54,0,28,14,1,3,54,26,74,0,1,3,1,4,83,8,0,29,25,27,19,0,0,1,8,10,80,1,0,3,8,13,75,1,15,56,21,7,1,2,1,18,79,0,45,54,0,0,1,0,0,100,0,0,0,0,0,49,22,28,1,13.7996219281664,19.1019627347604,17.3553719008264,6.36953681586701,3.08204914618909,1.68328031824913,0,0,0,0,0,0,0,0,0.00295774647887324,0.00126315362128419
NO,NOR,Norway,4,2020-05-01,2020-05-01,104,1,6395.98775899618,1,6395.98775899618,10,104,0,0,707861.708254537,104,1,103,0,12,92,0,2,102,0,13,91,0,15,89,0,16,88,0,4,100,0,5,99,0,4,100,0,0,104,0,4,100,0,23,81,0,7,97,0,2,5,97,7,95,2,0,3,101,2,5,0,97,40,63,1,76,28,0,21,83,0,49,55,0,1,103,0,8,96,0,38,66,0,27,9,1,1,66,17,87,0,1,1,3,4,86,9,0,36,21,36,11,0,1,0,4,12,87,0,1,0,3,15,85,0,20,35,28,21,0,0,3,6,95,0,53,51,0,0,0,0,0,0,104,0,0,0,0,32,41,31,0,39.612188365651,60.5282137386298,16.9795918367347,13.3674975325162,3.32871972318339,6.01572301140076,0.00961538461538462,0.0187549838461375,0.00903564592407119,0.000220435988709609,0.00961538461538462,0.0187549838461375,0.00903564592407119,0.000220435988709609,0.00135427952329361,0.000838807153648631
NO,NOR,Norway,5,2020-05-01,2020-05-01,104,1,5878.56503910661,0,0,8,103,0,0,592901.483964728,104,1,103,0,9,95,0,3,101,0,8,96,0,13,91,0,7,97,0,7,97,0,3,101,0,5,99,0,0,104,0,3,101,0,8,96,0,7,97,0,4,3,97,0,102,2,0,0,104,0,0,0,104,33,71,0,73,31,0,27,77,0,53,51,0,0,103,1,4,100,0,42,62,0,28,10,4,0,62,17,87,0,2,1,1,0,87,12,1,32,18,39,15,0,0,1,6,7,90,0,0,0,8,17,79,0,16,41,27,20,0,1,1,11,91,0,37,66,0,1,0,0,0,0,0,104,0,0,0,38,35,31,0,68.4489795918367,80.4376324863471,20.2222222222222,13.0480593136241,2.0384,1.55681020686596,0.00961538461538462,0.0187549838461375,0.00991491031494252,0.000252195583909149,0,0,0,0,0.00109394229454396,0.000757634660202825
NO,NOR,Norway,6,2020-05-01,2020-04-30,100,0,0,0,0,7,100,0,0,738365.491164263,100,0,100,0,12,88,0,2,98,0,3,97,0,12,88,0,11,89,0,7,93,0,0,100,0,1,99,0,0,100,0,3,97,0,8,92,0,5,95,0,2,3,95,1,94,5,0,0,100,0,1,0,99,8,92,0,71,29,0,29,71,0,54,46,0,2,98,0,6,94,0,36,64,0,30,5,0,1,64,7,93,0,0,0,1,0,86,12,1,42,23,26,9,0,0,3,2,5,90,0,0,1,3,14,82,0,10,45,31,14,0,0,1,6,93,0,44,56,0,0,0,0,0,0,0,0,100,0,0,29,35,36,0,34.156378600823,34.182494011379,28,10.9544511501033,1.8161412100806,1.16320415221182,0,0,0,0,0,0,0,0,0.000985915492957746,0.000730002870544757
NO,NOR,Norway,7,2020-05-01,2020-04-28,100,0,0,0,0,2,98,0,0,698662.232865006,100,0,100,0,8,92,0,2,98,0,7,93,0,19,81,0,16,84,0,6,94,0,1,99,0,1,99,0,0,100,0,3,97,0,3,97,0,2,96,2,1,1,98,0,99,1,0,0,100,0,0,0,100,5,91,4,67,32,1,22,77,1,42,56,2,0,99,1,6,94,0,21,77,2,18,3,0,0,79,12,88,0,2,1,3,0,78,16,0,49,29,18,4,0,0,0,3,6,87,4,0,1,2,16,79,2,13,40,35,10,2,0,0,11,86,3,55,44,0,0,1,0,0,0,0,0,0,100,0,42,29,28,1,54.9127640036731,74.5693081129309,25,35.3553390593274,1.64101403349932,1.45233657333393,0,0,0,0,0,0,0,0,0.000287438919229664,0.000398305440840986
NO,NOR,Norway,1,2020-05-02,2020-04-29,100,1,14658.0559585642,1,14658.0559585642,20,100,0,0,1282316.30917733,100,1,99,0,17,83,0,2,98,0,28,72,0,34,66,0,18,82,0,12,88,0,5,94,1,10,90,0,3,97,0,6,94,0,30,70,0,6,94,0,4,2,94,4,96,0,0,3,97,0,4,0,96,31,68,1,76,23,1,28,71,1,55,44,1,2,97,1,21,78,1,52,48,0,41,9,1,1,48,13,87,0,1,2,1,0,89,7,0,26,21,40,13,0,1,3,12,16,67,1,4,6,17,32,40,1,26,40,21,12,1,1,4,16,79,0,36,61,3,0,0,100,0,0,0,0,0,0,0,35,41,24,0,16.7796610169492,28.5696521595439,55.5555555555556,37.5154289247425,2.24930747922438,1.71397637298479,0.01,0.0195013954179879,0.0114309206345259,0.000183990171403143,0.01,0.0195013954179879,0.0114309206345259,0.000183990171403143,0.0028169014084507,0.00123279877629136
NO,NOR,Norway,2,2020-05-02,2020-05-01,100,1,23423.3866799825,0,0,9,100,3,0,1122853.02973008,100,2,98,0,13,87,0,6,94,0,19,81,0,26,74,0,15,85,0,16,84,0,10,90,0,8,92,0,1,99,0,9,91,0,25,75,0,6,94,0,2,4,94,7,93,0,3,3,94,0,7,0,93,31,68,1,79,21,0,30,69,1,53,47,0,2,97,1,22,76,2,41,59,0,27,9,3,2,59,17,83,0,0,0,2,1,92,5,0,28,22,33,17,0,0,2,9,11,78,0,1,5,13,25,56,0,16,49,23,12,0,0,3,14,83,0,50,49,1,0,0,0,100,0,0,0,0,0,0,48,33,19,0,22.7678571428571,33.48955545652,25,9.12870929175277,2.50994796449342,2.0829446492545,0.01,0.0195013954179879,0.0208605989027906,0.000264345720139368,0,0,0,0,0.00126760563380282,0.00082762874363293
NO,NOR,Norway,3,2020-05-02,2020-05-01,100,1,8669.94456406281,1,8669.94456406281,28,100,2,0,983924.255290549,100,2,98,0,20,80,0,3,97,0,15,85,0,30,70,0,17,83,0,12,88,0,3,97,0,5,95,0,2,97,1,9,91,0,24,76,0,9,91,0,2,7,91,9,90,1,2,4,94,1,8,0,91,31,69,0,68,32,0,18,82,0,45,55,0,1,99,0,6,94,0,45,55,0,34,7,3,1,55,23,77,0,3,1,1,2,87,6,0,25,23,31,21,0,0,2,7,10,80,1,0,4,9,14,72,1,22,37,33,7,1,3,3,13,81,0,50,49,0,1,0,0,0,100,0,0,0,0,0,46,31,23,0,30.2554632194521,43.9188581574078,34.5679012345679,25.7267481286108,2.74461789613305,1.56111419085212,0.01,0.0195013954179879,0.00881159755686947,0.000184659940164425,0.01,0.0195013954179879,0.00881159755686947,0.000184659940164425,0.00394366197183099,0.00145784284472626
NO,NOR,Norway,4,2020-05-02,2020-05-02,107,0,0,0,0,27,106,0,0,750959.550069037,107,0,106,1,12,94,1,4,102,1,12,94,1,25,81,1,22,84,1,8,98,1,5,101,1,6,100,1,2,104,1,8,98,1,24,82,1,11,96,0,5,6,96,6,101,0,0,4,103,0,6,0,101,25,81,1,77,30,0,38,69,0,61,46,0,3,104,0,11,96,0,46,61,0,35,7,1,3,61,20,87,0,1,0,1,0,104,1,0,28,19,46,14,0,0,1,3,6,95,2,0,1,7,12,85,2,9,54,24,18,2,1,2,4,100,0,40,67,0,0,0,0,0,0,107,0,0,0,0,48,29,30,0,16.3042355371901,24.8140776446346,26.75,33.9302307029521,3.13305446778213,4.04236996526565,0,0,0,0,0,0,0,0,0.00358756311453627,0.00135078219956474
NO,NOR,Norway,5,2020-05-02,2020-05-01,100,1,4481.45329822857,0,0,3,100,0,0,594370.049547519,100,1,98,1,10,89,1,0,99,1,7,92,1,18,81,1,16,83,1,6,93,1,3,96,1,3,97,0,0,99,1,3,96,1,12,87,1,3,97,0,2,1,97,4,96,0,0,3,97,0,4,0,96,28,72,0,75,25,0,37,63,0,65,35,0,0,100,0,4,96,0,47,53,0,35,10,1,1,53,8,92,0,0,0,2,0,90,7,1,26,23,39,12,0,0,1,7,10,82,0,0,1,2,12,84,1,9,57,18,16,0,0,0,11,89,0,35,63,0,1,1,0,0,0,0,100,0,0,0,30,28,39,3,35.8725761772853,48.1693821953886,22.2222222222222,19.2450089729875,2.44,4.08327458213764,0.01,0.0195013954179879,0.00753983701170711,0.000219916164796718,0,0,0,0,0.000422535211267606,0.000478033792144491
NO,NOR,Norway,6,2020-05-02,2020-05-01,100,0,0,0,0,9,99,0,0,845405.302655333,100,0,99,1,10,89,1,1,98,1,2,97,1,13,86,1,9,90,1,4,96,0,2,97,1,2,97,1,0,99,1,1,98,1,4,95,1,8,92,0,3,5,92,1,98,1,0,1,99,0,1,0,99,8,91,1,68,31,1,30,69,1,49,51,0,1,98,1,13,86,1,35,64,1,27,4,2,2,65,12,88,0,0,0,3,0,86,10,1,42,22,26,10,0,0,0,2,8,88,2,0,0,3,11,86,0,10,44,31,15,0,0,0,6,94,0,49,51,0,0,0,0,0,0,0,0,100,0,0,34,31,35,0,79.2899408284024,77.4602545388739,16.3265306122449,9.85807941917649,1.63473552686381,1.07411569220752,0,0,0,0,0,0,0,0,0.00128040973111396,0.000835983271082306
NO,NOR,Norway,7,2020-05-02,2020-04-28,100,0,0,0,0,2,99,0,0,727799.298243938,100,0,100,0,10,90,0,3,97,0,7,93,0,19,81,0,16,84,0,7,93,0,2,98,0,2,98,0,2,98,0,5,95,0,5,95,0,2,97,1,1,1,98,1,97,2,0,1,99,0,1,0,99,7,90,3,73,26,1,25,74,1,42,56,2,0,99,1,9,91,0,25,73,2,22,3,0,0,75,11,89,0,1,1,3,3,75,17,0,50,24,22,4,0,0,0,3,9,84,4,0,2,3,14,80,1,7,43,37,12,1,0,1,12,86,1,54,45,0,0,1,0,0,0,0,0,0,100,0,44,27,28,1,56.8163265306123,76.4763344938114,25,35.3553390593274,1.49856520352854,0.987269493153229,0,0,0,0,0,0,0,0,0.000284535495803101,0.000394282726107941
NO,NOR,Norway,1,2020-05-03,2020-05-02,100,3,15094.3452293416,2,11399.0180304217,33,100,0,0,751291.367120337,100,3,96,1,15,85,0,4,95,1,24,75,1,37,62,1,19,80,1,12,87,1,6,94,0,14,86,0,2,97,1,13,86,1,31,69,0,9,91,0,6,3,91,2,98,0,0,1,99,1,1,0,98,31,67,2,81,17,2,26,72,2,63,36,1,5,93,2,21,77,2,56,44,0,45,7,2,2,44,17,83,0,0,0,1,2,94,3,0,17,20,46,17,0,2,2,6,19,70,1,3,5,15,24,52,1,16,54,24,5,1,2,6,13,79,0,37,62,1,0,0,100,0,0,0,0,0,0,0,42,33,24,1,16.8047337278107,29.8595178401136,40.7407407407407,45.133546692422,2.64756944444444,2.27172678115704,0.03,0.0334344809563718,0.0200912001520761,0.000317277781930789,0.02,0.0274394957835608,0.0151725662363373,0.000276409828695978,0.00464788732394366,0.00158210420029557
NO,NOR,Norway,2,2020-05-03,2020-05-03,145,0,0,0,0,52,145,1,0,639072.575655864,145,0,145,0,18,127,0,5,140,0,22,123,0,40,105,0,28,117,0,21,124,0,5,140,0,11,134,0,3,142,0,11,134,0,37,108,0,20,125,0,11,9,125,7,136,2,1,2,142,0,6,1,138,41,103,1,111,33,1,51,93,1,91,54,0,7,137,1,26,119,0,77,68,0,57,18,1,1,68,27,118,0,2,0,2,5,130,6,0,33,31,56,25,0,2,6,12,22,103,0,1,10,14,31,89,0,24,56,44,21,0,3,6,24,112,0,71,73,0,1,0,0,145,0,0,0,0,0,0,76,33,35,1,14.6959459459459,28.653868221819,18.85,16.3643547157582,2.55162776253817,2.03727212600935,0,0,0,0,0,0,0,0,0.00505099562894609,0.00136937950219693
NO,NOR,Norway,3,2020-05-03,2020-05-03,194,5,21515.5974427905,1,8676.8171685048,48,194,1,0,620146.120112504,194,5,189,0,27,167,0,9,185,0,33,161,0,56,138,0,39,155,0,17,177,0,10,184,0,17,177,0,4,190,0,11,183,0,44,150,0,24,170,0,11,13,170,13,180,1,1,8,185,1,11,1,181,48,145,1,147,46,1,70,122,2,120,74,0,2,191,1,19,174,1,91,103,0,71,15,1,4,103,33,161,0,1,1,3,7,173,9,0,48,36,69,41,0,1,2,12,23,154,2,1,6,19,33,134,1,27,85,56,25,1,1,5,21,167,0,89,105,0,0,0,0,0,194,0,0,0,0,0,91,63,40,0,22.9072164948454,35.7433217754924,16.1666666666667,12.8363209396501,2.87108336223841,1.87306632523381,0.0257731958762887,0.0222977684058703,0.0346943998277168,0.000455473566823695,0.00515463917525773,0.0100768350749225,0.0139915689014239,0.000292330815131612,0.00348482648468128,0.000984125735466259
NO,NOR,Norway,4,2020-05-03,2020-05-03,302,1,2057.08270058023,0,0,24,300,6,0,722763.880761336,302,4,295,3,33,267,2,9,291,2,36,263,3,67,233,2,46,253,3,24,275,3,18,281,3,16,283,3,2,297,3,16,283,3,64,235,3,17,285,0,10,7,285,22,276,4,6,9,287,2,19,1,280,64,235,3,223,79,0,89,211,2,179,121,2,6,294,2,19,281,2,120,181,1,94,19,5,2,182,50,252,0,1,0,6,3,272,20,0,75,64,106,57,0,0,1,7,29,263,2,0,1,17,50,232,2,36,143,89,32,2,1,5,23,273,0,114,188,0,0,0,0,0,0,302,0,0,0,0,127,97,78,0,35.6788654527973,47.4130956804703,30.8711111111111,23.9029714121078,2.58169740686633,1.57357742585934,0.0033112582781457,0.00647919311378394,0.00284613378633886,0.00012281703669834,0,0,0,0,0.00112676056338028,0.000450535791084964
NO,NOR,Norway,5,2020-05-03,2020-05-03,272,5,15308.9605969005,4,13970.5281785837,17,269,0,0,551350.6952233,272,7,263,2,45,224,3,12,257,3,32,238,2,53,216,3,40,230,2,21,249,2,8,261,3,11,258,3,5,264,3,9,260,3,31,239,2,12,260,0,4,8,260,13,254,5,0,6,266,4,7,1,260,58,212,2,181,90,1,64,207,1,154,117,1,5,266,1,22,249,1,111,160,1,84,24,1,2,161,45,227,0,4,2,4,3,225,33,1,80,57,88,47,0,2,2,6,31,228,3,2,2,10,33,222,3,47,122,73,28,2,1,2,19,249,1,105,166,0,0,1,0,0,0,0,272,0,0,0,109,83,78,2,51.7172919545116,66.5265288511145,53.7283950617284,36.3225906268965,2.05212620027435,2.22959343027969,0.0183823529411765,0.0159637665379094,0.0277662851058894,0.000433688948929458,0.0147058823529412,0.0143051404999708,0.0253387332230089,0.000414814024456223,0.000890098958060631,0.000422930060396042
NO,NOR,Norway,6,2020-05-03,2020-05-03,204,0,0,0,0,6,203,2,0,601204.510910805,204,1,201,2,23,180,1,5,197,2,10,192,2,31,172,1,27,175,2,7,196,1,3,200,1,7,195,2,1,201,2,5,197,2,17,186,1,6,198,0,2,4,198,6,189,9,2,3,199,0,6,0,198,15,187,2,140,64,0,48,155,1,113,91,0,2,200,2,12,192,0,62,141,1,48,12,2,0,142,26,178,0,2,1,2,6,162,31,0,92,44,52,16,0,0,1,3,26,170,4,0,0,5,32,162,5,21,102,54,23,4,0,1,15,185,3,74,129,0,0,1,0,0,0,0,0,204,0,0,73,58,70,3,48.108843537415,70.9594566666269,40.8,28.8499566724111,1.9278,1.96903138190192,0,0,0,0,0,0,0,0,0.000416290848539513,0.000333026592974211
NO,NOR,Norway,7,2020-05-03,2020-05-01,100,0,0,0,0,3,100,0,0,486034.055208433,100,1,99,0,14,86,0,5,95,0,7,93,0,22,78,0,10,90,0,9,91,0,2,98,0,1,99,0,3,97,0,7,93,0,4,96,0,3,97,0,2,1,97,2,92,6,0,1,99,0,2,0,98,5,95,0,69,31,0,32,68,0,41,59,0,0,100,0,10,90,0,27,72,1,25,2,0,0,73,13,87,0,0,1,2,3,81,13,0,47,25,25,3,0,0,0,1,9,88,2,0,1,5,16,77,1,11,38,38,12,1,0,1,8,90,1,57,42,0,1,0,0,0,0,0,0,0,100,0,41,29,30,0,51.4863258026159,79.6465940963513,11.1111111111111,19.2450089729875,2.08333333333333,5.00593580410834,0,0,0,0,0,0,0,0,0.000422535211267606,0.000478033792144491
NO,NOR,Norway,1,2020-05-04,2020-05-03,100,2,7888.07116789114,1,4192.74396897132,30,99,1,0,493530.27258998,100,4,96,0,10,90,0,5,95,0,33,67,0,37,63,0,22,78,0,15,85,0,9,91,0,13,87,0,2,98,0,11,89,0,27,73,0,13,87,0,6,7,87,4,96,0,1,0,99,0,3,1,96,22,77,1,65,33,2,29,69,2,57,42,1,9,89,2,15,83,2,64,36,0,50,9,3,2,36,14,86,0,0,1,2,1,93,3,0,14,29,41,16,0,1,5,10,19,65,0,1,5,10,29,55,0,14,47,34,5,0,0,5,13,82,0,43,57,0,0,0,100,0,0,0,0,0,0,0,48,37,15,0,19.0224237843285,35.5486196506189,20.1388888888889,10.9281014212626,2.80332409972299,2.5948638185749,0.02,0.0274394957835608,0.0159829530344625,0.0003498815286113,0.01,0.0195013954179879,0.00849541396309566,0.000256053566373758,0.00426803243704652,0.00152400502916045
NO,NOR,Norway,2,2020-05-04,2020-05-04,166,1,5729.2238655763,1,5729.2238655763,36,165,0,0,717751.218473714,166,3,162,1,31,135,0,5,160,1,38,127,1,54,112,0,41,124,1,27,138,1,7,158,1,17,148,1,3,162,1,15,150,1,36,130,0,9,157,0,8,1,157,8,158,0,0,4,162,0,8,0,158,58,108,0,104,62,0,35,131,0,98,68,0,2,164,0,23,143,0,90,76,0,68,14,5,3,76,25,141,0,3,2,2,2,146,11,0,30,46,61,29,0,1,2,9,32,121,1,1,3,12,34,115,1,21,83,44,17,1,3,4,15,144,0,67,97,0,2,0,0,166,0,0,0,0,0,0,84,44,38,0,13.2064265927978,21.4307086097188,93.375,102.257116413201,2.41097001906771,1.93349727266059,0.00602409638554217,0.0117713949449363,0.0079821861922567,0.000205864652827848,0.00602409638554217,0.0117713949449363,0.0079821861922567,0.000205864652827848,0.0030729833546735,0.00100227923128313
NO,NOR,Norway,3,2020-05-04,2020-05-04,191,2,5018.04528418169,2,5018.04528418169,41,190,3,0,615978.498911557,191,4,186,1,24,165,2,6,183,2,30,159,2,52,138,1,41,148,2,14,175,2,9,180,2,13,176,2,2,187,2,11,178,2,32,158,1,23,168,0,11,12,168,13,178,0,3,4,184,1,11,1,178,55,136,0,122,69,0,44,147,0,112,79,0,3,188,0,22,169,0,92,99,0,75,11,4,2,99,35,156,0,0,1,1,2,177,10,0,50,50,63,28,0,0,4,11,23,152,1,1,6,20,25,139,0,29,79,60,22,1,3,2,19,167,0,83,108,0,0,0,0,0,191,0,0,0,0,0,102,46,42,1,29.4843820733364,44.7753047708544,16.1797520661157,16.7952779414924,3.41313208884688,7.10683575877207,0.0104712041884817,0.0144359024964148,0.00814646175645521,0.000224477904438583,0.0104712041884817,0.0144359024964148,0.00814646175645521,0.000224477904438583,0.00303928836174944,0.000928895997723105
NO,NOR,Norway,4,2020-05-04,2020-05-04,264,2,8306.278497081,2,8306.278497081,45,263,0,0,713291.774300661,264,3,261,0,32,232,0,8,256,0,32,232,0,55,209,0,49,215,0,24,240,0,10,254,0,15,249,0,2,262,0,13,251,0,44,220,0,19,245,0,11,8,245,13,250,1,0,12,252,0,13,0,251,94,170,0,149,115,0,69,195,0,142,122,0,5,259,0,27,237,0,120,143,1,79,35,3,3,144,52,212,0,0,1,4,3,244,12,0,68,50,108,38,0,3,2,12,20,227,0,3,3,14,40,204,0,44,118,74,28,0,4,6,17,237,0,109,154,1,0,0,0,0,0,264,0,0,0,0,124,76,64,0,31.754565376187,40.7562847643626,35.8518518518519,28.1095481236416,2.4498572344269,1.49203960622515,0.00757575757575758,0.0104594258206008,0.0116449940912676,0.000248966321450591,0.00757575757575758,0.0104594258206008,0.0116449940912676,0.000248966321450591,0.00240989664221068,0.000703260648369264
NO,NOR,Norway,5,2020-05-04,2020-05-04,290,1,2679.55229572821,1,2679.55229572821,18,290,2,1,564378.747296155,290,2,286,2,44,245,1,6,282,2,24,264,2,46,242,2,47,242,1,26,262,2,6,282,2,9,279,2,5,283,2,9,279,2,34,254,2,14,276,0,4,10,276,10,273,7,2,5,283,1,9,0,280,86,202,2,186,101,3,81,207,2,175,114,1,2,287,1,21,267,2,122,167,1,93,24,4,1,168,58,232,0,1,0,6,7,250,26,0,75,57,121,37,0,0,1,9,33,246,1,0,4,12,43,230,1,36,136,86,30,2,1,1,24,264,0,107,183,0,0,0,0,0,0,0,290,0,0,0,121,87,82,0,42.2827292899408,61.8646281725958,23.6734693877551,13.7334376998729,1.92635692791769,1.15122516026875,0.00344827586206897,0.00674683385555962,0.00474779092686516,0.000179339160966081,0.00344827586206897,0.00674683385555962,0.00474779092686516,0.000179339160966081,0.000874210781932977,0.000403680788498092
NO,NOR,Norway,6,2020-05-04,2020-05-04,234,1,2441.9907665818,0,0,15,232,6,0,613456.230961101,234,2,231,1,20,213,1,9,224,1,18,214,2,36,197,1,37,196,1,11,222,1,7,226,1,9,224,1,2,231,1,7,226,1,25,207,2,7,226,1,1,6,227,12,213,9,6,4,224,2,9,1,222,22,210,2,155,78,1,66,167,1,123,111,0,0,232,2,16,217,1,80,154,0,64,14,2,0,154,39,195,0,2,2,6,3,195,25,1,94,69,61,9,1,1,1,8,16,207,1,0,3,7,25,198,1,25,106,77,25,1,0,1,13,220,0,105,128,0,1,0,0,0,0,0,0,234,0,0,94,59,80,1,58.5329330080691,79.4807868115138,91,94.4626910478417,1.58745150952943,0.960330356913051,0.00427350427350427,0.00835799804875529,0.00398070904383176,0.000157568859926521,0,0,0,0,0.000910636231180185,0.0004606271737622
NO,NOR,Norway,7,2020-05-04,2020-05-03,100,0,0,0,0,3,100,0,0,279672.718795106,100,1,99,0,10,90,0,1,99,0,4,96,0,19,81,0,10,90,0,5,95,0,1,99,0,1,99,0,3,97,0,3,97,0,2,98,0,3,97,0,1,2,97,2,91,7,0,0,100,0,2,0,98,7,91,2,69,31,0,34,64,2,50,49,1,0,100,0,10,90,0,23,76,1,21,2,0,0,77,14,86,0,1,1,1,1,84,12,0,45,23,26,6,0,0,0,1,5,92,2,0,0,3,10,85,2,6,42,37,14,1,0,1,5,93,1,49,48,0,1,2,0,0,0,0,0,0,100,0,34,32,32,2,89.2361111111111,114.366010421692,33.3333333333333,0,1.98053417836125,5.1638294804724,0,0,0,0,0,0,0,0,0.000422535211267606,0.000478033792144491
NO,NOR,Norway,1,2020-05-05,2020-05-04,100,1,14814.7809352124,1,14814.7809352124,25,99,0,0,465046.255586902,100,4,96,0,12,88,0,4,96,0,23,77,0,30,70,0,19,81,0,15,85,0,9,91,0,10,90,0,3,97,0,9,91,0,24,76,0,11,89,0,4,7,89,2,98,0,0,0,100,0,2,0,98,18,82,0,71,29,0,28,72,0,60,40,0,3,97,0,13,87,0,62,38,0,51,4,2,5,38,16,84,0,1,0,1,1,93,4,0,16,27,41,16,0,0,0,11,26,61,2,3,6,14,24,51,2,11,47,27,13,2,0,2,15,83,0,42,56,1,1,0,100,0,0,0,0,0,0,0,42,37,21,0,19.5833333333333,31.0891813011156,24,17.763883459299,2.72352430555556,2.82504023538901,0.01,0.0195013954179879,0.0318565750336291,0.000504741955871336,0.01,0.0195013954179879,0.0318565750336291,0.000504741955871336,0.00355669369753877,0.00139171673355419
NO,NOR,Norway,2,2020-05-05,2020-05-05,137,1,2762.89183003657,1,2762.89183003657,20,137,1,0,609832.951493356,137,3,133,1,21,115,1,5,131,1,25,111,1,39,97,1,25,111,1,11,125,1,7,129,1,6,130,1,4,132,1,3,133,1,35,101,1,9,128,0,4,5,128,9,128,0,1,7,129,0,9,0,128,46,89,2,94,42,1,39,97,1,75,61,1,3,133,1,15,122,0,71,66,0,55,10,1,5,66,22,115,0,0,0,2,4,123,8,0,32,27,59,19,0,1,3,10,15,108,0,3,3,12,29,90,0,19,68,35,15,0,3,6,10,117,1,60,77,0,0,0,0,137,0,0,0,0,0,0,75,32,29,1,21.5099480968858,31.8694455705522,33.8271604938272,33.8482958663946,3.04375600655775,8.85910453233855,0.0072992700729927,0.0142539980310556,0.00453057156598511,0.000168551688876287,0.0072992700729927,0.0142539980310556,0.00453057156598511,0.000168551688876287,0.00205613241492752,0.000900196313034395
NO,NOR,Norway,3,2020-05-05,2020-05-05,172,2,9514.72806571893,1,3552.53730957687,34,169,3,0,675692.850862347,172,2,168,2,25,146,1,7,164,1,26,144,2,44,127,1,28,143,1,24,147,1,7,164,1,11,160,1,1,170,1,11,160,1,38,133,1,18,153,1,9,9,154,12,159,1,3,5,164,0,10,2,160,71,100,1,135,37,0,38,133,1,86,86,0,2,170,0,19,153,0,67,105,0,46,15,3,3,105,26,146,0,3,0,4,0,158,7,0,47,41,56,28,0,0,1,5,19,146,1,0,2,14,31,125,0,13,75,60,24,0,3,7,13,149,0,75,93,1,3,0,0,0,172,0,0,0,0,0,76,57,39,0,26.7150529830164,38.2973882341984,22.84375,26.875,3.00439342403628,2.0295765462293,0.0116279069767442,0.0160211939953208,0.0140814395972606,0.00028094252321397,0.00581395348837209,0.0113619657517714,0.00525762157323846,0.000172434197864392,0.00283356946412201,0.000951100305158202
NO,NOR,Norway,4,2020-05-05,2020-05-05,280,3,9894.19651203341,3,9894.19651203341,38,280,2,1,751718.485264326,280,4,276,0,38,242,0,8,272,0,33,247,0,56,224,0,45,235,0,23,257,0,12,268,0,13,267,0,5,275,0,9,271,0,55,225,0,16,264,0,6,10,264,18,260,2,2,6,272,3,14,1,262,117,161,2,213,67,0,83,195,2,153,125,2,5,272,3,34,243,3,114,166,0,88,17,7,2,166,42,238,0,0,1,5,5,255,14,0,70,65,86,59,0,0,1,11,15,251,2,1,2,13,43,220,1,34,127,83,34,2,1,6,24,249,0,123,155,0,1,1,0,0,0,280,0,0,0,0,124,78,76,2,26.6111476367887,40.9090581780118,41.5625,30.5624360940027,2.86571900826446,4.16256540672926,0.0107142857142857,0.0120590072399058,0.0131621035081428,0.00025763569662938,0.0107142857142857,0.0120590072399058,0.0131621035081428,0.00025763569662938,0.00191146881287726,0.000607166835868841
NO,NOR,Norway,5,2020-05-05,2020-05-05,285,2,6547.75849494966,1,3143.33914844325,32,284,3,1,561909.576119201,285,2,281,2,33,251,1,6,276,3,22,260,3,47,234,4,31,250,4,19,263,3,11,272,2,10,272,3,1,281,3,9,273,3,37,247,1,20,265,0,9,11,265,19,261,5,3,5,277,4,15,0,266,102,182,1,205,79,1,74,210,1,171,112,2,6,278,1,30,254,1,103,181,1,70,24,8,1,182,54,231,0,3,1,7,3,243,27,1,80,47,110,47,1,0,4,6,25,249,1,1,2,12,33,236,1,48,127,76,33,1,3,3,19,260,0,118,166,0,0,1,0,0,0,0,285,0,0,0,105,77,99,4,52.4592438432189,64.92940761727,24.4736842105263,17.4717817607346,2.43922193877551,7.89863866404638,0.00701754385964912,0.00969145573742625,0.0116526907054537,0.000280596840145851,0.00350877192982456,0.00686499098130963,0.00559403021773104,0.000195011013650217,0.00158698670898631,0.000549416259561217
NO,NOR,Norway,6,2020-05-05,2020-05-05,222,0,0,0,0,17,222,0,0,632853.665773189,222,0,221,1,18,203,1,3,218,1,8,213,1,37,185,0,21,200,1,12,210,0,3,218,1,4,217,1,2,219,1,14,208,0,19,202,1,9,213,0,1,8,213,2,208,12,0,1,221,0,2,0,220,30,191,1,163,59,0,62,159,1,107,115,0,3,218,1,24,197,1,71,149,2,57,10,1,2,152,39,183,0,0,2,9,4,175,32,0,79,61,69,13,0,0,1,6,23,190,2,0,1,5,31,183,2,22,93,73,32,2,0,3,10,207,2,92,127,0,0,3,0,0,0,0,0,222,0,0,91,48,79,4,52.4656084656085,81.5258787639382,41.1111111111111,52.3259018078045,1.56814971028439,0.873693462281755,0,0,0,0,0,0,0,0,0.00107854333206446,0.000512420976141245
NO,NOR,Norway,7,2020-05-05,2020-05-04,100,0,0,0,0,3,100,1,0,273148.535342901,100,0,100,0,6,94,0,3,97,0,4,96,0,15,85,0,12,88,0,4,96,0,1,99,0,0,100,0,2,98,0,0,100,0,3,97,0,3,97,0,2,1,97,2,95,3,1,0,99,0,2,0,98,10,87,3,76,24,0,36,64,0,56,44,0,1,98,1,8,92,0,33,67,0,30,3,0,0,67,15,85,0,0,1,3,2,75,19,0,42,24,27,6,1,0,0,1,8,89,2,0,0,1,15,83,1,8,41,33,18,0,0,1,11,87,1,49,50,0,0,1,0,0,0,0,0,0,100,0,38,32,27,3,121.315192743764,153.320163939183,33.3333333333333,0,1.36939791760978,0.834638168445951,0,0,0,0,0,0,0,0,0.000422535211267606,0.000478033792144491
NO,NOR,Norway,1,2020-05-06,2020-05-05,100,0,0,0,0,22,99,0,0,504671.044592877,100,0,100,0,15,85,0,2,98,0,20,80,0,31,69,0,15,85,0,14,86,0,6,94,0,7,93,0,1,99,0,5,95,0,27,73,0,9,91,0,0,9,91,2,98,0,0,0,100,1,1,0,98,32,67,1,74,25,1,24,75,1,52,48,0,9,90,1,20,79,1,56,44,0,44,7,2,3,44,12,88,0,1,0,2,2,93,2,0,17,21,44,18,0,1,3,7,15,74,0,2,8,8,27,55,0,11,46,33,10,0,0,5,9,86,0,52,48,0,0,0,100,0,0,0,0,0,0,0,48,32,19,1,15.5133928571429,30.1951188496138,34.375,33.9050670465134,2.49969810409371,1.77997808143781,0,0,0,0,0,0,0,0,0.00312989045383412,0.00130582559021084
NO,NOR,Norway,2,2020-05-06,2020-05-06,140,2,9756.16029156556,1,4813.91348361004,15,140,0,0,659346.096385972,140,4,136,0,16,124,0,4,136,0,28,112,0,50,90,0,27,113,0,16,124,0,4,136,0,8,132,0,4,136,0,9,131,0,42,98,0,8,132,0,4,4,132,8,132,0,0,5,135,0,7,1,132,45,95,0,101,39,0,35,105,0,90,50,0,3,137,0,23,116,1,72,68,0,58,8,2,4,68,22,118,0,0,3,2,6,122,7,0,30,26,55,29,0,0,3,11,21,104,1,0,5,16,33,85,1,28,56,39,16,1,3,7,13,117,0,58,80,0,2,0,0,140,0,0,0,0,0,0,68,44,28,0,25.0573377848744,40.807283947495,32.8125,19.7048534630431,2.25563909774436,1.70000003526971,0.0142857142857143,0.0196566985974023,0.0147967210923691,0.000291431867660629,0.00714285714285714,0.0139496540611004,0.00730104191106342,0.00020549089095032,0.00150905432595573,0.000763096394636107
NO,NOR,Norway,3,2020-05-06,2020-05-06,182,3,10613.8573883857,1,4201.61880509278,66,180,3,0,663792.592485286,182,5,174,3,24,157,1,3,177,2,29,151,2,41,139,2,27,153,2,22,158,2,11,169,2,7,173,2,5,175,2,14,167,1,41,139,2,19,163,0,9,10,163,16,166,0,3,8,171,1,14,1,166,57,123,2,130,50,2,55,125,2,104,76,2,3,177,2,26,154,2,80,102,0,60,13,6,1,102,37,145,0,2,0,2,1,164,13,0,46,38,73,25,0,1,3,19,21,138,0,2,4,14,33,129,0,15,90,51,26,0,5,10,11,156,0,80,101,0,1,0,0,0,182,0,0,0,0,0,90,51,40,1,16.9782698961938,29.6410147626078,40.9342560553633,79.5083233286073,2.86636788284308,1.79600685148204,0.0164835164835165,0.018498143828581,0.0159897195427365,0.000301753371547882,0.0054945054945055,0.0107394068758001,0.00632971631901107,0.000190785412139098,0.00516431924882629,0.00124269594613947
NO,NOR,Norway,4,2020-05-06,2020-05-06,264,2,3310.92949791047,2,3310.92949791047,42,264,3,0,738499.518199683,264,2,262,0,37,227,0,11,253,0,37,227,0,60,204,0,56,208,0,20,244,0,11,253,0,11,253,0,5,259,0,11,253,0,55,209,0,18,246,0,8,10,246,9,252,3,3,4,257,0,9,0,255,100,163,1,207,57,0,63,201,0,147,117,0,2,262,0,20,244,0,114,149,1,82,18,5,9,150,51,213,0,2,0,2,4,244,12,0,69,50,88,57,0,0,2,8,21,231,2,1,3,17,46,195,2,37,121,73,31,2,4,10,21,229,0,107,156,0,1,0,0,0,0,264,0,0,0,0,117,66,80,1,33.5133333333333,45.8697735251582,34.2222222222222,32.6021772399377,2.67905325443787,1.79567332262268,0.00757575757575758,0.0104594258206008,0.00448331978060307,0.000152369173514992,0.00757575757575758,0.0104594258206008,0.00448331978060307,0.000152369173514992,0.00224071702944942,0.000676898184317404
NO,NOR,Norway,5,2020-05-06,2020-05-06,234,1,2388.08674003231,1,2388.08674003231,36,234,2,0,565266.930375259,234,2,232,0,25,209,0,6,228,0,19,215,0,47,187,0,41,193,0,21,213,0,8,225,1,11,223,0,2,232,0,9,225,0,27,207,0,15,219,0,7,8,219,14,215,5,2,4,228,0,14,0,220,85,149,0,185,49,0,70,163,1,137,96,1,4,229,1,13,220,1,101,133,0,67,24,6,4,133,48,186,0,4,2,3,3,205,17,0,56,55,85,38,0,0,0,4,19,211,0,0,1,6,27,199,1,26,104,81,22,1,1,2,14,217,0,95,138,0,0,1,0,0,0,0,234,0,0,0,95,58,80,1,34.7144168962351,51.7038627818514,36.4,31.5692436218726,1.90318772136954,1.25780418808841,0.00427350427350427,0.00835799804875529,0.00422470626124714,0.000169083112656408,0.00427350427350427,0.00835799804875529,0.00422470626124714,0.000169083112656408,0.00216684723726977,0.000707056468656591
NO,NOR,Norway,6,2020-05-06,2020-05-06,221,1,4138.51019142573,1,4138.51019142573,6,221,0,0,626620.806935757,221,1,219,1,15,205,1,2,218,1,11,209,1,35,185,1,39,181,1,8,212,1,3,217,1,6,214,1,4,216,1,11,209,1,17,203,1,5,216,0,1,4,216,2,208,11,0,1,220,0,2,0,219,24,196,1,159,62,0,75,145,1,121,99,1,1,219,1,16,204,1,71,150,0,59,10,2,0,150,32,189,0,1,2,0,5,178,33,2,77,64,65,15,0,0,1,4,19,194,3,0,2,6,24,186,3,26,99,60,32,4,0,5,18,196,2,88,131,0,1,1,0,0,0,0,0,221,0,0,90,61,69,1,66.0123076923077,87.6858374890372,53.04,19.7668409210981,1.52998542524005,0.951634897509399,0.00452488687782806,0.0088485278249618,0.00660448894390132,0.000200551719816082,0.00452488687782806,0.0088485278249618,0.00660448894390132,0.000200551719816082,0.000382384806577019,0.000305907443168033
NO,NOR,Norway,7,2020-05-06,2020-05-05,100,0,0,0,0,2,100,0,0,273551.886952153,100,0,99,1,12,87,1,6,93,1,4,95,1,17,82,1,23,75,2,6,93,1,2,97,1,0,99,1,1,98,1,3,96,1,4,95,1,2,98,0,0,2,98,2,96,2,0,0,100,0,1,1,98,7,87,6,79,20,1,40,58,2,50,49,1,0,99,1,8,92,0,34,66,0,31,3,0,0,66,16,84,0,0,0,0,2,83,15,0,46,27,25,2,0,0,0,1,7,92,0,0,0,1,14,85,0,11,45,28,16,0,0,0,8,92,0,50,50,0,0,0,0,0,0,0,0,0,100,0,47,27,25,1,92.0604914933837,130.965010393098,50,0,1.3072590073334,0.835351966418586,0,0,0,0,0,0,0,0,0.00028169014084507,0.000390340454332305
NO,NOR,Norway,1,2020-05-07,2020-05-06,100,0,0,0,0,18,99,2,0,536574.052102393,100,0,99,1,16,83,1,5,94,1,21,79,0,31,69,0,15,85,0,22,78,0,6,93,1,7,92,1,2,97,1,6,94,0,29,71,0,6,94,0,1,5,94,10,90,0,2,4,94,1,9,0,90,42,58,0,77,22,1,26,73,1,60,40,0,10,89,1,22,77,1,54,46,0,43,6,4,1,46,15,85,0,0,0,1,1,92,6,0,14,21,49,16,0,2,2,8,14,74,0,1,2,11,21,65,0,13,49,25,13,0,0,9,7,84,0,47,53,0,0,0,100,0,0,0,0,0,0,0,45,35,19,1,21.9304733727811,35.5868776896773,72,64.1872261435249,2.64825712992304,1.61182835487424,0,0,0,0,0,0,0,0,0.00256081946222791,0.00118150077856617
NO,NOR,Norway,2,2020-05-07,2020-05-07,142,0,0,0,0,11,142,1,0,643034.423350924,142,0,141,1,18,123,1,4,137,1,35,107,0,44,97,1,23,118,1,12,128,2,5,136,1,12,129,1,0,141,1,11,130,1,34,108,0,6,136,0,3,3,136,7,135,0,1,3,138,0,7,0,135,56,85,1,107,35,0,26,115,1,78,64,0,2,139,1,17,124,1,70,72,0,51,12,3,4,72,20,122,0,2,1,2,3,126,8,0,28,31,53,30,0,1,1,11,16,112,1,1,5,22,25,88,1,23,70,36,12,1,5,8,11,118,0,62,79,1,0,0,0,142,0,0,0,0,0,0,77,41,23,1,14.8437333333333,25.8292020466442,39.4444444444444,28.6617566854563,2.485,1.37285524991501,0,0,0,0,0,0,0,0,0.00109105336242809,0.00064440765665149
NO,NOR,Norway,3,2020-05-07,2020-05-07,174,1,5050.94446029686,1,5050.94446029686,20,173,2,0,660645.338627805,174,2,172,0,27,145,2,7,167,0,28,145,1,47,127,0,30,144,0,17,156,1,3,169,2,11,162,1,2,172,0,9,164,1,39,135,0,11,163,0,3,8,163,16,157,1,2,9,163,2,14,0,158,72,102,0,137,37,0,50,124,0,108,66,0,5,169,0,20,154,0,89,85,0,68,12,4,5,85,28,146,0,3,2,1,3,155,10,0,35,37,71,31,0,3,3,10,15,142,1,3,7,10,22,131,1,23,69,61,20,1,3,7,18,146,0,85,89,0,0,0,0,0,174,0,0,0,0,0,76,58,39,1,18.9740055548847,29.2731182534762,34.8,24.6073159852919,3.04048442906574,1.70116729267479,0.00574712643678161,0.0112317459121736,0.00764547051945895,0.000210038757572194,0.00574712643678161,0.0112317459121736,0.00764547051945895,0.000210038757572194,0.00162826671008711,0.000713025029404702
NO,NOR,Norway,4,2020-05-07,2020-05-07,273,2,4202.59764137387,1,2020.04113737705,25,272,4,0,698034.392723592,273,2,265,6,40,230,3,4,262,7,25,244,4,72,195,6,44,222,7,31,239,3,12,255,6,9,258,6,5,261,7,11,256,6,53,214,6,17,256,0,8,9,256,15,256,2,4,7,262,1,14,0,258,120,151,2,217,55,1,78,192,3,158,113,2,5,266,2,27,245,1,115,158,0,78,28,6,3,158,57,216,0,0,0,8,6,239,19,1,71,47,94,60,1,2,1,6,23,238,3,3,2,8,32,225,3,36,114,92,28,3,1,7,14,250,1,110,163,0,0,0,0,0,0,273,0,0,0,0,113,94,66,0,29.6319746735259,46.0740895537415,25.59375,13.9314729120793,3.06303018749745,5.46719763979726,0.00732600732600733,0.010115882209534,0.00602061687100569,0.000181475860464575,0.00366300366300366,0.00716619418911243,0.00289389915229714,0.000126014947687463,0.00129453189726595,0.000507118619448983
NO,NOR,Norway,5,2020-05-07,2020-05-07,242,1,4877.56640788858,1,4877.56640788858,16,240,0,0,551193.614856355,242,1,241,0,33,208,1,6,234,2,19,222,1,47,193,2,49,193,0,19,222,1,8,232,2,9,232,1,3,238,1,7,234,1,39,203,0,13,227,2,8,5,229,8,231,3,0,4,238,0,8,0,234,83,159,0,181,61,0,81,160,1,149,92,1,1,241,0,20,222,0,101,141,0,67,23,8,3,141,53,189,0,5,0,2,5,206,24,0,53,45,92,51,1,1,0,7,20,214,0,0,0,9,27,205,1,25,107,82,28,0,0,4,12,226,0,86,156,0,0,0,0,0,0,0,242,0,0,0,94,67,79,2,43.1980055401662,62.7999511283185,22.9112426035503,8.16338617970389,1.96204861111111,1.01526203580468,0.00413223140495868,0.00808227388483068,0.00884909816881626,0.000247238100776557,0.00413223140495868,0.00808227388483068,0.00884909816881626,0.000247238100776557,0.000938967136150235,0.000459869389096542
NO,NOR,Norway,6,2020-05-07,2020-05-07,224,0,0,0,0,20,221,0,0,646145.026638787,224,1,216,7,22,197,5,3,215,6,9,210,5,30,187,7,32,186,6,6,213,5,3,214,7,2,217,5,2,216,6,7,210,7,15,203,6,7,217,0,2,5,217,7,215,2,0,1,223,2,5,0,217,25,191,8,165,58,1,78,145,1,126,97,1,5,215,4,16,206,2,78,146,0,64,11,1,2,146,37,187,0,2,1,3,3,188,25,2,84,52,70,18,0,0,1,5,17,196,5,0,0,6,29,187,2,21,100,73,28,2,0,3,8,213,0,102,122,0,0,0,0,0,0,0,0,224,0,0,80,69,74,1,71.232,94.781601590182,280,377.048184365518,1.82535165127659,1.74387309660406,0,0,0,0,0,0,0,0,0.0012746160219234,0.000558258713671081
NO,NOR,Norway,7,2020-05-07,2020-05-06,100,0,0,0,0,4,97,0,0,276998.953716614,100,0,99,1,11,88,1,3,96,1,6,93,1,15,83,2,20,77,3,7,92,1,1,99,0,3,96,1,0,99,1,4,95,1,7,92,1,4,94,2,1,3,96,1,97,2,0,0,100,0,1,0,99,8,90,2,81,18,1,38,60,2,44,55,1,1,98,1,11,88,1,30,69,1,27,3,0,0,70,13,87,0,0,0,1,0,90,9,0,48,23,26,3,0,0,0,1,12,87,0,0,0,0,18,82,0,13,47,27,13,0,0,1,3,96,0,47,53,0,0,0,0,0,0,0,0,0,100,0,49,28,22,1,42.5683709869203,56.279501159663,44.4444444444444,19.2450089729875,1.56184922948771,0.658601343476005,0,0,0,0,0,0,0,0,0.000580804414113547,0.000569012552346139
NO,NOR,Norway,1,2020-05-08,2020-05-07,100,0,0,0,0,12,100,2,0,564981.081614749,100,0,99,1,13,86,1,2,97,1,26,73,1,35,64,1,21,78,1,13,86,1,4,94,2,15,84,1,4,94,2,12,87,1,23,76,1,5,95,0,2,3,95,4,96,0,2,0,98,1,3,0,96,43,56,1,77,22,1,28,71,1,61,38,1,11,88,1,25,74,1,47,52,1,36,6,4,1,53,10,90,0,0,0,1,4,88,6,1,22,19,38,20,1,0,3,11,18,66,2,1,4,7,27,59,2,14,49,24,11,2,0,7,12,79,2,43,57,0,0,0,100,0,0,0,0,0,0,0,39,33,26,2,13.0796670630202,22.4568772075086,48,10.9544511501033,2.8483366989053,1.55903477036081,0,0,0,0,0,0,0,0,0.00169014084507042,0.000955461177500561
NO,NOR,Norway,2,2020-05-08,2020-05-08,147,2,6361.48534742012,2,6361.48534742012,10,147,4,0,718877.183302194,147,3,143,1,19,128,0,5,142,0,28,119,0,44,103,0,26,121,0,17,130,0,4,143,0,16,131,0,2,144,1,8,138,1,29,118,0,6,141,0,5,1,141,11,136,0,4,5,138,0,10,1,136,51,96,0,118,29,0,40,106,1,83,64,0,4,143,0,20,127,0,70,77,0,47,13,7,3,77,30,117,0,2,2,0,3,131,9,0,25,37,55,30,0,0,1,9,27,110,0,1,1,17,26,102,0,27,64,43,13,0,1,3,24,119,0,64,81,1,1,0,0,147,0,0,0,0,0,0,80,36,31,0,17.7768595041322,29.2170357385864,40.8333333333333,20.0041662327293,2.55914714655973,1.43764565915664,0.0136054421768707,0.0187271240736186,0.00884919635117415,0.000216492335571938,0.0136054421768707,0.0187271240736186,0.00884919635117415,0.000216492335571938,0.000958129730765546,0.000593559489435947
NO,NOR,Norway,3,2020-05-08,2020-05-08,138,0,0,0,0,16,137,2,0,610197.510977366,138,2,135,1,14,122,2,3,132,3,17,120,1,30,107,1,26,111,1,15,121,2,7,129,2,8,127,3,0,136,2,6,131,1,31,106,1,10,128,0,5,5,128,8,130,0,2,4,132,0,8,0,130,53,85,0,108,30,0,39,97,2,78,59,1,4,134,0,12,126,0,65,73,0,44,12,6,3,73,35,103,0,0,0,1,3,128,6,0,31,31,47,29,0,0,3,8,16,110,1,1,4,11,21,100,1,13,67,40,17,1,1,5,15,116,1,63,75,0,0,0,0,0,138,0,0,0,0,0,55,51,31,1,22.8427734375,30.2527495556687,25.5555555555556,15.3333333333333,2.99189013840831,1.40449724825439,0,0,0,0,0,0,0,0,0.00164490593194202,0.00080532593519642
NO,NOR,Norway,4,2020-05-08,2020-05-08,244,0,0,0,0,22,243,4,0,717333.647520092,244,1,235,8,31,208,5,5,231,8,30,208,6,57,182,5,36,203,5,21,216,7,10,227,7,16,220,8,2,235,7,16,221,7,57,181,6,10,234,0,7,3,234,17,227,0,4,5,235,1,15,1,227,100,144,0,201,43,0,75,168,1,147,97,0,5,239,0,23,221,0,115,129,0,73,23,8,11,129,43,201,0,2,3,1,4,218,16,0,68,41,78,56,1,1,3,11,21,205,3,1,9,13,34,184,3,32,109,63,37,3,2,8,23,210,1,103,140,0,0,1,0,0,0,244,0,0,0,0,101,75,67,1,29.7991751536066,44.9626790729966,66.2716049382716,52.6945282348983,2.66231814766751,2.49667766532357,0,0,0,0,0,0,0,0,0.00127514055526575,0.000532497703544141
NO,NOR,Norway,5,2020-05-08,2020-05-08,257,2,5186.80837321539,0,0,8,256,3,0,579250.494018482,257,4,247,6,27,226,4,7,245,5,16,238,3,45,208,4,41,212,4,18,236,3,8,242,7,11,241,5,4,247,6,9,240,8,37,215,5,7,250,0,5,2,250,20,236,1,3,5,249,2,18,0,237,83,171,3,204,53,0,91,164,2,147,110,0,2,254,1,23,233,1,105,152,0,79,16,8,2,152,43,214,0,2,1,7,2,232,13,0,71,50,87,49,0,1,1,9,19,225,2,1,3,9,22,220,2,34,101,78,42,2,0,5,23,229,0,80,173,0,3,1,0,0,0,0,257,0,0,0,101,77,76,3,39.5588842975207,57.9590659552335,49.9722222222222,32.2437619577056,2.24887351018839,2.66000736721767,0.00778210116731518,0.0107431958751771,0.00895434432387363,0.000242593193088955,0,0,0,0,0.000440140845070423,0.000304929312135063
NO,NOR,Norway,6,2020-05-08,2020-05-08,221,0,0,0,0,7,219,1,0,636983.499222282,221,0,217,4,23,195,3,6,212,3,17,202,2,36,183,2,31,188,2,10,209,2,6,211,4,9,209,3,3,214,4,9,210,2,19,200,2,6,215,0,4,2,215,9,206,6,1,4,216,0,9,0,212,24,197,0,175,46,0,56,164,1,114,107,0,3,217,1,20,201,0,80,140,1,70,9,1,0,141,36,185,0,0,4,6,3,181,26,1,91,49,63,18,0,3,0,9,19,189,1,0,3,8,23,186,1,29,89,71,31,1,0,3,12,206,0,88,133,0,0,0,0,0,0,0,0,221,0,0,84,58,77,2,65.8860561914672,81.5795269701904,96.6875,52.8978477035377,1.74385573604915,0.98756793498643,0,0,0,0,0,0,0,0,0.000450189722811756,0.00033342400820223
NO,NOR,Norway,7,2020-05-08,2020-05-07,100,0,0,0,0,4,98,0,0,290659.151611979,100,0,98,2,14,84,2,3,96,1,4,94,2,14,85,1,18,79,3,8,91,1,1,98,1,3,95,2,1,97,2,3,95,2,5,93,2,4,95,1,2,2,96,0,97,3,0,0,100,0,0,0,100,9,90,1,79,19,2,33,65,2,49,50,1,3,95,2,10,87,3,30,69,1,28,2,0,0,70,14,86,0,0,0,1,2,83,14,0,42,22,30,6,0,0,0,1,11,88,0,0,0,1,13,86,0,12,39,38,11,0,0,1,3,96,0,54,46,0,0,0,0,0,0,0,0,0,100,0,41,30,28,1,61.5400624349636,90.459140609765,44.4444444444444,19.2450089729875,1.73238388776703,0.640821924054116,0,0,0,0,0,0,0,0,0.000574877838459327,0.000563207971721789
NO,NOR,Norway,1,2020-05-09,2020-05-08,100,0,0,0,0,20,100,0,0,574232.481459082,100,2,97,1,16,83,1,1,98,1,25,74,1,38,61,1,16,83,1,13,86,1,5,93,2,13,86,1,3,96,1,9,90,1,32,67,1,4,96,0,0,4,96,5,95,0,0,3,97,1,4,0,95,34,65,1,76,23,1,30,69,1,56,42,2,7,92,1,21,78,1,50,49,1,38,6,5,1,50,14,86,0,2,1,1,3,88,4,1,23,23,35,18,1,0,2,5,23,69,1,3,4,7,23,62,1,18,39,32,10,1,1,4,13,81,1,42,57,1,0,0,100,0,0,0,0,0,0,0,44,30,23,3,12.4885215794307,25.9835971292548,125,167.082813798029,2.78009162848813,1.58339193635283,0,0,0,0,0,0,0,0,0.0028169014084507,0.00123279877629136
NO,NOR,Norway,2,2020-05-09,2020-05-09,159,1,6216.026403501,0,0,16,159,0,0,751843.972510877,159,1,156,2,20,137,2,4,153,2,26,131,2,51,108,0,25,132,2,10,147,2,6,151,2,12,145,2,3,154,2,13,143,3,41,116,2,7,152,0,5,2,152,7,152,0,0,4,155,2,5,0,152,64,94,1,127,32,0,49,109,1,102,57,0,4,155,0,31,128,0,94,65,0,74,13,3,4,65,25,134,0,0,0,1,4,146,7,1,29,39,47,43,1,0,1,6,20,131,1,0,3,7,37,112,0,18,67,51,23,0,0,6,10,143,0,69,89,0,1,0,0,159,0,0,0,0,0,0,69,51,37,2,17.9596088435374,29.728254414217,48.6734693877551,62.1068157271548,2.6318309059191,1.50763865808123,0.00628930817610063,0.0122879927943053,0.00826770796970255,0.000204679346287251,0,0,0,0,0.00141730888475507,0.000693976279517474
NO,NOR,Norway,3,2020-05-09,2020-05-09,162,2,8680.63580622377,2,8680.63580622377,23,161,5,0,599800.284692574,162,3,156,3,28,132,2,4,156,2,26,134,2,49,112,1,33,128,1,21,139,2,10,150,2,6,153,3,1,158,3,16,145,1,46,115,1,12,150,0,8,4,150,19,142,1,5,7,150,1,18,0,143,63,97,2,133,29,0,50,108,4,96,64,2,2,157,3,16,143,3,80,82,0,57,18,2,3,82,30,132,0,1,1,2,2,148,8,0,31,39,49,43,0,3,1,12,15,129,2,2,3,14,23,118,2,24,71,46,19,2,3,5,16,138,0,65,97,0,0,0,0,0,162,0,0,0,0,0,67,52,42,1,24.8275862068966,38.3808828197848,30.7933884297521,39.2169024722652,3.04363257590371,2.04037171955017,0.0123456790123457,0.0170039789383968,0.0144725436578827,0.000302239731957133,0.0123456790123457,0.0170039789383968,0.0144725436578827,0.000302239731957133,0.00201207243460765,0.000821467579796251
NO,NOR,Norway,4,2020-05-09,2020-05-09,306,1,1419.69276163237,1,1419.69276163237,22,306,1,0,792911.704379492,306,2,300,4,44,260,2,3,299,4,35,269,2,62,241,3,45,258,3,22,280,4,5,297,4,11,291,4,9,296,1,13,290,3,60,243,3,11,295,0,6,5,295,19,283,4,1,8,297,0,19,0,287,130,176,0,245,61,0,114,192,0,189,117,0,9,297,0,28,278,0,146,160,0,89,43,10,4,160,64,242,0,2,2,6,4,270,21,1,74,58,90,84,0,0,1,15,24,266,0,0,4,17,32,253,0,44,131,88,43,0,2,5,24,275,0,122,181,0,1,2,0,0,0,306,0,0,0,0,127,88,89,2,29.219328,48.5871794393064,53.1074380165289,29.055143303151,2.64558085180055,1.3938414178211,0.00326797385620915,0.00639463662829673,0.00179048026885084,9.30531973089751e-05,0.00326797385620915,0.00639463662829673,0.00179048026885084,9.30531973089751e-05,0.00101261161741692,0.000422921397878466
NO,NOR,Norway,5,2020-05-09,2020-05-09,251,1,1761.05523205367,0,0,11,248,0,0,536740.449724355,251,2,245,4,32,214,5,9,237,5,24,225,2,44,205,2,34,211,6,23,225,3,13,234,4,5,242,4,7,240,4,11,236,4,31,216,4,9,241,1,6,3,242,19,230,2,0,11,240,4,15,0,232,85,164,2,198,51,2,76,175,0,136,114,1,10,239,2,33,217,1,111,140,0,74,29,5,3,140,46,205,0,2,1,5,3,220,19,1,55,53,70,72,1,0,6,8,18,217,2,3,5,13,19,209,2,31,98,80,39,3,0,2,21,228,0,100,151,0,0,0,0,0,0,0,251,0,0,0,108,66,75,2,46.1277579601004,66.2285653300985,51.2244897959184,34.9929883300117,1.98367768261802,1.12290394009275,0.00398406374501992,0.00779305090554704,0.00328101828911547,0.000152987736211973,0,0,0,0,0.000624716038164471,0.000369061469201442
NO,NOR,Norway,6,2020-05-09,2020-05-09,181,0,0,0,0,2,179,0,0,567302.897724365,181,1,179,1,14,165,2,4,175,2,8,172,1,29,152,0,32,147,2,10,170,1,3,177,1,7,172,2,1,179,1,12,168,1,21,159,1,3,177,1,1,2,178,6,173,2,0,2,179,1,4,1,175,17,161,3,134,45,2,48,132,1,94,86,1,3,177,1,11,169,1,60,120,1,51,9,0,0,121,22,159,0,1,1,1,4,156,18,0,68,49,54,10,0,1,1,2,13,162,2,1,1,5,20,152,2,15,86,55,24,1,0,0,15,165,1,71,109,0,0,1,0,0,0,0,0,181,0,0,66,41,72,2,46.577487244898,72.0222199432033,90.5,0,1.66298342541436,0.660143035638137,0,0,0,0,0,0,0,0,0.000157368793768196,0.000218080851530813
NO,NOR,Norway,7,2020-05-09,2020-05-08,100,0,0,0,0,4,100,0,0,345251.727263892,100,0,98,2,11,87,2,4,95,1,4,94,2,19,80,1,19,79,2,6,94,0,2,96,2,2,96,2,2,96,2,2,96,2,5,93,2,2,98,0,1,1,98,1,96,3,0,1,99,0,1,0,99,10,87,3,73,25,2,47,52,1,57,43,0,3,96,1,6,92,2,33,67,0,28,5,0,0,67,12,88,0,0,0,0,3,84,13,0,43,20,32,5,0,0,0,1,5,93,1,0,0,2,10,87,1,7,38,38,16,1,0,1,0,99,0,54,46,0,0,0,0,0,0,0,0,0,100,0,34,28,36,2,46.1555555555556,77.671216547373,100,70.7106781186548,1.67329864299561,0.679309173963179,0,0,0,0,0,0,0,0,0.000563380281690141,0.000551946987106018
NO,NOR,Norway,1,2020-05-10,2020-05-09,100,0,0,0,0,26,100,1,0,529271.452285941,100,1,97,2,26,73,1,3,96,1,24,74,2,31,68,1,20,79,1,15,83,2,1,97,2,13,85,2,2,96,2,5,93,2,28,71,1,4,96,0,1,3,96,2,98,0,1,1,98,0,2,0,98,27,71,2,74,24,2,31,68,1,67,32,1,17,82,1,25,74,1,62,38,0,36,13,8,5,38,11,89,0,0,0,2,1,92,5,0,17,26,36,20,1,2,4,11,17,65,1,2,4,11,22,60,1,10,37,33,19,1,2,3,10,85,0,43,55,1,0,1,100,0,0,0,0,0,0,0,51,26,23,0,11.2847222222222,18.6658584143427,162.5,149.303940559741,2.75,1.74295117197206,0,0,0,0,0,0,0,0,0.00366197183098592,0.00140501114644972
NO,NOR,Norway,2,2020-05-10,2020-05-10,148,0,0,0,0,11,148,0,0,642834.715213798,148,1,146,1,12,135,1,2,145,1,26,121,1,39,108,1,30,117,1,14,134,0,8,139,1,12,135,1,1,146,1,9,138,1,37,110,1,5,143,0,4,1,143,5,143,0,0,2,146,0,5,0,143,37,111,0,108,40,0,56,92,0,106,42,0,7,141,0,33,115,0,90,58,0,73,12,2,3,58,21,127,0,4,0,2,1,134,7,0,24,32,60,32,0,1,2,11,17,116,1,2,4,17,38,86,1,25,69,40,13,1,2,7,19,120,0,57,90,1,0,0,0,148,0,0,0,0,0,0,80,34,34,0,17.4298990546387,32.5777432299101,65.12,24.7651367854086,2.34235735110371,1.29172127099222,0,0,0,0,0,0,0,0,0.00104682146935668,0.000618296710620365
NO,NOR,Norway,3,2020-05-10,2020-05-10,201,2,10426.6971368664,2,10426.6971368664,68,200,8,1,684357.098784101,201,6,191,4,28,171,2,4,192,5,24,175,2,53,147,1,32,166,3,27,171,3,4,194,3,1,195,5,2,195,4,14,184,3,37,160,4,15,186,0,7,8,186,10,191,0,8,1,192,2,7,1,191,53,146,2,148,52,1,73,126,2,119,81,1,10,190,1,27,173,1,101,100,0,76,18,4,3,100,45,156,0,4,0,4,5,183,5,0,32,46,66,57,0,0,1,12,23,162,3,0,3,12,45,138,3,19,94,60,25,3,1,5,17,178,0,89,111,0,1,0,0,0,201,0,0,0,0,0,99,61,40,1,21.4919667590028,34.1416378063332,69.734693877551,109.320024164547,3.190875,1.62906518477815,0.0099502487562189,0.0137213088828851,0.0152357550690883,0.000290204959282818,0.0099502487562189,0.0137213088828851,0.0152357550690883,0.000290204959282818,0.0047887323943662,0.00113546001486767
NO,NOR,Norway,4,2020-05-10,2020-05-10,258,3,7544.19581941293,1,3460.51051897309,26,256,2,0,705673.914496216,258,4,248,6,30,224,4,5,246,7,24,229,5,70,187,1,43,211,4,21,231,6,7,245,6,12,241,5,3,250,5,8,244,6,45,209,4,16,241,1,8,8,242,18,236,4,2,7,249,0,18,0,240,56,200,2,176,82,0,78,179,1,156,102,0,8,250,0,18,240,0,119,137,2,101,16,1,1,139,46,212,0,1,4,3,5,224,21,0,49,63,80,66,0,0,4,9,22,221,2,0,4,10,38,205,1,25,120,83,29,1,1,6,11,240,0,101,157,0,0,0,0,0,0,258,0,0,0,0,103,80,73,2,26.0320096427789,43.7435129190332,28.6666666666667,19.138393225088,2.67933535867072,1.36766360079816,0.0116279069767442,0.0130812501195592,0.0106907675973807,0.000239947668528001,0.00387596899224806,0.00758202293400847,0.00490383794538242,0.000162984625766249,0.00143045774647887,0.000549446749730554
NO,NOR,Norway,5,2020-05-10,2020-05-10,247,2,6008.48797900632,1,3698.47534570639,9,244,1,0,566876.329928869,247,4,240,3,25,220,2,7,237,3,19,224,4,39,207,1,35,208,4,21,223,3,6,236,5,8,235,4,2,241,4,9,235,3,31,213,3,8,239,0,5,3,239,17,228,2,1,5,241,1,16,0,230,57,189,1,178,69,0,75,170,2,157,90,0,5,241,1,18,229,0,113,134,0,88,14,9,1,135,43,204,0,3,2,7,3,216,16,0,64,46,79,58,0,2,1,3,21,220,0,0,3,8,21,215,0,32,121,69,25,0,0,0,20,227,0,80,166,0,0,1,0,0,0,0,247,0,0,0,94,61,89,3,53.8980361039476,80.4512568552388,88.92,64.4097197634022,2.03278633902541,1.14718805336873,0.00809716599190283,0.0111763682047138,0.0105992924060884,0.000266580559030338,0.00404858299595142,0.00791899766086245,0.00652430724382243,0.000209579960713205,0.000519510505656892,0.000339319119278529
NO,NOR,Norway,6,2020-05-10,2020-05-10,217,0,0,0,0,11,216,1,0,674874.069124908,217,0,215,2,22,192,3,5,209,3,6,210,1,37,177,3,27,189,1,12,202,3,3,212,2,2,212,3,4,211,2,9,207,1,20,196,1,8,209,0,4,4,209,8,206,3,1,2,214,0,8,0,209,13,204,0,138,79,0,56,160,1,128,88,1,3,213,1,12,205,0,77,140,0,59,16,2,0,140,32,185,0,2,1,4,3,182,25,0,78,58,71,9,1,0,0,2,12,203,0,1,1,10,22,182,1,26,100,59,31,1,0,0,22,193,2,99,117,0,0,1,0,0,0,0,0,217,0,0,73,60,82,2,66.1410514220052,102.354910563091,48.7142857142857,35.1506959898581,1.88716062736614,1.0785087153143,0,0,0,0,0,0,0,0,0.000717266562336985,0.000423717621152804
NO,NOR,Norway,7,2020-05-10,2020-05-09,100,1,2968.67117679257,0,0,3,100,0,0,339461.047167803,100,1,98,1,12,86,2,8,90,2,7,92,1,14,85,1,17,80,3,3,96,1,5,93,2,2,97,1,2,97,1,0,98,2,12,87,1,2,98,0,2,0,98,3,90,7,0,1,99,1,2,0,97,7,91,2,73,27,0,33,67,0,58,42,0,3,97,0,9,90,1,36,63,1,31,4,1,0,64,7,93,0,0,1,0,1,87,11,0,48,27,22,3,0,0,0,0,6,94,0,0,0,1,12,86,1,5,35,41,19,0,0,1,2,96,1,57,43,0,0,0,0,0,0,0,0,0,100,0,42,23,34,1,61.6024973985432,83.9798913822811,75,35.3553390593274,1.71112764374535,0.771570426877082,0.01,0.0195013954179879,0.00874524839171045,0.000313207269504099,0,0,0,0,0.000422535211267606,0.000478033792144491
NO,NOR,Norway,1,2020-05-11,2020-05-10,100,1,4451.39041048514,1,4451.39041048514,7,99,2,0,421393.254285057,100,1,98,1,20,79,1,5,94,1,24,76,0,35,65,0,21,77,2,16,83,1,4,94,2,16,83,1,3,96,1,11,88,1,26,74,0,6,94,0,3,3,94,7,93,0,2,3,95,0,6,1,93,25,75,0,63,37,0,27,73,0,62,38,0,4,96,0,20,80,0,53,47,0,39,8,5,1,47,15,85,0,0,2,3,4,89,2,0,20,22,39,19,0,2,3,14,16,63,2,5,3,15,19,56,2,16,35,35,12,2,3,4,5,88,0,41,58,1,0,0,100,0,0,0,0,0,0,0,51,34,14,1,16.552734375,28.3933935793546,28,10.9544511501033,3.14253647586981,1.96740368794782,0.01,0.0195013954179879,0.0105635065706912,0.00030867561143495,0.01,0.0195013954179879,0.0105635065706912,0.00030867561143495,0.000995874235310855,0.000737372961609233
NO,NOR,Norway,2,2020-05-11,2020-05-11,154,3,15932.0466633052,1,9829.43724704431,18,153,3,0,674008.494927953,154,4,149,1,31,123,0,5,149,0,35,119,0,46,108,0,25,129,0,15,139,0,8,146,0,16,138,0,2,152,0,8,145,1,40,114,0,11,143,0,5,6,143,13,141,0,3,7,144,0,12,1,141,53,101,0,102,52,0,35,119,0,91,63,0,2,152,0,13,141,0,76,78,0,54,14,2,6,78,23,131,0,3,0,1,0,145,5,0,27,47,57,22,1,0,0,13,19,121,1,1,5,14,26,107,1,24,67,43,19,1,3,6,15,130,0,72,82,0,0,0,0,154,0,0,0,0,0,0,83,39,32,0,16.5327203893997,27.3644005494863,27.72,18.9307979523081,2.48623614958449,1.74060039607158,0.0194805194805195,0.0218281088481725,0.0236377535048846,0.000362680323671568,0.00649350649350649,0.0126856500067797,0.0145835509804591,0.000286191645505228,0.00165700082850041,0.000764846797244656
NO,NOR,Norway,3,2020-05-11,2020-05-11,159,1,2454.68957134247,1,2454.68957134247,9,159,1,0,612575.804237553,159,1,158,0,17,142,0,5,154,0,20,139,0,40,118,1,24,134,1,12,147,0,5,154,0,7,152,0,1,158,0,11,148,0,30,129,0,6,153,0,5,1,153,10,149,0,1,4,154,0,9,1,149,55,104,0,91,68,0,35,124,0,96,63,0,3,156,0,15,144,0,73,86,0,47,14,7,3,88,43,116,0,0,0,4,2,147,6,0,26,46,60,26,1,1,1,5,23,129,0,0,2,18,27,111,1,22,74,49,14,0,2,9,9,138,1,73,86,0,0,0,0,0,159,0,0,0,0,0,76,36,47,0,22.7930971512053,39.6236207881451,39.75,14.5146477738869,3.27329881656805,2.30104710060176,0.00628930817610063,0.0122879927943053,0.00400716050872711,0.000158202976041938,0.00628930817610063,0.0122879927943053,0.00400716050872711,0.000158202976041938,0.000797236247674728,0.000520643781981405
NO,NOR,Norway,4,2020-05-11,2020-05-11,256,4,9992.36362433365,4,9992.36362433365,13,255,6,0,773571.841129393,256,4,249,3,34,219,3,8,244,4,34,220,2,56,198,2,41,212,3,16,235,5,11,241,4,13,239,4,4,249,3,10,243,3,39,214,3,9,247,0,4,5,247,25,229,2,6,10,240,2,23,0,231,100,153,3,166,88,2,56,196,4,156,99,1,11,242,3,20,233,3,111,144,1,79,22,5,5,145,54,202,0,3,1,4,6,231,11,0,62,49,94,51,0,2,3,11,22,217,1,2,7,18,31,197,1,43,112,71,29,1,0,4,26,226,0,110,144,1,1,0,0,0,0,256,0,0,0,0,112,65,79,0,39.1076949951961,54.4688737129778,52,23.808761892571,2.47633986928105,1.37643103211196,0.015625,0.0151921209425866,0.0129171760049397,0.000251627643691853,0.015625,0.0151921209425866,0.0129171760049397,0.000251627643691853,0.00071803369235018,0.00039018023232265
NO,NOR,Norway,5,2020-05-11,2020-05-11,235,0,0,0,0,13,235,1,0,564306.996166416,235,1,229,5,30,201,4,6,225,4,16,216,3,41,192,2,36,196,3,18,213,4,6,225,4,11,221,3,1,230,4,10,221,4,27,207,1,8,227,0,3,5,227,12,220,3,1,6,228,2,10,0,223,72,161,2,139,94,2,64,169,2,137,95,3,4,229,2,17,216,2,112,123,0,86,18,3,4,124,34,201,0,0,2,1,6,215,10,1,57,38,91,48,1,0,2,10,18,202,3,1,2,15,25,190,2,35,106,56,36,2,0,7,23,205,0,104,130,0,1,0,0,0,0,0,235,0,0,0,97,61,76,1,43.7148788927336,73.0482697972552,47.734375,26.9111830760666,1.89163550627199,1.11470676529459,0,0,0,0,0,0,0,0,0.000779142942762961,0.000423374114679082
NO,NOR,Norway,6,2020-05-11,2020-05-11,229,0,0,0,0,7,229,2,0,644035.212752742,229,1,226,2,16,212,1,9,218,2,9,218,2,30,197,2,35,193,1,11,216,2,4,223,2,7,219,3,1,225,3,8,219,2,13,213,3,6,223,0,5,1,223,5,217,7,2,1,226,0,5,0,224,15,211,3,154,75,0,69,157,3,125,103,1,6,222,1,20,207,2,74,155,0,62,10,1,1,155,39,190,0,3,3,4,6,194,19,0,79,55,82,12,1,0,0,6,23,197,3,0,2,7,35,182,3,26,107,71,22,3,0,5,20,204,0,103,122,0,1,3,0,0,0,0,0,229,0,0,93,65,68,3,67.4732142857143,81.0387971401939,44.5277777777778,15.5814764193708,1.70843974340928,0.708838438330169,0,0,0,0,0,0,0,0,0.000430530782950981,0.000318867143504462
NO,NOR,Norway,7,2020-05-11,2020-05-10,100,1,2968.67117679257,0,0,3,100,1,0,301262.603753226,100,1,94,5,15,80,5,10,85,5,8,87,5,15,81,4,18,77,5,5,89,6,5,90,5,3,93,4,3,93,4,4,92,4,9,86,5,2,98,0,2,0,98,3,93,4,1,0,99,1,2,0,97,3,93,4,66,34,0,27,73,0,50,49,1,2,98,0,12,87,1,35,64,1,30,4,1,0,65,11,89,0,0,1,0,1,81,16,1,44,28,22,5,1,0,1,2,9,87,1,0,1,3,15,80,1,8,43,38,11,0,0,0,4,95,1,48,51,0,0,1,0,0,0,0,0,0,100,0,46,25,28,1,67.1280276816609,86.010180638389,75,35.3553390593274,1.98875468554769,2.22391571923043,0.01,0.0195013954179879,0.00985409785286296,0.000352722781730677,0,0,0,0,0.000422535211267606,0.000478033792144491
NO,NOR,Norway,1,2020-05-12,2020-05-11,100,0,0,0,0,7,100,1,0,551705.038862667,100,0,100,0,15,85,0,2,98,0,15,85,0,38,62,0,10,90,0,11,89,0,2,98,0,13,87,0,1,99,0,6,94,0,25,75,0,5,95,0,2,3,95,6,94,0,1,4,95,1,5,0,94,33,66,1,69,31,0,30,70,0,60,40,0,6,94,0,21,78,1,53,47,0,42,8,1,2,47,18,82,0,0,0,3,4,89,4,0,15,19,51,14,1,0,0,10,16,71,3,4,4,8,21,61,2,8,46,24,20,2,1,1,6,92,0,38,61,1,0,0,100,0,0,0,0,0,0,0,48,34,17,1,14.896891351185,27.2497644834623,24,16.7332005306815,4.32608917457402,10.3152303910566,0,0,0,0,0,0,0,0,0.000985915492957746,0.000730002870544757
NO,NOR,Norway,2,2020-05-12,2020-05-12,138,1,6192.22335439608,1,6192.22335439608,22,138,2,0,668676.603158828,138,1,133,4,23,111,4,3,131,4,30,104,4,47,88,3,25,108,5,17,119,2,8,126,4,11,122,5,2,132,4,9,124,5,37,99,2,10,128,0,2,8,128,11,127,0,2,8,128,1,10,0,127,52,85,1,97,41,0,37,101,0,83,55,0,6,132,0,34,104,0,67,71,0,50,7,4,6,71,19,119,0,1,0,1,3,126,7,0,23,31,58,26,0,0,3,12,21,100,2,3,6,17,24,86,2,21,65,32,18,2,2,7,18,111,0,54,84,0,0,0,0,138,0,0,0,0,0,0,75,37,25,1,17.595,27.8085593211692,30.36,22.3467223547437,2.56521739130435,1.67400268485221,0.0072463768115942,0.014151085175537,0.00926041576024048,0.000229580515942393,0.0072463768115942,0.014151085175537,0.00926041576024048,0.000229580515942393,0.00224535619514187,0.000937203442582438
NO,NOR,Norway,3,2020-05-12,2020-05-12,163,4,17267.3449004867,2,10691.1089265845,16,161,6,1,654615.872189713,163,4,158,1,18,145,0,7,155,1,32,130,1,47,115,1,31,131,1,22,140,1,7,155,1,9,152,2,2,159,2,13,149,1,43,119,1,8,155,0,4,4,155,13,150,0,6,4,153,1,10,2,150,76,86,1,118,45,0,45,117,1,93,70,0,9,153,1,25,138,0,87,76,0,57,10,12,8,76,43,120,0,6,0,5,4,145,3,0,32,33,60,37,1,2,2,8,17,132,2,2,3,13,32,111,2,20,62,53,26,2,6,8,11,138,0,71,91,1,0,0,0,0,163,0,0,0,0,0,88,47,28,0,20.70609375,31.6967971589166,72.4444444444444,44.3629808970731,3.04984375602793,1.67504498400052,0.0245398773006135,0.0237517296994915,0.0263778280271861,0.000388212548512681,0.0122699386503067,0.0169003080298815,0.0163318816129868,0.000307041610116462,0.00139970256320532,0.000685361498000247
NO,NOR,Norway,4,2020-05-12,2020-05-12,225,1,1045.43892438455,1,1045.43892438455,21,224,1,0,670644.203757209,225,6,216,3,22,200,3,4,218,3,30,192,3,51,174,0,44,179,2,16,205,4,5,217,3,15,207,3,2,220,3,8,214,3,42,182,1,12,213,0,7,5,213,9,212,4,1,3,221,0,8,1,216,98,127,0,162,63,0,72,151,2,132,93,0,11,214,0,26,199,0,104,121,0,71,21,9,3,121,48,177,0,1,0,1,1,210,12,0,48,54,76,47,0,1,1,12,14,197,0,1,3,13,37,171,0,30,100,66,29,0,3,5,9,208,0,96,128,0,1,0,0,0,0,225,0,0,0,0,91,71,63,0,33.4570637119114,47.8438042211846,37.1900826446281,40.7227159493324,2.56888888888889,1.40658880398362,0.00444444444444444,0.00869157181696614,0.0015588577647098,9.44205406378548e-05,0.00444444444444444,0.00869157181696614,0.0015588577647098,9.44205406378548e-05,0.00132042253521127,0.000564370696130312
NO,NOR,Norway,5,2020-05-12,2020-05-12,239,2,3299.59759808638,1,1598.55696044361,9,238,1,0,587544.644409549,239,4,233,2,24,214,1,4,233,2,12,225,2,38,200,1,33,204,2,6,229,4,3,234,2,3,234,2,1,236,2,9,228,2,23,214,2,7,232,0,2,5,232,13,224,2,1,5,233,1,12,0,226,94,144,1,169,68,2,80,157,2,130,108,1,4,233,2,25,213,1,91,147,1,69,12,5,5,148,51,188,0,0,0,4,4,216,15,0,55,51,87,46,0,0,0,3,16,219,1,0,1,11,25,200,2,25,97,77,39,1,0,0,13,225,1,88,151,0,0,0,0,0,0,0,239,0,0,0,106,70,63,0,39.4057042140683,68.3091979188557,59.75,33.3269577236073,2.28919866830458,4.66335032599854,0.00836820083682008,0.0115488944037995,0.00561590958147921,0.000191079806180254,0.00418410041841004,0.00818351189714608,0.0027207412673297,0.000133192469253818,0.000532607409160847,0.000347871103566146
NO,NOR,Norway,6,2020-05-12,2020-05-12,244,0,0,0,0,13,244,3,0,660921.969701249,244,2,237,5,30,210,4,8,231,5,16,224,4,35,206,3,51,190,3,13,227,4,8,231,5,8,231,5,3,236,5,9,229,6,18,221,5,7,237,0,3,4,237,8,233,3,3,1,240,0,8,0,236,26,211,7,178,66,0,74,167,3,122,120,2,4,237,3,15,226,3,76,168,0,63,8,4,1,168,42,202,0,4,4,4,4,196,32,0,84,56,81,23,0,1,0,5,32,205,1,0,1,3,39,199,2,26,122,75,19,2,3,0,14,227,0,99,145,0,0,0,0,0,0,0,0,244,0,0,95,67,81,1,51.8744,69.8318976683263,59.7551020408163,68.8793539698521,1.78543757855409,1.24945881858967,0,0,0,0,0,0,0,0,0.000750404063726622,0.000407763720129202
NO,NOR,Norway,7,2020-05-12,2020-05-11,100,0,0,0,0,0,99,2,0,298454.420167701,100,0,95,5,13,83,4,8,88,4,6,89,5,19,78,3,18,79,3,6,89,5,5,90,5,4,92,4,3,93,4,5,91,4,9,86,5,1,99,0,1,0,99,5,92,3,2,1,97,0,5,0,95,3,92,5,69,31,0,32,67,1,44,55,1,2,97,1,11,88,1,25,74,1,21,4,0,0,75,16,84,0,0,1,3,2,77,16,1,40,25,29,6,0,0,2,2,9,86,1,0,2,4,11,83,0,15,47,26,12,0,0,0,7,93,0,56,43,0,0,1,0,0,0,0,0,0,100,0,44,31,23,2,56.318480642805,76.1767876457261,0,0,1.86715641261096,2.1996361452156,0,0,0,0,0,0,0,0,0,0
NO,NOR,Norway,1,2020-05-13,2020-05-12,100,2,7578.12215869318,2,7578.12215869318,6,100,1,0,571312.371909689,100,3,97,0,9,90,1,5,95,0,19,81,0,49,51,0,16,83,1,15,85,0,5,95,0,13,87,0,5,95,0,7,93,0,22,78,0,5,95,0,3,2,95,4,96,0,1,3,96,1,3,0,96,35,63,2,70,30,0,22,78,0,59,40,1,7,93,0,20,79,1,58,42,0,48,7,1,2,42,14,86,0,0,0,2,2,93,3,0,14,23,47,16,0,3,4,9,21,63,0,3,12,10,23,52,0,17,42,24,17,0,2,2,11,85,0,36,63,1,0,0,100,0,0,0,0,0,0,0,50,30,19,1,19.2307692307692,25.4907455071223,20,14.142135623731,4.3731778425656,10.4832422031218,0.02,0.0274394957835608,0.0132644110845391,0.000296657723130428,0.02,0.0274394957835608,0.0132644110845391,0.000296657723130428,0.000845070422535211,0.000675898970898153
NO,NOR,Norway,2,2020-05-13,2020-05-13,144,2,8535.34780708138,2,8535.34780708138,35,143,1,0,695487.808329779,144,2,140,2,27,115,2,5,137,2,29,113,2,50,93,1,25,117,2,18,125,1,4,138,2,12,130,2,3,139,2,7,135,2,36,106,2,8,136,0,5,3,136,13,130,1,1,7,136,0,13,0,131,50,93,1,103,40,1,57,86,1,82,62,0,4,139,1,30,113,1,74,70,0,48,14,8,4,70,34,110,0,3,1,1,3,122,14,0,28,31,54,31,0,1,1,10,16,114,2,5,3,19,21,94,2,24,56,41,21,2,1,11,15,117,0,52,91,0,1,0,0,144,0,0,0,0,0,0,71,39,33,1,20.4247933884298,36.2250578028384,102.857142857143,48.9697949385796,2.6970512005477,2.24408496254977,0.0138888888888889,0.0191145255599144,0.0122724621551298,0.000258754411102477,0.0138888888888889,0.0191145255599144,0.0122724621551298,0.000258754411102477,0.00344725696838373,0.00114008667935731
NO,NOR,Norway,3,2020-05-13,2020-05-13,158,0,0,0,0,8,158,2,0,655471.234057525,158,2,155,1,20,137,1,2,155,1,22,135,1,34,124,0,26,131,1,13,144,1,2,155,1,8,148,2,1,156,1,8,149,1,32,125,1,7,151,0,4,3,151,10,148,0,2,6,150,1,9,0,148,64,94,0,119,39,0,44,114,0,77,81,0,5,153,0,21,137,0,67,91,0,49,13,3,2,91,25,133,0,3,0,0,2,145,8,0,42,35,52,29,0,0,0,6,17,134,1,0,4,14,29,110,1,14,62,46,35,1,0,6,12,140,0,72,85,1,0,0,0,0,158,0,0,0,0,0,78,49,31,0,33.9529320987654,47.1130814704098,25.7959183673469,8.53119810506541,3.18301768990635,1.58146401493476,0,0,0,0,0,0,0,0,0.000713139597076128,0.000493995209401854
NO,NOR,Norway,4,2020-05-13,2020-05-13,229,2,3915.83531278363,2,3915.83531278363,17,227,4,0,714557.247806483,229,4,222,3,26,200,3,4,222,3,34,192,3,51,177,1,38,189,2,20,206,3,6,219,4,6,220,3,3,222,4,13,213,3,38,188,3,12,217,0,6,6,217,18,208,3,4,5,220,1,15,2,211,109,118,2,167,62,0,72,156,1,135,93,1,4,224,1,18,211,0,109,120,0,68,26,10,5,120,49,180,0,2,1,3,4,208,11,0,53,45,77,54,0,1,0,9,20,199,0,2,3,11,36,176,1,27,111,66,25,0,1,7,18,203,0,96,132,0,1,0,0,0,0,229,0,0,0,0,96,75,56,2,31.057728531856,39.039734059255,36.64,22.1235018325159,2.82644724329989,3.65835293932186,0.00873362445414847,0.012050991883234,0.0054800861999571,0.000171170931250608,0.00873362445414847,0.012050991883234,0.0054800861999571,0.000171170931250608,0.00105478687100577,0.000501140129478197
NO,NOR,Norway,5,2020-05-13,2020-05-13,225,0,0,0,0,30,223,2,0,634096.682718242,225,0,220,5,23,198,4,4,216,5,20,201,4,44,177,4,35,185,5,11,208,6,3,217,5,9,212,4,4,217,4,8,213,4,22,199,4,14,210,1,7,7,211,15,206,4,2,8,215,2,11,2,210,88,134,3,165,58,2,81,141,3,139,83,3,5,216,4,34,188,3,101,124,0,53,32,7,9,124,47,178,0,5,0,2,2,207,9,0,53,35,83,53,1,1,0,5,28,191,0,2,1,8,37,177,0,29,90,78,28,0,1,4,12,208,0,77,148,0,0,0,0,0,0,0,225,0,0,0,99,57,69,0,40.5329330080691,61.1402185328364,39.9408284023669,38.9484709126822,2.37849502720961,5.95148095051063,0,0,0,0,0,0,0,0,0.00189477673214173,0.000677382029292598
NO,NOR,Norway,6,2020-05-13,2020-05-13,198,0,0,0,0,2,198,2,0,667188.875691615,198,0,193,5,21,174,3,5,188,5,6,187,5,31,164,3,22,172,4,10,184,4,3,191,4,6,189,3,2,192,4,6,188,4,13,182,3,2,196,0,2,0,196,6,191,1,2,1,195,0,5,1,192,17,177,4,132,66,0,64,131,3,88,108,2,3,192,3,13,182,3,64,134,0,51,11,0,2,134,23,175,0,2,1,3,4,163,25,0,77,42,58,21,0,0,0,5,11,180,2,0,0,2,26,166,4,17,91,67,21,2,0,2,13,183,0,86,112,0,0,0,0,0,0,0,0,198,0,0,88,53,57,0,80.5674617301531,99.9014178377407,99,0,1.72954726996315,0.907085323601597,0,0,0,0,0,0,0,0,0.000142267747901551,0.000197155389975121
NO,NOR,Norway,7,2020-05-13,2020-05-11,100,0,0,0,0,3,99,2,1,321727.94741624,100,0,97,3,7,91,2,4,93,3,2,95,3,19,80,1,16,81,3,2,95,3,3,92,5,2,95,3,2,95,3,3,94,3,6,91,3,3,97,0,2,1,97,6,92,2,2,2,96,1,5,0,94,2,96,2,68,32,0,25,74,1,42,58,0,2,97,1,7,92,1,23,76,1,20,3,0,0,77,18,82,0,0,1,3,2,75,19,0,46,24,24,6,0,0,2,0,9,89,0,0,1,3,12,84,0,16,43,29,12,0,0,0,11,89,0,58,42,0,0,0,0,0,0,0,0,0,100,0,45,32,21,2,78.1477627471384,88.5138000783748,75,35.3553390593274,1.83654729109275,1.98045645722321,0,0,0,0,0,0,0,0,0.000426803243704652,0.000482861385434658
NO,NOR,Norway,1,2020-05-14,2020-05-13,100,2,9658.81366937305,2,9658.81366937305,8,99,0,0,584159.855856974,100,2,98,0,14,86,0,3,97,0,19,81,0,47,53,0,15,85,0,14,86,0,8,92,0,12,88,0,3,97,0,10,90,0,29,71,0,4,96,0,3,1,96,4,96,0,0,4,96,1,0,0,99,27,72,1,71,29,0,26,74,0,59,40,1,10,90,0,23,77,0,52,48,0,37,10,3,2,48,14,86,0,0,0,2,1,88,9,0,19,19,42,20,0,3,4,9,19,65,0,2,8,17,22,51,0,24,44,23,9,0,2,5,14,79,0,39,61,0,0,0,100,0,0,0,0,0,0,0,50,31,19,0,18.0473372781065,26.7767579364911,88.8888888888889,50.9175077217316,3.90462307371928,10.1524313570001,0.02,0.0274394957835608,0.0165345385728422,0.000327007589898683,0.02,0.0274394957835608,0.0165345385728422,0.000327007589898683,0.00113814198321241,0.000788228722237302
NO,NOR,Norway,2,2020-05-14,2020-05-14,148,0,0,0,0,19,147,0,0,708268.702313984,148,4,144,0,22,126,0,7,141,0,33,115,0,47,101,0,25,123,0,17,131,0,10,138,0,14,134,0,3,145,0,8,140,0,40,108,0,12,136,0,10,2,136,9,139,0,0,6,142,0,0,0,148,62,86,0,118,30,0,59,89,0,89,59,0,5,143,0,35,113,0,80,68,0,42,24,12,2,68,25,123,0,1,0,1,2,142,2,0,25,30,61,32,0,2,5,11,19,110,1,4,3,17,23,100,1,19,71,39,18,1,2,5,16,125,0,67,80,0,1,0,0,148,0,0,0,0,0,0,74,50,23,1,14.6151100535396,23.4721712970118,23.2396694214876,10.5785743799837,2.59747919143876,1.46821766390284,0,0,0,0,0,0,0,0,0.00182044648845454,0.000817812120604155
NO,NOR,Norway,3,2020-05-14,2020-05-14,149,1,2570.76945895175,1,2570.76945895175,10,149,2,1,602112.927838595,149,4,144,1,19,130,0,1,147,1,19,129,1,35,113,1,16,132,1,15,134,0,6,142,1,10,138,1,5,143,1,2,146,1,34,115,0,7,142,0,4,3,142,13,135,1,2,8,139,1,2,0,146,60,89,0,111,38,0,48,101,0,79,69,1,7,142,0,15,134,0,65,84,0,39,14,6,6,84,35,114,0,0,1,1,2,133,12,0,36,28,51,34,0,1,3,5,17,123,0,1,5,12,18,113,0,20,66,41,22,0,1,7,17,124,0,73,76,0,0,0,0,0,149,0,0,0,0,0,78,38,31,2,23.572265625,40.6801096654081,30.4081632653061,16.7475104397067,3.08218797723171,1.50938773389327,0.00671140939597315,0.0131099050447362,0.00426958024000588,0.000164692033721348,0.00671140939597315,0.0131099050447362,0.00426958024000588,0.000164692033721348,0.000945268929010303,0.00058559601715917
NO,NOR,Norway,4,2020-05-14,2020-05-14,249,1,3204.59477972828,0,0,13,248,3,0,707087.347411681,249,3,244,2,31,217,1,6,241,2,32,216,1,53,196,0,42,206,1,24,224,1,12,235,2,14,233,2,4,243,2,10,237,2,47,200,2,10,239,0,8,2,239,16,230,3,3,6,240,0,3,1,245,114,135,0,192,57,0,81,168,0,152,97,0,11,238,0,19,230,0,124,125,0,78,25,9,12,125,62,187,0,0,3,6,4,227,9,0,48,53,88,59,1,0,3,12,26,203,5,0,5,17,34,188,5,26,111,76,31,5,1,9,22,217,0,106,143,0,0,0,0,0,0,249,0,0,0,0,102,81,65,1,30.4256694367498,48.8453758367877,36.8888888888889,23.9600361713695,2.67038469165179,1.4557937457225,0.00401606425702811,0.00785551949581182,0.00453210595757203,0.000156557981823668,0,0,0,0,0.000738300772376193,0.000401189315590325
NO,NOR,Norway,5,2020-05-14,2020-05-14,266,1,1428.31922581902,1,1428.31922581902,64,266,2,0,576401.991113308,266,1,263,2,41,225,0,10,254,2,21,243,2,62,204,0,44,219,3,23,242,1,11,253,2,9,255,2,2,262,2,10,254,2,45,219,2,10,256,0,6,4,256,12,252,2,2,5,259,0,3,0,263,98,168,0,216,50,0,88,176,2,166,100,0,7,259,0,20,246,0,103,163,0,72,17,6,8,163,59,207,0,1,4,2,7,231,21,0,74,56,94,42,0,0,0,16,20,226,4,0,2,11,40,210,3,38,105,86,34,3,0,2,12,252,0,106,159,0,0,1,0,0,0,0,266,0,0,0,113,78,73,2,43.9849297337278,54.7840997916924,170.24,407.905215569609,2.0052744749021,2.21503067661323,0.0037593984962406,0.00735442245356335,0.00247799148483206,0.000128350186146178,0.0037593984962406,0.00735442245356335,0.00247799148483206,0.000128350186146178,0.00338875357407604,0.000828821454555257
NO,NOR,Norway,6,2020-05-14,2020-05-14,221,0,0,0,0,3,219,2,0,639100.200205533,221,0,220,1,13,207,1,6,214,1,13,207,1,34,186,1,36,184,1,9,211,1,3,217,1,3,217,1,2,218,1,15,205,1,24,196,1,3,217,1,1,2,218,10,206,5,2,3,216,0,2,0,219,28,187,6,166,54,1,71,148,2,124,97,0,6,215,0,23,198,0,83,138,0,62,11,7,3,138,35,186,0,0,5,4,4,185,23,0,78,67,59,17,0,0,2,3,17,195,4,1,3,5,20,188,4,22,99,66,30,4,0,2,12,207,0,91,126,0,2,2,0,0,0,0,0,221,0,0,86,54,77,4,53.4102497398543,72.6691711506497,165.75,78.1352993211135,1.65884781384875,0.773920599305147,0,0,0,0,0,0,0,0,0.00019293845263361,0.000218305337759973
NO,NOR,Norway,7,2020-05-14,2020-05-12,100,0,0,0,0,4,100,1,1,343300.048182857,100,1,98,1,12,88,0,5,94,1,8,91,1,20,80,0,16,83,1,6,93,1,3,94,3,1,98,1,1,98,1,4,94,2,4,95,1,3,97,0,2,1,97,6,93,1,1,3,96,1,3,0,96,5,95,0,71,29,0,31,69,0,46,54,0,4,96,0,10,90,0,24,76,0,20,4,0,0,76,18,82,0,1,2,3,1,77,16,0,48,28,19,5,0,1,1,2,11,85,0,1,1,3,12,83,0,11,40,36,13,0,1,0,14,85,0,54,44,0,1,1,0,0,0,0,0,0,100,0,41,32,25,2,83.5102040816327,88.8396202947243,44.4444444444444,19.2450089729875,2.17324762779308,3.58539730778617,0,0,0,0,0,0,0,0,0.000563380281690141,0.000551946987106018
NO,NOR,Norway,1,2020-05-15,2020-05-14,100,2,9639.86681045133,2,9639.86681045133,17,99,0,0,558627.387966303,100,2,98,0,21,79,0,4,96,0,28,72,0,44,56,0,19,81,0,11,89,0,9,91,0,12,88,0,3,97,0,11,89,0,27,73,0,8,92,0,6,2,92,5,95,0,0,4,96,0,0,0,100,28,70,2,68,32,0,33,67,0,55,45,0,4,96,0,21,79,0,50,50,0,39,7,3,1,50,13,87,0,1,0,1,3,87,8,0,16,25,46,13,0,2,5,10,17,65,1,2,6,23,18,50,1,18,42,31,8,1,0,6,14,80,0,40,59,1,0,0,100,0,0,0,0,0,0,0,46,33,21,0,8.50694444444445,12.3632704150476,34.6938775510204,19.9610894573078,3.601673298643,9.98924105729174,0.02,0.0274394957835608,0.0172563447802757,0.000341492765741402,0.02,0.0274394957835608,0.0172563447802757,0.000341492765741402,0.00241855171432636,0.00114829425082753
NO,NOR,Norway,2,2020-05-15,2020-05-15,159,0,0,0,0,25,159,3,0,673879.210163565,159,1,157,1,41,118,0,4,154,1,40,118,1,61,98,0,39,119,1,25,134,0,5,153,1,18,140,1,4,154,1,11,147,1,56,103,0,12,147,0,9,3,147,15,143,1,3,10,146,0,2,1,156,64,95,0,115,44,0,48,111,0,81,78,0,9,150,0,28,131,0,77,82,0,48,15,10,4,82,34,125,0,3,0,3,4,141,8,0,39,34,54,32,0,0,4,9,20,125,1,1,4,21,26,106,1,25,68,42,23,1,1,11,26,121,0,70,89,0,0,0,0,159,0,0,0,0,0,0,76,43,39,1,16.2332295261342,28.4827482083826,27.6041666666667,15.4296270256774,2.93081761006289,3.50969632797834,0,0,0,0,0,0,0,0,0.0022145451324298,0.000867124000065353
NO,NOR,Norway,3,2020-05-15,2020-05-15,167,1,6976.86927083796,1,6976.86927083796,6,167,2,0,635802.914082637,167,2,163,2,20,145,2,5,160,2,28,138,1,41,124,2,29,136,2,18,147,2,4,161,2,11,154,2,1,164,2,8,157,2,37,128,2,4,163,0,4,0,163,10,157,0,2,4,161,0,2,0,165,78,87,2,135,31,1,65,100,2,98,67,2,7,158,2,26,140,1,81,86,0,49,20,8,4,86,40,127,0,1,2,8,4,147,5,0,43,29,55,40,0,0,1,10,17,138,1,1,3,7,31,124,1,21,82,39,23,2,2,7,21,137,0,89,78,0,0,0,0,0,167,0,0,0,0,0,84,50,33,0,24.8860797144557,43.2250425285742,62.625,41.75,2.95662075298439,2.0999332829486,0.00598802395209581,0.0117011198672655,0.0109733206883842,0.000256070690848295,0.00598802395209581,0.0117011198672655,0.0109733206883842,0.000256070690848295,0.000506030193134857,0.000404798584761398
NO,NOR,Norway,4,2020-05-15,2020-05-15,240,1,1769.05858172162,1,1769.05858172162,26,240,2,0,742824.223309644,240,4,235,1,37,202,1,5,234,1,29,211,0,62,177,1,44,195,1,28,212,0,7,232,1,8,231,1,6,233,1,20,220,0,46,194,0,12,228,0,9,3,228,19,219,2,2,10,228,0,2,0,238,97,141,2,201,39,0,86,153,1,157,82,1,10,228,2,17,222,1,118,122,0,79,22,11,6,122,55,185,0,1,2,5,6,212,14,0,60,46,70,64,0,3,3,11,30,192,1,4,5,12,37,181,1,34,99,72,34,1,2,6,17,215,0,100,139,0,0,1,0,0,0,240,0,0,0,0,100,73,65,2,24.9307479224377,42.5450520157508,43.3333333333333,30.5505046330389,2.71042803792014,1.82467526490622,0.00416666666666667,0.00814948526650202,0.00238153055084768,0.000110844814582534,0.00416666666666667,0.00814948526650202,0.00238153055084768,0.000110844814582534,0.00152582159624413,0.000586048547088743
NO,NOR,Norway,5,2020-05-15,2020-05-15,241,2,5750.27270974673,1,2336.94428181648,20,240,0,0,517569.283491076,241,2,236,3,30,208,3,8,230,3,19,219,3,48,190,3,37,202,2,23,215,3,3,236,2,10,228,3,2,236,3,10,228,3,37,203,1,16,225,0,10,6,225,15,222,4,0,9,232,0,0,0,241,90,150,1,191,50,0,78,162,1,149,92,0,2,239,0,22,219,0,111,129,1,71,25,9,6,130,47,194,0,3,1,1,8,213,15,0,59,53,82,47,0,1,0,9,29,201,1,1,2,6,28,203,1,36,107,67,30,1,1,3,18,219,0,73,167,0,0,1,0,0,0,0,241,0,0,0,103,61,76,1,28.4735349716446,46.3281057563895,21.4222222222222,7.83973058601988,1.85354911071944,0.996325856723533,0.00829875518672199,0.0114534539877673,0.0111101506468088,0.000285560265690715,0.004149377593361,0.00811574042438117,0.0045152298568676,0.000182650592766105,0.00117370892018779,0.000514089200932661
NO,NOR,Norway,6,2020-05-15,2020-05-15,204,0,0,0,0,12,204,0,0,622826.556283385,204,1,200,3,23,180,1,5,196,3,11,191,2,27,176,1,32,170,2,14,187,3,1,200,3,4,197,3,0,201,3,16,188,0,22,181,1,10,194,0,8,2,194,4,197,3,0,2,202,0,0,0,204,30,170,4,160,44,0,78,123,3,113,90,1,4,198,2,19,182,3,76,126,2,62,9,3,2,128,33,171,0,2,1,5,4,176,16,0,65,46,73,19,1,0,1,3,17,179,4,0,1,5,15,180,3,16,89,74,22,3,0,2,14,187,1,90,113,0,0,1,0,0,0,0,0,204,0,0,75,55,70,4,98.082304526749,126.760370624129,24.48,8.60139523565799,1.82668834477905,0.768900824697655,0,0,0,0,0,0,0,0,0.000828500414250207,0.00046856540071223
NO,NOR,Norway,7,2020-05-15,2020-05-13,100,0,0,0,0,1,98,0,0,341435.276599285,100,1,97,2,15,84,1,7,92,1,13,86,1,29,70,1,19,80,1,8,91,1,7,92,1,3,96,1,1,98,1,9,90,1,6,93,1,2,97,1,2,0,98,4,95,1,0,2,98,0,0,0,100,4,94,2,81,19,0,34,65,1,45,54,1,5,94,1,11,88,1,27,72,1,22,4,1,0,73,21,79,0,2,2,4,2,80,9,1,48,31,18,3,0,1,0,3,13,83,0,1,1,4,16,77,1,9,51,30,9,1,1,1,10,88,0,58,40,0,1,1,0,0,0,0,0,0,100,0,38,30,30,2,67.7122769064359,77.6154597860967,100,0,2.17324762779308,3.596993742177,0,0,0,0,0,0,0,0,0.000143719459614832,0.000281664722189836
NO,NOR,Norway,1,2020-05-16,2020-05-15,100,1,4255.9258696226,1,4255.9258696226,4,100,0,0,588899.571131882,100,1,99,0,16,84,0,2,98,0,26,74,0,47,53,0,22,78,0,12,88,0,4,96,0,13,87,0,1,99,0,11,89,0,21,79,0,3,97,0,2,1,97,2,98,0,0,2,98,0,0,0,100,31,68,1,84,16,0,40,60,0,68,32,0,7,93,0,26,74,0,57,43,0,39,11,4,3,43,11,89,0,2,0,1,4,89,4,0,15,26,37,22,0,0,3,13,13,70,1,2,2,16,22,57,1,12,47,23,17,1,0,3,13,84,0,43,57,0,0,0,100,0,0,0,0,0,0,0,47,25,27,1,9.12244897959184,18.6885823156893,33.3333333333333,33.3333333333333,2.8483366989053,1.50850786182988,0.01,0.0195013954179879,0.00722691283582121,0.0002163360411644,0.01,0.0195013954179879,0.00722691283582121,0.0002163360411644,0.000563380281690141,0.000551946987106018
NO,NOR,Norway,2,2020-05-16,2020-05-16,140,3,17091.6827330063,1,2580.40189243615,32,138,1,0,639005.601830371,140,3,137,0,26,114,0,2,138,0,25,115,0,47,93,0,29,111,0,11,129,0,5,135,0,10,130,0,2,138,0,9,131,0,48,92,0,14,126,0,7,7,126,6,133,1,1,3,136,0,1,0,139,56,84,0,124,16,0,58,81,1,89,51,0,4,136,0,23,117,0,79,61,0,59,13,5,2,61,29,111,0,0,0,2,2,134,2,0,22,34,56,28,0,1,1,9,24,105,0,2,3,12,27,96,0,15,70,41,14,0,1,3,9,127,0,58,82,0,0,0,0,140,0,0,0,0,0,0,65,41,34,0,22.1396875,36.4506159099893,31.1111111111111,38.6406216706932,2.57857142857143,1.67533034278353,0.0214285714285714,0.0239870559672134,0.0267473128311375,0.000395593040500753,0.00714285714285714,0.0139496540611004,0.00403815222440122,0.000155492144266835,0.00326597264747908,0.00112973162806982
NO,NOR,Norway,3,2020-05-16,2020-05-16,208,1,3308.74710606563,0,0,28,207,1,0,695097.286272556,208,1,206,1,23,184,1,5,202,1,32,175,1,50,157,1,36,171,1,18,189,1,5,202,1,11,196,1,2,205,1,4,203,1,44,163,1,14,194,0,8,5,195,12,195,1,1,6,201,0,1,0,207,81,126,1,178,30,0,79,128,1,121,86,1,13,194,1,22,186,0,106,102,0,75,14,9,8,102,36,172,0,2,1,2,6,191,6,0,29,43,56,79,1,1,0,13,18,175,1,1,0,16,33,157,1,24,107,56,20,1,2,4,16,186,0,96,112,0,0,0,0,0,208,0,0,0,0,0,101,55,52,0,27.599957487512,42.403998995318,33.2307692307692,39.9794819170906,3.284004147422,3.77987516849836,0.00480769230769231,0.00940022527018195,0.00476012088006949,0.000161807322014745,0,0,0,0,0.00190515071102946,0.000704992212515999
NO,NOR,Norway,4,2020-05-16,2020-05-16,263,2,4528.02304028387,2,4528.02304028387,22,262,4,0,679347.216537922,263,5,256,2,32,229,2,4,257,2,22,240,1,56,205,2,53,209,1,21,240,2,13,248,2,17,244,2,3,258,2,10,251,2,51,211,1,14,249,0,5,9,249,21,239,3,4,8,251,0,3,1,259,111,151,1,224,39,0,106,156,1,148,114,1,13,250,0,30,233,0,131,132,0,86,24,10,11,132,54,209,0,1,4,2,4,241,9,2,63,47,83,70,0,0,1,9,22,228,3,1,2,17,33,207,3,38,108,87,27,3,0,8,23,232,0,109,151,0,0,3,0,0,0,263,0,0,0,0,107,78,73,5,32.757323398349,50.6722737144276,34.2366863905326,17.2942814578249,2.75060650887574,1.70112988089838,0.00760456273764259,0.0104990431295915,0.0066652558957399,0.000193489952408054,0.00760456273764259,0.0104990431295915,0.0066652558957399,0.000193489952408054,0.00118266853026556,0.00049390432160246
NO,NOR,Norway,5,2020-05-16,2020-05-16,306,0,0,0,0,19,305,2,0,586400.752379715,306,3,300,3,45,258,3,12,291,3,28,275,3,68,236,2,37,266,3,22,281,3,12,292,2,8,295,3,2,301,3,10,293,3,38,265,3,15,291,0,11,4,291,18,285,3,2,5,299,0,2,0,304,100,204,2,256,47,3,115,187,4,179,126,1,8,296,2,30,274,2,138,167,1,98,23,10,7,168,65,241,0,2,1,2,5,283,13,0,64,60,107,75,0,1,4,3,29,267,2,0,1,7,38,258,2,41,136,92,35,2,0,2,21,282,1,122,183,0,1,0,0,0,0,0,306,0,0,0,117,93,96,0,34.8106865843149,54.2280138069269,29.6632653061225,13.8426464496897,1.99011018543402,1.07792275096007,0,0,0,0,0,0,0,0,0.000877395520664974,0.000394344779457712
NO,NOR,Norway,6,2020-05-16,2020-05-16,219,0,0,0,0,6,218,0,0,651909.373993973,219,2,215,2,22,197,0,4,214,1,5,213,1,30,187,2,30,187,2,13,203,3,5,212,2,4,213,2,3,214,2,8,210,1,29,189,1,7,212,0,3,4,212,5,211,3,0,3,216,0,0,0,219,25,190,4,178,40,1,81,136,2,117,101,1,1,216,2,19,199,1,89,129,1,71,15,2,1,130,29,190,0,2,1,3,4,187,20,2,86,45,64,22,2,0,0,8,23,187,1,1,0,8,30,179,1,16,94,74,34,1,0,1,8,209,1,113,104,0,0,2,0,0,0,0,0,219,0,0,87,66,65,1,48.1412591050989,78.9013860837057,18.25,19.9918733489386,1.90681475503833,1.02162843882227,0,0,0,0,0,0,0,0,0.000387646982814317,0.000310116362365651
NO,NOR,Norway,7,2020-05-16,2020-05-15,100,0,0,0,0,2,98,0,0,307154.607867926,100,0,98,2,10,89,1,3,96,1,6,93,1,23,76,1,17,82,1,6,93,1,5,94,1,3,96,1,2,97,1,9,90,1,10,89,1,3,96,1,2,1,97,3,92,5,0,1,99,0,0,0,100,4,92,4,84,15,1,40,58,2,54,44,2,2,96,2,9,89,2,36,63,1,30,4,2,0,64,25,75,0,1,0,2,2,83,11,1,39,32,23,6,0,0,0,3,10,86,1,0,1,5,18,74,2,11,44,34,9,2,0,1,5,94,0,62,36,0,1,1,0,0,0,0,0,0,100,0,48,26,24,2,72.0816326530612,89.8954593975984,25,35.3553390593274,1.68350168350168,0.661266334048462,0,0,0,0,0,0,0,0,0.000287438919229664,0.000398305440840986
NO,NOR,Norway,1,2020-05-17,2020-05-16,100,2,17268.1228887927,2,17268.1228887927,10,99,1,0,695940.169089459,100,2,98,0,19,81,0,4,96,0,25,75,0,50,50,0,25,75,0,13,87,0,8,92,0,17,83,0,3,97,0,12,88,0,35,65,0,7,93,0,3,4,93,3,97,0,1,1,98,0,1,0,99,32,68,0,76,24,0,34,66,0,69,31,0,14,86,0,24,76,0,61,39,0,38,12,6,5,39,11,89,0,0,1,1,2,92,4,0,11,33,37,19,0,0,2,14,20,63,1,3,2,12,24,58,1,16,43,31,9,1,0,4,9,87,0,47,52,0,1,0,100,0,0,0,0,0,0,0,46,28,26,0,9.01020408163265,18.7849222676418,25,17.4801474695025,2.75482093663912,1.4560605457706,0.02,0.0274394957835608,0.0248126543857724,0.000365462466174767,0.02,0.0274394957835608,0.0248126543857724,0.000365462466174767,0.00142267747901551,0.00088114097477148
NO,NOR,Norway,2,2020-05-17,2020-05-17,112,3,14272.1304443789,3,14272.1304443789,23,112,1,0,579122.600866397,112,4,108,0,22,90,0,5,107,0,24,88,0,37,75,0,23,89,0,15,97,0,5,107,0,13,99,0,4,108,0,6,106,0,36,76,0,8,104,0,4,4,104,7,105,0,1,6,105,0,1,0,111,40,72,0,88,24,0,41,71,0,80,32,0,10,102,0,27,84,1,76,36,0,44,17,10,5,36,24,88,0,1,2,1,4,103,1,0,10,23,48,31,0,2,2,10,15,82,1,1,4,18,20,68,1,21,45,31,14,1,1,4,16,91,0,58,53,0,1,0,0,112,0,0,0,0,0,0,57,31,24,0,18.9043209876543,37.210494055688,40.25,44.5477272147525,2.50842975206612,1.42450191839349,0.0267857142857143,0.0299016348251109,0.024644402451272,0.000399303825120244,0.0267857142857143,0.0299016348251109,0.024644402451272,0.000399303825120244,0.00289235412474849,0.00118033873862977
NO,NOR,Norway,3,2020-05-17,2020-05-17,150,2,7987.57584877875,1,4654.82332860355,25,150,1,0,673081.969407711,150,5,142,3,22,127,1,6,141,3,20,127,3,39,111,0,24,124,2,10,138,2,10,138,2,9,138,3,4,143,3,10,137,3,33,116,1,9,141,0,5,4,141,12,137,1,1,6,143,0,1,0,149,52,97,1,117,33,0,49,99,2,102,46,2,14,134,2,19,130,1,88,62,0,56,23,4,5,62,33,117,0,1,1,2,2,138,6,0,33,31,54,31,1,2,2,5,15,123,3,1,5,10,28,103,3,20,64,41,22,3,4,4,14,128,0,91,58,0,1,0,0,0,150,0,0,0,0,0,68,41,41,0,26.2056671045224,44.8731830233174,46.2962962962963,50.5372372185007,2.81827016520894,1.4643339715413,0.0133333333333333,0.0183551128081561,0.0118671665737942,0.000258699325804662,0.00666666666666667,0.0130227989741459,0.00691568566708099,0.000197981584858766,0.00234741784037559,0.000919090237429732
NO,NOR,Norway,4,2020-05-17,2020-05-17,229,5,17175.0732307998,4,15102.4416773523,17,229,1,0,694749.113888225,229,6,221,2,27,201,1,7,219,3,26,201,2,50,178,1,37,190,2,19,208,2,10,216,3,18,209,2,6,221,2,14,212,3,45,182,2,12,217,0,6,6,217,12,214,3,1,4,224,0,1,0,228,70,159,0,169,59,1,76,152,1,144,83,2,26,202,1,18,210,1,122,107,0,84,24,7,7,107,42,187,0,1,0,4,3,208,13,0,39,43,82,65,0,0,1,9,26,192,1,1,5,19,29,174,1,28,99,68,32,2,1,1,18,209,0,97,129,0,3,0,0,0,0,229,0,0,0,0,85,74,70,0,35.1085674644468,55.5652471641772,25.4444444444444,18.7919676228448,2.87659664512158,2.21778456320885,0.0218340611353712,0.0189279630222622,0.02472125964246,0.000365118439757576,0.0174672489082969,0.0169674321904734,0.0217379790422908,0.000342902988183806,0.00104557475859524,0.000496765650319133
NO,NOR,Norway,5,2020-05-17,2020-05-17,216,2,5233.96969584988,2,5233.96969584988,5,213,0,0,589838.70980381,216,2,214,0,24,192,0,2,213,1,16,199,1,41,175,0,28,187,1,17,198,1,6,210,0,7,209,0,5,211,0,5,211,0,22,194,0,7,209,0,1,6,209,12,199,5,0,5,211,0,0,0,216,55,159,2,151,65,0,88,128,0,146,70,0,12,204,0,19,197,0,104,111,1,63,26,12,2,113,32,184,0,1,3,2,2,183,24,1,42,46,67,60,1,0,0,4,24,185,3,0,0,8,30,173,5,27,96,59,30,4,1,0,12,203,0,102,114,0,0,0,0,0,0,0,216,0,0,0,77,70,69,0,48.8424489795919,74.7138056416227,54,44.0908153700972,2.28027223108196,1.20107768635221,0.00925925925925926,0.0127728951982853,0.00887356087156569,0.000239328794191157,0.00925925925925926,0.0127728951982853,0.00887356087156569,0.000239328794191157,0.000330622231038815,0.000289749927156959
NO,NOR,Norway,6,2020-05-17,2020-05-17,165,1,2573.13414755981,1,2573.13414755981,8,162,0,0,647407.130381634,165,2,161,2,19,144,2,3,160,2,8,155,2,27,137,1,27,136,2,10,153,2,4,159,2,7,156,2,1,162,2,4,160,1,18,145,2,7,156,2,2,5,158,7,155,3,0,3,162,0,0,0,165,16,146,3,112,51,2,53,110,2,99,65,1,9,154,2,17,145,3,79,86,0,47,22,6,3,87,17,148,0,2,0,1,3,147,12,0,51,48,57,9,0,0,0,7,10,148,0,0,1,7,22,135,0,21,76,43,25,0,0,1,5,159,0,75,89,0,0,1,0,0,0,0,0,165,0,0,52,59,51,3,56.8672839506173,76.1160922153637,36.6666666666667,14.2009389360939,1.83428762641285,0.884119106727238,0.00606060606060606,0.0118425192330235,0.00397452240917241,0.000153262904127538,0.00606060606060606,0.0118425192330235,0.00397452240917241,0.000153262904127538,0.000695531211963137,0.000481802041673091
NO,NOR,Norway,7,2020-05-17,2020-05-16,100,0,0,0,0,1,99,0,0,350495.159279152,100,0,100,0,6,94,0,2,98,0,5,95,0,14,86,0,14,86,0,5,95,0,3,97,0,1,99,0,2,98,0,5,95,0,8,92,0,1,98,1,0,1,99,2,89,9,0,1,99,0,0,0,100,6,91,3,71,27,2,35,64,1,51,48,1,1,98,1,9,90,1,31,68,1,22,8,1,0,69,21,79,0,2,1,1,2,78,16,0,46,26,24,3,1,2,0,2,6,90,0,0,2,4,15,79,0,12,32,36,20,0,0,0,4,96,0,62,37,0,0,1,0,0,0,0,0,0,100,0,42,31,25,2,54.8958333333333,86.8119297176624,0,0,1.70049952173451,0.614268445756318,0,0,0,0,0,0,0,0,0.000142267747901551,0.000278819826397772
NO,NOR,Norway,1,2020-05-18,2020-05-17,100,3,20907.2596586061,3,20907.2596586061,11,100,0,0,578971.980692327,100,4,96,0,22,78,0,3,97,0,32,68,0,48,52,0,15,85,0,19,81,0,8,92,0,23,77,0,5,94,1,9,91,0,36,64,0,5,95,0,1,4,95,8,92,0,0,6,94,0,0,0,100,12,88,0,55,45,0,25,75,0,77,22,1,25,75,0,25,75,0,76,24,0,38,26,9,3,24,14,86,0,0,0,2,2,90,6,0,10,29,42,18,1,0,1,8,16,75,0,3,3,10,26,58,0,18,47,27,8,0,1,8,5,86,0,31,68,0,1,0,100,0,0,0,0,0,0,0,46,33,21,0,8.86426592797784,15.9615888497403,44,26.0768096208106,3.2798833819242,4.38159799729374,0.03,0.0334344809563718,0.0361110042555176,0.000480565525032397,0.03,0.0334344809563718,0.0361110042555176,0.000480565525032397,0.00154929577464789,0.000914848959976437
NO,NOR,Norway,2,2020-05-18,2020-05-18,164,0,0,0,0,30,164,2,1,722484.745658144,164,0,164,0,20,144,0,4,160,0,42,122,0,60,104,0,30,134,0,17,147,0,9,155,0,20,144,0,7,157,0,14,150,0,47,117,0,11,153,0,7,4,153,11,153,0,2,5,157,1,0,1,162,59,104,1,114,49,1,51,112,1,122,42,0,28,136,0,40,123,1,114,50,0,50,45,16,3,50,31,133,0,4,2,2,3,147,6,0,26,43,52,43,0,0,3,10,17,134,0,4,7,16,20,117,0,21,69,52,22,0,2,8,18,136,0,58,103,1,2,0,0,164,0,0,0,0,0,0,79,49,35,1,17.7595486111111,32.7278777115429,40.6611570247934,66.3717191953067,2.61835086114922,1.49110782168798,0,0,0,0,0,0,0,0,0.00257643421504638,0.000920759766425718
NO,NOR,Norway,3,2020-05-18,2020-05-18,149,1,3079.30160537532,0,0,3,148,0,0,610720.481356732,149,2,146,1,14,135,0,4,144,1,20,128,1,27,121,1,28,120,1,11,137,1,5,143,1,9,138,2,1,147,1,6,142,1,28,120,1,3,146,0,3,0,146,9,139,1,0,6,143,0,0,0,149,51,98,0,102,47,0,43,105,1,111,37,1,18,130,1,15,132,2,89,60,0,52,23,12,2,60,22,127,0,1,2,1,3,138,4,0,26,40,52,31,0,2,0,9,15,122,1,1,1,13,25,108,1,20,62,49,17,1,1,4,13,131,0,72,77,0,0,0,0,0,149,0,0,0,0,0,66,42,41,0,25.7878596933417,49.893803291324,111.75,52.6794551983978,3.01970350910114,1.69027113614446,0.00671140939597315,0.0131099050447362,0.00504208013219824,0.000177637264621664,0,0,0,0,0.000285496764370004,0.000323017945521259
NO,NOR,Norway,4,2020-05-18,2020-05-18,256,0,0,0,0,40,255,5,0,718366.226997436,256,2,253,1,29,226,1,10,245,1,30,225,1,50,205,1,48,207,1,27,228,1,6,249,1,11,245,0,2,253,1,17,238,1,40,216,0,18,238,0,12,6,238,19,235,2,5,7,244,0,4,1,251,95,161,0,168,88,0,70,185,1,188,67,1,30,226,0,17,239,0,155,101,0,79,40,31,5,101,50,206,0,1,3,3,3,230,16,0,45,58,105,48,0,0,1,12,17,225,1,1,2,22,32,198,1,28,107,81,40,0,1,6,20,229,0,90,165,0,0,1,0,0,0,256,0,0,0,0,101,78,76,1,36.718792866941,62.7705938861241,34.5467128027682,23.6696168807417,2.66796875,1.35874414875086,0,0,0,0,0,0,0,0,0.00220933443800055,0.000683910507005596
NO,NOR,Norway,5,2020-05-18,2020-05-18,258,1,934.654717295504,0,0,16,255,1,0,588062.586420405,258,3,255,0,24,234,0,8,250,0,19,238,1,48,210,0,37,221,0,22,236,0,3,255,0,9,249,0,6,252,0,9,248,1,39,217,2,14,243,1,9,5,244,19,233,6,1,9,248,0,0,1,257,78,178,2,155,102,1,62,193,3,182,75,1,24,234,0,16,242,0,144,114,0,71,42,26,5,114,46,212,0,2,1,6,1,224,24,0,53,60,89,55,1,0,4,8,18,224,4,1,3,10,26,214,4,39,106,76,34,3,1,3,16,236,2,86,172,0,0,0,0,0,0,0,258,0,0,0,98,75,84,1,34.0179584120983,50.9404839882621,26.875,13.3640035509233,2.01956170703576,1.00576411280447,0.00387596899224806,0.00758202293400847,0.00158937966617608,0.000101813352590034,0,0,0,0,0.000883733775200221,0.000432830212633394
NO,NOR,Norway,6,2020-05-18,2020-05-18,202,0,0,0,0,5,200,0,0,641064.47245015,202,1,199,2,24,177,1,6,194,2,6,194,2,32,168,2,30,171,1,12,189,1,4,196,2,4,197,1,2,199,1,6,195,1,14,187,1,6,195,1,5,1,196,5,193,4,0,1,201,0,0,0,202,19,181,2,114,86,2,60,138,4,135,66,1,13,187,2,27,173,2,101,101,0,65,29,7,0,101,24,178,0,2,0,3,3,173,21,0,59,69,65,9,0,0,0,5,13,182,2,0,0,6,21,173,2,14,104,58,25,1,0,0,16,185,1,98,104,0,0,0,0,0,0,0,0,202,0,0,74,57,69,2,77.37700249199,104.864838572302,40.4,0,1.70995767431499,0.870593750308555,0,0,0,0,0,0,0,0,0.000352112676056338,0.000308580355507473
NO,NOR,Norway,7,2020-05-18,2020-05-17,100,1,3021.08338214734,1,3021.08338214734,5,98,1,0,364561.288902728,100,1,98,1,8,91,1,6,94,0,7,92,1,12,87,1,14,84,2,2,97,1,2,97,1,0,99,1,2,97,1,2,97,1,3,96,1,5,94,1,2,3,95,6,88,6,1,2,97,0,1,0,99,5,93,2,61,37,2,25,74,1,57,42,1,7,93,0,7,93,0,34,66,0,22,10,2,0,66,18,82,0,1,0,2,1,80,16,0,40,30,24,5,1,1,0,0,14,84,1,0,0,3,12,84,1,8,36,32,24,0,0,0,4,95,1,55,45,0,0,0,0,0,0,0,0,0,100,0,35,27,36,2,67.8004535147392,86.895364944073,25,20.4124145231932,1.78393351800554,0.79891604838861,0.01,0.0195013954179879,0.00828690119908322,0.000294274019116,0.01,0.0195013954179879,0.00828690119908322,0.000294274019116,0.000718597298074159,0.000629640378423396
NO,NOR,Norway,1,2020-05-19,2020-05-18,100,0,0,0,0,12,100,3,0,482005.91169788,100,1,99,0,22,78,0,11,89,0,26,74,0,39,61,0,23,77,0,19,81,0,7,93,0,14,86,0,2,98,0,12,88,0,39,61,0,6,94,0,5,1,94,5,95,0,3,2,95,0,3,0,97,35,65,0,67,33,0,26,74,0,69,31,0,19,81,0,19,81,0,67,33,0,39,17,6,5,33,9,91,0,0,1,2,2,91,4,0,13,17,44,24,2,0,2,3,19,76,0,3,3,8,22,64,0,19,44,23,14,0,0,4,9,87,0,39,60,1,0,0,100,0,0,0,0,0,0,0,36,37,27,0,13.491124260355,26.1039813536655,33.3333333333333,10.5409255338946,2.71017111276437,1.63220917369529,0,0,0,0,0,0,0,0,0.00169014084507042,0.000955461177500561
NO,NOR,Norway,2,2020-05-19,2020-05-19,184,3,7509.06584171789,2,5626.18673685169,29,183,3,0,686317.35141936,184,4,180,0,28,156,0,9,175,0,40,144,0,49,135,0,33,151,0,22,162,0,8,176,0,13,171,0,3,181,0,9,175,0,42,142,0,13,171,0,7,6,171,12,172,0,3,2,179,0,2,1,181,69,115,0,140,43,1,48,136,0,115,69,0,21,163,0,32,152,0,102,82,0,66,18,12,6,82,42,142,0,2,1,1,6,168,6,0,23,36,92,33,0,0,0,12,26,146,0,1,7,20,31,125,0,22,83,63,16,0,1,11,21,151,0,73,109,1,0,1,0,184,0,0,0,0,0,0,83,58,42,1,18.6366245084494,34.8398162562637,37.0555555555556,19.0150569437062,2.68465553554531,2.81849513699726,0.016304347826087,0.0182987435747807,0.0109410986421785,0.000246108801963778,0.0108695652173913,0.0149820778122195,0.00819764606740056,0.000213325489497885,0.00223197106134072,0.000811432584312385
NO,NOR,Norway,3,2020-05-19,2020-05-19,197,0,0,0,0,35,196,1,0,611524.796083864,197,2,194,1,28,168,1,6,190,1,36,160,1,57,140,0,34,162,1,16,180,1,8,188,1,18,178,1,0,196,1,9,187,1,51,145,1,11,186,0,4,7,186,14,183,0,1,4,192,0,1,0,196,82,115,0,156,41,0,63,134,0,123,74,0,15,182,0,32,165,0,103,94,0,55,30,11,7,94,38,159,0,3,1,2,3,181,7,0,32,51,70,44,0,1,0,8,30,158,0,0,1,15,43,138,0,18,87,64,28,0,4,5,16,172,0,81,114,2,0,0,0,0,197,0,0,0,0,0,87,63,47,0,21.5397520661157,36.0462150778793,66.98,85.7195271413307,2.94864119117035,1.4253193406173,0,0,0,0,0,0,0,0,0.00251509054325956,0.000832186871631657
NO,NOR,Norway,4,2020-05-19,2020-05-19,296,3,5532.15354160096,2,2865.00640467355,12,292,3,0,708098.665182619,296,5,289,2,36,259,1,4,290,2,41,254,1,58,236,2,54,241,1,35,259,2,9,285,2,16,279,1,6,288,2,7,288,1,56,239,1,13,283,0,8,5,283,16,276,4,3,7,286,0,2,1,293,140,156,0,221,75,0,84,212,0,195,101,0,10,285,1,32,264,0,153,143,0,83,50,13,7,143,59,237,0,1,1,2,4,279,9,0,54,49,112,81,0,2,2,13,30,249,0,2,8,16,48,222,0,34,142,84,36,0,2,11,23,259,1,108,186,0,1,1,0,0,0,296,0,0,0,0,127,90,78,1,31.645952,50.5629258024825,43.8518518518519,23.2559563590242,2.5824878565854,1.30910002728256,0.0101351351351351,0.0114105075315514,0.00781268743131187,0.000205068173155815,0.00675675675675676,0.00933252554754552,0.00404605536706479,0.000147855247268232,0.00057881535790083,0.000327394809108417
NO,NOR,Norway,5,2020-05-19,2020-05-19,292,1,2175.55302926705,1,2175.55302926705,10,291,4,0,579328.835391889,292,1,289,2,29,262,1,9,282,1,28,263,1,48,243,1,41,250,1,19,272,1,5,286,1,11,280,1,2,289,1,10,281,1,39,252,1,8,284,0,6,2,284,17,271,4,4,6,282,0,4,0,288,119,173,0,214,77,1,104,187,1,211,81,0,12,279,1,34,256,2,124,168,0,82,31,8,3,168,56,236,0,3,1,0,7,262,19,0,49,75,108,60,0,1,0,9,22,255,5,0,2,21,35,229,5,37,114,98,39,4,0,2,24,266,0,104,188,0,0,0,0,0,0,0,292,0,0,0,124,93,74,1,37.1759259259259,57.1766081760572,53.6326530612245,39.6782002162446,1.89041095890411,1.02627533715169,0.00342465753424658,0.00670070206685092,0.00375529905704657,0.000157503712356933,0.00342465753424658,0.00670070206685092,0.00375529905704657,0.000157503712356933,0.000484003678427956,0.000299910470264412
NO,NOR,Norway,6,2020-05-19,2020-05-19,216,1,2362.19387928239,0,0,7,214,0,0,606401.212318041,216,2,212,2,17,196,3,8,207,1,14,200,2,33,181,2,37,178,1,13,202,1,6,209,1,4,211,1,3,212,1,5,209,2,11,203,2,5,209,2,3,2,211,3,207,6,0,1,215,0,0,0,216,24,189,3,140,75,1,63,150,3,124,92,0,9,206,1,19,197,0,93,120,3,67,22,2,2,123,24,192,0,3,1,3,4,185,20,0,56,69,74,17,0,1,1,4,12,197,1,1,1,4,25,184,1,28,93,63,30,2,1,1,10,202,2,85,128,1,1,1,0,0,0,0,0,216,0,0,78,68,67,3,70.2418845159437,98.4925823240041,51.84,36.1437131462721,1.72897959183674,0.738100489999826,0.00462962962962963,0.00905287855360063,0.00389543066751569,0.000156782745830144,0,0,0,0,0.000460708174279321,0.000341212493431772
NO,NOR,Norway,7,2020-05-19,2020-05-18,100,0,0,0,0,7,98,0,0,295297.971798355,100,0,99,1,8,91,1,3,96,1,2,97,1,12,87,1,11,89,0,7,92,1,1,98,1,0,99,1,0,99,1,1,98,1,2,97,1,6,93,1,4,2,94,0,99,1,0,0,100,0,0,0,100,5,90,5,64,36,0,30,70,0,58,42,0,4,96,0,11,89,0,37,63,0,24,10,0,3,63,12,88,0,0,0,3,0,82,15,0,28,34,26,12,0,0,0,1,11,88,0,0,0,1,10,89,0,9,35,37,19,0,0,0,4,96,0,48,50,0,0,2,0,0,0,0,0,0,100,0,43,23,31,3,83.5798816568047,100.933850810406,28,10.9544511501033,1.75968346522282,1.19736967038256,0,0,0,0,0,0,0,0,0.00100603621730382,0.00074489338690477
NO,NOR,Norway,1,2020-05-20,2020-05-19,100,0,0,0,0,11,100,4,0,444204.02862628,100,1,98,1,20,80,0,6,93,1,23,76,1,41,59,0,19,80,1,12,87,1,5,94,1,12,87,1,3,96,1,9,90,1,30,69,1,7,93,0,6,1,93,9,91,0,4,4,92,0,4,0,96,25,75,0,78,22,0,31,69,0,63,37,0,15,85,0,20,80,0,59,41,0,40,12,5,2,41,17,83,0,2,1,2,1,92,2,0,12,21,50,17,0,0,1,8,16,75,0,0,4,14,21,61,0,15,47,31,7,0,0,6,12,82,0,41,57,1,1,0,100,0,0,0,0,0,0,0,55,26,18,1,13.5665972944849,26.4065942771669,22.4489795918367,11.2399398924206,2.60177532904806,1.55476899513954,0,0,0,0,0,0,0,0,0.00154929577464789,0.000914848959976437
NO,NOR,Norway,2,2020-05-20,2020-05-20,182,4,11645.187196053,3,9707.76193026098,38,182,5,0,710080.078332229,182,6,176,0,29,153,0,6,176,0,40,142,0,46,136,0,37,145,0,28,154,0,13,169,0,12,170,0,1,181,0,12,170,0,53,129,0,11,171,0,7,4,171,15,166,1,5,6,171,0,4,1,177,71,111,0,141,40,1,58,122,2,109,71,2,4,175,3,27,153,2,99,83,0,65,21,9,4,83,32,150,0,0,2,6,4,159,11,0,31,34,76,40,1,1,2,16,31,130,2,3,7,25,27,118,2,29,85,37,29,2,4,5,22,151,0,79,102,0,0,1,0,182,0,0,0,0,0,0,91,51,39,1,17.29,33.7485365788225,57.1570247933884,68.3644232414711,2.53905933023314,1.60356642961157,0.021978021978022,0.0213000687819962,0.0163998224304562,0.000295408711864265,0.0164835164835165,0.018498143828581,0.013671362183631,0.000270091640478536,0.00294072125058041,0.000933621065747595
NO,NOR,Norway,3,2020-05-20,2020-05-20,189,0,0,0,0,10,187,2,0,619512.95157548,189,2,186,1,30,158,1,3,185,1,44,144,1,50,138,1,38,150,1,19,169,1,10,178,1,10,178,1,3,185,1,11,177,1,49,139,1,7,181,1,4,3,182,13,174,2,2,5,182,0,1,1,187,88,101,0,154,35,0,65,124,0,130,59,0,17,172,0,20,169,0,96,93,0,60,24,7,5,93,43,146,0,0,0,5,3,175,5,1,28,38,81,40,2,0,4,8,19,157,1,0,5,14,32,137,1,27,78,58,25,1,4,3,22,159,1,71,117,0,0,1,0,0,189,0,0,0,0,0,85,61,42,1,29.9405940594059,46.3618703172319,52.5,51.4392845984467,3.04289513569161,1.59973009891649,0,0,0,0,0,0,0,0,0.000753182194772916,0.000466642749903368
NO,NOR,Norway,4,2020-05-20,2020-05-20,269,3,8795.99330953268,1,3001.36572979009,29,268,3,0,704774.395892045,269,6,263,0,34,235,0,13,256,0,42,227,0,60,209,0,52,217,0,24,245,0,15,254,0,19,250,0,3,266,0,13,256,0,42,227,0,17,252,0,11,6,252,20,245,4,3,8,258,0,3,0,266,122,147,0,204,64,1,85,183,1,172,97,0,20,249,0,25,244,0,140,129,0,84,35,13,8,129,62,207,0,1,2,3,5,245,13,0,52,45,109,63,0,2,3,8,24,230,2,2,5,9,43,208,2,26,108,93,40,2,5,6,17,241,0,104,165,0,0,0,0,0,0,269,0,0,0,0,110,88,70,1,43.4680325255102,62.9478746700635,30.47265625,22.3201372171101,2.85763811539318,1.79797329694623,0.0111524163568773,0.0125493466711022,0.0124805801130154,0.000259187015376864,0.00371747211895911,0.00727255589873354,0.00425861913725059,0.000152030495386801,0.00152406979188564,0.000554271753943519
NO,NOR,Norway,5,2020-05-20,2020-05-20,257,0,0,0,0,20,257,2,0,569483.795979602,257,0,257,0,27,230,0,3,254,0,18,239,0,52,205,0,35,222,0,18,239,0,7,250,0,7,250,0,3,254,0,11,246,0,41,216,0,8,249,0,4,4,249,17,238,2,2,7,248,0,2,0,255,102,155,0,206,51,0,84,173,0,168,89,0,14,243,0,23,234,0,117,140,0,81,15,18,3,140,50,207,0,4,3,9,9,210,21,1,54,51,91,61,0,2,0,4,24,227,0,1,1,8,49,198,0,30,104,89,34,0,1,3,19,234,0,80,176,0,0,1,0,0,0,0,257,0,0,0,83,88,84,2,39.5237538526942,61.1425965521136,80.3125,48.5684347816857,1.95934946648128,1.14597442427182,0,0,0,0,0,0,0,0,0.0010960705869458,0.000480101958452386
NO,NOR,Norway,6,2020-05-20,2020-05-20,236,1,2690.15247074964,1,2690.15247074964,3,236,0,0,658968.911598274,236,1,235,0,17,219,0,4,232,0,13,223,0,33,203,0,36,200,0,10,226,0,4,232,0,3,233,0,3,233,0,11,225,0,19,217,0,2,234,0,1,1,234,7,222,7,0,6,230,0,0,0,236,25,207,4,179,56,1,92,141,3,133,102,1,7,227,2,26,207,3,90,146,0,66,16,7,1,146,43,193,0,2,3,3,5,188,35,0,73,69,79,15,0,0,0,5,15,213,3,0,2,5,24,202,3,25,103,78,28,2,1,0,17,218,0,105,128,0,0,3,0,0,0,0,0,236,0,0,83,68,81,4,65.0745562130178,88.4017463996033,177,83.4386001800126,1.71364418288818,0.897130008959908,0.00423728813559322,0.00828731826410198,0.00408236628982223,0.000153951286875348,0.00423728813559322,0.00828731826410198,0.00408236628982223,0.000153951286875348,0.00017904034375746,0.000202581361266204
NO,NOR,Norway,7,2020-05-20,2020-05-19,100,0,0,0,0,3,99,0,0,291178.564701649,100,0,100,0,9,91,0,2,98,0,3,97,0,21,79,0,13,87,0,0,100,0,0,100,0,1,99,0,1,99,0,6,94,0,6,94,0,2,97,1,1,1,98,1,96,3,0,1,99,0,0,0,100,5,91,4,69,31,0,37,63,0,50,50,0,4,96,0,9,91,0,38,62,0,31,5,1,1,62,15,85,0,3,0,2,4,83,8,0,35,34,24,7,0,0,0,2,8,89,1,0,0,3,7,89,1,7,42,33,17,1,0,2,5,91,2,55,42,1,0,2,0,0,0,0,0,0,100,0,47,22,28,3,46.7764060356653,59.1893118892304,75,35.3553390593274,1.86380674718867,3.03136255599486,0,0,0,0,0,0,0,0,0.000426803243704652,0.000482861385434658
NO,NOR,Norway,1,2020-05-21,2020-05-20,100,3,22393.8071659548,2,18417.8517227793,5,100,1,0,585761.432570842,100,4,96,0,20,80,0,4,96,0,20,80,0,31,69,0,20,80,0,14,86,0,6,94,0,12,88,0,7,93,0,9,91,0,22,78,0,4,96,0,3,1,96,5,95,0,1,3,96,0,1,0,99,28,72,0,77,23,0,32,68,0,64,36,0,13,87,0,25,75,0,62,38,0,45,11,3,3,38,13,87,0,1,1,3,2,90,3,0,11,23,41,25,0,0,2,6,14,77,1,1,3,14,21,60,1,13,44,29,13,1,0,3,9,88,0,53,46,0,1,0,100,0,0,0,0,0,0,0,53,31,15,1,9.72606955986457,12.4895866374504,31.25,12.5,2.49,1.58589107603596,0.03,0.0334344809563718,0.0382302519776198,0.000491051272325053,0.02,0.0274394957835608,0.0314425817383458,0.000446899109586743,0.000704225352112676,0.00061705200811476
NO,NOR,Norway,2,2020-05-21,2020-05-21,129,1,4995.49566052108,0,0,8,128,1,0,709928.209769903,129,1,128,0,13,116,0,2,127,0,20,109,0,34,95,0,15,114,0,10,119,0,4,125,0,10,119,0,0,129,0,7,122,0,24,105,0,6,123,0,1,5,123,11,117,1,1,5,123,0,1,0,128,52,77,0,98,31,0,39,90,0,93,36,0,11,118,0,17,112,0,81,48,0,60,13,1,7,48,32,97,0,1,1,2,5,117,3,0,14,28,55,32,0,0,2,7,15,105,0,3,3,11,14,98,0,12,54,46,17,0,0,7,13,109,0,57,71,1,0,0,0,129,0,0,0,0,0,0,69,28,32,0,27.9122807017544,49.677905301669,41.28,23.0762215277978,3.054931640625,7.04270317045404,0.00775193798449612,0.0151345150788071,0.00703662087486309,0.000194441770218181,0,0,0,0,0.000880281690140845,0.000609724338542576
NO,NOR,Norway,3,2020-05-21,2020-05-21,139,1,4482.8271764354,0,0,13,139,1,0,630395.831693849,139,3,134,2,14,124,1,6,132,1,21,116,2,36,102,1,29,109,1,11,126,2,5,133,1,11,126,2,0,137,2,10,128,1,32,106,1,7,132,0,5,2,132,9,129,1,1,5,133,0,1,0,138,57,81,1,102,36,1,44,94,1,94,45,0,14,124,1,20,118,1,73,65,1,42,22,4,5,66,35,104,0,1,1,3,2,125,7,0,25,28,55,31,0,0,0,16,18,103,2,1,4,14,28,90,2,15,64,41,17,2,2,6,13,118,0,59,80,0,0,0,0,0,139,0,0,0,0,0,64,44,30,1,25.5457785698374,45.703486577774,36.8775510204082,13.7027303926553,3.02898396291758,1.60886384790658,0.00719424460431655,0.0140496476855479,0.00711113073890451,0.000207424989734621,0,0,0,0,0.00131725605431148,0.000715583620481333
NO,NOR,Norway,4,2020-05-21,2020-05-21,198,1,2788.98891386427,1,2788.98891386427,6,197,2,0,726076.351591412,198,2,196,0,17,181,0,7,191,0,22,176,0,48,150,0,34,164,0,16,182,0,12,186,0,12,186,0,1,197,0,9,189,0,38,160,0,6,192,0,5,1,192,21,173,4,2,7,189,0,2,0,196,90,106,2,146,52,0,70,128,0,134,64,0,12,186,0,25,173,0,99,99,0,68,22,5,4,99,38,160,0,0,0,4,3,182,9,0,29,40,82,47,0,0,2,9,15,172,0,0,4,9,23,161,1,22,91,56,29,0,0,5,14,179,0,92,103,0,0,3,0,0,0,198,0,0,0,0,77,53,65,3,34.0416599903862,55.1488904821611,47.52,17.7096583817983,2.7499291401479,1.53685746351057,0.00505050505050505,0.00987377937101159,0.00384117855890964,0.000142283154650543,0.00505050505050505,0.00987377937101159,0.00384117855890964,0.000142283154650543,0.000428969757632087,0.000343167358471617
NO,NOR,Norway,5,2020-05-21,2020-05-21,181,1,2074.27259496271,1,2074.27259496271,6,180,0,0,578828.867025777,181,1,180,0,25,156,0,5,176,0,18,163,0,34,147,0,22,159,0,11,170,0,4,177,0,4,177,0,2,179,0,7,174,0,24,157,0,4,177,0,3,1,177,10,168,3,0,3,178,0,0,0,181,56,124,1,123,55,3,63,117,1,106,75,0,6,174,1,13,167,1,72,109,0,44,17,6,5,109,37,144,0,1,1,5,5,156,13,0,44,33,65,39,0,0,2,8,12,159,0,0,1,12,17,151,0,19,72,56,34,0,0,5,10,166,0,81,100,0,0,0,0,0,0,0,181,0,0,0,63,51,67,0,30.9854877721043,41.6698032070401,120.666666666667,104.500398723322,2.29649034212852,3.44035851601849,0.00552486187845304,0.0107985758032751,0.00358356798205494,0.000153939922781964,0.00552486187845304,0.0107985758032751,0.00358356798205494,0.000153939922781964,0.000469483568075117,0.000375569997611763
NO,NOR,Norway,6,2020-05-21,2020-05-21,136,0,0,0,0,8,135,1,0,700763.054511172,136,0,136,0,12,124,0,8,127,1,6,130,0,21,115,0,21,115,0,4,132,0,3,133,0,2,134,0,1,135,0,3,133,0,14,122,0,5,131,0,2,3,131,6,126,4,1,2,133,0,1,0,135,18,117,1,101,35,0,55,81,0,82,54,0,3,133,0,20,116,0,52,84,0,42,8,1,1,84,17,119,0,2,3,0,4,112,14,1,42,41,40,13,0,2,1,1,9,119,4,0,0,3,17,112,4,7,62,42,22,3,0,2,6,127,1,64,71,0,0,1,0,0,0,0,0,136,0,0,44,47,44,1,71.5193337299227,85.9981167986717,68,27.7608837515427,1.82535085765204,0.962278318318405,0,0,0,0,0,0,0,0,0.000834637454355764,0.000578122207615372
NO,NOR,Norway,7,2020-05-21,2020-05-20,100,0,0,0,0,2,99,0,0,375568.799686062,100,0,100,0,12,88,0,4,96,0,5,95,0,26,74,0,16,84,0,5,95,0,1,99,0,1,99,0,2,98,0,7,93,0,5,95,0,2,97,1,0,2,98,3,92,5,0,2,98,0,0,0,100,5,91,4,67,32,1,38,61,1,53,47,0,6,94,0,6,94,0,41,59,0,34,4,2,1,59,15,85,0,3,0,2,4,83,8,0,39,30,26,5,0,1,0,1,7,90,1,1,0,2,9,87,1,4,38,40,16,2,1,2,8,88,1,63,35,1,1,0,0,0,0,0,0,0,100,0,41,27,30,2,69.4411414982164,95.0522378704535,25,35.3553390593274,1.9158683881716,3.01089600438699,0,0,0,0,0,0,0,0,0.000284535495803101,0.000394282726107941
NO,NOR,Norway,1,2020-05-22,2020-05-21,100,1,6306.88107660775,1,6306.88107660775,9,100,0,0,670603.943472769,100,2,96,2,15,83,2,4,94,2,23,75,2,34,64,2,17,81,2,12,86,2,6,92,2,17,81,2,2,96,2,9,89,2,27,71,2,5,95,0,2,3,95,6,94,0,0,2,98,0,0,0,100,29,71,0,70,30,0,37,63,0,65,34,1,10,90,0,26,74,0,64,36,0,42,13,7,2,36,12,88,0,1,0,2,1,92,3,1,12,19,40,29,0,2,2,7,14,70,5,2,4,11,22,56,5,16,36,26,17,5,3,2,15,80,0,47,53,0,0,0,100,0,0,0,0,0,0,0,55,30,15,0,9.72222222222222,19.6489115167123,36,8.94427190999916,3.0405060708091,5.10890773578458,0.01,0.0195013954179879,0.00940477779469522,0.000231013533794399,0.01,0.0195013954179879,0.00940477779469522,0.000231013533794399,0.00126760563380282,0.00082762874363293
NO,NOR,Norway,2,2020-05-22,2020-05-22,160,4,15066.9958725825,3,11100.8933794468,23,160,3,0,717811.482123586,160,7,153,0,25,135,0,3,157,0,31,129,0,50,110,0,31,129,0,17,143,0,8,152,0,15,145,0,3,157,0,12,148,0,49,111,0,9,151,0,8,1,151,14,146,0,3,7,150,0,3,0,157,56,102,2,116,43,1,58,100,2,107,52,1,11,147,2,31,127,2,100,60,0,74,18,3,5,60,31,129,0,0,1,5,2,147,5,0,26,25,72,37,0,2,3,16,22,116,1,2,6,13,35,103,1,29,74,42,14,1,3,9,26,122,0,58,99,1,2,0,0,160,0,0,0,0,0,0,75,45,40,0,18.9795918367347,37.4301628464886,45.4320987654321,26.8307707796664,2.64957264957265,1.8047308884247,0.025,0.0241913671009954,0.0209901850942925,0.000331622926490362,0.01875,0.0210173797161665,0.0154649147525556,0.000285451450645893,0.00202464788732394,0.000826596544229226
NO,NOR,Norway,3,2020-05-22,2020-05-22,159,0,0,0,0,21,159,3,0,569561.049231333,159,0,157,2,22,136,1,2,155,2,27,132,0,35,123,1,24,135,0,9,149,1,4,154,1,8,149,2,0,157,2,7,150,2,34,124,1,4,155,0,2,2,155,14,144,1,3,4,152,0,1,2,156,55,102,2,123,36,0,62,96,1,105,53,1,15,142,2,19,139,1,91,68,0,53,30,3,5,68,35,124,0,0,1,2,0,154,2,0,24,26,70,39,0,0,2,8,19,129,1,2,4,9,24,119,1,15,75,48,20,1,1,7,11,140,0,68,91,0,0,0,0,0,159,0,0,0,0,0,76,40,43,0,22.4350761772853,38.4197705467131,198.75,319.651959168093,3.2510852367236,1.62180913849394,0,0,0,0,0,0,0,0,0.00186021791124103,0.000794873371050944
NO,NOR,Norway,4,2020-05-22,2020-05-22,283,1,1835.47811292876,0,0,26,283,3,0,767929.32303342,283,4,279,0,30,253,0,8,275,0,40,243,0,57,226,0,43,240,0,19,264,0,6,277,0,15,268,0,3,280,0,10,273,0,59,224,0,9,274,0,4,5,274,16,263,4,3,8,272,0,3,0,280,102,179,2,230,53,0,111,172,0,177,106,0,11,272,0,34,249,0,146,137,0,102,31,8,5,137,47,236,0,3,1,5,8,253,12,1,55,58,108,61,1,0,1,11,21,250,0,1,3,9,35,235,0,35,116,89,43,0,1,5,23,254,0,115,165,0,2,1,0,0,0,283,0,0,0,0,122,72,88,1,24.2253112792969,44.9777999729939,90.8395061728395,82.3647059569812,2.97799744897959,5.10589982584786,0.00353356890459364,0.00691342079925064,0.00239016542001337,0.000109214878199009,0,0,0,0,0.00129398297914697,0.000497059998272353
NO,NOR,Norway,5,2020-05-22,2020-05-22,215,0,0,0,0,14,215,2,0,492289.086983274,215,0,213,2,22,191,2,4,209,2,18,195,2,41,172,2,34,179,2,17,196,2,10,203,2,9,205,1,2,211,2,9,203,3,29,184,2,8,207,0,4,4,207,15,194,6,2,6,207,0,2,0,213,68,147,0,167,48,0,92,123,0,154,61,0,12,203,0,17,198,0,103,111,1,71,23,9,0,112,40,175,0,1,3,1,5,188,16,1,35,47,85,46,2,1,2,10,16,184,2,0,4,13,21,176,1,30,84,65,35,1,1,4,8,202,0,87,127,0,0,1,0,0,0,0,215,0,0,0,95,56,62,2,37.0368767313019,57.6053667867812,47.03125,31.3084275224511,2.02342999388593,1.19025477889102,0,0,0,0,0,0,0,0,0.000917130691123485,0.000480193256069724
NO,NOR,Norway,6,2020-05-22,2020-05-22,220,1,3075.47478002059,0,0,7,219,3,0,666595.765476117,220,3,216,1,24,195,1,4,215,1,13,206,1,35,184,1,35,184,1,4,215,1,10,209,1,9,211,0,3,216,1,6,213,1,15,204,1,4,215,1,2,2,216,6,209,5,3,1,216,0,3,0,217,20,197,3,169,50,1,86,131,3,137,81,2,4,214,2,18,200,2,101,118,1,80,18,2,1,119,25,195,0,2,3,2,6,189,18,0,53,69,86,11,1,0,1,3,7,208,1,0,2,5,16,197,0,22,89,79,30,0,0,0,16,204,0,67,152,0,0,1,0,0,0,0,0,220,0,0,78,75,66,1,57.6767676767677,79.7795460301446,82.5,71.0046946804693,1.78712277091907,0.996961597224903,0.00454545454545455,0.00888865657959676,0.00461370284556777,0.000162681232647767,0,0,0,0,0.000450189722811756,0.00033342400820223
NO,NOR,Norway,7,2020-05-22,2020-05-20,100,0,0,0,0,1,98,0,0,378175.094934335,100,0,99,1,14,86,0,6,94,0,5,94,1,24,75,1,15,84,1,8,91,1,2,97,1,0,99,1,1,98,1,4,95,1,6,93,1,2,97,1,1,1,98,4,91,5,0,2,98,0,0,0,100,14,83,3,72,27,1,42,56,2,59,41,0,4,96,0,7,92,1,43,57,0,37,4,2,0,57,19,81,0,1,1,1,1,85,11,0,40,28,26,6,0,1,0,1,6,91,1,1,0,2,10,87,0,7,39,36,17,1,1,1,5,93,0,62,36,0,2,0,0,0,0,0,0,0,100,0,40,25,32,3,67.1819262782402,96.9319601593594,0,0,1.66597251145356,0.693279452599251,0,0,0,0,0,0,0,0,0.000143719459614832,0.000281664722189836
NO,NOR,Norway,1,2020-05-23,2020-05-22,100,1,4173.36901199312,1,4173.36901199312,15,99,2,0,537836.013128915,100,2,95,3,11,86,3,3,94,3,22,75,3,31,66,3,15,82,3,11,86,3,6,91,3,15,83,2,1,96,3,10,87,3,29,69,2,8,92,0,5,3,92,5,94,1,2,0,98,0,2,0,98,29,71,0,70,30,0,41,59,0,68,32,0,10,90,0,30,70,0,62,38,0,42,10,7,3,38,16,84,0,1,1,1,1,90,6,0,13,17,47,23,0,4,3,6,15,72,0,5,4,8,22,61,0,15,44,25,16,0,2,5,8,85,0,42,58,0,0,0,100,0,0,0,0,0,0,0,49,31,20,0,10.0338565712527,15.8164430838554,30.6122448979592,12.8533630120348,3.11328613077884,4.30528739768068,0.01,0.0195013954179879,0.00775955664945924,0.000234503899015346,0.01,0.0195013954179879,0.00775955664945924,0.000234503899015346,0.00213401621852326,0.0010787884457632
NO,NOR,Norway,2,2020-05-23,2020-05-23,196,2,5935.03287204244,2,5935.03287204244,25,194,0,0,726205.987734263,196,2,194,0,24,172,0,4,192,0,31,165,0,54,142,0,34,162,0,14,182,0,13,183,0,20,176,0,3,193,0,10,186,0,47,149,0,16,180,0,13,3,180,9,186,1,0,4,192,0,0,0,196,66,129,1,151,44,1,85,111,0,135,61,0,14,182,0,42,154,0,124,72,0,85,27,8,4,72,36,160,0,3,2,1,7,180,3,0,20,46,79,51,0,1,1,13,23,158,0,1,7,14,33,141,0,27,81,60,28,0,2,7,29,158,0,97,98,0,1,0,0,196,0,0,0,0,0,0,90,68,37,1,21.1582,40.4366974138266,25,20.6770032049729,2.80178552449782,3.80951222934598,0.0102040816326531,0.0140695383238897,0.00817265758240239,0.000207070326480222,0.0102040816326531,0.0140695383238897,0.00817265758240239,0.000207070326480222,0.00181501379410484,0.000710826374288617
NO,NOR,Norway,3,2020-05-23,2020-05-23,182,1,3074.5387187085,0,0,8,181,3,1,544015.341486009,182,1,180,1,18,163,1,4,178,0,26,156,0,47,135,0,39,143,0,21,160,1,9,171,2,8,174,0,4,177,1,11,170,1,40,141,1,5,177,0,2,3,177,12,169,1,3,7,172,1,1,1,179,62,120,0,156,25,1,85,96,1,109,72,1,8,173,1,20,160,2,99,83,0,74,17,5,3,83,32,150,0,0,2,1,4,173,2,0,29,40,73,40,0,1,1,18,18,143,1,2,6,14,27,132,1,19,84,55,22,2,1,8,22,151,0,77,105,0,0,0,0,0,182,0,0,0,0,0,73,54,54,1,18.4760072430964,33.7280161401138,79.625,100.88968810868,3.22432098765432,1.85668824689003,0.0054945054945055,0.0107394068758001,0.00565156620456736,0.000199203160331332,0,0,0,0,0.000622519648276399,0.000431241889662469
NO,NOR,Norway,4,2020-05-23,2020-05-23,295,3,6832.55970252152,2,5382.95806539324,25,294,2,0,706033.012474592,295,4,288,3,34,260,1,8,285,2,35,258,2,54,240,1,46,247,2,18,275,2,10,283,2,13,280,2,2,291,2,10,282,3,54,239,2,14,281,0,6,8,281,23,269,3,2,10,283,0,2,0,293,101,194,0,243,52,0,132,163,0,189,105,1,20,274,1,36,259,0,150,145,0,94,40,7,9,145,60,235,0,0,1,6,9,270,9,0,55,56,125,59,0,1,3,13,22,254,2,0,7,15,46,226,1,36,125,90,43,1,2,2,18,272,1,130,165,0,0,0,0,0,0,295,0,0,0,0,113,90,90,2,31.8672839506173,50.2730965374497,41.8934911242604,27.5537226453863,2.98104668287018,2.67454485598793,0.0101694915254237,0.0114489885262514,0.00967739409036118,0.000228351120427759,0.00677966101694915,0.0093640532576316,0.00762422998681943,0.000202895145954651,0.00119766216345693,0.000469193720790507
NO,NOR,Norway,5,2020-05-23,2020-05-23,276,2,2432.9275096864,2,2432.9275096864,9,275,1,0,554624.346073106,276,5,269,2,37,237,2,7,267,2,21,253,2,62,213,1,49,225,2,18,256,2,7,267,2,12,262,2,3,271,2,14,260,2,40,234,2,7,268,1,4,3,269,17,252,7,1,11,264,0,1,0,275,76,195,5,230,44,2,100,172,4,184,90,2,13,261,2,19,255,2,135,140,1,97,24,10,4,141,50,226,0,3,4,6,5,238,20,0,54,64,106,52,0,1,4,9,26,235,1,1,4,13,29,228,1,29,109,86,51,1,0,4,18,254,0,102,174,0,0,0,0,0,0,0,276,0,0,0,88,85,102,1,33.0138839444642,54.3227027854668,50.6938775510204,29.8051984430134,2.45096237024221,3.43858033173519,0.0072463768115942,0.0100063282887706,0.00438662227309746,0.000173923836854451,0.0072463768115942,0.0100063282887706,0.00438662227309746,0.000173923836854451,0.000460947503201024,0.000301077420571683
NO,NOR,Norway,6,2020-05-23,2020-05-23,256,0,0,0,0,5,255,1,0,624542.465353594,256,0,255,1,15,241,0,5,251,0,14,242,0,45,211,0,48,208,0,14,242,0,5,250,1,8,248,0,5,251,0,9,246,1,16,240,0,4,252,0,2,1,253,12,242,2,1,3,252,0,1,0,255,24,226,6,190,66,0,90,164,2,143,112,1,5,250,1,21,234,1,98,156,2,71,20,3,4,158,40,216,0,2,4,4,4,218,23,1,64,64,100,28,0,1,0,8,12,232,3,0,1,7,27,219,2,24,102,98,30,2,0,1,14,241,0,98,156,0,0,2,0,0,0,0,0,256,0,0,110,55,87,4,44.0330578512397,60.2647939065211,142.222222222222,49.2672229708481,1.86216351349172,1.03251502306903,0,0,0,0,0,0,0,0,0.000276166804750069,0.000242033001658223
NO,NOR,Norway,7,2020-05-23,2020-05-22,100,0,0,0,0,0,97,0,0,263458.001497769,100,0,97,3,9,89,2,3,95,2,4,95,1,16,83,1,16,81,3,3,94,3,0,96,4,1,97,2,0,97,3,3,94,3,9,89,2,1,97,2,0,1,99,5,93,2,0,1,99,0,0,0,100,10,86,4,82,18,0,43,56,1,58,41,1,4,94,2,10,88,2,41,58,1,30,8,1,2,59,11,89,0,1,0,1,0,86,12,0,32,26,33,9,0,0,0,1,4,92,3,1,1,1,13,83,1,6,41,31,21,1,0,0,5,93,2,48,50,0,1,1,0,0,0,0,0,0,100,0,39,32,26,3,71.2222222222222,92.6389743346323,0,0,1.58267388588088,0.90467679531737,0,0,0,0,0,0,0,0,0,0
NO,NOR,Norway,1,2020-05-24,2020-05-23,100,0,0,0,0,6,100,1,0,447257.177199952,100,1,99,0,15,85,0,2,98,0,14,86,0,38,62,0,9,91,0,8,92,0,4,96,0,8,92,0,2,98,0,5,95,0,24,76,0,5,95,0,4,1,95,5,95,0,1,3,96,0,1,0,99,25,74,1,74,26,0,42,57,1,67,33,0,10,88,2,28,72,0,58,42,0,37,14,6,0,43,14,86,0,0,1,4,5,85,5,0,17,18,49,16,0,1,2,13,10,72,2,4,4,10,24,56,2,14,43,30,11,2,1,4,8,87,0,38,60,1,1,0,100,0,0,0,0,0,0,0,50,25,23,2,24.2126480221718,43.1312169565213,24,8.94427190999916,2.68339965309662,1.5214027311134,0,0,0,0,0,0,0,0,0.000845070422535211,0.000675898970898153
NO,NOR,Norway,2,2020-05-24,2020-05-24,179,2,8283.39335539338,1,3887.69431737341,25,178,2,0,664274.765886345,179,3,176,0,25,154,0,10,169,0,29,150,0,58,121,0,43,136,0,23,156,0,8,171,0,21,158,0,6,173,0,12,167,0,51,128,0,14,165,0,6,8,165,17,162,0,2,10,167,0,2,0,177,44,133,2,129,49,1,70,108,1,118,61,0,16,162,1,30,148,1,101,78,0,69,15,13,4,78,32,147,0,3,5,1,6,157,7,0,36,38,70,35,0,0,6,8,39,126,0,2,4,17,42,114,0,27,77,48,27,0,5,5,25,144,0,68,111,0,0,0,0,179,0,0,0,0,0,0,89,53,36,1,21.4263,41.87072511344,25.4201183431953,14.7081273197863,2.35020830703194,1.43769194724977,0.0111731843575419,0.0153982077784872,0.0124698299269893,0.000266857654765816,0.00558659217877095,0.0109188913802287,0.00585253951681582,0.000183430603376085,0.0019781611014401,0.000774657565531064
NO,NOR,Norway,3,2020-05-24,2020-05-24,204,2,9076.79345132734,1,5128.4003728337,9,203,1,0,671722.788956907,204,3,201,0,22,182,0,1,203,0,27,177,0,51,153,0,33,171,0,19,185,0,2,202,0,6,198,0,3,201,0,6,198,0,41,163,0,5,199,0,3,2,199,9,194,1,1,5,198,0,1,0,203,48,154,2,162,42,0,93,111,0,141,63,0,11,193,0,15,189,0,118,86,0,89,19,5,5,86,38,166,0,0,0,1,8,190,5,0,37,39,77,51,0,1,1,6,24,171,1,0,5,7,29,162,1,27,96,56,25,0,2,7,9,185,1,104,100,0,0,0,0,0,204,0,0,0,0,0,90,62,51,1,24.788988657845,46.2971583751793,114.75,76.5,3.4272,2.53182123258512,0.00980392156862745,0.0135205239699182,0.0135127073259229,0.000276102273427812,0.00490196078431373,0.00958408945941471,0.00763469761208697,0.000208153997420303,0.000624436272809269,0.000407830143484092
NO,NOR,Norway,4,2020-05-24,2020-05-24,306,5,13876.2282841595,2,6229.16896836171,38,306,3,0,712207.116024276,306,5,297,4,29,273,4,8,294,4,41,262,3,72,231,3,59,244,3,18,285,3,10,292,4,14,288,4,5,297,4,11,291,4,53,251,2,11,295,0,4,7,295,25,278,3,3,13,290,0,3,0,303,66,237,3,214,91,1,106,196,4,190,116,0,26,278,2,37,267,2,157,149,0,110,34,10,3,149,54,252,0,2,7,7,5,275,10,0,51,59,127,68,1,0,3,16,21,266,0,0,7,16,46,237,0,39,134,87,46,0,4,6,25,271,0,126,179,0,1,0,0,0,0,306,0,0,0,0,141,81,83,1,37.2179556517036,58.8363043889651,96.099173553719,154.065336867324,2.92637976668954,1.53734416053713,0.0163398692810458,0.0142047698407758,0.0194834170734213,0.000320999955299561,0.0065359477124183,0.00902854445826527,0.00874628858404918,0.000216246581797523,0.00174905643008377,0.00055562269777088
NO,NOR,Norway,5,2020-05-24,2020-05-24,274,2,3613.29476896237,2,3613.29476896237,16,274,4,0,555407.350857187,274,3,271,0,32,242,0,4,269,1,27,247,0,56,217,1,46,227,1,16,257,1,7,266,1,11,262,1,1,272,1,8,265,1,32,242,0,7,267,0,4,3,267,22,249,3,4,8,262,0,4,0,270,58,216,0,184,90,0,91,183,0,154,119,1,12,261,1,22,252,0,107,167,0,80,17,8,2,167,46,228,0,4,2,4,9,241,14,0,65,52,106,51,0,1,1,6,19,247,0,1,5,8,28,232,0,34,115,91,34,0,0,2,24,248,0,111,162,0,0,1,0,0,0,0,274,0,0,0,114,70,90,0,57.4413296398892,80.6522573580165,89.469387755102,133.151484348679,2.08877595155709,1.45649247135231,0.0072992700729927,0.0100790986667791,0.00650566609063743,0.000211432069698951,0.0072992700729927,0.0100790986667791,0.00650566609063743,0.000211432069698951,0.000822452965971009,0.000402828791951002
NO,NOR,Norway,6,2020-05-24,2020-05-24,235,2,4627.12055769196,0,0,10,234,2,0,580787.063547132,235,4,230,1,24,211,0,7,227,1,12,222,1,31,204,0,27,207,1,15,220,0,3,231,1,1,233,1,3,231,1,9,225,1,16,219,0,5,230,0,3,2,230,5,225,5,2,2,231,0,2,0,233,27,204,4,159,75,1,84,151,0,151,84,0,8,227,0,14,221,0,105,130,0,81,17,6,1,130,36,199,0,3,1,4,4,200,22,1,72,55,85,23,0,0,2,7,10,214,2,0,1,8,27,196,3,27,97,77,31,3,1,3,12,218,1,102,131,0,0,2,0,0,0,0,0,235,0,0,71,68,93,3,64.0375,98.5237269416876,146.875,176.25,1.89787234042553,1.25328446469481,0.00851063829787234,0.0117446277429188,0.00796698282057458,0.000228638639686617,0,0,0,0,0.000601902010352715,0.000372943587510684
NO,NOR,Norway,7,2020-05-24,2020-05-23,100,0,0,0,0,0,98,0,0,244666.248202155,100,0,99,1,10,89,1,3,96,1,5,94,1,18,82,0,18,81,1,6,94,0,2,97,1,0,99,1,0,99,1,6,93,1,6,93,1,1,98,1,0,1,99,0,99,1,0,0,100,0,0,0,100,4,90,6,70,29,1,39,61,0,60,40,0,2,97,1,14,86,0,36,63,1,30,5,0,1,64,15,85,0,0,0,1,1,89,9,0,25,32,36,7,0,0,0,2,10,85,3,0,0,2,11,85,2,8,39,35,16,2,0,0,3,97,0,49,48,0,0,3,0,0,0,0,0,0,100,0,41,27,29,3,67.3010380622837,83.4211491980499,0,0,1.67638483965015,0.894264917646651,0,0,0,0,0,0,0,0,0,0
NO,NOR,Norway,1,2020-05-25,2020-05-24,100,0,0,0,0,9,100,0,0,539738.676926728,100,0,100,0,23,77,0,1,99,0,20,80,0,36,64,0,11,88,1,15,85,0,5,95,0,14,86,0,4,96,0,6,94,0,39,61,0,5,95,0,5,0,95,5,95,0,0,4,96,0,0,0,100,27,71,2,73,27,0,35,63,2,64,35,1,13,85,2,20,80,0,59,41,0,41,8,9,1,41,11,89,0,0,0,3,6,87,4,0,12,27,42,19,0,0,3,6,19,70,2,2,6,9,23,58,2,16,49,22,11,2,1,5,10,84,0,39,59,1,1,0,100,0,0,0,0,0,0,0,50,31,19,0,10.4146002777227,17.009178329164,36,26.0768096208106,3.01,1.86132894850573,0,0,0,0,0,0,0,0,0.00126760563380282,0.00082762874363293
NO,NOR,Norway,2,2020-05-25,2020-05-25,164,1,3256.56216446935,1,3256.56216446935,15,163,2,0,676026.196184937,164,2,162,0,17,147,0,3,161,0,28,136,0,44,120,0,30,134,0,11,153,0,3,161,0,10,154,0,0,164,0,5,159,0,28,136,0,8,156,0,5,3,156,10,153,1,2,7,155,0,2,0,162,62,102,0,103,60,1,46,118,0,111,53,0,8,156,0,32,132,0,93,71,0,60,21,9,3,71,40,124,0,2,2,2,7,147,4,0,23,34,76,31,0,0,1,20,21,122,0,3,8,21,31,101,0,25,66,52,21,0,0,10,18,136,0,72,91,0,1,0,0,164,0,0,0,0,0,0,89,50,25,0,21.806875,36.2634259238011,50.2040816326531,51.3803250641032,2.58085657674135,1.70017649548964,0.00609756097560976,0.0119145082177789,0.00481721297613513,0.000165050057517014,0.00609756097560976,0.0119145082177789,0.00481721297613513,0.000165050057517014,0.00129612027996198,0.000655490098627523
NO,NOR,Norway,3,2020-05-25,2020-05-25,194,1,1481.31342360726,1,1481.31342360726,11,193,2,0,626409.928779344,194,1,193,0,30,164,0,6,188,0,25,169,0,49,145,0,43,151,0,14,180,0,5,189,0,8,186,0,3,191,0,10,184,0,37,157,0,6,188,0,4,2,188,18,174,2,2,8,184,0,1,1,192,83,110,1,133,61,0,65,128,1,122,72,0,10,183,1,24,170,0,110,83,1,69,19,16,6,84,43,151,0,1,1,3,4,177,8,0,31,37,86,40,0,1,0,9,17,167,0,0,4,12,30,148,0,16,77,73,28,0,1,6,17,170,0,88,106,0,0,0,0,0,194,0,0,0,0,0,104,52,38,0,28.6916232638889,44.2068256704025,85.36,32.4624090295221,3.19884661683604,1.53683924272893,0.00515463917525773,0.0100768350749225,0.00236476683326815,0.0001202814975854,0.00515463917525773,0.0100768350749225,0.00236476683326815,0.0001202814975854,0.000802743924688025,0.000474192185000308
NO,NOR,Norway,4,2020-05-25,2020-05-25,267,4,14360.961917503,1,5198.22479326903,12,266,5,0,687211.35292036,267,4,262,1,24,242,1,7,259,1,25,241,1,53,214,0,40,227,0,18,247,2,9,257,1,16,251,0,4,262,1,15,251,1,49,217,1,9,258,0,3,6,258,29,237,1,5,12,250,0,5,0,262,109,156,2,176,90,1,82,184,1,163,102,2,15,250,2,29,236,2,131,136,0,93,24,10,4,136,52,215,0,2,1,3,6,240,14,1,59,54,107,47,0,0,2,9,28,227,1,0,3,16,36,211,1,26,100,91,49,1,2,5,15,245,0,126,140,0,0,1,0,0,0,267,0,0,0,0,127,71,68,1,23.1130834976989,34.8398497438748,50.0625,25.2291285733659,2.6348309006764,1.31943401578681,0.0149812734082397,0.0145709902933539,0.0208974456787929,0.000338192227750836,0.00374531835205993,0.0073269295763923,0.00756423008900938,0.000204850249906736,0.000635391295139257,0.000359385632878222
NO,NOR,Norway,5,2020-05-25,2020-05-25,282,1,1692.27532865256,1,1692.27532865256,5,281,1,0,600623.164695246,282,3,277,2,31,249,2,3,278,1,28,252,2,43,237,2,50,230,2,12,269,1,5,275,2,7,273,2,11,269,2,5,275,2,37,244,1,5,277,0,1,4,277,17,262,3,1,9,272,0,1,0,281,84,196,2,186,96,0,87,195,0,189,93,0,11,271,0,32,250,0,133,148,1,94,25,10,4,149,60,222,0,2,2,4,4,254,14,2,65,59,108,50,0,0,3,7,18,253,1,1,1,11,31,237,1,39,105,101,35,2,1,4,18,259,0,112,166,0,1,3,0,0,0,0,282,0,0,0,104,79,94,5,46.0648913376186,59.3722785918801,88.125,35.25,2.02507526489333,1.19293226982185,0.00354609929078014,0.0069378928540548,0.00281753256971235,0.000134050624512721,0.00354609929078014,0.0069378928540548,0.00281753256971235,0.000134050624512721,0.000250614004310561,0.000219641295995771
NO,NOR,Norway,6,2020-05-25,2020-05-25,231,3,7499.0456959117,3,7499.0456959117,1,230,2,0,597356.321173949,231,3,226,2,24,206,1,11,219,1,18,212,1,27,203,1,35,196,0,12,217,2,5,224,2,8,222,1,3,226,2,7,222,2,21,209,1,1,229,1,1,0,230,7,219,5,2,3,226,0,2,0,229,22,206,3,138,93,0,78,151,2,141,90,0,8,223,0,22,209,0,94,137,0,77,15,2,0,137,31,200,0,2,1,0,6,187,35,0,62,65,85,19,0,0,0,5,17,205,4,0,0,4,29,195,3,22,90,78,39,2,0,1,14,216,0,88,143,0,0,0,0,0,0,0,0,231,0,0,79,62,89,1,62.7663905325444,92.2894676276891,231,0,1.8085757156048,2.0468203223508,0.012987012987013,0.0146001787216702,0.0125537228453099,0.00028234127117894,0.012987012987013,0.0146001787216702,0.0125537228453099,0.00028234127117894,6.12369871402327e-05,0.000120018614358643
NO,NOR,Norway,7,2020-05-25,2020-05-24,100,0,0,0,0,0,100,0,0,293020.773167597,100,0,99,1,6,93,1,4,95,1,3,96,1,12,88,0,18,81,1,4,96,0,2,97,1,2,97,1,0,99,1,3,96,1,4,95,1,0,100,0,0,0,100,0,96,4,0,0,100,0,0,0,100,5,93,2,68,32,0,32,68,0,61,39,0,6,94,0,12,88,0,34,66,0,27,6,0,1,66,18,82,0,1,1,2,3,73,20,0,25,34,32,9,0,0,0,1,7,90,2,0,0,1,11,85,3,5,36,39,18,2,0,0,3,96,1,53,46,1,0,0,0,0,0,0,0,0,100,0,40,29,31,0,47.7627471383975,81.2724820619225,0,0,1.55086215692276,0.711520165671887,0,0,0,0,0,0,0,0,0,0
NO,NOR,Norway,1,2020-05-26,2020-05-25,100,1,9604.67773755319,0,0,20,100,3,0,451853.144415679,100,1,99,0,20,80,0,4,95,1,25,75,0,31,69,0,21,79,0,15,85,0,7,93,0,11,89,0,5,95,0,8,92,0,36,64,0,6,94,0,6,0,94,9,91,0,3,4,93,0,2,1,97,37,63,0,82,18,0,41,59,0,65,35,0,8,92,0,28,72,0,57,43,0,37,11,3,6,43,20,80,0,1,1,3,3,89,3,0,16,25,28,31,0,2,2,13,13,70,0,2,8,12,21,57,0,18,34,33,15,0,2,5,10,83,0,48,51,1,0,0,100,0,0,0,0,0,0,0,46,32,22,0,15.3439153439153,25.972732929795,55.5555555555556,71.2325352214427,2.85297792586422,1.73960137792662,0.01,0.0195013954179879,0.0212561932040412,0.000420558770653463,0,0,0,0,0.0028169014084507,0.00123279877629136
NO,NOR,Norway,2,2020-05-26,2020-05-26,157,2,12349.7067370928,1,6441.06484522221,15,157,5,0,667427.27889449,157,3,154,0,25,132,0,8,149,0,35,122,0,38,119,0,36,121,0,15,142,0,9,148,0,13,144,0,3,154,0,10,147,0,44,113,0,5,152,0,3,2,152,18,139,0,5,6,146,0,4,1,152,51,105,1,114,43,0,53,103,1,96,61,0,7,150,0,29,128,0,88,69,0,61,16,6,5,69,35,122,0,0,3,2,2,144,6,0,24,31,76,26,0,1,2,10,17,126,1,2,9,15,26,104,1,17,71,47,20,2,2,6,17,132,0,64,93,0,0,0,0,157,0,0,0,0,0,0,80,41,35,1,14.3201384083045,27.2161975202499,94.2,123.621923621985,3.07843137254902,6.49950283664823,0.0127388535031847,0.0175420142442679,0.0185034491810831,0.000323308296433465,0.00636942675159236,0.0124440260501474,0.00965058673641723,0.000234540149693384,0.00134565353906881,0.000680523798862993
NO,NOR,Norway,3,2020-05-26,2020-05-26,166,0,0,0,0,6,166,1,0,638825.104350892,166,0,165,1,18,147,1,3,162,1,23,142,1,39,126,1,26,139,1,11,154,1,4,161,1,7,158,1,2,163,1,7,158,1,29,136,1,3,163,0,2,1,163,7,157,2,1,4,161,0,1,0,165,74,90,2,131,35,0,50,114,2,120,46,0,12,152,2,24,141,1,97,69,0,65,20,5,7,69,40,126,0,1,3,4,3,149,6,0,30,34,65,37,0,0,1,6,16,143,0,0,2,17,22,125,0,22,64,52,28,0,2,4,22,138,0,80,86,0,0,0,0,0,166,0,0,0,0,0,73,43,49,1,32.2371414837366,42.6323017935,110.666666666667,55.3333333333333,3.36136098460612,2.17110841596937,0,0,0,0,0,0,0,0,0.000509078567792296,0.000407236509432329
NO,NOR,Norway,4,2020-05-26,2020-05-26,246,2,5748.64515158921,1,2305.08628950383,46,244,1,0,705814.877312719,246,3,241,2,21,224,1,6,239,1,22,222,2,47,198,1,35,209,2,16,228,2,14,231,1,10,235,1,3,242,1,22,222,2,41,203,2,14,232,0,11,3,232,15,229,2,1,7,238,0,1,0,245,117,128,1,187,58,1,82,162,2,161,82,3,11,233,2,34,210,2,128,118,0,74,30,13,11,118,46,200,0,4,1,5,2,227,7,0,38,41,108,59,0,2,1,11,19,212,1,1,5,13,27,199,1,27,100,75,43,1,1,3,17,225,0,104,141,0,1,0,0,0,0,246,0,0,0,0,111,76,57,2,37.2948148148148,58.1451281524767,78.5833333333333,92.8519920316329,2.84123355179597,5.68658500864099,0.00813008130081301,0.0112216144020999,0.00814469251976707,0.000209683469682864,0.0040650406504065,0.00795112301306342,0.0032658510943834,0.000133103827904265,0.00265527591780189,0.000766304682129553
NO,NOR,Norway,5,2020-05-26,2020-05-26,273,2,5446.3405758994,2,5446.3405758994,8,271,3,0,584870.068867813,273,3,269,1,33,240,0,6,266,1,31,241,1,41,232,0,51,221,1,18,254,1,6,266,1,14,258,1,1,271,1,11,262,0,45,227,1,6,267,0,5,1,267,19,249,5,3,7,263,0,2,1,270,86,187,0,197,76,0,104,169,0,168,105,0,16,257,0,27,246,0,116,157,0,85,17,7,7,157,58,215,0,1,1,3,7,247,14,0,54,64,110,45,0,0,3,7,23,239,1,1,4,9,24,233,2,32,121,82,37,1,0,4,19,250,0,94,178,0,0,1,0,0,0,0,273,0,0,0,101,76,94,2,42.8956228956229,66.7401492788462,136.5,136.5,2.33679012345679,3.44894017585438,0.00732600732600733,0.010115882209534,0.00931205213910567,0.000246155493258051,0.00732600732600733,0.010115882209534,0.00931205213910567,0.000246155493258051,0.000415778805675381,0.000288054816210596
NO,NOR,Norway,6,2020-05-26,2020-05-26,219,0,0,0,0,8,218,3,0,645541.789459007,219,0,218,1,24,194,1,5,214,0,15,204,0,29,190,0,41,177,1,15,204,0,3,215,1,4,214,1,3,215,1,6,212,1,20,198,1,7,212,0,1,6,212,9,205,5,3,3,213,0,2,1,216,29,186,4,153,66,0,66,151,2,127,91,1,7,211,1,23,194,2,87,131,1,72,12,3,0,132,25,194,0,1,1,3,10,173,31,0,63,50,85,21,0,0,1,4,13,201,0,1,1,3,27,187,0,26,89,76,28,0,0,5,17,197,0,95,124,0,0,0,0,0,0,0,0,219,0,0,89,58,71,1,49.2391588970443,69.0392971629921,42.5833333333333,35.8865109291314,1.6067778845314,0.756672014846809,0,0,0,0,0,0,0,0,0.000516862643752423,0.000358068385347045
NO,NOR,Norway,7,2020-05-26,2020-05-25,100,0,0,0,0,0,99,1,0,323609.051690768,100,0,100,0,6,94,0,5,95,0,4,96,0,16,84,0,17,83,0,4,96,0,2,98,0,3,97,0,2,98,0,5,95,0,3,97,0,0,99,1,0,0,100,4,90,6,1,3,96,0,1,0,99,10,89,1,74,26,0,37,63,0,50,50,0,3,97,0,14,86,0,34,65,1,28,5,1,0,66,15,85,0,1,2,3,3,69,22,0,32,28,33,7,0,1,1,2,4,88,4,0,0,2,13,81,4,6,36,36,20,2,0,0,6,93,1,50,48,1,0,1,0,0,0,0,0,0,100,0,35,36,27,2,49.9405469678954,66.5118993739302,0,0,1.60187735945312,0.749945786719695,0,0,0,0,0,0,0,0,0,0
NO,NOR,Norway,1,2020-05-27,2020-05-26,100,1,3230.1694918238,0,0,30,99,4,0,506263.283626764,100,1,99,0,19,81,0,5,95,0,34,66,0,37,63,0,24,76,0,13,87,0,6,94,0,14,86,0,3,97,0,11,89,0,41,59,0,14,86,0,8,6,86,7,93,0,4,2,94,0,4,0,96,51,49,0,85,15,0,43,57,0,71,29,0,8,91,1,28,72,0,62,38,0,43,9,6,4,38,20,80,0,0,0,3,1,95,1,0,13,16,43,28,0,1,4,8,28,58,1,2,3,17,27,50,1,12,41,32,14,1,1,8,7,83,1,43,57,0,0,0,100,0,0,0,0,0,0,0,47,35,18,0,16.3013353489544,32.0659841330602,17.7514792899408,19.2011606385656,2.84,1.5616618964385,0.01,0.0195013954179879,0.00638041429487745,0.000219328155658455,0,0,0,0,0.00426803243704652,0.00152400502916045
NO,NOR,Norway,2,2020-05-27,2020-05-27,155,0,0,0,0,8,154,1,0,728929.162778036,155,1,153,1,16,139,0,2,152,1,36,119,0,45,109,1,36,118,1,15,140,0,2,152,1,14,140,1,2,152,1,10,144,1,34,121,0,4,151,0,2,2,151,7,148,0,1,4,150,0,1,0,154,74,81,0,131,24,0,64,90,1,106,49,0,11,144,0,32,123,0,94,61,0,52,19,11,11,62,28,127,0,3,0,1,7,138,6,0,28,25,58,44,0,0,4,8,20,121,2,1,6,11,28,106,3,16,70,48,19,2,2,6,20,126,1,71,84,0,0,0,0,155,0,0,0,0,0,0,72,50,33,0,26.7664990092974,46.268983268185,137.777777777778,29.8297639081307,3.16502200008544,7.27602604175735,0,0,0,0,0,0,0,0,0.000731662703493689,0.000506821556431952
NO,NOR,Norway,3,2020-05-27,2020-05-27,137,1,3890.06548394577,1,3890.06548394577,14,137,4,0,599160.624563023,137,2,132,3,13,122,2,2,132,3,24,111,2,31,103,3,28,107,2,13,121,3,3,131,3,10,124,3,3,131,3,7,127,3,35,100,2,8,129,0,5,3,129,12,125,0,4,5,128,0,2,2,133,50,85,2,104,31,2,47,89,1,77,58,2,6,129,2,17,118,2,73,64,0,48,14,8,3,64,27,110,0,1,1,4,4,124,3,0,27,21,54,35,0,0,1,10,17,109,0,0,3,17,15,102,0,21,61,33,22,0,2,6,11,118,0,65,70,1,1,0,0,0,137,0,0,0,0,0,59,46,31,1,37.3547928994083,52.3055862045546,29.96875,17.7260590556067,3.02189781021898,1.43725204145165,0.0072992700729927,0.0142539980310556,0.00649252525027468,0.000203361553919289,0.0072992700729927,0.0142539980310556,0.00649252525027468,0.000203361553919289,0.00143929269044927,0.000753391002762499
NO,NOR,Norway,4,2020-05-27,2020-05-27,231,3,11227.8756415038,1,4840.89694640215,18,230,2,0,683923.878558628,231,4,226,1,29,201,1,4,226,1,13,217,1,43,187,1,29,201,1,14,216,1,2,228,1,14,216,1,3,227,1,9,221,1,43,187,1,11,220,0,6,5,220,19,208,4,2,11,218,0,0,2,229,117,114,0,185,46,0,80,151,0,146,85,0,19,212,0,31,200,0,123,108,0,73,25,15,10,108,38,193,0,1,4,0,5,210,10,1,40,41,90,60,0,0,3,4,20,201,3,2,0,9,25,193,2,25,102,64,38,2,3,5,18,205,0,83,147,0,0,1,0,0,0,231,0,0,0,0,100,68,59,4,28.7320371935757,49.3284892374114,41.58,23.8575774126377,2.59066251154201,1.37855023888914,0.012987012987013,0.0146001787216702,0.0164168498768702,0.000301158178017128,0.00432900432900433,0.00846630751949999,0.00707812243170155,0.000198683033716651,0.00110226576852419,0.000508930727463266
NO,NOR,Norway,5,2020-05-27,2020-05-27,259,1,2332.17567401977,0,0,12,258,3,0,584271.942668929,259,1,257,1,26,233,0,10,248,1,18,240,1,29,230,0,46,212,1,17,241,1,6,252,1,8,250,1,0,258,1,11,247,1,33,225,1,9,250,0,7,2,250,11,244,4,3,2,254,0,3,0,256,88,170,1,191,67,1,97,162,0,164,95,0,16,243,0,26,233,0,121,138,0,76,26,12,7,138,40,219,0,1,1,0,4,236,17,0,48,50,101,60,0,0,2,6,15,236,0,0,2,7,24,226,0,28,113,79,39,0,3,6,14,236,0,104,155,0,0,0,0,0,0,0,259,0,0,0,109,65,85,0,55.5440214158239,80.6890861155684,40.46875,28.6973703063539,1.94834899902344,1.11476432294795,0.00386100386100386,0.00755280544780943,0.00399159279045044,0.000161675864613022,0,0,0,0,0.000655093350802489,0.0003705257209987
NO,NOR,Norway,6,2020-05-27,2020-05-27,185,1,9976.61375801727,1,9976.61375801727,5,185,0,0,572767.095517663,185,2,183,0,23,162,0,6,179,0,7,178,0,22,163,0,34,151,0,10,175,0,6,178,1,4,181,0,1,184,0,7,178,0,11,174,0,4,181,0,2,2,181,6,177,2,0,1,184,0,0,0,185,25,157,3,144,40,1,79,105,1,113,72,0,10,174,1,31,154,0,71,114,0,51,16,4,0,114,28,157,0,1,1,2,3,157,20,1,59,50,61,15,0,1,0,5,12,165,2,1,1,7,20,155,1,17,68,67,31,2,1,2,14,168,0,86,99,0,0,0,0,0,0,0,0,185,0,0,70,59,55,1,55.3462603878116,77.0117283134938,57.8125,23.125,1.76497518903592,0.934220589529004,0.00540540540540541,0.0105657276042753,0.0174182732145262,0.000338801989228009,0.00540540540540541,0.0105657276042753,0.0174182732145262,0.000338801989228009,0.000380662352493338,0.00033359562052949
NO,NOR,Norway,7,2020-05-27,2020-05-26,100,0,0,0,0,0,99,2,0,322242.56997303,100,0,99,1,11,88,1,3,96,1,5,94,1,16,83,1,19,80,1,6,93,1,3,96,1,1,98,1,3,97,0,4,95,1,5,94,1,0,99,1,0,0,100,3,96,1,2,1,97,0,2,0,98,9,87,4,73,27,0,38,61,1,62,38,0,2,97,1,12,87,1,41,58,1,35,5,0,1,59,12,88,0,3,1,2,0,74,20,0,26,23,42,9,0,0,0,1,7,90,2,0,1,3,13,81,2,8,47,30,14,1,1,1,7,89,2,52,47,0,0,1,0,0,0,0,0,0,100,0,43,26,30,1,57.7523413111342,66.841713505745,0,0,1.52025303540455,0.741058689351043,0,0,0,0,0,0,0,0,0,0
NO,NOR,Norway,1,2020-05-28,2020-05-27,100,0,0,0,0,17,99,3,0,505670.581303362,100,0,100,0,19,81,0,1,99,0,31,69,0,41,59,0,18,82,0,9,91,0,3,97,0,12,88,0,6,94,0,11,89,0,34,66,0,11,89,0,4,7,89,7,93,0,3,3,94,0,3,0,97,37,63,0,83,17,0,52,48,0,67,33,0,9,91,0,29,70,1,60,40,0,36,14,5,5,40,24,76,0,0,1,3,2,92,2,0,16,21,39,24,0,2,4,14,20,55,5,3,8,21,20,43,5,17,39,25,15,4,4,4,14,78,0,43,56,0,1,0,100,0,0,0,0,0,0,0,49,37,14,0,13.3882824682557,17.9837377104979,17,9.48683298050514,2.7956330986634,1.6568037273327,0,0,0,0,0,0,0,0,0.00241855171432636,0.00114829425082753
NO,NOR,Norway,2,2020-05-28,2020-05-28,165,0,0,0,0,13,165,3,0,690171.881973084,165,0,165,0,21,144,0,4,161,0,32,133,0,47,118,0,28,137,0,7,158,0,5,160,0,6,159,0,4,161,0,12,153,0,35,130,0,3,162,0,2,1,162,12,153,0,3,3,159,0,1,2,162,61,104,0,143,22,0,60,105,0,113,52,0,11,154,0,34,131,0,102,63,0,68,17,13,4,63,32,133,0,0,2,3,5,151,4,0,25,38,67,35,0,0,3,11,27,124,0,1,8,15,41,100,0,20,76,53,16,0,0,6,16,143,0,70,95,0,0,0,0,165,0,0,0,0,0,0,86,47,32,0,23.203125,41.6538930671656,238.333333333333,271.308557427394,2.67661560465204,1.64028063770931,0,0,0,0,0,0,0,0,0.0011096884336321,0.000602887632115596
NO,NOR,Norway,3,2020-05-28,2020-05-28,142,0,0,0,0,28,142,2,0,561279.340173656,142,0,142,0,21,121,0,3,139,0,25,117,0,32,110,0,28,114,0,13,129,0,3,139,0,5,137,0,3,139,0,7,135,0,27,115,0,7,135,0,5,2,135,16,126,0,2,7,133,0,1,1,140,60,82,0,114,28,0,52,90,0,88,54,0,13,129,0,23,119,0,83,59,0,52,17,6,8,59,29,113,0,1,1,1,3,133,3,0,19,31,54,38,0,0,1,2,14,124,1,2,2,8,19,110,1,11,69,37,24,1,1,5,8,128,0,72,67,2,1,0,0,0,142,0,0,0,0,0,66,41,34,1,23.9201848351187,35.1933598682415,81.1428571428571,102.1025228389,2.95699411498416,1.50445247402266,0,0,0,0,0,0,0,0,0.00277722674072605,0.00102725084572468
NO,NOR,Norway,4,2020-05-28,2020-05-28,229,1,1782.85245531681,1,1782.85245531681,23,229,1,0,699622.502548276,229,2,227,0,28,201,0,9,220,0,40,189,0,45,184,0,53,176,0,21,208,0,9,220,0,14,215,0,1,228,0,10,219,0,49,180,0,12,217,0,8,4,217,16,211,2,1,4,224,0,1,0,228,103,125,1,182,47,0,91,138,0,152,77,0,15,214,0,28,200,1,113,116,0,63,24,16,10,116,47,182,0,1,1,3,1,211,12,0,55,36,76,62,0,1,1,14,18,195,0,1,1,13,40,174,0,29,107,53,40,0,0,2,13,214,0,86,142,0,1,0,0,0,0,229,0,0,0,0,103,71,55,0,43.2448421052632,63.6877584092012,36.5763888888889,27.5444190925884,2.99498786122641,3.84246877265151,0.00436681222707424,0.00854008692198386,0.00254830633494924,0.000118137549785019,0.00436681222707424,0.00854008692198386,0.00254830633494924,0.000118137549785019,0.00141460114398179,0.000577711195395266
NO,NOR,Norway,5,2020-05-28,2020-05-28,235,0,0,0,0,12,234,2,0,602657.994198862,235,0,234,1,26,208,1,6,228,1,14,219,2,37,196,2,38,195,2,11,222,2,9,225,1,5,229,1,3,230,2,8,225,2,35,200,0,8,227,0,7,1,227,16,215,4,2,4,229,0,2,0,233,75,159,1,183,52,0,93,141,1,149,85,1,9,224,2,29,206,0,110,125,0,72,22,9,7,125,50,185,0,0,1,4,5,204,20,1,53,36,99,47,0,0,2,6,13,212,2,0,0,10,22,202,1,25,95,76,38,1,0,3,14,218,0,88,145,1,0,1,0,0,0,0,235,0,0,0,107,58,67,3,51.3448888888889,72.8446834896873,57.5510204081633,25.3776146163338,2.30718930170016,2.72997341369675,0,0,0,0,0,0,0,0,0.000722282412423258,0.00040851462550386
NO,NOR,Norway,6,2020-05-28,2020-05-28,190,0,0,0,0,10,189,0,0,639406.673260242,190,0,188,2,18,170,2,6,182,2,11,177,2,27,161,2,31,157,2,5,183,2,1,187,2,1,187,2,3,185,2,4,184,2,12,177,1,7,183,0,3,4,183,8,177,5,0,3,187,0,0,0,190,22,165,3,141,48,1,74,115,1,126,64,0,10,178,2,21,168,1,78,112,0,59,13,6,0,112,29,161,0,2,1,4,0,164,19,0,54,48,72,15,1,0,1,7,16,163,3,0,1,3,23,160,3,17,76,64,30,3,0,0,17,173,0,76,112,0,0,2,0,0,0,0,0,190,0,0,74,59,55,2,99.5501874219075,121.374644885414,52.7777777777778,16.3525963506535,2.27286153119093,7.52004652673437,0,0,0,0,0,0,0,0,0.000745212012817647,0.000461706572704411
NO,NOR,Norway,7,2020-05-28,2020-05-27,100,0,0,0,0,0,99,1,0,344722.504897067,100,0,99,1,8,91,1,5,94,1,5,94,1,13,86,1,15,84,1,4,95,1,1,98,1,1,98,1,3,97,0,3,96,1,4,95,1,1,99,0,1,0,99,5,93,2,1,2,97,0,1,0,99,7,91,2,72,28,0,36,62,2,57,43,0,3,96,1,12,87,1,43,56,1,35,6,2,0,57,20,80,0,2,0,2,3,82,11,0,29,30,33,8,0,1,0,2,6,89,2,0,1,2,10,86,1,5,56,21,17,1,1,0,12,87,0,52,47,0,0,1,0,0,0,0,0,0,100,0,40,26,31,3,68.8614540466392,93.6028040210709,0,0,1.58147127844098,0.792490509085678,0,0,0,0,0,0,0,0,0,0
NO,NOR,Norway,1,2020-05-29,2020-05-28,100,1,4832.79653553079,0,0,14,100,1,0,636210.540512889,100,1,99,0,16,84,0,3,97,0,20,80,0,36,64,0,16,84,0,14,86,0,3,97,0,11,89,0,3,97,0,6,94,0,28,72,0,7,93,0,4,3,93,3,97,0,1,1,98,0,1,0,99,30,70,0,78,22,0,46,54,0,64,36,0,9,90,1,28,72,0,56,44,0,32,16,6,2,44,23,77,0,1,0,2,1,90,6,0,17,23,42,18,0,0,1,12,22,59,6,2,4,19,21,48,6,14,42,23,16,5,4,3,17,76,0,43,56,0,1,0,100,0,0,0,0,0,0,0,48,28,24,0,18.9209274673008,30.3180834193615,28.5714285714286,16.4957219768465,2.99875052061641,1.64350698976707,0.01,0.0195013954179879,0.00759622204881229,0.000213349039056895,0,0,0,0,0.00197183098591549,0.00103187041240234
NO,NOR,Norway,2,2020-05-29,2020-05-29,134,1,8882.9852376231,0,0,8,134,2,0,656286.566713763,134,1,133,0,12,122,0,5,129,0,25,109,0,33,101,0,24,110,0,9,125,0,11,123,0,12,122,0,0,134,0,6,128,0,31,103,0,5,129,0,2,3,129,10,124,0,2,6,126,0,1,1,132,51,82,1,107,27,0,59,74,1,85,48,1,14,118,2,44,89,1,73,61,0,41,15,13,4,61,32,102,0,2,2,2,3,121,4,0,27,24,50,33,0,0,1,13,22,98,0,0,4,11,27,92,0,19,58,36,21,0,1,5,7,121,0,56,78,0,0,0,0,134,0,0,0,0,0,0,70,35,28,1,24.96142578125,32.1243277165984,42.88,23.9706487187978,2.53773531573294,1.78257548163317,0.00746268656716418,0.0145719178412448,0.0135352233127413,0.000279559874996476,0,0,0,0,0.000840866092074837,0.000582434737037146
NO,NOR,Norway,3,2020-05-29,2020-05-29,150,0,0,0,0,7,150,1,0,603391.043237459,150,1,149,0,21,129,0,1,149,0,22,128,0,31,119,0,23,127,0,7,143,0,2,148,0,7,143,0,7,143,0,7,143,0,28,122,0,5,145,0,5,0,145,9,140,1,1,3,146,0,1,0,149,72,78,0,124,26,0,56,94,0,105,45,0,12,138,0,32,118,0,78,72,0,52,18,5,3,72,27,123,0,0,0,1,4,139,6,0,26,34,51,39,0,0,2,8,13,127,0,2,3,13,27,105,0,21,56,51,22,0,4,4,11,131,0,75,74,0,1,0,0,0,150,0,0,0,0,0,68,40,41,1,24.0279706407459,44.6964990928974,42,26.8328157299975,3.32417458673033,3.27197888059361,0,0,0,0,0,0,0,0,0.000657276995305164,0.000486748621717108
NO,NOR,Norway,4,2020-05-29,2020-05-29,233,2,10891.9515668001,2,10891.9515668001,21,231,3,0,702699.351214784,233,6,227,0,20,213,0,8,225,0,28,205,0,42,191,0,44,189,0,17,216,0,11,222,0,20,213,0,1,232,0,12,221,0,37,196,0,14,218,1,8,6,219,22,209,2,3,10,220,0,3,0,230,118,113,2,187,46,0,85,146,2,159,74,0,11,221,1,36,197,0,129,104,0,80,21,17,11,104,50,183,0,0,0,3,4,213,13,0,42,31,91,68,1,0,2,4,17,210,0,2,3,7,29,192,0,16,93,78,46,0,0,2,13,218,0,97,136,0,0,0,0,0,0,233,0,0,0,0,94,69,70,0,34.5230112453145,53.5331262051683,27.5739644970414,31.5698814001876,3.08758034026465,6.66703556018078,0.00858369098712446,0.0118450036056498,0.0155001588488316,0.000288827947750393,0.00858369098712446,0.0118450036056498,0.0155001588488316,0.000288827947750393,0.00128040973111396,0.000547279517064493
NO,NOR,Norway,5,2020-05-29,2020-05-29,206,0,0,0,0,6,203,2,0,550190.99129411,206,2,202,2,19,185,2,3,201,2,16,189,1,33,172,1,34,170,2,8,196,2,2,202,2,7,197,2,0,204,2,8,196,2,21,183,2,7,198,1,5,2,199,13,192,1,2,3,201,0,2,0,204,76,130,0,175,31,0,80,124,2,142,64,0,8,198,0,26,180,0,108,98,0,73,19,6,10,98,45,161,0,0,6,2,3,182,13,0,40,46,66,54,0,0,0,6,13,187,0,0,1,1,26,178,0,24,90,63,29,0,1,1,11,193,0,76,129,0,0,1,0,0,0,0,206,0,0,0,87,52,66,1,39.6444897959184,55.2190802502046,49.44,18.4252001345983,1.98495770857363,1.40817132458303,0,0,0,0,0,0,0,0,0.000416290848539513,0.000333026592974211
NO,NOR,Norway,6,2020-05-29,2020-05-29,207,3,9344.79909953044,3,9344.79909953044,4,205,4,0,641608.106411079,207,4,203,0,16,191,0,3,204,0,15,192,0,23,184,0,27,180,0,6,201,0,7,200,0,9,198,0,4,203,0,4,203,0,15,192,0,3,203,1,2,1,204,10,193,4,4,3,200,0,4,0,203,25,180,2,174,32,1,89,118,0,128,79,0,16,191,0,19,188,0,95,112,0,65,26,4,0,112,30,177,0,3,4,2,6,169,21,2,62,47,74,23,1,1,1,5,13,185,2,1,1,6,23,175,1,18,84,55,49,1,1,4,12,188,2,100,105,0,0,2,0,0,0,0,0,207,0,0,71,51,83,2,73.0432182271271,92.6272744335174,207,0,1.80483551701386,1.00101607560363,0.0144927536231884,0.0162805204409245,0.0145646524820296,0.000293141496973218,0.0144927536231884,0.0162805204409245,0.0145646524820296,0.000293141496973218,0.000274819649604947,0.000269281298210414
NO,NOR,Norway,7,2020-05-29,2020-05-28,100,0,0,0,0,1,98,0,0,353654.558439863,100,0,100,0,9,91,0,3,97,0,3,97,0,16,84,0,8,92,0,0,100,0,0,100,0,0,100,0,1,99,0,1,99,0,4,96,0,3,97,0,2,1,97,6,87,7,0,2,98,0,0,0,100,7,89,4,70,30,0,38,62,0,51,49,0,7,93,0,10,90,0,45,54,1,32,9,4,0,55,23,77,0,0,0,0,5,85,10,0,40,32,21,7,0,1,1,1,4,91,2,0,1,3,7,87,2,6,44,29,19,2,0,1,12,86,1,58,41,0,0,1,0,0,0,0,0,0,100,0,34,29,34,3,73.3882030178326,86.2257579301506,100,0,1.69370472400775,0.788099208925625,0,0,0,0,0,0,0,0,0.000143719459614832,0.000281664722189836
NO,NOR,Norway,1,2020-05-30,2020-05-29,100,1,4832.79653553079,0,0,7,100,0,0,678747.340875105,100,1,99,0,15,85,0,3,97,0,22,78,0,37,63,0,14,86,0,12,88,0,7,93,0,10,90,0,4,96,0,12,88,0,31,69,0,3,97,0,1,2,97,6,94,0,0,2,98,0,0,0,100,28,71,1,83,17,0,46,54,0,66,34,0,9,91,0,28,72,0,62,38,0,44,13,3,2,38,15,85,0,0,1,0,4,92,3,0,15,23,42,20,0,0,3,15,17,64,1,2,8,12,22,55,1,13,42,26,18,1,1,2,11,86,0,44,55,1,0,0,100,0,0,0,0,0,0,0,52,25,21,2,21.4055361461973,39.8825029997136,77.7777777777778,38.4900179459751,2.86959294292699,1.45967334740522,0.01,0.0195013954179879,0.00712017012000356,0.000200026506344465,0,0,0,0,0.000985915492957746,0.000730002870544757
NO,NOR,Norway,2,2020-05-30,2020-05-30,135,0,0,0,0,9,135,2,0,606441.23989958,135,1,134,0,18,117,0,2,133,0,22,113,0,34,101,0,16,119,0,14,121,0,3,132,0,7,128,0,2,133,0,8,127,0,39,96,0,4,131,0,2,2,131,7,128,0,2,1,132,0,2,0,133,51,82,2,111,24,0,71,63,1,86,49,0,13,122,0,29,106,0,81,54,0,39,27,7,8,54,23,112,0,1,0,0,0,130,4,0,17,30,48,40,0,0,2,11,17,103,2,0,6,13,26,88,2,15,55,42,21,2,0,3,14,118,0,51,84,0,0,0,0,135,0,0,0,0,0,0,59,42,33,1,22.0792899408284,42.2025857187903,75.9375,32.3131648867764,2.85123966942149,2.56820770905062,0,0,0,0,0,0,0,0,0.000938967136150235,0.000613159185462056
NO,NOR,Norway,3,2020-05-30,2020-05-30,162,0,0,0,0,5,162,0,0,677190.648247317,162,3,159,0,16,146,0,4,158,0,17,145,0,34,128,0,25,137,0,13,149,0,9,153,0,10,152,0,1,161,0,10,152,0,30,132,0,4,158,0,3,1,158,10,152,0,0,3,159,0,0,0,162,76,86,0,146,16,0,81,80,1,121,41,0,15,146,1,27,135,0,100,62,0,57,24,11,8,62,31,131,0,2,1,3,2,148,6,0,31,19,51,61,0,2,1,6,13,138,2,3,3,9,20,125,2,25,54,44,38,1,2,5,8,146,1,85,77,0,0,0,0,0,162,0,0,0,0,0,72,45,44,1,34.8431001890359,54.6915479623124,50.625,20.25,3.24074074074074,3.36552775766991,0,0,0,0,0,0,0,0,0.000434707007476961,0.000380947663285603
NO,NOR,Norway,4,2020-05-30,2020-05-30,245,1,1727.44681771452,1,1727.44681771452,19,243,2,0,746670.674730671,245,1,243,1,33,212,0,8,236,1,33,211,1,53,192,0,40,204,1,24,221,0,8,236,1,11,233,1,2,242,1,11,233,1,49,195,1,11,234,0,5,6,234,23,219,3,2,13,230,0,2,0,243,88,154,3,207,38,0,98,144,3,169,75,1,18,224,3,30,212,3,124,120,1,75,26,14,9,121,60,185,0,0,2,4,7,224,7,1,48,48,74,75,0,1,8,13,12,211,0,2,8,12,28,195,0,27,98,81,39,0,1,9,21,213,1,100,143,0,0,2,0,0,0,245,0,0,0,0,102,75,66,2,28.5976793639053,44.6675701247351,57.4691358024692,37.1372486871991,3.03300662523052,4.97127147876877,0.00408163265306122,0.00798351007400947,0.0023135324262435,0.00010897286770004,0.00408163265306122,0.00798351007400947,0.0023135324262435,0.00010897286770004,0.00110125775227497,0.00049490404372349
NO,NOR,Norway,5,2020-05-30,2020-05-30,231,0,0,0,0,12,227,2,0,551146.093163809,231,0,230,1,19,211,1,4,226,1,10,221,0,41,188,2,32,199,0,15,215,1,8,223,0,5,224,2,1,228,2,14,216,1,26,205,0,8,221,2,2,6,223,15,208,8,2,3,226,0,2,0,229,93,136,2,191,39,1,98,132,1,131,99,1,7,223,1,36,193,2,99,132,0,67,18,12,2,132,55,176,0,1,2,5,4,206,12,1,48,38,85,60,0,0,1,4,20,204,2,0,2,11,28,189,1,19,97,72,43,0,0,1,15,215,0,77,151,0,1,2,0,0,0,0,231,0,0,0,95,62,71,3,38.2174171791311,52.6936084623687,70.5833333333333,56.670465558937,2.13199595736161,1.27988375183111,0,0,0,0,0,0,0,0,0.000744555438357014,0.000421107299675076
NO,NOR,Norway,6,2020-05-30,2020-05-30,162,0,0,0,0,2,161,1,0,632335.422992498,162,0,161,1,14,148,0,4,157,1,9,152,1,23,138,1,27,134,1,4,157,1,1,160,1,5,156,1,2,159,1,5,156,1,11,150,1,2,159,1,1,1,160,9,146,7,1,5,156,0,1,0,161,18,141,3,116,46,0,65,96,1,99,62,1,7,154,1,12,149,1,67,95,0,54,11,1,1,95,27,135,0,1,0,2,5,136,17,1,52,42,56,10,2,0,0,4,11,146,1,0,0,3,18,140,1,16,63,60,23,0,0,1,11,150,0,65,97,0,0,0,0,0,0,0,0,162,0,0,52,34,76,0,47.0279050395669,77.6887930669452,81,0,2.075625,1.1953121878468,0,0,0,0,0,0,0,0,0.000174962820400665,0.000242460428348368
NO,NOR,Norway,7,2020-05-30,2020-05-29,100,0,0,0,0,2,98,0,0,356792.255287767,100,0,100,0,10,90,0,5,95,0,4,96,0,15,85,0,13,87,0,0,100,0,0,100,0,1,99,0,0,100,0,4,96,0,5,95,0,3,96,1,2,1,97,4,89,7,0,2,98,0,0,0,100,4,92,4,80,20,0,44,55,1,56,44,0,8,91,1,15,84,1,47,52,1,35,9,3,0,53,22,78,0,1,1,2,6,81,9,0,29,40,24,7,0,0,1,1,2,95,1,0,1,2,9,87,1,10,32,36,21,1,0,1,11,87,1,55,44,0,0,1,0,0,0,0,0,0,100,0,36,32,31,1,88.2282996432818,107.619189562561,50,0,1.78553208856239,1.00832954155127,0,0,0,0,0,0,0,0,0.000287438919229664,0.000398305440840986
NO,NOR,Norway,1,2020-05-31,2020-05-30,100,0,0,0,0,9,100,0,0,651003.857806871,100,0,100,0,15,85,0,4,96,0,14,86,0,34,66,0,23,77,0,10,90,0,7,93,0,11,89,0,7,93,0,13,87,0,30,70,0,5,95,0,2,3,95,8,92,0,0,3,97,0,0,0,100,26,74,0,76,24,0,39,61,0,73,27,0,18,82,0,31,69,0,70,30,0,45,19,2,4,30,17,83,0,1,1,1,5,89,2,1,12,19,46,22,1,1,4,11,12,72,0,3,10,10,16,61,0,13,34,34,19,0,4,4,7,85,0,50,48,1,1,0,100,0,0,0,0,0,0,0,42,32,24,2,20.1184177374654,39.0453602959858,36,16.7332005306815,2.79947916666667,1.77107518988223,0,0,0,0,0,0,0,0,0.00126760563380282,0.00082762874363293
NO,NOR,Norway,2,2020-05-31,2020-05-31,143,0,0,0,0,8,143,0,0,685682.029375687,143,0,143,0,19,124,0,4,139,0,19,124,0,41,102,0,20,123,0,14,129,0,5,138,0,6,137,0,0,143,0,10,133,0,39,104,0,3,140,0,2,1,140,13,130,0,0,8,135,0,0,0,143,33,110,0,103,40,0,56,87,0,110,33,0,11,132,0,25,118,0,108,35,0,75,20,8,5,35,21,122,0,3,3,1,3,130,3,0,16,35,60,32,0,0,1,9,19,112,2,0,3,12,24,102,2,15,73,37,16,2,2,6,14,121,0,56,86,1,0,0,0,143,0,0,0,0,0,0,74,40,29,0,19.3717333333333,37.1665068608854,127.111111111111,55.0407256627443,2.74326530612245,1.63963081281755,0,0,0,0,0,0,0,0,0.000787944449916281,0.000545792459032053
NO,NOR,Norway,3,2020-05-31,2020-05-31,149,1,4143.04655998226,1,4143.04655998226,13,149,0,0,606908.419210945,149,1,148,0,17,132,0,5,144,0,17,132,0,33,116,0,15,134,0,9,140,0,5,144,0,6,143,0,1,148,0,8,141,0,26,123,0,8,141,0,4,4,141,5,141,3,0,3,146,0,0,0,149,42,106,1,112,37,0,53,96,0,92,57,0,14,135,0,23,126,0,91,58,0,56,28,3,4,58,23,126,0,1,1,1,2,140,4,0,24,23,51,51,0,0,3,5,14,127,0,2,2,10,17,118,0,16,51,59,23,0,1,3,18,127,0,78,70,0,1,0,0,0,149,0,0,0,0,0,66,41,42,0,21.3232552280171,38.1912945936892,27.9375,17.2433993582638,3.46832338377528,2.98929499914229,0.00671140939597315,0.0131099050447362,0.00682647732151867,0.000207155945505184,0.00671140939597315,0.0131099050447362,0.00682647732151867,0.000207155945505184,0.00122884960771339,0.000667587420617345
NO,NOR,Norway,4,2020-05-31,2020-05-31,253,0,0,0,0,15,250,4,0,743415.008945846,253,1,252,0,26,227,0,8,245,0,19,234,0,47,206,0,37,216,0,19,234,0,8,245,0,5,248,0,4,249,0,10,243,0,46,207,0,12,241,0,7,5,241,16,235,2,4,7,242,0,4,0,249,67,184,2,187,66,0,99,153,1,177,76,0,25,228,0,30,223,0,143,110,0,108,20,11,4,110,55,198,0,3,0,2,5,231,12,0,39,59,78,77,0,0,2,14,18,218,1,1,3,13,24,210,2,33,92,81,46,1,4,2,13,234,0,99,153,1,0,0,0,0,0,253,0,0,0,0,87,77,88,1,40.9862196180556,67.7945059347641,43.7283950617284,31.7764719579758,2.649360670194,3.33047268316037,0,0,0,0,0,0,0,0,0.000845070422535211,0.000427476043240405
NO,NOR,Norway,5,2020-05-31,2020-05-31,225,0,0,0,0,20,223,0,0,544679.192337198,225,0,223,2,20,204,1,4,220,1,10,213,2,28,196,1,26,197,2,14,210,1,5,218,2,8,215,2,1,222,2,7,216,2,24,199,2,10,214,1,6,4,215,17,207,1,0,4,221,0,0,0,225,46,178,1,143,79,3,85,140,0,152,72,1,13,211,1,26,198,1,118,106,1,77,29,8,4,107,47,178,0,1,1,2,6,204,10,1,36,48,98,42,1,0,1,3,10,211,0,0,0,5,20,200,0,14,112,65,34,0,1,2,14,208,0,92,129,0,2,2,0,0,0,0,225,0,0,0,81,62,80,2,29.168701171875,50.0984822828987,52.7777777777778,75.4615428178118,2.44389748086735,2.79043518992136,0,0,0,0,0,0,0,0,0.00126318448809449,0.000553255075349873
NO,NOR,Norway,6,2020-05-31,2020-05-31,181,0,0,0,0,2,179,1,0,673220.664917507,181,1,180,0,12,169,0,2,179,0,7,174,0,16,165,0,24,157,0,7,174,0,0,181,0,2,179,0,1,180,0,6,175,0,9,172,0,3,178,0,1,2,178,5,170,6,1,1,179,0,1,0,180,13,162,6,122,58,1,60,119,2,125,56,0,13,167,1,19,161,1,97,83,1,73,19,3,2,84,29,152,0,2,2,5,2,151,19,0,32,52,79,18,0,0,0,6,5,169,1,1,0,2,18,159,1,16,59,60,45,1,0,1,9,171,0,79,99,0,0,3,0,0,0,0,0,181,0,0,51,51,75,4,41.6242643730195,59.3767861824052,362,0,2.13653579093549,1.38461121838854,0,0,0,0,0,0,0,0,0.000157368793768196,0.000218080851530813
NO,NOR,Norway,7,2020-05-31,2020-05-30,100,0,0,0,0,1,99,0,0,356251.498514316,100,0,100,0,6,94,0,4,96,0,3,97,0,14,86,0,17,83,0,3,97,0,0,100,0,1,99,0,0,100,0,5,95,0,5,95,0,1,98,1,1,0,99,3,92,5,0,2,98,0,0,0,100,2,96,2,70,30,0,42,57,1,61,39,0,4,95,1,14,85,1,45,54,1,35,8,2,0,55,25,75,0,1,1,3,4,79,12,0,25,30,35,10,0,0,0,1,3,95,1,0,0,2,10,88,0,7,33,36,23,1,0,1,5,94,0,44,56,0,0,0,0,0,0,0,0,0,100,0,40,27,33,0,76.530612244898,100.956445389451,100,0,1.92837465564738,1.39226017698246,0,0,0,0,0,0,0,0,0.000142267747901551,0.000278819826397772
NO,NOR,Norway,1,2020-06-01,2020-05-31,100,0,0,0,0,12,99,3,0,572450.768559883,100,1,99,0,12,88,0,4,96,0,18,82,0,35,65,0,20,80,0,9,91,0,8,92,0,8,92,0,3,97,0,10,90,0,27,73,0,8,92,0,5,3,92,9,91,0,3,3,94,0,3,0,97,25,74,1,68,32,0,36,62,2,79,20,1,17,82,1,22,77,1,75,25,0,54,17,3,1,25,21,79,0,1,0,1,4,91,2,1,10,20,47,22,1,0,2,3,24,71,0,2,3,12,18,65,0,14,37,33,16,0,3,4,8,85,0,47,53,0,0,0,100,0,0,0,0,0,0,0,38,34,28,0,11.8461538461538,25.2050760361512,24.4897959183673,10.7989849431208,2.86339025406081,1.64247364145769,0,0,0,0,0,0,0,0,0.00170721297481861,0.000965104048261734
NO,NOR,Norway,2,2020-06-01,2020-06-01,160,1,3640.72610045624,1,3640.72610045624,19,158,1,0,782345.429372204,160,5,154,1,15,144,1,0,159,1,30,129,1,41,118,1,28,131,1,18,141,1,2,157,1,9,150,1,2,157,1,15,144,1,30,129,1,11,149,0,6,5,149,12,148,0,1,4,155,0,1,0,159,29,131,0,89,71,0,53,107,0,122,38,0,26,134,0,38,122,0,105,55,0,65,25,11,4,55,28,132,0,0,0,0,0,158,2,0,15,35,71,39,0,0,1,12,15,131,1,1,5,17,25,111,1,14,64,58,23,1,2,6,17,134,1,73,87,0,0,0,0,160,0,0,0,0,0,0,88,43,29,0,20.5777326172159,34.5785731120902,35.5555555555556,41.6925845317638,2.75938451801748,2.86465179942308,0.00625,0.0122114343557982,0.00465360435910996,0.000150810183731112,0.00625,0.0122114343557982,0.00465360435910996,0.000150810183731112,0.0016937065430558,0.000760924136810206
NO,NOR,Norway,3,2020-06-01,2020-06-01,137,3,10178.1490062652,2,8309.02754901007,22,136,1,0,544540.468893475,137,4,133,0,15,122,0,3,134,0,13,124,0,37,100,0,18,119,0,10,127,0,3,134,0,9,128,0,0,137,0,6,131,0,24,113,0,4,133,0,2,2,133,6,131,0,1,3,133,0,1,0,136,32,104,1,77,60,0,43,94,0,99,38,0,15,122,0,19,118,0,89,48,0,61,23,4,1,48,20,117,0,1,0,4,3,125,4,0,20,27,53,37,0,0,2,5,14,114,2,0,3,9,24,100,1,14,61,40,21,1,3,9,8,117,0,68,67,1,0,1,0,0,137,0,0,0,0,0,63,32,40,2,23.0112872883633,41.4806455302412,334.888888888889,210.925298343943,3.00729927007299,1.68687123521348,0.0218978102189781,0.0245064422603697,0.0186912627943844,0.000359712197978113,0.0145985401459854,0.0200839495772856,0.0152587879572923,0.000325577276858283,0.00227837613918807,0.000950970109936806
NO,NOR,Norway,4,2020-06-01,2020-06-01,247,0,0,0,0,9,245,1,0,716411.723750881,247,0,246,1,26,220,1,3,243,1,23,223,1,51,196,0,41,205,1,11,236,0,6,240,1,5,241,1,3,243,1,6,240,1,35,211,1,6,241,0,3,3,241,22,222,3,1,12,234,0,1,0,246,45,200,2,124,121,2,73,173,1,169,76,2,17,229,1,24,223,0,131,116,0,86,32,7,6,116,44,203,0,2,1,4,4,224,12,0,32,55,94,66,0,0,2,12,21,211,1,0,2,13,32,199,1,29,86,95,36,1,4,5,14,224,0,93,153,0,0,1,0,0,0,247,0,0,0,0,108,68,69,2,24.7460052935987,45.7470955168941,123.5,133.395246042228,2.93807580174927,2.368928717872,0,0,0,0,0,0,0,0,0.000517390054613395,0.000337934501753918
NO,NOR,Norway,5,2020-06-01,2020-06-01,237,1,3494.60724369757,0,0,14,235,1,0,593485.87313932,237,1,235,1,26,210,1,10,226,1,13,223,1,29,208,0,31,205,1,14,222,1,5,231,1,3,233,1,3,233,1,6,230,1,18,218,1,5,230,2,3,2,232,14,219,4,1,4,232,0,1,0,236,42,192,3,139,97,1,78,156,3,158,78,1,18,214,5,24,210,3,125,112,0,83,36,4,2,112,43,194,0,0,1,4,4,210,18,0,48,50,90,49,0,2,1,7,20,204,3,0,2,10,32,191,2,24,95,70,46,2,1,5,15,216,0,106,129,0,0,2,0,0,0,0,237,0,0,0,85,66,84,2,34.4567380671277,51.5809722109462,123.24,152.123725960154,2.23772737234276,1.30485931621842,0.00421940928270042,0.00825242476135942,0.00588827367568565,0.000194650036698434,0,0,0,0,0.000839077015283189,0.00043934290581342
NO,NOR,Norway,6,2020-06-01,2020-06-01,169,0,0,0,0,7,168,1,0,599814.797944523,169,0,168,1,18,151,0,5,164,0,7,162,0,18,151,0,13,156,0,4,165,0,3,166,0,2,167,0,0,169,0,4,165,0,8,161,0,5,164,0,2,3,164,7,159,3,1,2,166,0,1,0,168,15,154,0,79,90,0,39,130,0,124,45,0,12,156,1,9,160,0,91,78,0,62,19,8,2,78,21,148,0,0,0,0,3,147,19,0,36,43,72,18,0,0,0,1,11,157,0,0,1,2,10,156,0,10,66,54,39,0,0,2,6,161,0,60,107,0,2,0,0,0,0,0,0,169,0,0,54,55,58,2,55.6749452154858,106.265298146052,73.9375,63.375,2.04902919501134,1.56270765665555,0,0,0,0,0,0,0,0,0.000586854460093897,0.000434612296181658
NO,NOR,Norway,7,2020-06-01,2020-05-31,100,0,0,0,0,0,99,0,0,348677.329112244,100,0,99,1,6,93,1,3,96,1,3,96,1,15,85,0,16,83,1,6,93,1,1,98,1,2,97,1,2,98,0,4,96,0,7,93,0,1,99,0,1,0,99,3,93,4,0,1,99,0,0,0,100,4,92,4,50,50,0,34,65,1,61,38,1,2,98,0,9,91,0,38,61,1,27,8,3,0,62,17,83,0,0,0,1,1,87,9,2,31,22,37,10,0,0,0,1,3,95,1,0,0,2,12,86,0,6,36,35,22,1,0,3,5,92,0,45,54,0,0,1,0,0,0,0,0,0,100,0,37,27,35,1,74.4082840236687,102.731581701665,0,0,1.80678074184292,1.31444080446309,0,0,0,0,0,0,0,0,0,0
NO,NOR,Norway,1,2020-06-02,2020-06-01,100,1,6582.52933995211,0,0,13,99,2,0,630611.061252892,100,1,99,0,7,93,0,5,95,0,19,80,1,29,71,0,15,85,0,10,90,0,4,96,0,9,90,1,1,99,0,6,94,0,27,73,0,5,95,0,2,3,95,5,94,1,2,1,97,0,1,1,98,25,73,2,69,31,0,35,63,2,76,23,1,13,86,1,20,79,1,75,25,0,49,20,4,2,25,14,86,0,1,1,1,6,88,3,0,13,16,50,21,0,1,2,5,23,66,3,2,5,13,21,56,3,20,35,26,16,3,2,8,7,83,0,41,59,0,0,0,100,0,0,0,0,0,0,0,40,37,23,0,13.3888888888889,24.6328342316713,81.25,65.7488909919146,2.86339025406081,1.41799883254113,0.01,0.0195013954179879,0.0104383347270725,0.000250844359521056,0,0,0,0,0.00184948072272016,0.00100444056201917
NO,NOR,Norway,2,2020-06-02,2020-06-02,104,0,0,0,0,6,104,1,0,621653.835123406,104,1,103,0,13,91,0,2,102,0,22,82,0,36,68,0,15,89,0,6,98,0,2,102,0,6,98,0,1,103,0,5,99,0,22,82,0,3,101,0,2,1,101,7,96,1,1,1,102,0,1,0,103,37,66,1,74,30,0,35,69,0,78,26,0,15,89,0,19,85,0,69,34,1,45,16,6,2,35,24,80,0,2,0,4,4,91,3,0,17,14,59,14,0,1,1,7,14,81,0,2,5,11,21,65,0,16,42,37,9,0,1,5,14,84,0,43,61,0,0,0,0,104,0,0,0,0,0,0,48,36,20,0,19.9250312369846,44.1032443770291,69.3333333333333,60.0444279957211,2.49976435102272,1.36966957776492,0,0,0,0,0,0,0,0,0.000812567713976165,0.00064991342728146
NO,NOR,Norway,3,2020-06-02,2020-06-02,137,3,12488.1218583224,1,4478.91927346815,4,136,4,0,675712.340756886,137,3,134,0,11,126,0,3,134,0,14,123,0,27,110,0,18,119,0,8,129,0,2,135,0,8,129,0,2,135,0,6,131,0,30,107,0,3,134,0,2,1,134,10,126,1,4,3,130,0,3,1,133,51,86,0,97,40,0,40,95,2,99,38,0,14,122,1,19,117,1,79,58,0,45,22,8,4,58,30,107,0,2,1,0,4,124,6,0,9,39,62,27,0,0,3,11,11,112,0,0,5,6,26,100,0,11,49,50,27,0,0,5,14,118,0,63,74,0,0,0,0,0,137,0,0,0,0,0,74,40,23,0,38.1788429752066,68.8168030466151,137,96.873629022557,2.71619514368456,1.45726930546114,0.0218978102189781,0.0245064422603697,0.018481417468762,0.000321132357410961,0.0072992700729927,0.0142539980310556,0.00662844083689692,0.000193476721104702,0.000414250207125104,0.00040587365052735
NO,NOR,Norway,4,2020-06-02,2020-06-02,251,1,3428.18563111238,1,3428.18563111238,28,248,1,0,762206.1620396,251,2,249,0,28,223,0,3,248,0,27,224,0,47,204,0,30,221,0,12,239,0,6,245,0,14,237,0,2,249,0,14,237,0,48,203,0,13,238,0,6,7,238,19,230,2,1,11,239,0,1,0,250,96,155,0,170,81,0,87,164,0,181,70,0,19,232,0,16,235,0,153,98,0,96,30,19,8,98,49,202,0,2,2,2,3,231,11,0,34,49,125,43,0,1,2,8,13,225,2,1,3,13,30,202,2,29,101,76,43,2,3,4,16,227,1,95,154,0,0,2,0,0,0,251,0,0,0,0,90,71,87,3,31.2127891156463,55.7765143511442,70.28,72.746711265871,2.518032,1.39757620327187,0.00398406374501992,0.00779305090554704,0.00449771440044363,0.00015022040599707,0.00398406374501992,0.00779305090554704,0.00449771440044363,0.00015022040599707,0.00159018627896411,0.000588533919175318
NO,NOR,Norway,5,2020-06-02,2020-06-02,221,0,0,0,0,2,221,1,0,529756.518260662,221,1,220,0,19,202,0,1,220,0,20,201,0,31,190,0,36,185,0,14,207,0,6,215,0,3,218,0,2,219,0,8,213,0,29,192,0,2,219,0,2,0,219,19,199,3,1,8,212,0,1,0,220,74,145,2,142,79,0,67,153,1,158,62,1,11,208,2,22,198,1,121,100,0,76,27,14,3,101,40,181,0,0,3,5,5,192,16,0,54,37,109,20,1,0,0,6,14,198,3,1,3,5,29,182,1,18,83,85,34,1,0,3,19,199,0,76,143,1,0,1,0,0,0,0,221,0,0,0,100,65,54,2,21.979733533496,25.8613066655222,110.5,0,2.27169992285399,4.8824821316299,0,0,0,0,0,0,0,0,0.00012746160219234,0.00017663826356179
NO,NOR,Norway,6,2020-06-02,2020-06-02,252,0,0,0,0,2,252,2,0,695792.113578253,252,0,252,0,26,226,0,6,246,0,8,244,0,33,219,0,29,223,0,8,244,0,7,244,1,2,250,0,1,251,0,5,247,0,10,242,0,2,250,0,2,0,250,16,235,1,2,4,246,0,2,0,250,29,217,6,165,87,0,93,159,0,162,90,0,10,242,0,35,217,0,120,132,0,82,30,8,0,132,33,219,0,1,0,3,5,214,29,0,47,60,112,33,0,1,0,2,12,235,2,1,0,3,19,227,2,19,93,92,46,2,0,1,21,230,0,121,131,0,0,0,0,0,0,0,0,252,0,0,111,80,60,1,64.9002450434395,97.1348487672081,126,0,1.71148126115408,0.921670731532182,0,0,0,0,0,0,0,0,0.000111781801922647,0.000154910167982509
NO,NOR,Norway,7,2020-06-02,2020-06-01,100,0,0,0,0,2,99,0,0,323442.694663989,100,0,98,2,6,93,1,4,94,2,2,96,2,14,85,1,14,84,2,5,93,2,0,98,2,3,95,2,3,96,1,4,95,1,7,92,1,2,98,0,1,1,98,3,93,4,0,1,99,0,0,0,100,6,90,4,57,43,0,39,60,1,58,41,1,3,97,0,13,86,1,35,64,1,26,7,2,0,65,9,91,0,1,1,2,2,78,14,2,34,29,32,5,0,0,0,2,3,94,1,0,0,2,16,82,0,5,36,37,22,0,0,2,4,94,0,49,50,0,0,1,0,0,0,0,0,0,100,0,40,28,31,1,72.64,111.071628540625,200,0,1.61391087047064,1.24262008550965,0,0,0,0,0,0,0,0,0.000284535495803101,0.000394282726107941
NO,NOR,Norway,1,2020-06-03,2020-06-02,100,1,6582.52933995211,0,0,8,99,1,0,668726.291524838,100,1,99,0,12,88,0,6,94,0,33,66,1,35,65,0,17,83,0,12,88,0,4,96,0,13,86,1,2,98,0,13,87,0,32,68,0,3,97,0,1,2,97,4,95,1,1,1,98,0,0,1,99,29,70,1,73,27,0,36,64,0,68,32,0,8,92,0,16,84,0,69,31,0,45,18,4,2,31,15,85,0,1,2,0,5,89,2,1,10,13,52,24,1,1,1,9,15,71,3,1,6,15,22,53,3,19,27,37,14,3,3,8,9,80,0,38,62,0,0,0,100,0,0,0,0,0,0,0,39,33,27,1,23.4415397874174,42.4524705981987,175,247.487373415292,2.78862847222222,1.44570654926787,0.01,0.0195013954179879,0.00984338349392925,0.000236618142946119,0,0,0,0,0.00113814198321241,0.000788228722237302
NO,NOR,Norway,2,2020-06-03,2020-06-03,108,0,0,0,0,9,107,0,0,631286.444853863,108,1,107,0,14,94,0,2,106,0,28,80,0,31,77,0,17,91,0,9,99,0,1,107,0,7,101,0,2,106,0,11,97,0,32,76,0,6,102,0,4,2,102,10,98,0,0,6,102,0,0,0,108,45,63,0,86,22,0,43,64,1,67,41,0,7,101,0,21,87,0,64,44,0,40,17,3,4,44,21,87,0,1,2,3,2,95,5,0,11,18,57,22,0,1,1,6,13,87,0,1,4,6,24,73,0,19,49,30,10,0,4,6,11,87,0,34,74,0,0,0,0,108,0,0,0,0,0,0,48,42,18,0,20.4873046875,39.7336731152195,38.88,38.6392546511964,2.35185185185185,1.51203777096925,0,0,0,0,0,0,0,0,0.00118467816243254,0.000773516918742315
NO,NOR,Norway,3,2020-06-03,2020-06-03,130,0,0,0,0,9,129,1,1,699988.648329011,130,0,130,0,13,117,0,4,126,0,19,111,0,29,101,0,23,107,0,10,120,0,5,125,0,4,126,0,3,127,0,11,119,0,29,101,0,7,123,0,3,4,123,9,121,0,1,4,125,1,0,0,129,55,75,0,104,26,0,59,71,0,81,49,0,17,113,0,19,111,0,65,65,0,37,18,4,6,65,21,109,0,4,1,3,2,116,4,0,29,18,55,28,0,1,1,5,18,105,0,1,1,11,20,97,0,9,50,41,30,0,0,2,10,118,0,68,62,0,0,0,0,0,130,0,0,0,0,0,58,43,28,1,31.9203329369798,60.1634856122703,32.5,11.8673220792786,3.43616,4.74795283287711,0,0,0,0,0,0,0,0,0.000982640026203734,0.000641664192050472
NO,NOR,Norway,4,2020-06-03,2020-06-03,231,0,0,0,0,11,230,2,0,753228.268845951,231,2,229,0,24,207,0,3,228,0,23,208,0,32,199,0,36,195,0,10,221,0,7,224,0,9,222,0,2,229,0,12,219,0,30,201,0,6,224,1,2,4,225,18,212,1,2,9,220,0,2,0,229,119,110,2,185,45,1,95,135,1,159,72,0,26,205,0,35,196,0,121,110,0,62,30,21,8,110,49,182,0,4,3,2,3,215,4,0,44,40,88,59,0,2,1,7,12,209,0,2,4,10,23,192,0,21,83,77,50,0,2,5,14,210,0,99,132,0,0,0,0,0,0,231,0,0,0,0,103,68,60,0,20.7911931818182,27.6237726725261,70.5833333333333,37.8528950896317,2.49594074074074,1.35326219480973,0,0,0,0,0,0,0,0,0.00067360685854256,0.000397934806586596
NO,NOR,Norway,5,2020-06-03,2020-06-03,211,2,3731.93724872595,1,2291.44452440637,3,210,2,0,526747.855140283,211,2,209,0,23,188,0,9,202,0,24,187,0,38,173,0,37,174,0,14,197,0,4,207,0,9,202,0,2,209,0,11,200,0,26,185,0,1,209,1,1,0,210,12,198,1,2,3,206,0,2,0,209,87,122,2,170,41,0,80,131,0,144,67,0,24,187,0,32,179,0,113,98,0,58,38,6,9,100,48,163,0,0,0,6,3,191,11,0,40,44,83,44,0,0,1,7,17,185,1,0,3,8,32,168,0,21,90,70,30,0,0,3,13,195,0,76,134,0,0,1,0,0,0,0,211,0,0,0,95,57,55,4,50.7837746668916,75.4555239966946,633,0,2.41151380903007,4.20260943392566,0.00947867298578199,0.0130741224736064,0.00708486463173554,0.000226500177595897,0.004739336492891,0.00926689101480065,0.00435017343126364,0.000177726954968388,0.000201207243460765,0.000227660339381491
NO,NOR,Norway,6,2020-06-03,2020-06-03,222,0,0,0,0,7,221,0,0,691176.91996983,222,0,221,1,11,211,0,3,218,1,12,209,1,22,199,1,31,189,2,7,214,1,3,218,1,2,218,2,1,220,1,6,215,1,21,200,1,3,218,1,3,0,219,10,204,8,0,4,218,0,0,0,222,35,184,3,159,63,0,88,132,2,150,70,2,14,204,4,23,197,2,111,111,0,81,22,6,2,111,40,182,0,1,1,2,3,197,17,1,52,46,97,27,0,1,0,2,12,206,1,0,0,5,14,202,1,18,84,77,42,1,0,0,8,214,0,119,101,0,0,2,0,0,0,0,0,222,0,0,83,65,68,6,52.8003224939532,90.1319516801943,172.666666666667,85.4478398400646,1.76818665165447,1.02221965455383,0,0,0,0,0,0,0,0,0.000446115607673188,0.000330407269723008
NO,NOR,Norway,7,2020-06-03,2020-06-02,100,0,0,0,0,0,100,0,0,299546.968307432,100,0,99,1,4,96,0,4,95,1,3,96,1,15,84,1,13,85,2,4,94,2,1,98,1,2,97,1,1,98,1,5,94,1,3,96,1,0,100,0,0,0,100,3,96,1,0,2,98,0,0,0,100,8,88,4,70,29,1,39,59,2,55,43,2,5,92,3,17,80,3,43,56,1,37,5,1,0,57,12,88,0,2,1,3,1,77,16,0,29,29,38,4,0,0,0,2,3,94,1,0,1,2,11,85,1,8,30,34,27,1,0,1,4,95,0,53,47,0,0,0,0,0,0,0,0,0,100,0,43,22,33,2,58.9774078478002,95.4784863295411,0,0,1.4692378328742,0.767274239322564,0,0,0,0,0,0,0,0,0,0
NO,NOR,Norway,1,2020-06-04,2020-06-03,100,0,0,0,0,14,99,0,0,609310.65508311,100,0,100,0,17,83,0,4,96,0,24,76,0,35,65,0,14,86,0,20,80,0,5,95,0,12,88,0,2,98,0,9,91,0,26,74,0,7,93,0,3,4,93,2,98,0,0,2,98,0,0,0,100,34,66,0,77,23,0,45,55,0,60,40,0,7,93,0,20,79,1,59,41,0,40,14,4,1,41,15,85,0,0,0,2,4,91,3,0,16,17,40,27,0,0,2,9,13,74,2,0,4,6,25,63,2,15,39,30,14,2,0,5,11,84,0,43,57,0,0,0,100,0,0,0,0,0,0,0,41,38,21,0,19.936799770181,32.5694215087073,38.8888888888889,32.7730693416725,2.77008310249308,1.64693228848192,0,0,0,0,0,0,0,0,0.00199174847062171,0.00104228294537026
NO,NOR,Norway,2,2020-06-04,2020-06-04,137,0,0,0,0,14,137,2,0,648257.064509709,137,0,137,0,17,120,0,3,134,0,28,109,0,37,100,0,20,117,0,9,128,0,3,134,0,10,127,0,1,136,0,7,130,0,33,104,0,7,130,0,4,3,130,11,126,0,2,4,131,0,2,0,135,63,74,0,116,21,0,56,81,0,90,47,0,11,126,0,36,101,0,83,54,0,49,12,13,9,54,39,98,0,0,0,4,3,124,6,0,17,16,59,45,0,0,1,7,23,106,0,0,2,15,25,95,0,20,54,39,24,0,0,9,17,111,0,61,75,1,0,0,0,137,0,0,0,0,0,0,81,31,25,0,24.6889348025712,44.8185132810507,39.1428571428571,27.6781797207306,2.61700824237024,2.4424025308175,0,0,0,0,0,0,0,0,0.00143929269044927,0.000753391002762499
NO,NOR,Norway,3,2020-06-04,2020-06-04,157,1,4511.43153003791,1,4511.43153003791,22,157,1,0,706497.588777055,157,2,154,1,9,147,1,2,154,1,22,134,1,34,123,0,20,136,1,11,145,1,4,152,1,5,151,1,3,153,1,5,151,1,35,122,0,7,150,0,5,2,150,9,147,1,1,7,149,0,1,0,156,77,79,1,133,24,0,59,96,2,106,50,1,17,139,1,18,138,1,100,57,0,60,23,8,9,57,28,129,0,2,0,4,2,145,4,0,29,25,64,39,0,1,1,10,19,126,0,1,2,14,24,116,0,7,61,54,35,0,0,6,13,138,0,63,94,0,0,0,0,0,157,0,0,0,0,0,70,51,36,0,25.7411450211628,43.7143257998358,70.4897959183674,58.5275013642117,3.03858481262327,1.47500569682413,0.00636942675159236,0.0124440260501474,0.00638562905479577,0.000185739180210098,0.00636942675159236,0.0124440260501474,0.00638562905479577,0.000185739180210098,0.00197362519063425,0.00082389608573752
NO,NOR,Norway,4,2020-06-04,2020-06-04,276,3,5685.42929118216,2,4351.57646766157,16,275,1,0,762748.03877141,276,4,271,1,33,242,1,6,269,1,22,253,1,49,226,1,42,233,1,19,256,1,8,268,0,11,264,1,4,271,1,18,257,1,37,238,1,9,267,0,7,2,267,16,258,2,1,8,267,0,1,0,275,137,138,1,215,61,0,103,173,0,197,79,0,19,257,0,35,241,0,151,125,0,86,37,20,8,125,51,225,0,0,1,5,4,253,13,0,38,45,113,79,1,0,1,5,26,244,0,3,3,11,29,230,0,32,94,96,54,0,4,3,15,254,0,105,171,0,0,0,0,0,0,276,0,0,0,0,113,80,83,0,33.2929642445213,56.3550397511547,64.6875,43.0016091891588,3.12554844422976,4.76910559549489,0.0108695652173913,0.0122328153088704,0.0074538759881178,0.0001930296270515,0.0072463768115942,0.0100063282887706,0.00570512967122254,0.000169023815284498,0.000819462227912932,0.000401364560661089
NO,NOR,Norway,5,2020-06-04,2020-06-04,234,1,2324.58281094475,1,2324.58281094475,11,234,2,0,512886.90923329,234,1,233,0,26,208,0,7,227,0,23,211,0,32,202,0,35,199,0,11,223,0,7,227,0,9,225,0,1,233,0,10,224,0,29,205,0,9,225,0,7,2,225,18,211,5,2,8,224,0,2,0,232,98,133,3,169,63,2,89,143,2,159,74,1,20,213,1,33,200,1,135,98,1,84,29,16,6,99,53,181,0,1,1,3,9,205,15,0,36,37,95,66,0,0,1,7,20,205,1,1,2,4,25,202,0,22,87,84,41,0,1,2,15,216,0,96,136,0,1,1,0,0,0,0,234,0,0,0,90,69,74,1,48.9605113636364,72.6659656676635,31.7777777777778,11.4649223479466,2.27593186034745,3.93289917862309,0.00427350427350427,0.00835799804875529,0.00453234966441188,0.000183828381426057,0.00427350427350427,0.00835799804875529,0.00453234966441188,0.000183828381426057,0.000662092211387986,0.000391134755588288
NO,NOR,Norway,6,2020-06-04,2020-06-04,252,0,0,0,0,4,251,0,0,622464.332429868,252,0,250,2,20,231,1,9,241,2,10,240,2,35,217,0,32,217,3,5,245,2,6,244,2,1,249,2,1,249,2,6,244,2,13,237,2,4,248,0,2,2,248,5,240,7,0,4,248,0,0,0,252,39,206,7,191,58,3,107,141,4,154,97,1,17,233,2,32,218,2,113,139,0,77,25,8,2,140,44,208,0,1,1,4,2,218,25,1,50,63,111,27,1,1,1,2,14,233,1,2,0,8,21,220,1,23,102,84,42,1,0,4,5,243,0,126,124,0,0,2,0,0,0,0,0,252,0,0,95,80,72,5,49.9824852071006,84.0109055278562,112,48.4974226119286,1.66873739940009,0.825899643160577,0,0,0,0,0,0,0,0,0.00022445429549408,0.000219936480672037
NO,NOR,Norway,7,2020-06-04,2020-06-03,100,0,0,0,0,1,99,0,0,252302.853846511,100,0,100,0,4,96,0,2,98,0,1,99,0,7,93,0,5,94,1,1,98,1,1,99,0,1,99,0,1,99,0,3,97,0,2,98,0,1,98,1,0,1,99,3,92,5,0,2,98,0,0,0,100,7,92,1,72,28,0,38,62,0,56,44,0,5,94,1,21,79,0,33,66,1,22,8,2,1,67,17,83,0,0,1,1,1,81,16,0,29,30,35,5,1,0,0,0,7,91,2,0,0,1,10,88,1,8,35,37,19,1,0,1,8,91,0,51,48,0,0,1,0,0,0,0,0,0,100,0,40,19,38,3,77.7777777777778,141.690693848649,100,0,1.66015625,0.888756279227865,0,0,0,0,0,0,0,0,0.000142267747901551,0.000278819826397772
NO,NOR,Norway,1,2020-06-05,2020-06-04,100,3,13376.4787711252,1,7849.65418330458,21,99,1,0,609686.781494817,100,4,96,0,16,84,0,4,96,0,25,75,0,35,65,0,17,83,0,16,84,0,5,95,0,13,87,0,3,97,0,6,94,0,25,75,0,9,91,0,5,4,91,7,93,0,1,2,97,0,1,0,99,35,65,0,82,17,1,55,45,0,64,36,0,13,87,0,28,71,1,64,36,0,45,10,5,4,36,18,82,0,0,0,3,6,87,4,0,15,15,47,23,0,1,3,12,16,64,4,4,8,11,17,56,4,11,42,27,16,4,2,10,10,78,0,40,60,0,0,0,100,0,0,0,0,0,0,0,39,39,22,0,11.3611111111111,16.1078394626086,32.8125,24.0326229173121,2.69679300291545,1.64633703681892,0.03,0.0334344809563718,0.0219399192784351,0.000367701143867313,0.01,0.0195013954179879,0.0128748964575859,0.000282977999605547,0.00298762270593257,0.00127589363235813
NO,NOR,Norway,2,2020-06-05,2020-06-05,127,1,17557.2359091675,1,17557.2359091675,12,127,1,0,650766.650886768,127,2,124,1,20,107,0,2,124,1,19,107,1,36,90,1,23,103,1,9,118,0,2,124,1,14,112,1,0,126,1,9,117,1,32,94,1,6,121,0,3,3,121,9,118,0,1,4,122,0,1,0,126,67,59,1,106,20,1,57,70,0,84,43,0,13,114,0,25,102,0,71,56,0,43,20,5,3,56,26,101,0,1,1,1,2,122,0,0,16,27,41,43,0,2,2,7,20,95,1,2,6,8,29,81,1,13,58,45,10,1,4,1,18,104,0,45,82,0,0,0,0,127,0,0,0,0,0,0,62,45,20,0,18.3791220331863,35.4330825610443,42.3333333333333,18.9320422094982,2.36785084404132,1.35719291375627,0.0078740157480315,0.0153719081972501,0.0269793110714004,0.000393651500848954,0.0078740157480315,0.0153719081972501,0.0269793110714004,0.000393651500848954,0.00133081956304758,0.000752467016863951
NO,NOR,Norway,3,2020-06-05,2020-06-05,173,1,5431.46692327856,1,5431.46692327856,19,173,3,0,636687.079677452,173,3,170,0,20,153,0,6,167,0,35,138,0,34,139,0,33,140,0,16,156,1,6,167,0,9,164,0,6,167,0,9,164,0,43,130,0,8,165,0,7,1,165,16,154,3,3,8,162,0,2,1,170,72,101,0,133,40,0,69,104,0,114,58,1,21,151,1,31,142,0,96,77,0,50,28,6,12,77,40,133,0,1,2,4,3,161,2,0,25,35,63,50,0,2,3,7,17,144,0,1,5,12,24,131,0,14,69,61,29,0,3,5,12,152,1,77,96,0,0,0,0,0,173,0,0,0,0,0,83,56,34,0,18.0809986935695,41.0632759357423,51.359375,32.5659658492793,3.17919075144509,4.3478443514114,0.00578034682080925,0.0112964805729032,0.0085308263614053,0.000225902081029611,0.00578034682080925,0.0112964805729032,0.0085308263614053,0.000225902081029611,0.00154685337458276,0.000694999167938727
NO,NOR,Norway,4,2020-06-05,2020-06-05,230,0,0,0,0,15,228,1,0,714287.655998559,230,3,227,0,23,207,0,9,221,0,33,197,0,42,188,0,41,189,0,18,212,0,6,224,0,11,219,0,2,228,0,14,216,0,46,184,0,8,222,0,5,3,222,14,214,2,1,4,225,0,1,0,229,113,117,0,188,42,0,102,127,1,162,68,0,22,208,0,35,195,0,128,101,1,76,32,9,11,102,44,186,0,1,1,9,4,202,13,0,38,32,85,75,0,0,0,5,16,207,2,2,0,12,21,193,2,16,99,74,41,0,2,7,20,201,0,92,137,0,0,1,0,0,0,230,0,0,0,0,110,65,54,1,34.4227789256198,58.5329289826625,95.8333333333333,62.9880941130941,2.64468640948876,1.49799139208103,0,0,0,0,0,0,0,0,0.000926612305411416,0.000468704604761976
NO,NOR,Norway,5,2020-06-05,2020-06-05,225,1,1825.49925318546,1,1825.49925318546,22,223,1,0,552456.126522517,225,2,222,1,23,201,1,7,217,1,14,210,1,31,193,1,33,192,0,7,217,1,6,218,1,5,219,1,2,222,1,5,219,1,28,197,0,11,214,0,8,3,214,14,208,3,1,3,221,0,1,0,224,97,127,1,186,38,1,91,133,1,149,75,1,10,214,1,37,187,1,119,104,2,80,19,9,11,106,44,181,0,3,2,6,5,198,10,1,49,40,79,57,0,0,1,7,11,205,1,0,3,7,21,194,0,11,84,93,36,1,2,2,7,214,0,81,142,0,1,1,0,0,0,0,225,0,0,0,84,62,77,2,54.38232421875,91.2601183154301,61.1111111111111,71.9278187568003,2.03619909502262,1.64736617977444,0.00444444444444444,0.00869157181696614,0.00330433344033348,0.00015132908695113,0.00444444444444444,0.00869157181696614,0.00330433344033348,0.00015132908695113,0.00138950293690393,0.000580222122112099
NO,NOR,Norway,6,2020-06-05,2020-06-05,218,1,1502.15379982194,0,0,11,217,1,0,709212.551829898,218,3,214,1,13,204,1,6,211,1,9,208,1,28,189,1,34,183,1,5,212,1,4,213,1,4,213,1,3,214,1,10,207,1,12,205,1,6,211,1,1,5,212,9,203,6,1,3,214,0,1,0,217,26,187,5,175,42,1,103,112,3,145,70,3,13,201,4,32,181,5,105,113,0,82,12,7,4,113,44,174,0,3,1,4,2,187,20,1,61,51,85,21,0,0,0,4,13,200,1,0,1,2,18,196,1,18,79,85,35,1,0,2,16,199,1,101,117,0,0,0,0,0,0,0,0,218,0,0,83,73,61,1,73.0750413223141,102.098053727262,66.6111111111111,27.3507397150966,1.77554869684499,0.764864365935515,0.00458715596330275,0.0089700159965468,0.00211805867781966,0.000106996226086202,0,0,0,0,0.000713961186473681,0.000421765702932807
NO,NOR,Norway,7,2020-06-05,2020-06-04,100,1,4396.00751882077,1,4396.00751882077,2,100,1,1,269762.700729347,100,1,98,1,12,88,0,4,95,1,4,95,1,11,89,0,11,88,1,4,96,0,1,98,1,1,98,1,5,94,1,7,93,0,8,92,0,1,99,0,1,0,99,5,90,5,1,2,97,1,0,0,99,4,94,2,77,23,0,44,54,2,53,46,1,7,92,1,18,82,0,37,63,0,27,7,2,1,63,19,81,0,0,0,1,1,85,13,0,29,26,36,8,1,0,0,4,8,87,1,1,1,2,11,84,1,7,37,41,14,1,0,0,6,94,0,53,47,0,0,0,0,0,0,0,0,0,100,0,45,21,33,1,104.881656804734,136.873619816046,200,0,1.84,1.92127903525572,0.01,0.0195013954179879,0.0162958315101956,0.000477779662426835,0.01,0.0195013954179879,0.0162958315101956,0.000477779662426835,0.00028169014084507,0.000390340454332305
NO,NOR,Norway,1,2020-06-06,2020-06-05,100,2,5526.8245878206,0,0,16,100,1,0,559105.396415848,100,3,97,0,15,85,0,4,96,0,20,80,0,29,71,0,21,79,0,9,91,0,4,96,0,9,91,0,4,96,0,1,99,0,21,79,0,6,94,0,2,4,94,9,91,0,1,6,93,0,1,0,99,34,66,0,87,12,1,44,56,0,73,27,0,15,85,0,28,72,0,69,31,0,42,13,7,7,31,18,82,0,0,0,2,5,89,4,0,12,19,50,19,0,2,2,10,12,72,2,2,8,10,14,64,2,12,41,27,18,2,3,9,8,80,0,53,46,0,1,0,100,0,0,0,0,0,0,0,40,32,28,0,17.7614795918367,34.3681699958788,44.4444444444444,27.2165526975909,2.85,1.69595478308315,0.02,0.0274394957835608,0.00988512116543745,0.000259319419612327,0,0,0,0,0.00225352112676056,0.00110296018526087
NO,NOR,Norway,2,2020-06-06,2020-06-06,133,3,15355.728012924,2,12600.4076070829,36,133,2,0,638578.059757011,133,3,130,0,23,110,0,3,130,0,23,110,0,46,87,0,21,112,0,16,117,0,4,129,0,11,122,0,1,132,0,7,126,0,35,98,0,8,125,0,6,2,125,13,120,0,2,8,123,0,2,0,131,50,83,0,106,27,0,54,79,0,90,43,0,8,123,2,33,99,1,81,52,0,57,16,5,3,52,20,113,0,1,0,3,3,119,7,0,20,25,63,25,0,3,3,6,17,103,1,4,6,6,22,94,1,19,58,25,30,1,4,5,16,108,0,48,84,1,0,0,0,133,0,0,0,0,0,0,64,41,27,1,20.917883379247,40.9301831865618,74.8125,98.9551666159984,2.52631578947368,1.39576712571206,0.0225563909774436,0.0252349781530116,0.0240467516512657,0.000375736867659205,0.0150375939849624,0.0206833687719074,0.0197319770301497,0.000341113425838033,0.00381234777083554,0.00124296794544694
NO,NOR,Norway,3,2020-06-06,2020-06-06,159,2,11433.5706240424,1,4248.1131030285,3,159,1,0,692912.517516494,159,2,157,0,12,147,0,4,155,0,15,144,0,42,117,0,23,136,0,12,147,0,6,153,0,8,151,0,1,158,0,4,155,0,26,133,0,1,158,0,1,0,158,13,146,0,1,5,153,0,1,0,158,76,82,1,128,30,1,74,84,1,112,46,1,13,145,1,33,125,1,93,65,1,56,22,6,9,66,28,131,0,0,3,3,1,146,6,0,23,27,60,49,0,0,0,10,17,132,0,1,3,13,20,122,0,13,59,61,26,0,0,4,16,139,0,77,79,0,3,0,0,0,159,0,0,0,0,0,73,52,31,3,43.9863945578231,64.404958206226,477,0,2.95661157024793,1.46996513208453,0.0125786163522013,0.0173227655893146,0.0165007419190839,0.000299949154253436,0.00628930817610063,0.0122879927943053,0.00613080727456677,0.000183794425043596,0.000265745415891576,0.000300673762217625
NO,NOR,Norway,4,2020-06-06,2020-06-06,259,1,2600.22721346103,1,2600.22721346103,5,257,0,0,711836.813944564,259,5,254,0,37,222,0,5,254,0,26,233,0,48,211,0,48,211,0,16,243,0,3,256,0,8,251,0,1,258,0,9,250,0,46,213,0,6,253,0,1,5,253,22,233,4,0,12,247,0,0,0,259,117,140,2,226,32,1,123,132,4,177,81,1,20,237,2,39,218,2,141,118,0,91,28,11,11,118,60,199,0,2,3,7,3,237,7,0,46,38,96,79,0,0,0,9,23,227,0,0,4,22,20,213,0,24,106,79,50,0,1,11,21,226,0,102,156,0,1,0,0,0,0,259,0,0,0,0,119,78,62,0,38.4950160199359,59.7374019836916,48.5625,61.9934052272229,2.75148807198988,1.45109774444145,0.00386100386100386,0.00755280544780943,0.00365284172232139,0.000140145332821644,0.00386100386100386,0.00755280544780943,0.00365284172232139,0.000140145332821644,0.00027401764673645,0.000240149734484224
NO,NOR,Norway,5,2020-06-06,2020-06-06,262,0,0,0,0,6,261,2,0,566231.721049572,262,0,262,0,22,240,0,4,258,0,15,247,0,36,226,0,41,221,0,11,251,0,2,260,0,10,252,0,1,261,0,4,258,0,33,228,1,4,257,1,2,2,258,15,244,3,2,5,255,0,1,1,260,84,174,4,221,41,0,111,149,2,168,94,0,9,252,1,29,232,1,135,127,0,91,28,10,6,127,59,203,0,2,1,2,7,240,9,1,47,46,92,77,0,1,0,8,15,236,2,1,0,7,25,227,2,19,111,77,53,2,0,5,12,243,2,101,161,0,0,0,0,0,0,0,262,0,0,0,105,70,86,1,48.9847583103498,70.4832918806863,81.875,82.4190259183724,2.10840236686391,1.14396100097309,0,0,0,0,0,0,0,0,0.000323781771086288,0.000259032669018925
NO,NOR,Norway,6,2020-06-06,2020-06-06,232,1,2425.38078627712,1,2425.38078627712,5,232,1,0,596350.391120692,232,3,228,1,21,210,1,5,226,1,12,219,1,30,202,0,39,193,0,7,225,0,4,228,0,3,228,1,2,229,1,6,225,1,21,210,1,5,227,0,3,2,227,14,215,3,1,5,226,0,1,0,231,26,202,4,180,51,1,88,143,1,137,94,1,3,227,2,26,204,2,97,135,0,72,19,6,0,135,31,201,0,0,0,5,4,198,24,1,66,56,81,29,0,1,1,4,11,214,1,0,0,9,13,208,2,22,96,79,34,1,0,3,16,213,0,101,130,1,0,0,0,0,0,0,0,232,0,0,85,64,82,1,54.2595918367347,80.7587518539884,37.12,20.7507108311981,1.82144255619077,0.847871343775957,0.00431034482758621,0.00842989380432335,0.00406703981818344,0.000161529408124689,0.00431034482758621,0.00842989380432335,0.00406703981818344,0.000161529408124689,0.000303545410393395,0.000266024009920645
NO,NOR,Norway,7,2020-06-06,2020-06-05,100,0,0,0,0,0,100,0,0,258813.884357635,100,0,99,1,11,89,0,5,94,1,6,93,1,14,86,0,12,87,1,6,94,0,1,98,1,1,98,1,2,97,1,4,96,0,7,93,0,0,100,0,0,0,100,6,88,6,0,3,97,0,0,0,100,3,92,5,79,21,0,40,58,2,45,54,1,4,95,1,9,91,0,43,55,2,29,8,4,1,58,18,82,0,0,1,1,4,84,10,0,33,24,32,11,0,1,0,2,6,90,1,2,1,3,10,84,0,13,31,32,24,0,0,1,7,92,0,52,48,0,0,0,0,0,0,0,0,0,100,0,37,32,31,0,80.8,123.65543524919,0,0,1.57,0.685418105828829,0,0,0,0,0,0,0,0,0,0
NO,NOR,Norway,1,2020-06-07,2020-06-06,100,0,0,0,0,12,100,1,0,577454.758896157,100,1,99,0,16,84,0,5,95,0,26,74,0,38,62,0,20,80,0,11,89,0,3,97,0,14,86,0,3,97,0,3,97,0,25,75,0,6,94,0,3,3,94,6,94,0,1,4,95,0,1,0,99,26,73,1,79,21,0,44,56,0,75,25,0,16,84,0,28,72,0,69,31,0,37,17,9,5,32,16,84,0,0,2,1,2,90,5,0,9,22,45,24,0,2,3,10,12,72,1,1,9,11,23,55,1,15,52,18,14,1,1,5,9,85,0,46,54,0,0,0,100,0,0,0,0,0,0,0,48,28,24,0,18.9646201873049,34.5691007893799,33.3333333333333,25.8198889747161,3.48812994585589,5.12182880401913,0,0,0,0,0,0,0,0,0.00169014084507042,0.000955461177500561
NO,NOR,Norway,2,2020-06-07,2020-06-07,138,1,4061.4447991635,1,4061.4447991635,12,136,1,0,707686.283006527,138,1,137,0,15,123,0,2,136,0,29,109,0,33,105,0,15,123,0,7,131,0,5,133,0,7,130,1,0,138,0,5,133,0,30,107,1,11,127,0,8,3,127,14,124,0,1,9,128,0,1,0,137,42,96,0,116,22,0,67,71,0,96,42,0,27,110,1,40,97,1,85,53,0,53,19,8,5,53,27,111,0,0,4,1,2,127,4,0,16,26,55,41,0,0,0,13,14,111,0,1,3,15,25,94,0,19,50,48,21,0,1,5,15,117,0,56,81,1,0,0,0,138,0,0,0,0,0,0,80,34,24,0,10.974674556213,19.4023896744616,20.4444444444444,7.66666666666667,2.65148139897527,1.51217831699386,0.0072463768115942,0.014151085175537,0.00573904694310155,0.000175993967824296,0.0072463768115942,0.014151085175537,0.00573904694310155,0.000175993967824296,0.00124275062137531,0.000702702387767087
NO,NOR,Norway,3,2020-06-07,2020-06-07,153,0,0,0,0,16,151,1,0,648853.25701754,153,1,152,0,14,139,0,4,149,0,18,135,0,29,124,0,23,130,0,10,143,0,3,150,0,6,147,0,4,149,0,1,152,0,25,128,0,10,143,0,5,5,143,19,134,0,1,7,145,0,1,0,152,40,113,0,116,37,0,60,93,0,111,42,0,11,142,0,19,133,1,100,53,0,59,27,8,6,53,44,109,0,2,2,1,4,138,6,0,21,27,59,46,0,3,1,4,8,136,1,2,5,8,22,115,1,16,64,47,25,1,2,4,11,136,0,70,83,0,0,0,0,0,153,0,0,0,0,0,74,48,30,1,34.9251700680272,54.7970212086351,38.25,25.0405029045801,2.82106994459834,1.45170637033013,0,0,0,0,0,0,0,0,0.00149239809719243,0.000730715759800473
NO,NOR,Norway,4,2020-06-07,2020-06-07,296,3,7379.60967614948,2,4906.09883356469,27,295,5,0,694134.982468609,296,4,292,0,38,258,0,11,285,0,47,248,1,51,245,0,52,244,0,23,273,0,11,285,0,15,281,0,6,290,0,16,279,1,65,231,0,14,282,0,11,3,282,26,264,6,5,13,278,0,4,1,291,91,205,0,221,75,0,137,159,0,187,109,0,35,261,0,56,240,0,142,154,0,81,31,19,11,154,63,233,0,1,0,5,5,275,10,0,49,52,105,89,1,2,2,11,28,252,1,4,3,12,53,224,0,35,122,89,50,0,2,5,25,264,0,127,169,0,0,0,0,0,0,296,0,0,0,0,141,85,70,0,25.3896626070742,44.4255287678272,47.2899408284024,56.8938781127828,2.71425452456191,1.43262828492833,0.0101351351351351,0.0114105075315514,0.0106313755429884,0.000241268109622842,0.00675675675675676,0.00933252554754552,0.00706793196925003,0.000197075244376465,0.00128909047505371,0.000485925293200744
NO,NOR,Norway,5,2020-06-07,2020-06-07,291,2,3068.13365016705,0,0,11,290,1,0,596358.2447415,291,2,288,1,23,268,0,5,284,2,25,265,1,33,257,1,48,242,1,9,281,1,0,290,1,9,281,1,2,288,1,9,281,1,29,261,1,8,283,0,6,2,283,22,263,6,1,9,281,0,1,0,290,68,221,2,209,81,1,113,176,2,188,103,0,18,272,1,27,263,1,153,137,1,105,36,9,3,138,51,240,0,4,2,5,7,254,18,1,56,55,101,79,0,0,0,3,18,269,1,0,4,9,28,249,1,28,107,105,49,2,1,4,26,260,0,111,179,0,1,0,0,0,0,0,291,0,0,0,116,86,89,0,52.9727777777778,75.8415736746061,65.3265306122449,40.5695601754319,2.22432002314815,2.06292354972866,0.00687285223367698,0.00949232341528681,0.00514478281673958,0.00018157578944569,0,0,0,0,0.000534239922292375,0.000315625473693919
NO,NOR,Norway,6,2020-06-07,2020-06-07,247,0,0,0,0,6,245,0,0,651946.86949288,247,0,245,2,24,222,1,4,241,2,10,235,2,35,210,2,31,214,2,8,237,2,4,241,2,3,241,3,2,243,2,9,236,2,16,229,2,7,239,1,5,2,240,8,233,6,0,4,243,0,0,0,247,17,227,3,169,76,2,95,151,1,159,88,0,22,223,2,30,216,1,121,123,3,86,23,11,1,126,28,219,0,2,0,3,6,210,26,0,62,69,92,24,0,0,0,5,11,231,0,0,0,4,17,226,0,15,94,89,49,0,0,1,10,235,1,107,139,0,0,1,0,0,0,0,0,247,0,0,102,55,88,2,51.0666089965398,69.6633196567942,34.3055555555556,16.8062212907624,1.77981389411449,0.877835627636455,0,0,0,0,0,0,0,0,0.000344926703075596,0.00027594616979745
NO,NOR,Norway,7,2020-06-07,2020-06-06,100,0,0,0,0,3,100,0,0,257220.516088727,100,1,99,0,5,95,0,1,99,0,4,96,0,14,86,0,16,84,0,6,94,0,1,99,0,1,99,0,0,99,1,4,96,0,6,94,0,1,99,0,1,0,99,1,96,3,0,0,100,0,0,0,100,3,91,6,65,34,1,35,63,2,48,52,0,4,95,1,6,93,1,45,53,2,31,9,5,0,55,19,81,0,1,0,3,4,77,15,0,25,33,37,5,0,1,0,1,9,88,1,1,0,1,14,82,2,12,34,43,10,1,0,1,4,95,0,49,51,0,0,0,0,0,0,0,0,0,100,0,33,36,31,0,62.8472222222222,102.201880786965,300,0,1.62228344046526,0.774640240925863,0,0,0,0,0,0,0,0,0.000422535211267606,0.000478033792144491
NO,NOR,Norway,1,2020-06-08,2020-06-07,100,3,19443.3351694996,3,19443.3351694996,10,100,1,0,596613.70645301,100,3,97,0,19,81,0,5,95,0,27,73,0,37,63,0,19,81,0,16,84,0,4,96,0,17,83,0,1,99,0,4,96,0,25,75,0,7,93,0,3,4,93,4,96,0,1,2,97,0,1,0,99,26,73,1,73,27,0,40,60,0,72,28,0,21,79,0,24,76,0,64,36,0,40,13,7,3,37,16,84,0,0,2,2,3,88,5,0,6,19,45,30,0,1,1,5,13,79,1,1,4,9,30,55,1,13,43,28,15,1,2,1,8,89,0,42,58,0,0,0,100,0,0,0,0,0,0,0,50,26,24,0,19.9494949494949,31.7248974798262,18.3673469387755,13.5884247315906,3.53,4.99384469607184,0.03,0.0334344809563718,0.0325894879034781,0.000450552752260212,0.03,0.0334344809563718,0.0325894879034781,0.000450552752260212,0.00140845070422535,0.000872335779060366
NO,NOR,Norway,2,2020-06-08,2020-06-08,113,0,0,0,0,22,112,3,1,615549.668221088,113,1,111,1,9,103,1,1,111,1,23,90,0,32,80,1,22,90,1,10,102,1,6,106,1,9,103,1,1,111,1,8,104,1,28,84,1,10,103,0,6,4,103,13,100,0,3,7,103,1,1,1,110,44,68,1,85,28,0,50,61,2,88,24,1,12,101,0,30,83,0,73,40,0,50,12,4,7,40,27,86,0,0,1,3,3,103,2,1,10,24,54,25,0,0,1,10,13,89,0,2,3,14,22,72,0,18,47,33,15,0,1,1,16,95,0,52,60,1,0,0,0,113,0,0,0,0,0,0,54,39,19,1,20.5592582639076,37.3117696525272,30.6913580246914,17.8791189485348,3.1858407079646,9.30106433288145,0,0,0,0,0,0,0,0,0.00276659959758551,0.00115446685304638
NO,NOR,Norway,3,2020-06-08,2020-06-08,144,1,8786.92833641143,0,0,13,144,1,0,673425.552154407,144,3,140,1,16,128,0,3,141,0,18,125,1,28,116,0,21,123,0,11,133,0,3,140,1,13,130,1,0,144,0,3,141,0,26,117,1,6,138,0,3,3,138,16,128,0,1,7,136,0,1,0,143,68,76,0,107,36,1,52,92,0,102,42,0,10,134,0,25,119,0,85,58,1,53,15,6,11,59,39,105,0,2,4,2,5,124,7,0,22,36,50,36,0,0,3,8,10,122,1,0,1,8,22,112,1,17,56,49,21,1,4,8,16,116,0,58,85,0,1,0,0,0,144,0,0,0,0,0,64,48,32,0,38.5185185185185,71.5329208832608,52,9.79795897113271,2.75338647366619,1.53022178348809,0.00694444444444444,0.0135635187350798,0.0130481065179373,0.000271034786280628,0,0,0,0,0.00127151799687011,0.000690752784130296
NO,NOR,Norway,4,2020-06-08,2020-06-08,205,0,0,0,0,15,205,1,0,647979.515217306,205,0,205,0,22,183,0,7,198,0,23,182,0,35,170,0,36,169,0,14,191,0,10,195,0,9,196,0,3,202,0,8,197,0,38,167,0,7,198,0,5,2,198,11,193,1,1,3,201,0,0,1,204,89,116,0,131,73,1,75,130,0,131,74,0,17,188,0,22,183,0,129,76,0,82,21,14,12,76,37,168,0,2,2,2,3,182,14,0,38,44,71,52,0,0,3,2,17,183,0,3,1,5,26,170,0,17,79,74,35,0,3,7,10,184,1,91,114,0,0,0,0,0,0,205,0,0,0,0,96,59,49,1,26.9008564377994,46.6000163683781,58.5714285714286,41.4162543266406,2.59178820160645,1.44545568422732,0,0,0,0,0,0,0,0,0.00103057368601855,0.000521263852150245
NO,NOR,Norway,5,2020-06-08,2020-06-08,240,1,2072.82934216308,1,2072.82934216308,16,239,1,0,606299.512046516,240,1,239,0,24,216,0,6,234,0,27,213,0,36,204,0,46,194,0,14,226,0,4,236,0,6,234,0,0,240,0,11,229,0,25,215,0,9,231,0,4,5,231,20,217,3,1,7,232,0,1,0,239,82,156,2,156,84,0,79,160,1,164,76,0,16,224,0,26,214,0,133,107,0,89,25,13,6,107,51,189,0,1,1,6,3,216,13,0,49,45,96,49,1,0,1,8,14,216,1,0,2,7,28,202,1,20,108,66,45,1,2,6,14,217,1,94,146,0,0,0,0,0,0,0,240,0,0,0,100,72,67,1,25.0945179584121,46.3858335247441,60,42.4264068711929,1.91849596752657,1.03044425459554,0.00416666666666667,0.00814948526650202,0.00341882073295162,0.000146926112138564,0.00416666666666667,0.00814948526650202,0.00341882073295162,0.000146926112138564,0.000942895868937474,0.000461792620814726
NO,NOR,Norway,6,2020-06-08,2020-06-08,230,0,0,0,0,8,227,1,0,615276.647202196,230,0,229,1,22,207,1,8,221,1,15,214,1,27,202,1,35,194,1,11,218,1,4,225,1,3,226,1,2,227,1,6,223,1,17,212,1,7,222,1,4,3,223,11,214,5,1,1,228,0,0,1,229,22,204,4,152,77,1,81,148,1,139,91,0,17,213,0,25,205,0,97,133,0,65,18,12,2,133,47,183,0,0,1,4,5,197,23,0,60,51,99,20,0,1,0,6,19,201,3,0,1,7,30,189,3,25,91,81,30,3,0,1,12,217,0,97,132,0,0,1,0,0,0,0,0,230,0,0,89,66,74,1,62.1136094674556,92.0702124543699,73.6,25.1952376452376,1.75367901234568,0.78410042868585,0,0,0,0,0,0,0,0,0.00049637029223801,0.000343875366609904
NO,NOR,Norway,7,2020-06-08,2020-06-07,100,0,0,0,0,3,100,0,0,280720.232023846,100,1,98,1,7,92,1,3,97,0,2,97,1,13,86,1,13,86,1,4,95,1,1,98,1,2,97,1,0,99,1,4,95,1,2,97,1,1,99,0,0,1,99,1,95,4,0,0,100,0,0,0,100,4,93,3,61,38,1,35,64,1,61,39,0,7,91,2,14,85,1,41,58,1,31,9,1,0,59,17,83,0,1,1,2,0,84,12,0,26,25,43,6,0,0,0,1,13,85,1,0,0,3,9,86,2,8,41,38,12,1,0,2,6,92,0,48,51,0,0,1,0,0,0,0,0,0,100,0,36,31,32,1,66.4,102.052274186647,300,0,1.63473552686381,0.946625535823546,0,0,0,0,0,0,0,0,0.000422535211267606,0.000478033792144491
NO,NOR,Norway,1,2020-06-09,2020-06-08,100,3,19443.3351694996,3,19443.3351694996,13,100,1,0,674282.565730799,100,3,97,0,21,79,0,4,96,0,20,80,0,34,66,0,19,81,0,12,88,0,4,96,0,8,92,0,1,99,0,7,93,0,29,71,0,6,94,0,4,2,94,3,97,0,1,1,98,0,1,0,99,29,71,0,70,30,0,35,65,0,68,32,0,20,80,0,21,79,0,67,33,0,46,12,5,4,33,17,83,0,0,2,2,3,86,7,0,6,20,46,28,0,0,0,4,16,80,0,0,4,10,25,61,0,8,40,35,17,0,0,4,9,87,0,50,50,0,0,0,100,0,0,0,0,0,0,0,52,22,24,2,18.8390217683418,29.7133472021353,33.3333333333333,29.8142396999972,3.56101624323199,5.16424295668175,0.03,0.0334344809563718,0.028835589347363,0.000399427462297961,0.03,0.0334344809563718,0.028835589347363,0.000399427462297961,0.00183098591549296,0.000994405368977474
NO,NOR,Norway,2,2020-06-09,2020-06-09,108,0,0,0,0,12,108,0,0,583382.921498848,108,0,107,1,11,96,1,1,106,1,16,91,1,30,77,1,17,90,1,11,96,1,0,107,1,8,99,1,0,107,1,4,103,1,19,88,1,5,103,0,3,2,103,7,101,0,0,5,103,0,0,0,108,49,58,1,84,23,1,50,57,1,75,33,0,11,96,1,31,76,1,63,45,0,39,16,4,4,45,24,84,0,0,0,2,2,100,4,0,13,14,45,36,0,0,0,8,15,84,1,1,3,14,20,69,1,15,39,41,12,1,4,6,16,82,0,44,64,0,0,0,0,108,0,0,0,0,0,0,67,24,17,0,16.530612244898,35.1784368964211,47.52,32.0379774642533,2.35493058027768,1.3292834964605,0,0,0,0,0,0,0,0,0.00156494522691706,0.000884741746904454
NO,NOR,Norway,3,2020-06-09,2020-06-09,156,2,5932.49324353177,1,4307.8292712964,21,156,1,0,680957.494679628,156,2,154,0,14,142,0,2,154,0,21,135,0,14,142,0,21,135,0,12,144,0,2,154,0,3,153,0,1,155,0,7,149,0,20,136,0,9,147,0,6,3,147,12,144,0,1,7,148,0,0,1,155,77,78,1,119,36,1,50,106,0,98,58,0,13,143,0,31,125,0,89,67,0,55,18,7,9,67,34,122,0,0,1,3,5,142,5,0,27,23,63,43,0,1,0,5,10,139,1,2,0,6,16,131,1,15,58,51,31,1,1,3,9,142,1,72,84,0,0,0,0,0,156,0,0,0,0,0,78,44,33,1,26.4081255771007,55.7908641838896,40.4444444444445,32.4276973520408,2.98688865764828,1.45269994570032,0.0128205128205128,0.0176537329117505,0.00871198759083024,0.000220722517115903,0.00641025641025641,0.0125235381351971,0.00632613533877488,0.000188312548987267,0.00189599133261105,0.000810144879193656
NO,NOR,Norway,4,2020-06-09,2020-06-09,226,0,0,0,0,15,224,1,0,690713.835575274,226,1,222,3,28,195,3,3,220,3,33,192,1,40,183,3,39,187,0,15,208,3,12,212,2,19,206,1,6,217,3,10,213,3,38,186,2,13,213,0,9,4,213,17,207,2,1,11,214,0,1,0,225,111,113,2,174,51,1,79,146,1,156,68,2,24,200,2,37,189,0,136,90,0,83,35,11,7,90,59,167,0,1,0,5,4,206,10,0,47,36,86,57,0,1,3,9,19,191,3,1,1,12,28,182,2,21,91,83,29,2,2,3,18,203,0,86,138,1,0,1,0,0,0,226,0,0,0,0,106,52,66,2,30.3685338230793,52.1447341363519,28.0165289256198,13.8517426287902,3.05847107438017,6.87010542920211,0,0,0,0,0,0,0,0,0.000943158953722334,0.000477070379179355
NO,NOR,Norway,5,2020-06-09,2020-06-09,228,0,0,0,0,9,226,2,0,562283.819899109,228,0,227,1,18,209,1,6,221,1,11,215,2,27,200,1,27,200,1,8,219,1,5,222,1,11,216,1,0,227,1,6,221,1,31,196,1,7,221,0,3,4,221,15,211,2,2,4,222,0,2,0,226,83,144,1,176,52,0,86,142,0,136,92,0,13,215,0,25,203,0,105,123,0,65,16,12,12,123,49,179,0,4,0,6,1,200,17,0,48,45,80,55,0,1,1,6,11,209,0,1,0,10,15,202,0,24,94,70,40,0,0,2,12,214,0,85,142,0,0,1,0,0,0,0,228,0,0,0,95,64,68,1,26.3126290110715,37.5585995265937,82.08,38.1516972099539,2.06233847599655,1.35778061937247,0,0,0,0,0,0,0,0,0.000560887448585317,0.000366336952731803
NO,NOR,Norway,6,2020-06-09,2020-06-09,198,1,3911.64945801226,0,0,5,197,2,0,593837.221810237,198,2,194,2,26,171,1,6,191,1,10,186,2,21,175,2,29,169,0,10,186,2,3,194,1,3,193,2,0,196,2,4,192,2,23,173,2,4,194,0,1,3,194,14,183,1,2,6,190,0,2,0,196,18,178,2,131,67,0,79,118,1,115,81,2,11,186,1,25,173,0,85,113,0,68,12,1,4,113,46,152,0,0,0,3,3,177,15,0,42,52,82,22,0,0,0,4,7,187,0,1,2,1,16,178,0,15,100,60,23,0,0,1,11,186,0,77,121,0,0,0,0,0,0,0,0,198,0,0,80,63,53,2,48.5188164320598,73.3908294054517,110,38.1051177665153,1.64931278633903,0.884680599446482,0.00505050505050505,0.00987377937101159,0.00658707355205539,0.000205743224954744,0,0,0,0,0.000357474798026739,0.000313278708519998
NO,NOR,Norway,7,2020-06-09,2020-06-08,100,1,3590.71085916948,1,3590.71085916948,3,99,0,0,314635.331103645,100,1,98,1,9,90,1,4,96,0,2,97,1,13,86,1,14,85,1,2,97,1,1,98,1,3,96,1,1,98,1,5,94,1,4,95,1,1,98,1,0,1,99,6,90,4,0,1,99,0,0,0,100,8,90,2,70,29,1,34,65,1,62,38,0,5,95,0,15,85,0,43,56,1,35,7,1,0,57,17,83,0,1,0,0,0,78,21,0,33,23,38,6,0,0,0,0,9,91,0,0,0,2,14,84,0,6,45,29,20,0,0,1,8,91,0,48,50,0,0,2,0,0,0,0,0,0,100,0,40,30,28,2,96.5277777777778,121.519582194323,300,0,1.55143690129113,0.675108968193502,0.01,0.0195013954179879,0.0114122938659634,0.000371140563105038,0.01,0.0195013954179879,0.0114122938659634,0.000371140563105038,0.000426803243704652,0.000482861385434658
NO,NOR,Norway,1,2020-06-10,2020-06-09,100,0,0,0,0,8,100,3,0,723266.407009468,100,1,99,0,24,76,0,5,95,0,24,76,0,36,64,0,20,80,0,13,87,0,7,93,0,9,91,0,1,99,0,13,87,0,36,64,0,3,97,0,3,0,97,8,92,0,3,4,93,0,3,0,97,34,66,0,67,33,0,35,65,0,68,31,1,13,87,0,25,75,0,65,35,0,39,13,6,7,35,21,79,0,0,2,0,1,94,3,0,6,15,48,31,0,1,0,10,15,74,0,2,6,13,19,60,0,9,41,36,14,0,2,4,8,86,0,48,52,0,0,0,100,0,0,0,0,0,0,0,47,31,21,1,11.4784205693297,14.9993774589107,88.8888888888889,69.3888666488711,3.12466787118716,5.19199012321541,0,0,0,0,0,0,0,0,0.00112676056338028,0.000780350880787396
NO,NOR,Norway,2,2020-06-10,2020-06-10,125,1,4497.22394347062,1,4497.22394347062,18,124,0,0,692951.715653213,125,1,124,0,13,112,0,7,118,0,27,98,0,29,96,0,22,103,0,7,118,0,8,117,0,9,116,0,2,123,0,8,117,0,30,95,0,8,117,0,1,7,117,10,115,0,0,7,118,0,0,0,125,47,78,0,101,24,0,55,70,0,84,41,0,10,115,0,26,99,0,73,52,0,47,17,4,5,52,27,98,0,3,1,2,2,116,1,0,15,22,49,39,0,1,1,14,13,96,0,3,2,17,25,78,0,23,39,35,28,0,4,7,12,101,1,52,73,0,0,0,0,125,0,0,0,0,0,0,64,43,17,1,24.0309645800847,44.9483655417183,45.9183673469388,26.9974623578019,2.86160249739854,4.51989141953998,0.008,0.0156168670868465,0.00648995282338149,0.000189061676846876,0.008,0.0156168670868465,0.00648995282338149,0.000189061676846876,0.002044525215811,0.000943539078919685
NO,NOR,Norway,3,2020-06-10,2020-06-10,141,1,3657.38211645345,1,3657.38211645345,10,141,1,0,663321.37019243,141,2,138,1,13,127,1,2,138,1,20,121,0,25,115,1,21,119,1,10,130,1,0,140,1,6,135,0,1,139,1,4,136,1,29,111,1,8,133,0,6,2,133,8,133,0,1,5,135,0,1,0,140,65,76,0,114,27,0,61,80,0,104,37,0,12,129,0,25,116,0,82,59,0,40,23,14,5,59,30,111,0,0,1,1,8,126,5,0,24,29,42,46,0,0,0,6,10,125,0,0,2,9,13,117,0,10,58,56,17,0,2,5,9,125,0,70,71,0,0,0,0,0,141,0,0,0,0,0,74,35,32,0,22.1295350712174,34.85006657953,19.828125,11.2953327711367,3.58156028368794,8.3144933943848,0.00709219858156028,0.0138510736925787,0.00551374082127407,0.000178200395578378,0.00709219858156028,0.0138510736925787,0.00551374082127407,0.000178200395578378,0.000998901208670463,0.000618804712774211
NO,NOR,Norway,4,2020-06-10,2020-06-10,218,1,1814.19417592849,1,1814.19417592849,12,217,2,0,689880.615475459,218,3,214,1,25,192,1,4,213,1,27,189,2,44,174,0,42,175,1,18,199,1,9,207,2,12,205,1,1,216,1,8,209,1,34,184,0,7,211,0,5,2,211,19,198,1,2,8,208,0,1,1,216,111,107,0,170,47,1,90,127,1,164,53,1,23,194,1,36,181,1,134,84,0,77,33,19,5,84,46,172,0,2,2,4,4,198,8,0,29,37,87,64,1,0,3,13,20,182,0,0,5,13,26,174,0,25,84,69,40,0,0,7,20,191,0,82,136,0,0,0,0,0,0,218,0,0,0,0,108,62,47,1,35.1571361058601,53.3590634269202,66.6111111111111,66.6661388867998,3.11319765918421,7.04849009529343,0.00458715596330275,0.0089700159965468,0.00262972191888326,0.000120849329187369,0.00458715596330275,0.0089700159965468,0.00262972191888326,0.000120849329187369,0.000778866748880379,0.000440505603031597
NO,NOR,Norway,5,2020-06-10,2020-06-10,216,2,6491.74317660999,2,6491.74317660999,10,213,3,0,565063.747356053,216,3,213,0,26,190,0,5,211,0,25,191,0,36,179,1,43,173,0,16,200,0,7,209,0,8,208,0,1,215,0,6,210,0,24,191,1,9,206,1,5,3,208,18,194,4,3,8,205,0,1,2,213,85,130,1,166,49,1,80,135,1,132,83,1,13,202,1,32,184,0,105,111,0,54,32,14,5,111,51,165,0,2,0,7,5,187,15,0,51,38,73,54,0,0,0,6,22,187,1,1,1,8,18,187,1,25,88,66,36,1,1,3,17,195,0,94,122,0,0,0,0,0,0,0,216,0,0,0,93,50,72,1,32.4793940744041,64.7537697732054,44.0816326530612,24.2782701676285,2.02340815791772,1.20383825896075,0.00925925925925926,0.0127728951982853,0.0114885147153485,0.000277857529920907,0.00925925925925926,0.0127728951982853,0.0114885147153485,0.000277857529920907,0.00066124446207763,0.0004097005094239
NO,NOR,Norway,6,2020-06-10,2020-06-10,206,0,0,0,0,1,206,1,0,630413.129124609,206,0,202,4,18,186,2,8,196,2,10,193,3,29,174,3,28,175,3,11,191,4,4,199,3,10,192,4,2,200,4,12,191,3,16,186,4,1,205,0,1,0,205,13,189,4,1,6,199,0,0,1,205,22,176,8,160,43,3,100,102,4,141,63,2,11,190,5,24,177,5,89,116,1,66,16,6,1,117,37,169,0,1,1,3,3,182,16,0,61,60,69,16,0,1,1,3,11,188,2,0,2,5,14,184,1,21,79,71,34,1,0,0,17,189,0,78,126,0,0,2,0,0,0,0,0,206,0,0,78,64,62,2,79.7724791726515,102.380977662368,206,0,1.78155339805825,2.08732516768982,0,0,0,0,0,0,0,0,6.83713934089977e-05,0.00013400088750584
NO,NOR,Norway,7,2020-06-10,2020-06-09,100,0,0,0,0,0,99,0,0,325559.10262704,100,0,100,0,7,93,0,5,95,0,6,94,0,11,89,0,13,87,0,3,97,0,0,100,0,1,99,0,3,97,0,7,93,0,6,94,0,0,99,1,0,0,100,6,93,1,0,1,99,0,0,0,100,3,95,2,78,22,0,42,57,1,62,38,0,3,97,0,9,90,1,41,58,1,34,5,1,0,60,21,79,0,0,0,2,1,81,16,0,37,26,34,3,0,0,1,0,4,95,0,0,1,2,9,88,0,8,38,31,23,0,0,0,5,95,0,51,48,0,0,1,0,0,0,0,0,0,100,0,35,38,25,2,71.301775147929,87.4844416885152,0,0,1.55086215692276,0.63415162850263,0,0,0,0,0,0,0,0,0,0
NO,NOR,Norway,1,2020-06-11,2020-06-10,100,0,0,0,0,5,100,3,0,680494.299236138,100,1,99,0,16,84,0,5,95,0,18,82,0,35,65,0,20,80,0,12,88,0,6,94,0,13,87,0,2,98,0,11,89,0,31,69,0,3,97,0,2,1,97,9,91,0,3,6,91,0,3,0,97,35,64,1,81,19,0,38,62,0,76,24,0,12,88,0,22,78,0,76,24,0,42,17,9,8,24,15,85,0,0,0,1,5,94,0,0,6,14,51,29,0,1,0,5,14,80,0,1,2,11,18,68,0,12,39,35,14,0,2,1,9,88,0,40,60,0,0,0,100,0,0,0,0,0,0,0,48,29,23,0,14.2819979188345,22.6275232485051,55.5555555555556,19.2450089729875,2.58,1.55816519916175,0,0,0,0,0,0,0,0,0.000704225352112676,0.00061705200811476
NO,NOR,Norway,2,2020-06-11,2020-06-11,113,2,8818.53711414496,2,8818.53711414496,27,113,4,0,732245.683442518,113,3,110,0,12,101,0,4,109,0,26,87,0,34,79,0,18,95,0,13,100,0,6,107,0,7,106,0,2,111,0,7,106,0,21,92,0,8,105,0,4,4,105,15,98,0,4,8,101,0,3,1,109,49,64,0,90,23,0,44,69,0,68,45,0,14,99,0,31,82,0,69,44,0,41,13,11,4,44,31,82,0,1,1,5,3,100,3,0,18,25,45,25,0,0,2,3,8,98,2,1,2,9,21,78,2,15,48,30,18,2,5,5,11,92,0,45,66,1,1,0,0,113,0,0,0,0,0,0,60,27,26,0,21.5310400429992,39.0119892677399,47.671875,33.7124087940395,2.26548672566372,1.27487883958664,0.0176991150442478,0.0243112289346397,0.0120431397733698,0.000249838023199082,0.0176991150442478,0.0243112289346397,0.0120431397733698,0.000249838023199082,0.0033653246915119,0.00126724672496461
NO,NOR,Norway,3,2020-06-11,2020-06-11,138,0,0,0,0,15,137,2,0,579730.104166119,138,3,134,1,17,120,1,1,136,1,24,113,1,41,97,0,31,106,1,19,118,1,3,134,1,6,131,1,1,136,1,4,134,0,36,101,1,8,130,0,2,6,130,13,125,0,2,7,129,0,2,0,136,65,72,1,122,16,0,62,74,2,93,44,1,26,110,2,29,107,2,93,45,0,53,25,9,6,45,36,102,0,0,0,2,7,125,4,0,27,22,46,43,0,0,0,6,19,112,1,0,1,8,18,111,0,17,54,46,21,0,1,4,15,118,0,46,90,0,1,1,0,0,138,0,0,0,0,0,78,34,25,1,26.6736111111111,45.9940943979069,42.2448979591837,31.0222341030809,2.93366721721988,1.45292458963841,0,0,0,0,0,0,0,0,0.00154209931119564,0.000779793630737591
NO,NOR,Norway,4,2020-06-11,2020-06-11,246,0,0,0,0,25,245,2,0,721648.815352107,246,1,245,0,21,225,0,9,237,0,28,218,0,45,201,0,38,208,0,16,230,0,6,240,0,8,238,0,4,242,0,6,240,0,45,201,0,10,236,0,7,3,236,20,225,1,2,9,235,0,1,1,244,111,134,1,187,59,0,80,164,2,169,76,1,27,218,1,39,206,1,141,105,0,75,23,20,23,105,64,182,0,2,0,3,6,220,15,0,51,32,92,71,0,0,1,5,23,217,0,0,1,15,30,200,0,25,98,78,45,0,0,6,17,223,0,89,155,0,2,0,0,0,0,246,0,0,0,0,105,74,66,1,35.8943761814745,63.2654456571324,72.8888888888889,80.8530903690281,2.84134610578925,2.83938423976042,0,0,0,0,0,0,0,0,0.00143719459614832,0.000562964947774457
NO,NOR,Norway,5,2020-06-11,2020-06-11,231,1,1962.95492104581,1,1962.95492104581,8,231,2,0,589469.55711556,231,1,228,2,23,206,2,7,222,2,12,218,1,32,198,1,34,197,0,13,216,2,4,225,2,5,224,2,1,228,2,4,225,2,28,202,1,6,225,0,4,2,225,14,214,3,2,7,222,0,2,0,229,93,136,2,182,48,1,105,126,0,151,79,1,15,215,1,34,197,0,116,115,0,73,22,12,9,115,54,177,0,1,4,2,5,207,12,0,50,47,77,57,0,0,0,4,15,210,2,0,0,4,26,199,2,27,92,71,39,2,0,2,20,208,1,87,144,0,0,0,0,0,0,0,231,0,0,0,89,68,74,0,68.1685714285715,89.5318428381075,44.9166666666667,28.9817471292996,2.12177777777778,1.79666666666667,0.00432900432900433,0.00846630751949999,0.00333003612714302,0.000147067787270205,0.00432900432900433,0.00846630751949999,0.00333003612714302,0.000147067787270205,0.00048777513566246,0.000337922267766375
NO,NOR,Norway,6,2020-06-11,2020-06-11,214,1,3653.67645073834,1,3653.67645073834,18,212,0,0,732043.972062512,214,1,211,2,20,192,2,5,207,2,13,199,2,26,186,2,19,193,2,5,207,2,2,210,2,6,207,1,2,210,2,9,203,2,16,196,2,7,205,2,4,3,207,13,197,4,0,3,211,0,0,0,214,29,179,6,160,52,2,87,123,4,137,77,0,5,206,3,24,187,3,101,112,1,81,15,2,3,113,43,171,0,0,4,1,3,198,8,0,56,50,82,25,1,0,2,3,13,193,3,0,2,3,14,192,3,18,82,72,39,3,2,0,11,200,1,94,119,0,0,1,0,0,0,0,0,214,0,0,81,71,60,2,73.6696333214667,106.38113898605,78.6122448979592,114.193108739434,1.71119247096876,0.849580963326785,0.00467289719626168,0.00913728629526227,0.00499106145283079,0.000161431936426117,0.00467289719626168,0.00913728629526227,0.00499106145283079,0.000161431936426117,0.00119585437151209,0.000552115960757101
NO,NOR,Norway,7,2020-06-11,2020-06-10,100,0,0,0,0,1,99,2,0,335027.501210896,100,0,100,0,6,94,0,4,96,0,9,91,0,11,89,0,14,86,0,2,98,0,0,100,0,1,99,0,3,97,0,2,98,0,5,95,0,2,98,0,1,1,98,6,92,2,2,1,97,0,2,0,98,2,97,1,70,30,0,40,60,0,60,40,0,6,94,0,10,89,1,40,60,0,32,5,1,1,61,27,73,0,0,0,1,4,79,16,0,40,31,25,4,0,0,0,0,5,94,1,0,0,0,8,92,0,7,45,33,15,0,0,0,1,99,0,49,49,0,0,2,0,0,0,0,0,0,100,0,29,37,30,4,56.7708333333333,62.7688961963658,100,0,1.56184922948771,0.674703229249351,0,0,0,0,0,0,0,0,0.000142267747901551,0.000278819826397772
NO,NOR,Norway,1,2020-06-12,2020-06-11,100,1,5236.89991430869,1,5236.89991430869,12,100,4,0,710049.35167945,100,1,99,0,15,85,0,4,96,0,22,78,0,35,65,0,16,84,0,16,84,0,6,94,0,14,86,0,2,98,0,7,93,0,32,68,0,6,94,0,5,1,94,11,89,0,4,5,91,0,4,0,96,30,69,1,82,18,0,40,60,0,75,25,0,9,91,0,24,76,0,74,26,0,45,14,10,5,26,16,84,0,1,1,2,9,86,1,0,5,13,46,36,0,0,0,7,15,76,2,0,4,14,18,62,2,11,40,36,12,1,0,2,10,88,0,38,62,0,0,0,100,0,0,0,0,0,0,0,47,32,19,2,19.189887963229,32.994137800532,33.3333333333333,14.9071198499986,2.53,1.3139115785941,0.01,0.0195013954179879,0.00737540271239185,0.000199016557239975,0.01,0.0195013954179879,0.00737540271239185,0.000199016557239975,0.00169014084507042,0.000955461177500561
NO,NOR,Norway,2,2020-06-12,2020-06-12,115,1,8530.81501423737,0,0,10,114,3,0,715965.591149326,115,1,112,2,13,100,2,2,111,2,25,89,1,27,86,2,19,94,2,18,95,2,4,109,2,12,102,1,2,111,2,8,105,2,30,84,1,5,110,0,3,2,110,7,108,0,3,2,110,0,2,1,112,54,60,1,91,24,0,57,57,1,79,35,1,17,97,1,30,84,1,73,42,0,40,19,5,9,42,23,92,0,0,2,4,4,100,5,0,18,27,41,29,0,1,1,9,22,82,0,3,3,11,26,72,0,15,49,32,19,0,2,5,10,98,0,43,72,0,0,0,0,115,0,0,0,0,0,0,63,30,22,0,11.1609977324263,23.4772151870422,71.875,49.7964607176052,2.75948660714286,2.16625348347622,0.00869565217391304,0.0169689025724735,0.0119151187147737,0.000251332313863508,0,0,0,0,0.00123548307388189,0.000765273092213106
NO,NOR,Norway,3,2020-06-12,2020-06-12,107,0,0,0,0,27,107,2,0,549366.816060955,107,1,106,0,8,99,0,1,106,0,15,92,0,15,92,0,17,90,0,11,96,0,1,106,0,2,105,0,3,104,0,2,105,0,20,87,0,3,104,0,3,0,104,10,96,1,2,6,99,0,1,1,105,48,59,0,96,11,0,56,51,0,74,33,0,12,95,0,18,89,0,65,42,0,34,13,13,5,42,27,80,0,3,0,0,1,100,3,0,24,11,40,32,0,0,2,2,8,95,0,0,2,7,18,80,0,8,45,32,22,0,1,0,15,91,0,45,61,0,1,0,0,0,107,0,0,0,0,0,55,27,25,0,31.1261154074955,52.8770019197176,321,233.881974033438,3.08543965824137,1.51866384603245,0,0,0,0,0,0,0,0,0.00355403448729762,0.00133818058074129
NO,NOR,Norway,4,2020-06-12,2020-06-12,197,1,1373.73967724683,1,1373.73967724683,13,196,0,0,698087.934742096,197,1,195,1,19,177,1,2,194,1,15,181,1,32,164,1,32,164,1,18,178,1,3,193,1,8,188,1,1,195,1,8,188,1,27,169,1,8,189,0,3,5,189,16,180,1,0,5,192,0,0,0,197,97,98,2,160,37,0,88,108,1,140,56,1,19,176,2,22,174,1,123,74,0,76,28,9,10,74,42,155,0,0,1,0,5,185,6,0,39,39,62,57,0,0,1,5,19,172,0,0,4,6,30,157,0,22,75,62,38,0,1,6,14,176,0,72,125,0,0,0,0,0,0,197,0,0,0,0,73,69,54,1,32.1466520492495,58.4849621362334,52.265306122449,41.1969245080417,2.67609868721308,1.30822155089626,0.0050761421319797,0.00992377222200197,0.00196786050707831,0.000103959083832733,0.0050761421319797,0.00992377222200197,0.00196786050707831,0.000103959083832733,0.000934176487496407,0.000507577542176818
NO,NOR,Norway,5,2020-06-12,2020-06-12,225,0,0,0,0,15,223,2,0,583126.552640096,225,1,224,0,17,208,0,6,219,0,17,208,0,33,192,0,28,197,0,16,209,0,4,221,0,10,215,0,6,219,0,8,217,0,25,200,0,11,214,0,6,5,214,19,201,5,2,5,218,0,2,0,223,81,142,2,182,43,0,96,129,0,135,90,0,12,212,1,42,183,0,115,110,0,73,23,13,6,110,56,169,0,0,1,4,4,198,18,0,65,30,71,58,1,0,1,5,20,198,1,0,0,7,26,191,1,20,93,67,45,0,0,4,15,206,0,73,150,0,0,2,0,0,0,0,225,0,0,0,90,70,62,3,42.402301130728,76.4690128460667,41.6666666666667,17.6776695296637,1.96888888888889,1.00174451008831,0,0,0,0,0,0,0,0,0.000947388366070865,0.00047920869388848
NO,NOR,Norway,6,2020-06-12,2020-06-12,222,0,0,0,0,4,220,0,0,652050.337436299,222,0,220,2,16,206,0,5,217,0,5,215,2,25,195,2,28,191,3,8,212,2,2,218,2,0,220,2,3,217,2,8,212,2,16,205,1,6,216,0,4,2,216,7,209,6,0,3,219,0,0,0,222,28,190,4,175,46,1,94,126,2,144,78,0,15,207,0,34,188,0,115,107,0,85,22,4,4,107,40,182,0,2,0,2,2,197,18,1,68,43,86,25,0,0,1,3,9,206,3,1,1,6,16,195,3,24,81,74,41,2,0,1,15,205,1,101,119,0,1,1,0,0,0,0,0,222,0,0,89,62,69,2,77.4863544958345,107.976512689271,55.5,0,1.81247369750021,1.00993996790112,0,0,0,0,0,0,0,0,0.000256081946222791,0.000250923561174884
NO,NOR,Norway,7,2020-06-12,2020-06-11,100,0,0,0,0,4,100,1,0,323235.468416526,100,0,100,0,6,94,0,1,99,0,6,94,0,13,87,0,10,90,0,1,99,0,1,99,0,0,100,0,2,98,0,0,100,0,5,95,0,3,97,0,1,2,97,4,92,4,1,0,99,0,1,0,99,2,97,1,64,36,0,33,67,0,55,45,0,7,93,0,12,88,0,43,57,0,35,7,0,1,57,21,79,0,0,0,3,3,74,20,0,40,24,27,8,1,0,0,0,4,94,2,0,0,0,4,95,1,7,43,32,17,1,0,0,3,95,2,56,43,0,0,1,0,0,0,0,0,0,100,0,26,33,39,2,102.75,153.704047476071,44.4444444444444,19.2450089729875,1.76426825379955,1.00876919583766,0,0,0,0,0,0,0,0,0.000563380281690141,0.000551946987106018
NO,NOR,Norway,1,2020-06-13,2020-06-12,100,1,5236.89991430869,1,5236.89991430869,11,100,3,0,806739.993306947,100,1,99,0,20,80,0,5,95,0,26,74,0,40,60,0,20,80,0,15,85,0,7,93,0,18,82,0,5,95,0,10,90,0,29,71,0,6,94,0,5,1,94,13,87,0,3,6,91,0,3,0,97,40,60,0,86,14,0,49,51,0,72,28,0,20,80,0,28,72,0,71,29,0,39,21,7,4,29,17,83,0,1,1,1,5,88,4,0,8,24,36,32,0,0,1,7,13,77,2,2,4,11,24,57,2,10,43,33,13,1,0,4,9,87,0,52,47,0,1,0,100,0,0,0,0,0,0,0,45,35,18,2,17.509467587436,25.4642020308914,30.5555555555556,16.3865346708363,3.08,4.02938700002365,0.01,0.0195013954179879,0.00649143461060094,0.000175241696392243,0.01,0.0195013954179879,0.00649143461060094,0.000175241696392243,0.00154929577464789,0.000914848959976437
NO,NOR,Norway,2,2020-06-13,2020-06-13,102,3,22150.9042207836,2,17963.1330065758,6,102,1,0,709712.471144486,102,4,97,1,14,87,1,8,94,0,18,84,0,32,69,1,27,74,1,13,89,0,7,94,1,11,90,1,1,100,1,10,92,0,30,72,0,2,100,0,1,1,100,10,92,0,1,2,99,0,1,0,101,37,65,0,91,11,0,54,48,0,80,22,0,11,91,0,24,77,1,73,29,0,48,15,4,6,29,19,83,0,0,0,1,2,98,1,0,12,23,44,23,0,1,2,3,16,79,1,1,6,18,14,62,1,13,40,33,15,1,1,6,19,76,0,44,57,1,0,0,0,102,0,0,0,0,0,0,43,30,27,2,16.0424746075716,27.1744344025881,153,144.249783362056,2.8254,1.54013210767483,0.0294117647058824,0.032788840416564,0.0312110962134608,0.000404553499053489,0.0196078431372549,0.0269068483623884,0.0253104373065452,0.000365417931433144,0.000828500414250207,0.00066265154454602
NO,NOR,Norway,3,2020-06-13,2020-06-13,118,1,2378.84798836336,1,2378.84798836336,14,118,0,0,561136.900262018,118,2,116,0,11,107,0,5,113,0,19,99,0,23,95,0,20,98,0,11,107,0,5,113,0,7,111,0,1,117,0,9,109,0,20,98,0,9,109,0,8,1,109,13,105,0,0,6,112,0,0,0,118,58,60,0,99,19,0,58,59,1,83,34,1,17,100,1,26,91,1,68,50,0,36,17,8,7,50,33,85,0,2,0,3,5,103,5,0,18,22,34,44,0,0,1,8,10,98,1,0,1,11,12,93,1,11,51,39,16,1,0,6,7,105,0,53,65,0,0,0,0,0,118,0,0,0,0,0,57,31,30,0,28.6708579881657,46.3161822149972,18.9382716049383,13.2919625662072,3.14964083175803,2.05541944796921,0.00847457627118644,0.0165393337479136,0.0042393362248189,0.000169996543370045,0.00847457627118644,0.0165393337479136,0.0042393362248189,0.000169996543370045,0.00167104320840296,0.000874598215508044
NO,NOR,Norway,4,2020-06-13,2020-06-13,236,0,0,0,0,9,232,3,0,778315.349596474,236,2,234,0,24,212,0,5,231,0,18,218,0,45,191,0,27,209,0,18,218,0,4,232,0,7,229,0,8,228,0,17,219,0,44,192,0,11,225,0,8,3,225,30,205,1,3,13,220,0,2,1,233,111,125,0,215,21,0,120,116,0,176,60,0,23,212,1,32,204,0,146,90,0,87,33,13,13,90,64,172,0,0,0,3,3,225,4,1,43,38,75,80,0,2,1,9,15,207,2,1,4,10,21,198,2,14,101,82,37,2,2,5,18,211,0,90,145,0,0,1,0,0,0,236,0,0,0,0,90,89,56,1,28.0977818017202,49.8731898852651,43.3469387755102,16.4508869439896,2.86039529186391,1.82572748004096,0,0,0,0,0,0,0,0,0.000546381738708111,0.000356865310912333
NO,NOR,Norway,5,2020-06-13,2020-06-13,236,1,1377.99791439677,1,1377.99791439677,8,235,0,0,598714.964534373,236,3,231,2,20,216,0,3,231,2,20,215,1,35,201,0,30,205,1,14,222,0,1,233,2,7,229,0,6,228,2,8,226,2,23,213,0,6,229,1,5,1,230,17,214,5,0,8,228,0,0,0,236,87,148,1,192,44,0,112,123,1,178,58,0,18,218,0,35,201,0,120,113,3,72,25,14,9,116,59,177,0,3,1,3,6,211,12,0,43,47,72,74,0,2,1,5,20,205,3,2,1,8,27,196,2,22,86,88,38,2,0,4,16,216,0,94,141,0,0,1,0,0,0,0,236,0,0,0,100,68,67,1,54.1428288038088,88.0960021073762,52.4444444444444,20.3116459934433,2.1681663516068,1.32362085978557,0.00423728813559322,0.00828731826410198,0.00230159257079611,0.0001213813315618,0.00423728813559322,0.00828731826410198,0.00230159257079611,0.0001213813315618,0.000479472580161822,0.000332171778980523
NO,NOR,Norway,6,2020-06-13,2020-06-13,213,1,2001.43948483226,1,2001.43948483226,6,210,1,0,586090.401884766,213,3,210,0,16,197,0,4,209,0,8,205,0,31,182,0,26,187,0,7,206,0,3,210,0,3,210,0,2,211,0,7,206,0,16,197,0,8,205,0,3,5,205,7,202,4,1,3,209,0,1,0,212,23,188,2,166,47,0,83,129,1,131,81,1,19,194,0,27,186,0,101,111,1,75,20,5,1,112,44,169,0,2,1,2,3,185,20,0,63,46,73,31,0,1,1,4,9,197,1,1,1,5,16,189,1,24,72,79,38,0,0,0,6,207,0,101,112,0,0,0,0,0,0,0,0,213,0,0,81,51,79,2,64.482421875,85.5247235671583,51.12,19.0512991682982,1.95256318974724,1.22041223287163,0.00469483568075117,0.0091800831799946,0.00341489892753059,0.000149352297780061,0.00469483568075117,0.0091800831799946,0.00341489892753059,0.000149352297780061,0.000402414486921529,0.000321927941042947
NO,NOR,Norway,7,2020-06-13,2020-06-12,100,0,0,0,0,3,100,0,0,302787.218063194,100,0,100,0,5,95,0,2,98,0,2,98,0,7,93,0,11,89,0,1,99,0,1,99,0,0,100,0,0,99,1,4,96,0,6,94,0,3,97,0,3,0,97,8,87,5,0,2,98,0,0,0,100,5,95,0,65,35,0,42,58,0,60,40,0,4,96,0,13,87,0,44,55,1,35,6,3,0,56,25,75,0,0,1,2,1,80,16,0,24,24,40,11,1,1,0,1,4,93,1,0,1,2,8,87,2,11,33,28,27,1,0,1,7,90,2,64,35,0,0,1,0,0,0,0,0,0,100,0,24,30,44,2,137.370242214533,192.247465870225,33.3333333333333,0,1.74301200977787,0.909527583174433,0,0,0,0,0,0,0,0,0.000422535211267606,0.000478033792144491
NO,NOR,Norway,1,2020-06-14,2020-06-13,100,2,16785.2200486459,2,16785.2200486459,12,100,0,0,824285.514144891,100,2,98,0,16,84,0,3,97,0,25,75,0,36,64,0,19,81,0,14,86,0,3,97,0,16,84,0,6,94,0,8,92,0,24,76,0,6,94,0,3,3,94,13,87,0,0,5,95,0,0,0,100,38,61,1,77,23,0,54,46,0,76,24,0,26,74,0,25,75,0,70,30,0,41,21,4,4,30,19,81,0,0,0,2,0,96,2,0,7,25,47,21,0,2,2,7,10,79,0,4,5,5,26,60,0,12,48,29,11,0,0,2,12,86,0,45,54,0,1,0,100,0,0,0,0,0,0,0,47,37,16,0,16.0972222222222,23.6462530658716,33.3333333333333,25.8198889747161,3.17,4.0652630463924,0.02,0.0274394957835608,0.0203633568231013,0.00030490633911961,0.02,0.0274394957835608,0.0203633568231013,0.00030490633911961,0.00169014084507042,0.000955461177500561
NO,NOR,Norway,2,2020-06-14,2020-06-14,117,0,0,0,0,13,115,2,0,712143.788476023,117,0,117,0,12,105,0,1,116,0,28,89,0,36,81,0,29,88,0,15,102,0,0,117,0,14,103,0,4,113,0,19,98,0,32,85,0,10,107,0,6,4,107,11,106,0,2,6,109,0,1,1,115,32,84,1,94,23,0,56,60,1,93,24,0,21,96,0,31,86,0,84,33,0,46,24,11,3,33,26,91,0,2,1,1,1,109,3,0,14,20,43,40,0,2,1,9,15,90,0,1,2,13,18,83,0,15,42,36,24,0,3,7,13,94,0,50,66,0,1,0,0,117,0,0,0,0,0,0,69,38,10,0,13.8329696488792,25.5175291275448,23.765625,10.8813482087141,2.82587693222354,2.07013560735854,0,0,0,0,0,0,0,0,0.00159216166564605,0.000864803759772361
NO,NOR,Norway,3,2020-06-14,2020-06-14,148,3,11680.281137212,3,11680.281137212,28,147,3,0,650955.313173352,148,4,144,0,14,134,0,4,144,0,19,129,0,35,113,0,21,127,0,13,135,0,6,142,0,10,138,0,0,148,0,6,142,0,29,119,0,13,134,1,7,6,135,12,135,1,3,3,142,0,3,0,145,41,107,0,109,39,0,69,79,0,110,38,0,27,121,0,37,111,0,92,56,0,42,30,11,9,56,36,112,0,0,1,1,7,133,5,1,19,25,51,53,0,2,3,10,12,120,1,1,9,5,19,113,1,15,57,43,31,2,1,5,10,132,0,70,78,0,0,0,0,0,148,0,0,0,0,0,64,46,38,0,32.264308012487,54.9733510092753,24.5207100591716,13.8235625475158,3.22297297297297,1.90531282251643,0.0202702702702703,0.0227038833312902,0.0179432918064247,0.000322471877549053,0.0202702702702703,0.0227038833312902,0.0179432918064247,0.000322471877549053,0.00268276324614353,0.00099235733873344
NO,NOR,Norway,4,2020-06-14,2020-06-14,227,2,6245.78152390299,1,3140.14743066893,36,225,0,0,712050.977537782,227,3,223,1,29,198,0,7,219,1,24,202,1,50,177,0,47,179,1,17,209,1,9,217,1,17,209,1,5,221,1,12,214,1,45,181,1,20,207,0,17,3,207,18,207,2,0,11,216,0,0,0,227,76,150,1,172,55,0,113,114,0,165,62,0,28,199,0,36,191,0,144,81,2,88,31,16,9,83,48,179,0,0,0,3,5,210,9,0,37,45,56,88,1,0,5,9,17,194,2,1,8,8,22,186,2,27,96,58,44,2,2,2,12,211,0,96,131,0,0,0,0,0,0,227,0,0,0,0,86,93,48,0,35.6156619822485,55.4066056028935,25.2222222222222,28.0329327025222,2.89663209876543,2.16473073969652,0.00881057268722467,0.012156696156693,0.00877153704008725,0.000216579466938856,0.00440528634361234,0.00861516351645047,0.00441000367912887,0.000153904842750306,0.00225352112676056,0.000735306790173914
NO,NOR,Norway,5,2020-06-14,2020-06-14,241,1,1906.84738956828,0,0,7,240,1,0,597401.439230373,241,1,240,0,28,213,0,6,235,0,18,223,0,31,210,0,30,211,0,10,231,0,4,237,0,11,230,0,6,235,0,12,229,0,18,223,0,8,233,0,6,2,233,16,220,5,1,3,237,0,1,0,240,65,175,1,178,62,1,102,138,1,178,63,0,34,205,2,39,201,1,132,109,0,90,24,15,3,109,47,194,0,0,3,2,5,220,11,0,33,34,88,86,0,0,0,10,15,215,1,1,3,7,18,211,1,26,97,76,41,1,0,4,18,219,0,93,148,0,0,0,0,0,0,0,241,0,0,0,84,71,84,2,58.842776816609,94.2931743405663,29.5102040816327,13.0127768564605,2.25300677509147,1.47737091426124,0.004149377593361,0.00811574042438117,0.00319190290539784,0.000143036071387306,0,0,0,0,0.000410798122065728,0.000304255402560011
NO,NOR,Norway,6,2020-06-14,2020-06-14,199,0,0,0,0,9,197,1,0,641522.928820933,199,0,198,1,13,185,1,4,194,1,12,186,1,23,175,1,25,173,1,6,192,1,4,195,0,2,196,1,1,197,1,7,191,1,15,184,0,8,190,1,8,0,191,8,185,6,1,2,196,0,1,0,198,17,178,4,125,74,0,80,117,2,131,67,1,9,189,1,26,171,2,102,96,1,68,28,4,2,97,37,162,0,1,3,1,1,175,17,1,54,51,69,23,2,0,1,7,13,175,3,0,0,7,19,172,1,18,84,52,43,2,1,2,14,182,0,80,117,0,1,1,0,0,0,0,0,199,0,0,73,58,65,3,54.9016272189349,79.2839422071404,36.5510204081633,13.8717224654827,1.96252465483235,2.23660714831208,0,0,0,0,0,0,0,0,0.00064345463644813,0.000420247367365642
NO,NOR,Norway,7,2020-06-14,2020-06-13,100,0,0,0,0,2,100,0,0,319979.339171982,100,1,98,1,7,93,0,2,97,1,3,96,1,9,90,1,9,89,2,2,97,1,1,98,1,0,99,1,0,98,2,4,95,1,5,94,1,2,98,0,2,0,98,3,93,4,0,0,100,0,0,0,100,4,93,3,63,35,2,40,58,2,61,38,1,6,92,2,16,83,1,52,48,0,39,9,4,0,48,18,82,0,0,0,1,2,86,11,0,28,22,46,4,0,0,0,1,5,93,1,0,1,2,12,84,1,8,39,31,21,1,0,2,7,90,1,60,39,0,0,1,0,0,0,0,0,0,100,0,45,20,34,1,79.2387543252595,138.033608299394,50,0,1.87421907538526,1.29150607513727,0,0,0,0,0,0,0,0,0.00028169014084507,0.000390340454332305
NO,NOR,Norway,1,2020-06-15,2020-06-14,100,2,16785.2200486459,2,16785.2200486459,13,99,2,0,748707.960292883,100,4,96,0,17,83,0,1,99,0,25,75,0,34,66,0,11,89,0,13,87,0,3,97,0,8,92,0,5,95,0,5,95,0,23,77,0,7,93,0,4,3,93,12,88,0,2,2,96,0,2,0,98,35,64,1,71,29,0,51,49,0,85,15,0,26,74,0,31,69,0,72,28,0,42,17,5,8,28,23,77,0,2,0,4,4,90,0,0,7,15,48,30,0,3,0,8,17,69,3,3,8,6,19,61,3,7,43,30,17,3,0,5,12,83,0,42,57,0,0,1,100,0,0,0,0,0,0,0,57,30,12,1,20.9024234693878,35.3310513011186,36.1111111111111,19.4840865741669,2.72421181512091,1.63546593901457,0.02,0.0274394957835608,0.0224189149025206,0.000335332429125574,0.02,0.0274394957835608,0.0224189149025206,0.000335332429125574,0.00184948072272016,0.00100444056201917
NO,NOR,Norway,2,2020-06-15,2020-06-15,112,1,4206.4396590657,0,0,11,112,1,0,639220.759707783,112,2,110,0,16,96,0,1,111,0,12,100,0,30,82,0,13,99,0,13,99,0,5,107,0,7,105,0,1,111,0,9,103,0,17,95,0,8,104,0,7,1,104,7,105,0,1,4,107,0,1,0,111,42,70,0,72,40,0,43,69,0,84,28,0,12,100,0,23,89,0,76,36,0,50,13,8,5,36,19,93,0,1,1,0,1,108,1,0,14,16,49,33,0,0,1,7,9,95,0,0,3,8,19,82,0,9,52,35,16,0,0,5,11,96,0,49,63,0,0,0,0,112,0,0,0,0,0,0,56,33,22,1,14.735867768595,24.8692280638941,19.25,7.24568837309472,3.45021462839828,9.44179022473478,0.00892857142857143,0.0174213797031353,0.00658057423070655,0.000198207861486398,0,0,0,0,0.00138329979879276,0.000816897326125302
NO,NOR,Norway,3,2020-06-15,2020-06-15,142,2,7184.70373060173,1,4266.52651833586,19,139,1,0,636610.408158921,142,2,139,1,15,127,0,4,137,1,20,121,1,31,110,1,21,121,0,10,131,1,2,139,1,6,135,1,1,140,1,10,131,1,15,126,1,12,130,0,5,7,130,9,133,0,1,3,138,0,0,1,141,46,94,2,99,42,1,45,95,2,103,39,0,15,127,0,17,124,1,92,50,0,51,22,15,4,50,34,108,0,2,3,4,0,130,3,0,13,27,64,38,0,1,1,11,8,121,0,0,4,11,26,101,0,20,65,40,17,0,1,2,10,129,0,58,84,0,0,0,0,0,142,0,0,0,0,0,66,36,39,1,24.3512396694215,46.2160418612059,33.3086419753086,12.3340562573135,3.19269654443941,4.7282146701471,0.0140845070422535,0.0193818215253853,0.0112858722360194,0.000259486135554215,0.00704225352112676,0.0137538768295014,0.00670194276382421,0.000200424760787739,0.00192522038707063,0.000864835051820968
NO,NOR,Norway,4,2020-06-15,2020-06-15,196,1,2172.63345392524,1,2172.63345392524,29,195,3,0,668510.092855008,196,3,191,2,15,179,2,5,189,2,23,171,2,38,157,1,37,157,2,11,183,2,3,191,2,8,186,2,2,192,2,13,181,2,33,161,2,11,185,0,10,1,185,17,177,2,3,7,186,0,2,1,193,73,122,1,128,68,0,75,121,0,144,52,0,18,178,0,24,172,0,117,79,0,75,22,9,11,79,39,157,0,1,0,5,1,178,11,0,23,37,76,60,0,0,2,5,16,173,0,1,1,8,27,159,0,21,81,62,32,0,2,4,23,167,0,79,117,0,0,0,0,0,0,196,0,0,0,0,78,63,55,0,32.8,41.6785768484955,54.88,63.8798316285265,2.51539776462853,1.31241044993066,0.00510204081632653,0.00997427389112943,0.00324996357892903,0.000136435216358577,0.00510204081632653,0.00997427389112943,0.00324996357892903,0.000136435216358577,0.00209461899602745,0.000761550683293881
NO,NOR,Norway,5,2020-06-15,2020-06-15,253,1,3730.98806803488,0,0,10,251,1,0,636907.811327383,253,3,249,1,25,226,2,4,247,2,16,236,1,24,228,1,31,221,1,15,237,1,5,247,1,8,244,1,2,250,1,8,244,1,22,230,1,5,247,1,4,1,248,19,234,0,1,6,246,0,1,0,252,73,180,0,161,91,1,85,167,1,180,73,0,14,239,0,26,227,0,134,118,1,83,38,7,6,119,46,207,0,2,2,4,7,214,24,0,51,53,92,57,0,1,0,5,17,230,0,0,1,11,18,223,0,27,105,80,41,0,1,0,11,241,0,91,160,0,2,0,0,0,0,0,253,0,0,0,104,69,79,1,68.31494140625,109.980376573151,142.3125,140.247753249978,1.97091982387381,1.09892105024514,0.00395256916996047,0.00773156799537897,0.0058579719100306,0.000187416430850609,0,0,0,0,0.0005611357387352,0.000347691551165166
NO,NOR,Norway,6,2020-06-15,2020-06-15,197,0,0,0,0,24,194,0,0,571068.130616974,197,0,197,0,7,190,0,3,194,0,6,191,0,22,175,0,23,174,0,2,195,0,3,194,0,2,195,0,4,193,0,9,188,0,9,188,0,5,190,2,2,3,192,4,187,6,0,2,195,0,0,0,197,23,172,2,107,90,0,73,124,0,132,65,0,16,180,1,31,165,1,88,109,0,55,22,6,5,109,29,168,0,2,3,4,3,163,22,0,51,45,79,21,1,0,0,2,12,178,5,0,0,3,18,172,4,22,80,64,27,4,1,0,9,187,0,88,109,0,0,0,0,0,0,0,0,197,0,0,77,46,74,0,78.119012345679,111.670220573182,295.5,460.252602744768,1.88713036234902,2.84564581159778,0,0,0,0,0,0,0,0,0.00174241324234064,0.000696490092460849
NO,NOR,Norway,7,2020-06-15,2020-06-14,100,0,0,0,0,0,99,0,0,319013.250464982,100,1,98,1,4,96,0,1,98,1,3,96,1,9,90,1,10,88,2,2,97,1,1,98,1,1,98,1,2,97,1,2,97,1,3,96,1,1,99,0,0,1,99,4,93,3,0,2,98,0,0,0,100,2,94,4,69,30,1,34,65,1,69,30,1,8,91,1,17,83,0,49,51,0,36,11,1,1,51,23,77,0,2,0,0,1,82,13,2,33,22,39,5,1,0,1,2,7,89,1,0,0,0,17,82,1,11,39,26,23,1,0,1,4,94,1,47,53,0,0,0,0,0,0,0,0,0,100,0,50,16,32,2,141.868512110727,189.504936357143,0,0,1.81740886385376,1.30380444352237,0,0,0,0,0,0,0,0,0,0
NO,NOR,Norway,1,2020-06-16,2020-06-15,100,2,17118.4457342847,2,17118.4457342847,13,99,2,0,809738.465207886,100,4,96,0,17,83,0,3,97,0,30,70,0,36,64,0,13,87,0,13,87,0,3,97,0,7,93,0,3,97,0,6,94,0,28,72,0,7,93,0,5,2,93,7,93,0,2,2,96,0,2,0,98,34,66,0,75,25,0,45,55,0,79,21,0,23,77,0,28,72,0,69,31,0,40,15,5,9,31,24,76,0,2,0,3,7,87,1,0,9,14,49,28,0,1,1,4,25,66,3,1,9,10,20,57,3,6,43,31,17,3,1,7,11,81,0,40,59,0,0,1,100,0,0,0,0,0,0,0,56,26,17,1,15.6966490299824,29.7573624949715,36.1111111111111,19.4840865741669,2.6655560183257,1.54809881482807,0.02,0.0274394957835608,0.0211407095868786,0.00031332541216055,0.02,0.0274394957835608,0.0211407095868786,0.00031332541216055,0.00184948072272016,0.00100444056201917
NO,NOR,Norway,2,2020-06-16,2020-06-15,100,4,26577.9207237486,3,22371.4810646829,10,98,1,0,667242.30080097,100,5,95,0,17,83,0,2,98,0,23,77,0,34,66,0,18,82,0,15,85,0,5,95,0,8,92,0,0,100,0,10,90,0,30,70,0,8,92,0,4,4,92,14,86,0,1,8,91,0,1,0,99,45,55,0,82,18,0,43,57,0,72,28,0,12,88,0,26,74,0,65,35,0,39,19,6,1,35,26,74,0,0,1,1,4,92,2,0,5,18,49,28,0,0,2,7,17,74,0,0,4,8,25,63,0,13,49,28,10,0,4,4,19,73,0,41,59,0,0,0,0,100,0,0,0,0,0,0,48,27,25,0,13.9349489795918,24.5965111965096,27.7777777777778,13.6082763487954,2.47933884297521,1.66585581040421,0.04,0.0384072934108425,0.0398324876762818,0.000469243779674641,0.03,0.0334344809563718,0.0335282715706539,0.000431923133689338,0.00143719459614832,0.000890125738902511
NO,NOR,Norway,3,2020-06-16,2020-06-16,109,1,4905.78344517667,0,0,8,108,4,0,640993.439071306,109,2,107,0,13,96,0,3,106,0,16,93,0,23,86,0,14,95,0,12,97,0,3,106,0,6,103,0,1,108,0,4,105,0,22,87,0,6,103,0,6,0,103,16,92,1,4,9,96,0,3,1,105,59,49,1,90,18,1,43,65,1,74,35,0,18,91,0,19,89,1,64,45,0,29,10,15,10,45,28,81,0,0,1,0,3,102,3,0,13,16,41,38,1,1,0,3,14,91,0,0,2,5,12,90,0,11,37,45,16,0,0,2,12,95,0,42,66,0,1,0,0,0,109,0,0,0,0,0,52,36,21,0,22.1087047063723,40.0470160023699,34.88,19.4985127637982,3.13761467889908,1.58971165512781,0.0091743119266055,0.0178986477811282,0.00765340664373155,0.000213343976183096,0,0,0,0,0.00104329681794471,0.000722577298467527
NO,NOR,Norway,4,2020-06-16,2020-06-16,185,1,3293.2435276428,0,0,9,185,1,0,704628.445079919,185,3,182,0,17,168,0,5,180,0,16,169,0,28,157,0,19,166,0,13,172,0,7,178,0,11,174,0,0,185,0,6,179,0,28,157,0,5,180,0,3,1,181,13,172,0,1,9,175,0,1,0,184,85,99,1,144,40,1,79,106,0,133,52,0,15,168,2,40,144,1,105,80,0,60,22,12,11,80,49,136,0,2,0,2,3,170,8,0,24,37,73,51,0,0,1,6,14,163,1,1,0,12,19,153,0,22,77,59,27,0,1,4,13,166,1,68,117,0,0,0,0,0,0,185,0,0,0,0,79,59,47,0,46.204833984375,79.7630480038415,59.2,56.1132782859815,2.49172967863894,1.68161455723297,0.00540540540540541,0.0105657276042753,0.00467373060318233,0.000159251149758539,0,0,0,0,0.000685192234488009,0.000447497311022546
NO,NOR,Norway,5,2020-06-16,2020-06-16,194,0,0,0,0,17,194,2,0,554816.885515002,194,0,193,1,20,173,1,6,187,1,10,183,1,36,158,0,21,172,1,10,183,1,6,187,1,13,180,1,1,192,1,5,188,1,20,174,0,5,189,0,3,2,189,17,176,1,2,6,186,0,1,1,192,77,116,1,156,38,0,84,107,3,132,61,1,16,176,2,23,168,3,116,78,0,71,19,18,8,78,42,152,0,1,1,1,3,178,10,0,40,36,77,41,0,1,1,6,11,175,0,2,3,10,17,162,0,26,72,68,28,0,0,2,14,178,0,62,131,0,0,1,0,0,0,0,194,0,0,0,77,55,61,1,53.4963579604579,75.3308936230831,131.92,70.4837002433896,2.11555989583333,2.26327535360518,0,0,0,0,0,0,0,0,0.00123420937999129,0.000586332952120279
NO,NOR,Norway,6,2020-06-16,2020-06-16,183,0,0,0,0,7,182,1,0,617686.317060258,183,0,181,2,16,166,1,2,179,2,7,174,2,16,166,1,22,160,1,6,175,2,6,175,2,2,179,2,2,179,2,4,177,2,14,167,2,5,178,0,3,1,179,10,170,3,1,3,179,0,1,0,182,22,158,3,115,63,5,69,111,3,110,73,0,15,166,2,23,159,1,78,104,1,60,15,3,0,105,33,150,0,2,0,0,3,154,24,0,49,41,70,22,1,0,1,1,7,170,4,0,2,2,9,168,2,13,71,62,35,2,1,1,13,167,1,79,103,0,0,1,0,0,0,0,0,183,0,0,68,52,62,1,80.3576278859213,113.134827951149,80.0625,22.875,1.74838985378957,0.934377485535714,0,0,0,0,0,0,0,0,0.000541711809317443,0.000401189641483077
NO,NOR,Norway,7,2020-06-16,2020-06-15,100,0,0,0,0,2,98,1,0,330542.888320259,100,0,100,0,4,96,0,2,98,0,5,95,0,8,92,0,10,90,0,2,98,0,1,99,0,2,98,0,2,98,0,3,97,0,3,97,0,2,97,1,1,1,98,6,92,2,1,2,97,0,1,0,99,6,89,5,75,25,0,39,60,1,57,43,0,6,94,0,15,85,0,45,55,0,32,11,1,1,55,21,79,0,2,0,0,0,86,11,1,30,23,40,7,0,0,1,4,8,84,3,0,0,2,16,80,2,14,39,24,21,2,0,2,7,91,0,54,45,0,0,1,0,0,0,0,0,0,100,0,41,24,34,1,154.222222222222,197.039463723768,200,0,1.56184922948771,0.735594534566369,0,0,0,0,0,0,0,0,0.000287438919229664,0.000398305440840986
NO,NOR,Norway,1,2020-06-17,2020-06-15,100,2,17118.4457342847,2,17118.4457342847,11,100,0,0,844943.188658469,100,4,96,0,16,84,0,5,95,0,30,70,0,36,64,0,14,86,0,18,82,0,6,94,0,11,89,0,4,96,0,5,95,0,27,73,0,5,95,0,4,1,95,6,94,0,0,5,95,0,0,0,100,35,65,0,79,21,0,44,56,0,76,24,0,20,80,0,30,70,0,67,33,0,38,18,6,5,33,19,81,0,1,1,1,5,89,3,0,8,14,49,29,0,0,2,4,26,65,3,0,12,14,17,54,3,9,41,29,18,3,1,7,9,83,0,38,61,0,0,1,100,0,0,0,0,0,0,0,47,28,24,1,14.0036730945822,25.6084544005427,44,26.0768096208106,2.6655560183257,1.56876259971526,0.02,0.0274394957835608,0.0202598777812079,0.000300405717194174,0.02,0.0274394957835608,0.0202598777812079,0.000300405717194174,0.00154929577464789,0.000914848959976437
NO,NOR,Norway,2,2020-06-17,2020-06-17,111,3,31771.769726338,2,22905.5226453541,13,111,3,0,729770.964423549,111,3,107,1,14,97,0,3,107,1,23,87,1,32,78,1,14,96,1,15,95,1,7,103,1,9,101,1,2,108,1,5,105,1,20,90,1,7,104,0,3,4,104,15,93,3,3,4,104,0,1,2,108,40,68,3,84,25,2,50,59,2,73,36,2,12,97,2,36,72,3,71,38,2,52,15,3,1,40,19,92,0,0,0,5,0,102,3,1,11,21,47,31,1,1,2,7,14,86,1,2,5,17,15,71,1,21,45,30,14,1,0,6,14,90,1,43,67,0,1,0,0,111,0,0,0,0,0,0,65,27,18,1,16.0712438954324,22.875206390477,29.4489795918367,16.9519987727309,2.4647633744856,1.45986658004875,0.027027027027027,0.0301672781726452,0.043536631731347,0.000468183802889704,0.018018018018018,0.0247452513571082,0.0313872759564329,0.000400043021469453,0.00164953686080447,0.000895942114699504
NO,NOR,Norway,3,2020-06-17,2020-06-17,107,2,13122.7634387172,0,0,8,107,2,0,590284.211889831,107,3,104,0,16,91,0,1,106,0,12,95,0,30,77,0,21,86,0,17,90,0,4,103,0,6,101,0,0,107,0,10,97,0,32,75,0,6,101,0,4,2,101,14,92,1,2,10,95,0,2,0,105,47,59,1,87,20,0,45,61,1,70,37,0,16,91,0,21,86,0,66,41,0,38,14,9,5,41,23,84,0,0,1,4,2,100,0,0,16,18,44,29,0,0,2,6,11,88,0,0,3,10,14,80,0,9,47,39,12,0,2,5,11,89,0,45,62,0,0,0,0,0,107,0,0,0,0,0,51,29,27,0,17.6591796875,34.2889682436672,23.7777777777778,14.5608556932111,3.07616174945801,1.50416566917417,0.0186915887850467,0.0256615019570993,0.0222312627957706,0.000376112395908182,0,0,0,0,0.00105304725549559,0.000729326797964505
NO,NOR,Norway,4,2020-06-17,2020-06-17,219,0,0,0,0,34,219,0,0,767260.25427426,219,1,217,1,12,207,0,4,215,0,25,194,0,44,175,0,35,184,0,8,210,1,8,211,0,11,207,1,0,218,1,5,213,1,49,170,0,14,205,0,6,8,205,24,193,2,0,15,204,0,0,0,219,109,110,0,180,39,0,96,123,0,155,64,0,28,191,0,30,188,1,125,94,0,63,35,16,11,94,55,164,0,1,0,4,8,194,12,0,41,32,84,62,0,0,1,7,18,192,1,0,1,12,25,180,1,25,81,68,44,1,2,3,16,198,0,86,132,0,0,1,0,0,0,219,0,0,0,0,103,68,47,1,31.5792592592593,51.3978988814976,37.9897959183674,31.1133398924707,2.53450887972393,1.27652906078835,0,0,0,0,0,0,0,0,0.00218663579651425,0.000734192162605925
NO,NOR,Norway,5,2020-06-17,2020-06-17,203,0,0,0,0,11,201,1,0,475107.396329785,203,1,202,0,17,186,0,2,201,0,15,188,0,17,186,0,24,179,0,1,202,0,3,200,0,6,197,0,2,201,0,7,196,0,23,180,0,8,194,1,6,2,195,15,187,1,1,6,196,0,1,0,202,75,125,3,158,44,1,77,125,1,146,57,0,22,181,0,31,172,0,114,89,0,68,18,20,8,89,52,151,0,2,3,1,4,178,15,0,30,47,78,48,0,0,0,11,11,180,1,0,2,13,25,162,1,30,87,55,30,1,1,5,12,185,0,72,131,0,0,0,0,0,0,0,203,0,0,0,69,61,73,0,55.1793639053254,98.72110862417,45.5714285714286,22.8170779816139,1.83251231527094,1.02519116478466,0,0,0,0,0,0,0,0,0.000770793917735267,0.000455326143710148
NO,NOR,Norway,6,2020-06-17,2020-06-17,214,0,0,0,0,9,211,1,0,709092.33723606,214,0,214,0,17,196,1,3,210,1,10,204,0,25,189,0,15,199,0,6,208,0,1,213,0,3,211,0,2,212,0,4,210,0,16,198,0,6,207,1,3,3,208,10,202,2,1,3,210,0,1,0,213,26,185,3,166,48,0,94,120,0,140,74,0,18,196,0,36,178,0,97,117,0,68,17,9,3,117,38,176,0,0,0,2,5,189,18,0,49,45,88,31,1,0,0,4,12,196,2,0,1,2,16,193,2,20,95,69,27,3,0,1,11,200,2,88,126,0,0,0,0,0,0,0,0,214,0,0,92,51,71,0,37.8683127572016,65.5700942343089,107,115.573209121607,1.65090700698715,1.19691909929155,0,0,0,0,0,0,0,0,0.000600760963887591,0.000392372036812958
NO,NOR,Norway,7,2020-06-17,2020-06-15,100,0,0,0,0,4,98,2,0,340220.629464286,100,0,100,0,9,91,0,6,94,0,4,96,0,14,86,0,8,92,0,5,95,0,0,100,0,1,99,0,1,99,0,4,96,0,3,97,0,2,96,2,2,0,98,9,90,1,2,1,97,0,2,0,98,9,86,5,71,28,1,40,59,1,55,45,0,7,93,0,13,87,0,45,55,0,28,15,2,0,55,18,82,0,1,0,1,0,86,12,0,29,26,38,7,0,0,0,3,10,84,3,0,0,4,14,79,3,12,42,27,16,3,0,2,9,89,0,53,44,0,0,3,0,0,0,0,0,0,100,0,36,29,32,3,63.5160680529301,79.380865182125,100,0,1.60349854227405,0.717808630727203,0,0,0,0,0,0,0,0,0.000574877838459327,0.000563207971721789
NO,NOR,Norway,1,2020-06-18,2020-06-16,100,1,10473.5830837695,1,10473.5830837695,8,100,1,0,837593.064874168,100,1,99,0,15,85,0,6,94,0,31,69,0,35,65,0,19,81,0,17,83,0,6,94,0,13,87,0,1,99,0,9,91,0,32,68,0,4,96,0,3,1,96,8,92,0,1,5,94,0,1,0,99,42,58,0,79,21,0,39,61,0,75,25,0,18,82,0,33,67,0,69,31,0,43,17,4,5,31,25,75,0,0,1,2,5,90,2,0,8,11,52,29,0,2,3,6,21,67,1,3,12,11,13,60,1,13,35,36,15,1,5,5,7,83,0,37,63,0,0,0,100,0,0,0,0,0,0,0,44,28,28,0,13.689446366782,24.4368707346669,50,35.3553390593274,2.76502397714519,1.53111808923685,0.01,0.0195013954179879,0.0125043813314559,0.000237974404112251,0.01,0.0195013954179879,0.0125043813314559,0.000237974404112251,0.00112676056338028,0.000780350880787396
NO,NOR,Norway,2,2020-06-18,2020-06-18,109,1,3887.69763642048,1,3887.69763642048,10,108,2,0,750315.696125641,109,2,107,0,14,95,0,4,105,0,21,88,0,27,82,0,19,90,0,6,103,0,3,106,0,7,102,0,1,108,0,7,102,0,29,80,0,7,102,0,5,2,102,14,95,0,2,7,100,0,1,1,107,49,59,1,85,24,0,45,64,0,64,45,0,13,95,1,35,74,0,65,44,0,36,16,8,5,44,20,89,0,0,2,3,2,99,3,0,17,24,44,24,0,1,1,3,10,94,0,2,0,4,19,84,0,12,52,30,15,0,3,5,7,94,0,48,60,1,0,0,0,109,0,0,0,0,0,0,50,37,22,0,20.900892582333,35.8263116490645,30.2777777777778,14.833021220187,2.58005065944624,2.75028133131889,0.0091743119266055,0.0178986477811282,0.00518141584468397,0.000162450945897405,0.0091743119266055,0.0178986477811282,0.00518141584468397,0.000162450945897405,0.00130412102243088,0.00080776050676817
NO,NOR,Norway,3,2020-06-18,2020-06-18,107,1,6746.10177636658,1,6746.10177636658,18,107,2,0,556116.854902393,107,1,105,1,15,91,1,4,102,1,14,92,1,23,83,1,16,90,1,7,99,1,7,100,0,6,100,1,2,104,1,8,98,1,19,88,0,6,101,0,6,0,101,11,94,2,2,5,100,0,2,0,105,47,60,0,88,19,0,52,55,0,79,28,0,13,94,0,14,92,1,66,41,0,37,12,9,8,41,24,83,0,0,1,0,2,101,2,1,14,17,32,44,0,0,4,3,10,90,0,1,2,6,13,85,0,7,50,31,19,0,0,4,8,95,0,46,61,0,0,0,0,0,107,0,0,0,0,0,48,34,24,1,31.7122769064359,54.9406761046459,53.5,45.1151612850689,3.02803738317757,1.78282129563628,0.00934579439252336,0.0182316240644272,0.0121307270529512,0.000287712159095446,0.00934579439252336,0.0182316240644272,0.0121307270529512,0.000287712159095446,0.00236935632486508,0.00109326918573224
NO,NOR,Norway,4,2020-06-18,2020-06-18,198,0,0,0,0,13,195,1,0,773619.005199497,198,1,195,2,14,182,2,3,193,2,15,181,2,30,166,2,31,165,2,15,181,2,1,195,2,6,190,2,1,195,2,5,191,2,29,168,1,11,186,1,6,5,187,18,179,1,1,5,192,0,0,1,197,90,106,2,163,34,1,100,98,0,135,61,2,30,168,0,18,176,4,104,94,0,64,19,14,7,94,49,149,0,1,2,0,3,185,7,0,36,30,77,55,0,0,2,3,10,183,0,1,0,7,22,168,0,22,88,59,29,0,2,13,11,172,0,90,107,0,0,1,0,0,0,198,0,0,0,0,84,65,48,1,33.2289992695398,58.3057603356916,31.7777777777778,15.9826294596491,2.69380813728774,1.5807961836565,0,0,0,0,0,0,0,0,0.000938967136150235,0.000510179280739656
NO,NOR,Norway,5,2020-06-18,2020-06-18,185,0,0,0,0,15,185,5,0,520775.493112082,185,0,183,2,18,166,1,1,182,2,17,166,2,21,163,1,26,157,2,13,171,1,1,182,2,4,179,2,3,180,2,3,180,2,19,164,2,5,180,0,3,2,180,14,167,4,5,2,178,0,4,1,180,72,110,3,148,36,1,75,108,2,130,54,1,18,165,2,26,158,1,96,88,1,55,26,8,7,89,47,138,0,2,2,2,4,157,18,0,34,30,72,49,0,0,0,4,13,167,1,1,1,6,18,158,1,17,70,60,37,1,0,0,9,176,0,60,125,0,0,0,0,0,0,0,185,0,0,0,78,52,54,1,51.8,88.260350031909,103.6,151.202843888599,2.31351351351351,5.84576036273866,0,0,0,0,0,0,0,0,0.00114198705748002,0.00057758448982608
NO,NOR,Norway,6,2020-06-18,2020-06-18,165,1,2997.4927485199,0,0,6,165,1,0,573278.986651245,165,1,163,1,9,155,1,4,160,1,6,159,0,12,152,1,22,142,1,6,158,1,3,161,1,3,162,0,3,161,1,7,158,0,13,152,0,5,160,0,4,1,160,12,151,2,1,2,162,0,1,0,164,17,144,4,115,50,0,70,93,2,108,57,0,19,144,2,24,140,1,81,83,1,58,13,7,3,84,26,139,0,0,2,4,1,144,14,0,44,46,53,22,0,0,1,2,8,152,2,0,1,3,10,148,3,18,72,48,25,2,0,4,10,151,0,68,96,0,0,1,0,0,0,0,0,165,0,0,60,40,64,1,73.6376953125,83.9042951803339,39.6,14.7580486514986,1.85686326169596,1.19171856981403,0.00606060606060606,0.0118425192330235,0.00522868065691623,0.000186690735277979,0,0,0,0,0.000512163892445583,0.000409703977131221
NO,NOR,Norway,7,2020-06-18,2020-06-16,100,0,0,0,0,3,98,3,0,341170.832169522,100,0,100,0,8,92,0,4,96,0,3,97,0,15,85,0,4,96,0,6,94,0,0,100,0,0,100,0,0,100,0,3,97,0,2,98,0,2,96,2,1,1,98,9,89,2,3,1,96,0,3,0,97,8,89,3,70,29,1,41,59,0,63,37,0,8,92,0,13,86,1,41,59,0,25,13,3,0,59,19,81,0,1,1,2,0,83,13,0,27,22,41,10,0,0,0,2,9,87,2,0,0,3,10,85,2,10,43,30,15,2,0,2,6,92,0,48,49,0,0,3,0,0,0,0,0,0,100,0,32,31,33,4,71,92.7163188951852,75,35.3553390593274,2.19,5.88903277887864,0,0,0,0,0,0,0,0,0.000431158378844496,0.00048778747978168
NO,NOR,Norway,1,2020-06-19,2020-06-17,100,0,0,0,0,15,100,1,0,906381.579731105,100,1,99,0,15,85,0,7,93,0,27,73,0,38,62,0,25,75,0,16,84,0,7,93,0,14,86,0,0,100,0,11,89,0,31,69,0,7,93,0,4,3,93,10,90,0,1,5,94,0,1,0,99,40,60,0,84,16,0,43,57,0,74,26,0,18,82,0,37,63,0,70,30,0,45,18,4,3,30,22,78,0,0,1,1,5,89,4,0,10,10,53,27,0,2,3,6,16,73,0,3,9,13,16,59,0,18,37,33,12,0,5,7,6,82,0,34,64,0,2,0,100,0,0,0,0,0,0,0,42,32,26,0,13.4897959183673,22.5137714130885,30.6122448979592,23.9451917099293,2.69360269360269,1.45019850232625,0,0,0,0,0,0,0,0,0.00211267605633803,0.00106801198126762
NO,NOR,Norway,2,2020-06-19,2020-06-18,100,0,0,0,0,4,99,0,0,710331.047294304,100,1,99,0,10,90,0,3,97,0,25,75,0,20,80,0,15,85,0,9,91,0,3,97,0,4,96,0,1,99,0,10,90,0,25,75,0,3,97,0,2,1,97,7,93,0,0,6,94,0,0,0,100,43,57,0,77,23,0,51,48,1,68,32,0,13,87,0,26,74,0,59,41,0,38,12,4,5,41,17,83,0,0,2,2,4,92,0,0,10,19,43,28,0,1,3,8,12,76,0,3,2,10,16,69,0,15,39,28,17,1,1,1,12,86,0,45,55,0,0,0,0,100,0,0,0,0,0,0,52,26,22,0,24.6492346938776,42.388426669843,100,0,3.44,9.87325742200679,0,0,0,0,0,0,0,0,0.000569070991606203,0.000557520621952935
NO,NOR,Norway,3,2020-06-19,2020-06-19,117,1,12260.1037349307,1,12260.1037349307,12,116,1,0,679170.05919909,117,1,116,0,9,108,0,4,113,0,13,104,0,23,94,0,16,101,0,9,108,0,3,114,0,2,115,0,3,114,0,3,114,0,18,99,0,7,110,0,4,3,110,9,107,1,1,3,113,0,1,0,116,47,69,1,96,21,0,61,55,1,81,35,1,16,100,1,24,92,1,63,53,1,34,19,5,5,54,22,95,0,0,2,1,2,106,5,1,23,20,50,24,0,0,0,5,18,93,1,0,4,11,13,88,1,11,46,34,25,1,1,3,12,101,0,55,61,0,0,1,0,0,117,0,0,0,0,0,43,39,32,3,38.1888,65.288387711439,39,24.6657657493134,3.06986767485822,1.60571390864479,0.00854700854700855,0.0166800862899834,0.018051596310633,0.000316636492188766,0.00854700854700855,0.0166800862899834,0.018051596310633,0.000316636492188766,0.0014570179698883,0.000823769594367722
NO,NOR,Norway,4,2020-06-19,2020-06-19,176,1,3027.1758376907,1,3027.1758376907,16,176,2,0,685869.433915597,176,2,174,0,19,157,0,2,174,0,15,160,1,21,155,0,23,152,1,4,172,0,6,170,0,11,165,0,3,173,0,10,166,0,24,151,1,7,169,0,5,2,169,22,154,0,2,10,164,0,1,1,174,82,94,0,142,34,0,81,95,0,126,50,0,35,141,0,22,154,0,118,58,0,63,28,13,14,58,37,139,0,2,0,1,4,163,6,0,29,32,54,61,0,0,0,4,16,155,1,2,0,4,18,151,1,22,60,56,36,2,3,2,15,155,1,77,99,0,0,0,0,0,0,176,0,0,0,0,69,52,55,0,30.4932362122789,41.0530249820018,57.469387755102,47.5155337497314,2.79875918367347,1.56947397464434,0.00568181818181818,0.0111044771209389,0.00441363281114409,0.000156879045013917,0.00568181818181818,0.0111044771209389,0.00441363281114409,0.000156879045013917,0.00128040973111396,0.000626987453311729
NO,NOR,Norway,5,2020-06-19,2020-06-19,189,1,3276.88955281903,0,0,7,187,0,0,540478.442112366,189,1,187,1,14,174,1,4,184,1,9,180,0,24,164,1,24,165,0,10,178,1,2,187,0,3,185,1,1,187,1,4,184,1,26,162,1,5,183,1,3,2,184,12,172,5,0,4,185,0,0,0,189,71,117,1,157,32,0,89,97,3,133,56,0,25,164,0,31,158,0,119,70,0,65,29,14,11,70,47,142,0,1,1,4,5,171,7,0,40,31,64,54,0,0,1,3,12,170,3,0,1,8,16,161,3,18,85,59,24,3,0,3,9,176,1,58,130,0,0,1,0,0,0,0,189,0,0,0,74,58,55,2,53.1074380165289,87.2347634370373,82.6875,70.875,1.9403185678744,1.13313850867488,0.00529100529100529,0.0103427090891254,0.00606294219619913,0.000206956970480607,0,0,0,0,0.000527227536341041,0.000390465475027695
NO,NOR,Norway,6,2020-06-19,2020-06-19,165,0,0,0,0,5,164,1,0,632976.167714875,165,0,165,0,17,148,0,9,156,0,11,154,0,18,146,1,29,135,1,4,161,0,3,161,1,3,162,0,2,163,0,5,160,0,14,151,0,5,159,1,5,0,160,8,154,3,1,2,162,0,1,0,164,21,138,6,125,38,2,79,84,2,103,61,1,16,146,3,27,137,1,79,86,0,51,20,5,3,86,29,136,0,1,0,1,4,142,17,0,37,42,71,15,0,0,2,5,17,139,2,2,1,8,14,138,2,16,64,57,26,2,0,2,11,151,1,70,92,0,1,2,0,0,0,0,0,165,0,0,60,47,55,3,92.7150283553875,108.88700665844,33,0,2.04332418838592,1.53774871007909,0,0,0,0,0,0,0,0,0.000429405702507729,0.000376302957952991
NO,NOR,Norway,7,2020-06-19,2020-06-18,100,0,0,0,0,2,97,2,0,365698.344967783,100,0,100,0,6,94,0,2,98,0,6,94,0,11,89,0,6,94,0,2,98,0,0,100,0,1,99,0,0,100,0,2,98,0,5,95,0,3,95,2,1,2,97,5,92,3,2,1,97,0,2,0,98,7,92,1,70,30,0,47,52,1,61,39,0,7,93,0,17,82,1,41,59,0,27,12,2,0,59,19,81,0,0,2,1,0,82,15,0,26,23,40,11,0,0,0,3,7,87,3,0,2,3,9,85,1,12,45,24,18,1,0,2,8,90,0,38,58,1,1,2,0,0,0,0,0,0,100,0,32,31,34,3,66.6666666666667,87.6138714827194,50,0,2.34,6.53385897699921,0,0,0,0,0,0,0,0,0.000290402207056774,0.000402411086096449
NO,NOR,Norway,1,2020-06-20,2020-06-18,100,0,0,0,0,19,100,0,0,910566.065465252,100,1,99,0,10,90,0,3,97,0,16,84,0,30,70,0,23,77,0,14,86,0,2,98,0,12,88,0,2,98,0,10,90,0,32,68,0,9,91,0,3,6,91,8,92,0,0,5,95,0,0,0,100,35,65,0,81,19,0,51,49,0,77,23,0,23,77,0,37,63,0,68,32,0,41,16,5,6,32,20,80,0,0,0,2,4,91,3,0,13,12,42,33,0,1,3,9,14,73,0,1,10,13,11,65,0,21,38,27,14,0,3,5,8,84,0,41,57,0,2,0,100,0,0,0,0,0,0,0,51,29,20,0,14.3668639053254,29.4717758411925,23.4567901234568,17.0732304764683,2.78456796684026,1.43626282943112,0,0,0,0,0,0,0,0,0.00267605633802817,0.0012016684687081
NO,NOR,Norway,2,2020-06-20,2020-06-20,100,0,0,0,0,14,100,0,0,614736.326082813,100,0,100,0,14,86,0,4,96,0,19,81,0,34,66,0,19,81,0,8,92,0,1,99,0,5,95,0,2,98,0,8,92,0,26,74,0,4,96,0,3,1,96,13,86,1,0,6,94,0,0,0,100,46,54,0,85,15,0,59,41,0,77,23,0,14,85,1,23,77,0,72,27,1,47,16,6,3,28,22,78,0,1,0,1,2,96,0,0,10,20,34,36,0,0,2,4,11,81,2,0,2,4,24,68,2,11,53,27,7,2,1,1,9,89,0,44,54,2,0,0,0,100,0,0,0,0,0,0,52,27,21,0,11.490950876185,18.5323356119761,87.5,75,2.41812059993878,1.35993360189541,0,0,0,0,0,0,0,0,0.00197183098591549,0.00103187041240234
NO,NOR,Norway,3,2020-06-20,2020-06-20,159,1,3170.70050212504,1,3170.70050212504,17,158,6,0,735612.803317259,159,2,156,1,17,142,0,6,153,0,29,129,1,32,127,0,32,126,1,16,143,0,5,153,1,9,149,1,3,155,1,12,147,0,29,129,1,7,152,0,4,3,152,15,142,2,6,3,150,0,6,0,153,63,96,0,137,22,0,87,72,0,122,37,0,26,133,0,40,119,0,107,52,0,49,21,21,16,52,39,120,0,0,1,3,2,150,3,0,25,22,43,69,0,0,3,11,17,128,0,2,6,10,29,112,0,16,71,42,30,0,0,6,14,139,0,70,88,0,1,0,0,0,159,0,0,0,0,0,72,47,40,0,38.0073398135291,65.3395656301291,75.0833333333334,95.4245338823652,2.95529562570101,1.47953441807168,0.00628930817610063,0.0122879927943053,0.00431028455163737,0.000149705733285332,0.00628930817610063,0.0122879927943053,0.00431028455163737,0.000149705733285332,0.00151542164378677,0.000719826443483079
NO,NOR,Norway,4,2020-06-20,2020-06-20,194,2,4045.56552794167,2,4045.56552794167,12,194,2,0,658544.318598819,194,2,192,0,14,180,0,3,191,0,18,176,0,21,173,0,28,166,0,16,178,0,4,190,0,9,185,0,1,193,0,11,183,0,33,161,0,6,188,0,4,2,188,25,167,2,2,5,187,0,2,0,192,88,105,1,166,28,0,85,109,0,133,61,0,23,171,0,33,161,0,118,75,1,69,20,16,13,76,44,150,0,0,0,5,1,180,8,0,36,28,61,69,0,0,0,2,14,178,0,1,1,9,23,160,0,21,83,51,39,0,0,2,12,180,0,78,115,0,0,1,0,0,0,194,0,0,0,0,87,52,54,1,24.8512396694215,41.0032506037005,64.6666666666667,40.898791071511,2.6601108033241,1.53543632827853,0.0103092783505155,0.014213829718938,0.00614319403217903,0.000188718559002745,0.0103092783505155,0.014213829718938,0.00614319403217903,0.000188718559002745,0.000871206621170321,0.000492707726518689
NO,NOR,Norway,5,2020-06-20,2020-06-20,192,1,2029.40888728358,1,2029.40888728358,5,192,1,0,541120.262963941,192,1,190,1,14,178,0,6,185,1,13,177,2,24,168,0,21,170,1,10,182,0,2,189,1,8,183,1,1,190,1,7,185,0,16,175,1,5,187,0,1,4,187,20,168,4,1,5,186,0,1,0,191,66,124,2,162,30,0,101,91,0,155,37,0,24,168,0,30,162,0,118,74,0,78,17,18,5,74,39,153,0,0,1,1,1,182,7,0,27,24,74,67,0,0,0,5,13,172,2,0,0,9,16,165,2,18,79,67,27,1,0,7,7,178,0,77,114,0,0,1,0,0,0,0,192,0,0,0,71,57,62,2,61.3635129017655,96.9092289835598,30.72,17.1730020671984,2.33812043335853,3.72358093596524,0.00520833333333333,0.0101815273352697,0.0037503842051075,0.000162863272280501,0.00520833333333333,0.0101815273352697,0.0037503842051075,0.000162863272280501,0.000366784037558685,0.000321435511515469
NO,NOR,Norway,6,2020-06-20,2020-06-20,163,0,0,0,0,5,162,0,0,587938.900611328,163,0,163,0,14,149,0,2,161,0,5,158,0,17,146,0,13,150,0,7,156,0,1,162,0,2,161,0,2,161,0,4,159,0,9,154,0,3,159,1,1,2,160,8,151,4,0,3,160,0,0,0,163,19,142,2,132,31,0,85,78,0,111,52,0,15,148,0,19,144,0,83,79,1,63,12,4,4,80,29,134,0,2,2,2,5,142,9,1,40,39,64,20,0,1,0,1,8,150,3,0,3,2,10,146,2,12,61,57,31,2,0,1,5,156,1,70,92,0,1,0,0,0,0,0,0,163,0,0,60,54,48,1,85.2794292508918,149.738296233785,90.5555555555556,62.7387292519393,1.85505960418194,1.26165469544983,0,0,0,0,0,0,0,0,0.000434707007476961,0.000380947663285603
NO,NOR,Norway,7,2020-06-20,2020-06-18,100,0,0,0,0,3,98,1,0,366922.890571583,100,0,100,0,10,90,0,4,96,0,8,92,0,17,83,0,14,86,0,3,97,0,1,98,1,3,97,0,1,99,0,2,98,0,8,92,0,3,96,1,1,2,97,3,93,4,1,1,98,0,1,0,99,7,93,0,71,28,1,50,49,1,54,46,0,7,93,0,22,78,0,36,64,0,23,12,0,1,64,19,81,0,0,2,0,1,83,14,0,34,24,37,5,0,0,0,2,6,90,2,0,2,2,9,86,1,10,42,28,20,0,0,1,9,90,0,47,50,1,1,1,0,0,0,0,0,0,100,0,36,26,37,1,60.4938271604938,88.3351699355738,75,35.3553390593274,1.76512600755025,3.01771395287355,0,0,0,0,0,0,0,0,0.000431158378844496,0.00048778747978168
NO,NOR,Norway,1,2020-06-21,2020-06-20,100,0,0,0,0,4,100,0,0,740017.730914865,100,0,99,1,16,83,1,4,95,1,22,78,0,30,69,1,21,78,1,15,84,1,5,94,1,14,85,1,3,96,1,7,92,1,26,73,1,3,97,0,2,1,97,6,94,0,0,5,95,0,0,0,100,27,72,1,78,21,1,53,46,1,77,23,0,26,73,1,35,64,1,67,33,0,34,19,8,6,33,17,83,0,1,0,3,2,93,0,1,7,11,37,44,1,2,4,13,13,67,1,3,7,13,14,60,3,17,35,27,19,2,1,4,7,87,1,51,49,0,0,0,100,0,0,0,0,0,0,0,52,28,19,1,16.7777777777778,34.4978323873033,44.4444444444444,19.2450089729875,2.89084918694867,1.95513757960602,0,0,0,0,0,0,0,0,0.000563380281690141,0.000551946987106018
NO,NOR,Norway,2,2020-06-21,2020-06-21,122,1,6121.24292423084,1,6121.24292423084,53,121,1,0,628317.729153506,122,1,121,0,21,101,0,4,118,0,29,93,0,39,83,0,24,98,0,15,107,0,6,116,0,9,113,0,6,116,0,12,110,0,34,88,0,10,112,0,7,3,112,10,112,0,1,2,119,0,1,0,121,41,81,0,94,28,0,72,50,0,98,24,0,38,84,0,38,84,0,89,33,0,47,20,13,9,33,32,90,0,1,2,2,6,110,1,0,12,18,40,52,0,5,5,11,10,90,1,5,6,12,23,75,1,22,55,29,15,1,6,2,12,102,0,55,63,3,1,0,0,122,0,0,0,0,0,0,67,29,26,0,14.9266278851567,32.2916819458002,79.8271604938272,156.10157257446,2.77888888888889,1.86271056039533,0.00819672131147541,0.0159993017797116,0.00974227312108098,0.000242863754229833,0.00819672131147541,0.0159993017797116,0.00974227312108098,0.000242863754229833,0.00616924688627634,0.00165576433043926
NO,NOR,Norway,3,2020-06-21,2020-06-21,151,0,0,0,0,23,150,2,0,675805.84122828,151,0,150,1,5,145,1,0,150,1,16,135,0,29,121,1,15,136,0,12,139,0,1,149,1,4,146,1,0,150,1,2,149,0,22,129,0,11,139,1,9,2,140,13,136,2,2,7,142,0,1,1,149,48,103,0,115,36,0,70,81,0,112,38,1,20,131,0,28,123,0,99,51,1,57,28,7,7,52,30,121,0,1,1,3,4,138,3,1,24,19,56,52,0,1,1,5,16,127,1,1,1,4,24,120,1,10,63,51,26,1,2,3,11,135,0,72,78,0,1,0,0,0,151,0,0,0,0,0,76,39,35,1,22.4739368998628,39.2007335606414,28.702479338843,25.6480015785578,3.22837706511176,1.84302876548537,0,0,0,0,0,0,0,0,0.00215962441314554,0.00088164335317211
NO,NOR,Norway,4,2020-06-21,2020-06-21,236,1,1604.56028943535,1,1604.56028943535,9,234,1,0,755184.488253395,236,4,232,0,24,212,0,6,230,0,20,216,0,42,194,0,37,199,0,18,218,0,6,230,0,11,225,0,5,231,0,10,226,0,34,202,0,9,227,0,4,5,227,19,212,5,1,10,225,0,1,0,235,62,172,2,176,59,1,118,117,1,169,67,0,40,195,1,31,204,1,127,109,0,80,24,13,10,109,41,195,0,0,0,11,8,209,8,0,34,42,84,76,0,1,1,6,15,213,0,1,3,11,25,196,0,26,114,56,40,0,2,3,12,219,0,104,130,1,1,0,0,0,0,236,0,0,0,0,110,67,59,0,35.5814545034108,63.1333685289437,38.530612244898,30.3339367084022,3.12991582088453,6.66815128046539,0.00423728813559322,0.00828731826410198,0.00212472622835038,0.00010385111909331,0.00423728813559322,0.00828731826410198,0.00212472622835038,0.00010385111909331,0.000541711809317443,0.000353816006646461
NO,NOR,Norway,5,2020-06-21,2020-06-21,185,0,0,0,0,5,184,1,0,503788.408736269,185,1,183,1,12,172,1,0,184,1,11,173,1,24,160,1,19,165,1,8,176,1,4,180,1,7,177,1,2,182,1,5,179,1,25,159,1,4,181,0,4,0,181,12,169,4,1,3,181,0,1,0,184,37,146,2,133,52,0,93,90,2,134,51,0,17,167,1,15,169,1,102,83,0,61,21,16,4,83,41,144,0,0,0,3,2,172,8,0,32,35,61,57,0,0,2,5,13,165,0,0,0,6,18,161,0,23,74,57,31,0,1,2,12,170,0,72,112,1,0,0,0,0,0,0,185,0,0,0,76,54,54,1,50.2095719381689,79.4230325852067,102.777777777778,71.2065332000539,2.07709994326495,1.15956630342639,0,0,0,0,0,0,0,0,0.000382731169626454,0.000335408293124409
NO,NOR,Norway,6,2020-06-21,2020-06-21,199,1,2882.745514316,1,2882.745514316,16,197,1,0,645299.806694584,199,1,197,1,19,179,1,5,193,1,10,188,1,19,179,1,30,168,1,8,190,1,1,197,1,4,194,1,4,194,1,7,191,1,13,186,0,7,192,0,3,4,192,10,184,5,1,3,195,0,1,0,198,22,175,2,128,70,1,91,108,0,117,82,0,24,175,0,28,171,0,90,109,0,61,18,6,5,109,34,165,0,0,0,2,5,171,21,0,47,55,75,22,0,0,0,4,11,183,1,0,2,3,17,176,1,14,94,60,30,1,0,1,16,182,0,84,113,1,0,1,0,0,0,0,0,199,0,0,75,51,70,3,51.7891358024691,90.0757839833049,119.4,125.858650874702,1.89449046679816,1.05664195697715,0.0050251256281407,0.00982428768705325,0.00446729641696667,0.000162711209800349,0.0050251256281407,0.00982428768705325,0.00446729641696667,0.000162711209800349,0.00114391935368557,0.000560189502652496
NO,NOR,Norway,7,2020-06-21,2020-06-20,100,0,0,0,0,4,98,0,0,312360.255184274,100,0,99,1,13,86,1,4,95,1,8,91,1,15,85,0,17,83,0,2,97,1,1,97,2,2,97,1,2,97,1,3,96,1,7,92,1,3,95,2,1,2,97,2,95,3,0,1,99,0,0,0,100,2,98,0,66,33,1,39,59,2,60,40,0,9,91,0,12,88,0,44,56,0,25,15,2,2,56,10,90,0,0,2,0,2,84,12,0,27,26,34,12,1,0,1,0,4,95,0,0,0,4,13,82,1,8,36,38,17,1,0,1,6,93,0,42,58,0,0,0,0,0,0,0,0,0,100,0,44,23,32,1,87.9286694101509,106.987057370781,33.3333333333333,33.3333333333333,2.04081632653061,2.62924460136653,0,0,0,0,0,0,0,0,0.000574877838459327,0.000563207971721789
NO,NOR,Norway,1,2020-06-22,2020-06-21,100,0,0,0,0,23,100,2,0,675628.263650118,100,0,100,0,19,81,0,5,95,0,26,74,0,35,65,0,15,85,0,12,88,0,3,97,0,12,88,0,2,98,0,5,95,0,20,80,0,5,95,0,3,2,95,10,90,0,2,6,92,0,2,0,98,26,73,1,70,29,1,47,52,1,72,27,1,23,76,1,30,69,1,70,30,0,37,19,8,6,30,16,84,0,1,0,1,3,92,2,1,5,18,38,38,1,1,2,14,14,68,1,1,3,16,15,62,3,15,44,23,16,2,1,4,7,87,1,40,60,0,0,0,100,0,0,0,0,0,0,0,43,30,26,1,16.5576694411415,29.8034036005227,92,150.066651858433,2.81603917967554,1.542545778835,0,0,0,0,0,0,0,0,0.00323943661971831,0.00132174928380468
NO,NOR,Norway,2,2020-06-22,2020-06-22,106,0,0,0,0,20,106,0,0,596251.050483495,106,0,106,0,12,94,0,2,104,0,16,90,0,24,82,0,16,90,0,12,94,0,4,102,0,10,96,0,1,105,0,7,99,0,24,82,0,9,97,0,6,3,97,7,99,0,0,5,101,0,0,0,106,36,70,0,80,26,0,35,70,1,69,36,1,13,93,0,21,84,1,62,44,0,39,15,6,2,44,17,89,0,1,1,1,2,98,3,0,11,16,42,37,0,1,3,5,14,83,0,1,2,6,18,79,0,12,46,26,22,0,0,4,10,92,0,38,68,0,0,0,0,106,0,0,0,0,0,0,57,27,22,0,19.9245283018868,36.0383604684507,24.8641975308642,19.0316320328197,2.59591836734694,2.24367897386609,0,0,0,0,0,0,0,0,0.00265745415891576,0.00116311069167447
NO,NOR,Norway,3,2020-06-22,2020-06-22,142,0,0,0,0,22,140,2,0,670586.373265127,142,1,140,1,25,116,1,5,136,1,18,123,1,28,113,1,24,117,1,15,126,1,3,138,1,8,133,1,3,138,1,8,133,1,24,116,2,12,130,0,7,5,130,15,126,1,2,10,130,0,1,1,140,46,95,1,86,56,0,52,90,0,94,48,0,16,126,0,27,114,1,88,54,0,54,20,6,8,54,31,111,0,1,0,3,5,128,5,0,24,22,56,40,0,1,3,6,13,118,1,1,2,6,15,117,1,23,53,37,28,1,3,6,13,120,0,59,82,0,1,0,0,0,142,0,0,0,0,0,57,48,37,0,19.4497988165681,34.9648095232582,29.82,33.0995065421425,3.09414626572124,1.81559889257495,0,0,0,0,0,0,0,0,0.00221327967806841,0.000923829671578644
NO,NOR,Norway,4,2020-06-22,2020-06-22,188,0,0,0,0,17,187,2,1,666150.394742077,188,0,187,1,16,171,1,3,184,1,15,172,1,25,162,1,27,160,1,9,178,1,4,183,1,15,172,1,5,182,1,4,183,1,32,155,1,8,180,0,7,1,180,15,171,2,2,8,178,1,1,0,186,75,112,1,130,57,1,83,102,3,126,59,3,28,157,3,17,168,3,129,58,1,77,33,12,7,59,32,156,0,1,1,0,10,169,7,0,29,35,71,53,0,1,1,3,13,169,1,2,2,4,20,159,1,22,72,62,31,1,1,4,15,168,0,76,111,0,1,0,0,0,0,188,0,0,0,0,79,63,44,2,32.7575757575758,65.3104840012498,65.2244897959184,57.721290071363,2.68061358655953,2.03068524640916,0,0,0,0,0,0,0,0,0.00128040973111396,0.000608267175515595
NO,NOR,Norway,5,2020-06-22,2020-06-22,214,1,4110.02695006459,1,4110.02695006459,11,213,1,0,582532.50133223,214,1,213,0,19,195,0,8,206,0,19,195,0,19,195,0,36,178,0,9,205,0,6,208,0,10,204,0,1,213,0,9,205,0,25,189,0,5,208,1,1,4,209,21,189,4,1,8,205,0,1,0,213,59,154,1,132,82,0,90,123,1,156,57,1,17,195,2,39,173,2,116,98,0,81,22,5,8,98,59,155,0,4,2,8,6,178,16,0,34,41,92,47,0,0,1,4,20,186,3,0,1,6,24,182,1,24,82,72,35,1,3,1,19,191,0,82,132,0,0,0,0,0,0,0,214,0,0,0,76,64,73,1,33.7041657384718,57.4932997407505,94.16,70.3275763836633,2.06208306192583,1.94808294566897,0.00467289719626168,0.00913728629526227,0.0070554465899587,0.00021493778239019,0.00467289719626168,0.00913728629526227,0.0070554465899587,0.00021493778239019,0.000727368908285393,0.000429683302992825
NO,NOR,Norway,6,2020-06-22,2020-06-22,204,0,0,0,0,9,204,0,0,624083.361057139,204,0,204,0,12,192,0,1,203,0,10,194,0,14,190,0,25,179,0,4,200,0,3,201,0,4,200,0,1,203,0,6,198,0,11,193,0,5,199,0,3,2,199,8,193,3,0,1,203,0,0,0,204,23,178,3,135,69,0,79,124,1,125,79,0,17,186,1,30,174,0,103,101,0,69,21,10,3,101,31,173,0,2,0,1,6,183,11,1,59,57,69,19,0,0,1,2,8,192,1,0,0,5,15,182,2,24,88,70,21,1,0,1,10,193,0,83,121,0,0,0,0,0,0,0,0,204,0,0,80,50,73,1,113.67290427258,157.75301475974,73.44,53.1966916264536,1.785,0.901651750620485,0,0,0,0,0,0,0,0,0.000621375310687655,0.000405831597618308
NO,NOR,Norway,7,2020-06-22,2020-06-21,100,0,0,0,0,1,99,0,0,297173.349057844,100,0,98,2,9,89,2,4,94,2,6,92,2,13,86,1,12,87,1,1,97,2,0,98,2,2,96,2,1,97,2,5,93,2,5,93,2,1,98,1,1,0,99,3,96,1,0,0,100,0,0,0,100,2,96,2,66,33,1,41,58,1,64,36,0,7,91,2,7,92,1,47,53,0,31,13,2,1,53,16,84,0,0,1,1,1,79,17,1,28,24,34,14,0,0,1,0,3,96,0,0,0,5,11,84,0,10,43,34,12,1,0,1,7,92,0,37,62,0,0,1,0,0,0,0,0,0,100,0,46,27,26,1,96.4083175803403,128.481101029401,100,0,2.0610141822263,2.62895376097304,0,0,0,0,0,0,0,0,0.000142267747901551,0.000278819826397772
NO,NOR,Norway,1,2020-06-23,2020-06-22,100,1,13524.4368574169,0,0,8,100,2,0,726566.724354882,100,1,99,0,25,75,0,5,95,0,26,74,0,39,61,0,17,83,0,12,88,0,3,97,0,13,87,0,1,99,0,7,93,0,26,74,0,5,95,0,2,3,95,8,92,0,2,4,94,0,2,0,98,25,74,1,71,28,1,46,53,1,76,23,1,21,78,1,28,71,1,75,25,0,48,19,3,5,25,18,82,0,0,0,1,2,93,3,1,6,14,45,34,1,1,2,13,11,72,1,4,5,11,16,62,2,9,51,25,13,2,0,3,7,89,1,36,63,1,0,0,100,0,0,0,0,0,0,0,39,36,24,1,15.1404786680541,22.345903132321,32,17.8885438199983,2.72421181512091,1.56387371279824,0.01,0.0195013954179879,0.0186141704596026,0.000310779292576597,0,0,0,0,0.00112676056338028,0.000780350880787396
NO,NOR,Norway,2,2020-06-23,2020-06-22,100,1,4594.78591443186,1,4594.78591443186,18,99,2,0,620158.111845521,100,1,99,0,12,88,0,4,96,0,24,76,0,30,70,0,16,84,0,15,85,0,2,98,0,11,89,0,4,96,0,7,93,0,32,68,0,12,88,0,6,6,88,12,88,0,2,7,91,0,1,1,98,40,59,1,77,23,0,46,54,0,67,33,0,9,91,0,21,79,0,64,36,0,48,12,2,2,36,23,77,0,0,1,1,5,88,5,0,13,18,38,31,0,0,3,3,12,82,0,0,3,12,15,70,0,12,35,33,20,0,2,4,8,86,0,36,64,0,0,0,0,100,0,0,0,0,0,0,55,31,14,0,20.9135305946567,38.305821989941,14.0495867768595,7.45635938422477,2.43648479800083,1.3716270302548,0.01,0.0195013954179879,0.00740905557255116,0.000213433928005343,0.01,0.0195013954179879,0.00740905557255116,0.000213433928005343,0.00256081946222791,0.00118150077856617
NO,NOR,Norway,3,2020-06-23,2020-06-23,126,0,0,0,0,8,126,2,0,646675.608713715,126,0,126,0,19,107,0,2,124,0,18,108,0,37,89,0,10,116,0,15,111,0,2,124,0,7,119,0,5,121,0,7,119,0,18,108,0,4,122,0,4,0,122,10,115,1,2,3,121,0,2,0,124,60,65,1,107,19,0,58,67,1,82,44,0,23,103,0,20,106,0,68,58,0,36,21,4,7,58,28,98,0,0,1,0,3,118,4,0,12,22,58,34,0,1,0,5,8,112,0,1,1,4,17,103,0,16,50,46,14,0,1,2,5,118,0,59,66,0,1,0,0,0,126,0,0,0,0,0,59,37,30,0,27.2008928571429,50.4709506827906,63,36.3730669589464,3.128832,1.54058248690803,0,0,0,0,0,0,0,0,0.000894254415381176,0.000619398171448131
NO,NOR,Norway,4,2020-06-23,2020-06-23,209,1,2499.448203095,1,2499.448203095,12,207,1,0,760270.021868949,209,1,207,1,13,195,1,6,202,1,17,191,1,28,180,1,32,176,1,15,193,1,8,200,1,12,196,1,1,207,1,6,202,1,28,180,1,7,201,1,6,1,202,16,190,3,1,7,201,0,1,0,208,102,106,1,167,40,2,98,109,2,146,62,1,22,185,2,27,180,2,117,91,1,74,26,10,7,92,39,170,0,1,0,3,5,189,10,1,25,42,84,58,0,1,2,6,14,186,0,0,3,11,24,171,0,24,79,63,43,0,0,4,9,195,1,86,123,0,0,0,0,0,0,209,0,0,0,0,75,66,68,0,19.4074390001984,32.2074950367495,69.6666666666667,69.6666666666667,2.78510583677565,2.39376832205683,0.00478468899521531,0.00935535623581309,0.00328757958514619,0.000128672941893576,0.00478468899521531,0.00935535623581309,0.00328757958514619,0.000128672941893576,0.000816493161869769,0.000461777372415866
NO,NOR,Norway,5,2020-06-23,2020-06-23,185,3,7092.47758494322,3,7092.47758494322,7,183,0,0,501535.958622374,185,4,181,0,16,169,0,2,183,0,19,166,0,24,161,0,30,155,0,11,174,0,6,179,0,9,176,0,4,181,0,9,176,0,21,164,0,7,178,0,5,2,178,15,167,3,0,6,179,0,0,0,185,61,123,1,138,47,0,69,115,1,117,67,1,14,171,0,32,153,0,94,91,0,59,20,9,6,91,46,139,0,0,3,2,3,169,8,0,37,36,70,42,0,3,1,2,20,158,1,2,1,6,29,146,1,23,80,54,27,1,1,2,11,171,0,81,103,0,0,1,0,0,0,0,185,0,0,0,71,54,59,1,46.5646258503401,73.3877947665564,51.8,33.0938060669969,2.11760935258387,1.48910823841253,0.0162162162162162,0.0182006467119675,0.0141415136103599,0.00032677760882471,0.0162162162162162,0.0182006467119675,0.0141415136103599,0.00032677760882471,0.000538751635496036,0.000398997939230615
NO,NOR,Norway,6,2020-06-23,2020-06-23,196,0,0,0,0,8,196,2,0,626659.188909478,196,1,195,0,12,184,0,4,192,0,9,186,1,20,176,0,20,175,1,9,187,0,2,194,0,3,193,0,0,196,0,5,191,0,13,183,0,3,193,0,2,1,193,12,179,5,2,2,192,0,1,1,194,27,166,3,142,53,1,79,115,2,114,82,0,16,180,0,18,178,0,80,116,0,68,8,3,1,116,36,160,0,0,0,4,3,166,23,0,52,41,83,20,0,2,1,4,6,182,1,0,0,2,18,175,1,15,84,68,28,1,0,1,14,180,1,79,116,0,0,1,0,0,0,0,0,196,0,0,79,51,64,2,59.3742911153119,77.799750747705,174.222222222222,75.4404351741111,1.83834626421511,1.15602148363692,0,0,0,0,0,0,0,0,0.000574877838459327,0.000398248176022799
NO,NOR,Norway,7,2020-06-23,2020-06-22,100,0,0,0,0,1,99,0,0,337312.851848308,100,0,99,1,7,92,1,0,99,1,4,95,1,15,84,1,13,86,1,2,97,1,1,98,1,1,98,1,0,99,1,4,95,1,5,94,1,1,98,1,1,0,99,5,93,2,0,3,97,0,0,0,100,0,96,4,66,33,1,40,58,2,60,40,0,5,93,2,9,90,1,38,62,0,28,9,0,1,62,19,81,0,1,0,2,0,86,10,1,25,32,38,5,0,0,0,0,7,93,0,0,0,2,10,88,0,11,44,31,13,1,0,0,8,91,1,50,49,0,1,0,0,0,0,0,0,0,100,0,39,35,23,3,37.12,49.470799467969,100,0,1.65798703369115,0.899686379234599,0,0,0,0,0,0,0,0,0.000142267747901551,0.000278819826397772
NO,NOR,Norway,1,2020-06-24,2020-06-23,100,1,13524.4368574169,0,0,9,100,1,0,784075.033480968,100,2,98,0,22,78,0,6,94,0,26,74,0,36,64,0,16,84,0,16,84,0,2,98,0,10,90,0,3,97,0,9,91,0,29,71,0,6,94,0,4,2,94,8,92,0,1,7,92,0,0,1,99,28,71,1,72,28,0,41,58,1,76,24,0,14,85,1,30,69,1,69,31,0,45,17,2,5,31,24,76,0,1,0,2,6,89,2,0,7,16,37,40,0,2,2,5,10,81,0,3,5,6,23,63,0,8,45,38,9,0,0,4,9,87,0,32,66,1,1,0,100,0,0,0,0,0,0,0,47,32,21,0,14.0625,24.8725670821081,25,13.9443337755679,2.85297792586422,1.80025001969038,0.01,0.0195013954179879,0.0172489063927645,0.000288185303160226,0,0,0,0,0.00126760563380282,0.00082762874363293
NO,NOR,Norway,2,2020-06-24,2020-06-24,116,1,3542.38379915545,1,3542.38379915545,20,116,2,0,621517.63198043,116,1,115,0,9,107,0,2,114,0,20,96,0,24,92,0,14,102,0,10,106,0,5,111,0,6,110,0,0,116,0,2,114,0,20,96,0,6,110,0,5,1,110,9,107,0,2,2,112,0,2,0,114,41,74,1,95,21,0,53,63,0,83,33,0,13,103,0,28,88,0,82,34,0,57,17,4,4,34,27,89,0,0,1,1,5,107,2,0,18,19,39,40,0,1,1,6,7,99,2,2,2,6,17,87,2,8,47,39,20,2,1,4,8,102,1,61,54,0,1,0,0,116,0,0,0,0,0,0,50,33,32,1,22.2074484456756,36.7067691388884,64.4444444444445,45.2030808520671,2.90328922495274,3.24840948155956,0.00862068965517241,0.0168232549815172,0.00569957088404371,0.000187154923741454,0.00862068965517241,0.0168232549815172,0.00569957088404371,0.000187154923741454,0.00242836328314716,0.00106296458974345
NO,NOR,Norway,3,2020-06-24,2020-06-24,146,1,5113.90614746214,0,0,10,145,1,0,640109.69079566,146,1,145,0,7,139,0,5,141,0,19,127,0,27,119,0,25,121,0,8,138,0,7,139,0,9,137,0,2,144,0,8,138,0,28,118,0,8,138,0,5,3,138,11,134,1,1,6,139,0,1,0,145,67,78,1,127,19,0,85,61,0,109,37,0,18,127,1,33,112,1,96,50,0,55,29,10,2,50,28,118,0,0,0,2,3,139,2,0,16,27,69,34,0,0,1,9,13,123,0,1,2,12,21,110,0,17,54,52,22,1,2,2,13,129,0,72,74,0,0,0,0,0,146,0,0,0,0,0,73,43,30,0,22.7507804370448,32.3046512723527,29.7959183673469,16.4103122429341,3.34138121824858,3.57918076981979,0.00684931506849315,0.0133783578498663,0.00798910908707775,0.00021808625039993,0,0,0,0,0.000971345313258863,0.00060174253683453
NO,NOR,Norway,4,2020-06-24,2020-06-24,184,0,0,0,0,19,182,0,0,664987.646383233,184,0,184,0,10,174,0,2,182,0,19,165,0,24,160,0,30,154,0,14,170,0,4,180,0,8,176,0,2,182,0,8,176,0,26,158,0,11,173,0,6,5,173,14,170,0,0,7,177,0,0,0,184,77,106,1,154,30,0,84,98,2,137,46,1,19,164,1,33,149,2,103,81,0,60,25,14,4,81,46,138,0,1,1,4,5,168,5,0,31,36,75,41,1,0,0,7,7,170,0,0,0,7,19,158,0,12,86,62,24,0,1,5,5,173,0,65,118,0,1,0,0,0,0,184,0,0,0,0,77,58,49,0,34.4602076124567,61.8020347427151,43.1604938271605,38.8504218922669,2.88298514672141,1.66850759195838,0,0,0,0,0,0,0,0,0.0014703606252902,0.000660656382620002
NO,NOR,Norway,5,2020-06-24,2020-06-24,212,0,0,0,0,17,211,1,0,590864.050218174,212,2,209,1,19,192,1,5,206,1,17,195,0,26,185,1,36,175,1,7,205,0,5,206,1,4,207,1,4,207,1,6,206,0,29,182,1,13,199,0,10,3,199,14,194,4,1,5,206,0,0,1,211,81,127,4,153,58,1,85,126,1,145,66,1,24,186,2,30,180,2,110,101,1,67,25,15,3,102,54,158,0,2,1,3,6,191,9,0,37,39,78,58,0,0,0,7,17,187,1,0,1,8,19,183,1,29,81,67,35,0,0,4,11,196,1,70,142,0,0,0,0,0,0,0,212,0,0,0,78,63,71,0,40.0632888888889,70.0441564750715,23.5555555555556,13.7534813468536,2.11423822465803,1.58364101487311,0,0,0,0,0,0,0,0,0.00113477070956545,0.000539119692244136
NO,NOR,Norway,6,2020-06-24,2020-06-24,180,0,0,0,0,3,180,2,0,586287.900897251,180,2,177,1,10,169,1,3,176,1,10,169,1,13,166,1,20,160,0,4,175,1,2,177,1,5,174,1,1,178,1,6,173,1,14,165,1,2,178,0,2,0,178,10,163,7,2,2,176,0,2,0,178,23,154,3,130,49,1,82,97,1,120,60,0,28,151,1,29,151,0,104,76,0,69,20,10,5,76,37,143,0,1,2,4,4,154,14,1,35,48,70,26,1,0,2,2,9,163,4,0,3,5,19,150,3,20,71,58,28,3,0,2,9,168,1,68,112,0,0,0,0,0,0,0,0,180,0,0,66,41,72,1,61.4634146341464,105.178186531572,135,63.6396103067893,1.83702131643831,0.958235344338648,0,0,0,0,0,0,0,0,0.000234741784037559,0.000265599274895289
NO,NOR,Norway,7,2020-06-24,2020-06-23,100,0,0,0,0,3,100,0,0,364962.475554946,100,0,100,0,6,94,0,0,100,0,4,96,0,20,80,0,21,79,0,5,95,0,2,98,0,1,99,0,0,100,0,3,97,0,8,92,0,3,97,0,2,1,97,3,95,2,0,3,97,0,0,0,100,2,96,2,73,27,0,44,55,1,59,41,0,5,95,0,9,91,0,43,56,1,30,8,2,3,57,17,83,0,1,0,0,0,90,9,0,28,31,35,6,0,0,1,2,9,88,0,0,0,6,8,86,0,13,43,26,17,1,0,1,7,91,1,58,40,0,1,1,0,0,0,0,0,0,100,0,38,26,31,5,42.7734375,59.8923634455407,33.3333333333333,0,1.61208039995919,0.815253570259927,0,0,0,0,0,0,0,0,0.000422535211267606,0.000478033792144491
NO,NOR,Norway,1,2020-06-25,2020-06-24,100,0,0,0,0,6,100,2,0,812072.660219182,100,2,98,0,14,86,0,4,96,0,18,82,0,34,66,0,13,87,0,16,84,0,3,97,0,7,93,0,3,97,0,6,94,0,22,78,0,5,95,0,4,1,95,7,93,0,2,3,95,0,1,1,98,38,61,1,77,23,0,47,52,1,77,23,0,12,87,1,30,69,1,71,29,0,45,16,6,4,29,23,77,0,1,0,0,4,94,1,0,10,16,36,38,0,2,1,4,13,80,0,2,4,6,21,67,0,9,40,37,14,0,0,4,10,86,0,41,57,0,1,1,100,0,0,0,0,0,0,0,56,22,21,1,18.4364419821484,33.5455630128906,24,8.94427190999916,2.82174094127447,1.85222110781765,0,0,0,0,0,0,0,0,0.000845070422535211,0.000675898970898153
NO,NOR,Norway,2,2020-06-25,2020-06-25,126,0,0,0,0,20,126,4,0,721170.889997685,126,1,125,0,14,112,0,2,124,0,29,97,0,33,93,0,25,101,0,13,113,0,7,119,0,13,113,0,0,126,0,15,111,0,33,93,0,12,114,0,8,4,114,17,109,0,4,9,113,0,3,1,122,43,83,0,99,27,0,57,69,0,99,27,0,14,112,0,24,102,0,79,47,0,48,21,4,6,47,33,93,0,0,1,2,4,114,5,0,12,27,56,31,0,0,2,6,20,98,0,1,5,13,20,87,0,17,50,40,19,0,1,5,12,108,0,51,74,0,1,0,0,126,0,0,0,0,0,0,61,34,31,0,16.5273034340402,31.0870235183428,17.5,8.17423891369599,2.53174603174603,1.42932995735209,0,0,0,0,0,0,0,0,0.00223563603845294,0.000978696847371467
NO,NOR,Norway,3,2020-06-25,2020-06-25,126,0,0,0,0,21,125,2,0,582014.803792597,126,0,126,0,10,116,0,5,121,0,12,114,0,18,108,0,14,112,0,11,115,0,6,120,0,9,117,0,2,124,0,3,123,0,20,106,0,8,117,1,4,4,118,13,109,4,2,5,119,0,1,1,124,53,72,1,104,22,0,62,64,0,93,33,0,19,107,0,31,95,0,75,51,0,46,16,8,5,51,22,104,0,1,0,2,0,120,3,0,18,28,52,28,0,0,2,2,18,103,1,1,2,4,12,106,1,17,52,36,20,1,0,3,10,113,0,57,69,0,0,0,0,0,126,0,0,0,0,0,65,34,26,1,18.7788461538462,46.803230647683,41.34375,18.7068252918554,3.07142857142857,1.9149039513399,0,0,0,0,0,0,0,0,0.00236619718309859,0.00101082262628497
NO,NOR,Norway,4,2020-06-25,2020-06-25,186,0,0,0,0,10,185,2,0,672641.928896616,186,1,184,1,10,175,1,2,183,1,20,165,1,25,161,0,27,158,1,12,174,0,5,180,1,7,178,1,0,185,1,5,180,1,35,150,1,7,179,0,6,1,179,17,168,1,2,10,174,0,2,0,184,74,110,2,153,33,0,96,90,0,124,61,1,26,159,1,32,154,0,104,82,0,59,24,16,5,82,42,144,0,2,0,1,5,171,7,0,39,30,71,46,0,0,1,5,15,165,0,0,3,4,23,156,0,20,69,68,29,0,2,1,20,163,0,77,109,0,0,0,0,0,0,186,0,0,0,0,73,68,44,1,25.29345703125,51.7240439664491,51.6666666666667,32.016662328648,2.55427319211103,1.44094415575906,0,0,0,0,0,0,0,0,0.000761324704986677,0.000471685614577132
NO,NOR,Norway,5,2020-06-25,2020-06-25,206,1,8245.6907529062,1,8245.6907529062,11,204,2,0,582619.242015657,206,1,204,1,11,194,1,3,202,1,24,182,0,26,180,0,36,170,0,15,191,0,6,199,1,10,196,0,1,205,0,10,196,0,29,177,0,9,197,0,8,1,197,22,182,2,2,6,198,0,1,1,204,62,144,0,153,53,0,89,115,2,136,69,1,20,186,0,33,173,0,125,81,0,83,22,13,7,81,42,164,0,2,1,4,3,178,18,0,45,39,72,50,0,0,0,7,13,184,2,0,1,7,22,175,1,29,81,61,34,1,0,4,9,193,0,73,133,0,0,0,0,0,0,0,206,0,0,0,74,58,73,1,33.8581314878893,60.6739503691676,46.2448979591837,15.730233095417,2.54925990003845,7.04152805628469,0.00485436893203884,0.00949126700511386,0.0141527950988694,0.000303306413273494,0.00485436893203884,0.00949126700511386,0.0141527950988694,0.000303306413273494,0.00075945871306269,0.000448632715620094
NO,NOR,Norway,6,2020-06-25,2020-06-25,178,0,0,0,0,8,177,0,0,610420.410899807,178,0,178,0,14,164,0,1,177,0,12,166,0,22,156,0,15,162,1,5,173,0,3,175,0,4,174,0,2,176,0,9,169,0,17,161,0,6,172,0,5,1,172,8,168,2,0,2,176,0,0,0,178,22,153,3,138,40,0,86,91,1,111,67,0,11,167,0,15,163,0,90,87,1,68,17,3,2,88,23,155,0,4,0,3,6,154,11,0,44,41,66,27,0,0,0,3,4,169,2,0,0,4,10,162,2,20,60,72,25,1,0,2,18,158,0,74,100,0,1,3,0,0,0,0,0,178,0,0,59,46,68,5,52.5624661979448,80.6364014727134,56.96,31.841607999597,1.92251288149029,1.05060171097136,0,0,0,0,0,0,0,0,0.000636587888915413,0.000440984365187796
NO,NOR,Norway,7,2020-06-25,2020-06-24,100,0,0,0,0,3,99,0,0,361018.603735354,100,0,100,0,6,94,0,1,99,0,3,96,1,15,85,0,16,84,0,4,96,0,3,97,0,2,97,1,0,100,0,4,96,0,5,95,0,4,96,0,3,1,96,4,93,3,0,2,98,0,0,0,100,4,94,2,69,31,0,44,56,0,56,44,0,8,92,0,12,88,0,40,58,2,31,4,2,3,60,18,82,0,0,0,1,0,86,13,0,34,31,29,6,0,0,1,2,8,88,1,0,0,7,14,78,1,11,42,28,18,1,0,1,6,93,0,55,44,0,0,1,0,0,0,0,0,0,100,0,32,29,35,4,68.491124260355,95.4095453201012,33.3333333333333,0,1.63473552686381,0.875949540491118,0,0,0,0,0,0,0,0,0.000426803243704652,0.000482861385434658
NO,NOR,Norway,1,2020-06-26,2020-06-24,100,0,0,0,0,59,100,2,0,805645.569948752,100,2,98,0,13,87,0,2,98,0,15,85,0,36,64,0,14,86,0,7,93,0,4,96,0,10,90,0,4,96,0,10,90,0,20,80,0,5,95,0,4,1,95,6,94,0,2,1,97,0,2,0,98,39,60,1,82,17,1,50,49,1,80,19,1,14,85,1,32,67,1,70,30,0,49,11,8,2,30,24,76,0,0,0,0,5,91,4,0,12,12,37,39,0,1,1,5,14,79,0,2,5,11,23,58,1,7,38,35,20,0,0,7,14,79,0,46,53,0,0,1,100,0,0,0,0,0,0,0,54,24,21,1,17.9067283730865,30.388991276404,236,427.878487423708,2.53035404550556,1.57659868833246,0,0,0,0,0,0,0,0,0.00830985915492958,0.00211156155343959
NO,NOR,Norway,2,2020-06-26,2020-06-26,108,0,0,0,0,11,108,0,0,664683.342167773,108,0,107,1,12,95,1,2,105,1,15,93,0,29,78,1,18,90,0,8,99,1,1,106,1,16,91,1,0,107,1,4,104,0,26,81,1,6,102,0,6,0,102,10,98,0,0,4,104,0,0,0,108,37,71,0,85,23,0,48,60,0,70,38,0,15,93,0,32,76,0,72,36,0,39,18,8,6,37,25,83,0,1,2,0,1,102,2,0,12,20,40,36,0,0,2,7,16,81,2,1,3,11,17,74,2,10,41,42,13,2,0,2,10,93,3,37,70,1,0,0,0,108,0,0,0,0,0,0,61,21,26,0,10.005540166205,16.9725729198796,33,7.34846922834954,2.63184557603284,1.67385088946548,0,0,0,0,0,0,0,0,0.00143453312467397,0.000847131051081548
NO,NOR,Norway,3,2020-06-26,2020-06-26,114,0,0,0,0,9,113,0,0,622043.546013471,114,0,114,0,6,108,0,3,111,0,17,97,0,24,90,0,21,93,0,7,107,0,5,109,0,3,111,0,2,112,0,7,107,0,25,89,0,7,106,1,7,0,107,7,107,0,0,5,109,0,0,0,114,52,62,0,92,22,0,65,48,1,69,45,0,12,102,0,27,87,0,64,50,0,32,21,3,8,50,17,97,0,2,1,1,3,105,2,0,21,22,31,40,0,1,0,2,10,101,0,1,1,6,17,89,0,9,46,36,23,0,0,5,7,102,0,60,53,1,0,0,0,0,114,0,0,0,0,0,46,39,28,1,22.0362154821186,49.6978814879291,20.9387755102041,7.94661487972377,4.16931631294541,9.49117854887442,0,0,0,0,0,0,0,0,0.00112177489717063,0.00073246828750015
NO,NOR,Norway,4,2020-06-26,2020-06-26,167,1,2161.08911804817,1,2161.08911804817,13,165,1,0,677452.988704911,167,1,166,0,11,156,0,1,166,0,22,145,0,16,150,1,25,142,0,10,157,0,4,163,0,4,163,0,1,166,0,5,162,0,31,136,0,7,160,0,4,3,160,16,151,0,1,5,161,0,1,0,166,58,109,0,127,40,0,68,97,2,108,59,0,19,148,0,27,140,0,101,66,0,66,19,12,4,66,57,110,0,0,3,4,5,151,4,0,30,31,58,48,0,0,1,4,9,152,1,0,0,9,16,140,2,17,78,50,21,1,1,1,9,156,0,56,111,0,0,0,0,0,0,167,0,0,0,0,65,54,47,1,32.2869864981327,59.3060150255039,86.84,38.0818591983112,2.68475105240238,1.54424695505069,0.00598802395209581,0.0117011198672655,0.00319002078975182,0.000134280037774573,0.00598802395209581,0.0117011198672655,0.00319002078975182,0.000134280037774573,0.0011096884336321,0.000602887632115596
NO,NOR,Norway,5,2020-06-26,2020-06-26,207,1,1885.16579194518,0,0,3,206,3,0,631383.022610758,207,1,205,1,15,192,0,3,202,2,17,188,2,19,186,2,28,178,1,7,199,1,4,200,3,6,199,2,2,203,2,8,197,2,25,180,2,4,203,0,3,1,203,19,183,5,3,4,200,0,2,1,204,66,140,1,172,35,0,92,114,1,143,64,0,19,187,1,30,176,1,114,93,0,74,25,10,5,93,38,169,0,0,1,2,3,189,12,0,42,36,81,48,0,0,3,3,12,187,2,0,4,5,19,178,1,18,98,55,35,1,2,4,12,189,0,74,131,0,1,1,0,0,0,0,207,0,0,0,82,52,72,1,39.3271604938272,78.6382128143578,46,39.8371685740842,2.54671280276817,7.08004675918746,0.00483091787439614,0.00944552676577995,0.00298577206613832,0.000134580037311732,0,0,0,0,0.000205114180226993,0.000232080475041257
NO,NOR,Norway,6,2020-06-26,2020-06-26,178,1,5571.70997236843,0,0,2,175,0,0,563759.727461706,178,3,174,1,14,163,1,3,173,2,9,169,0,18,159,1,19,158,1,8,169,1,2,175,1,3,174,1,0,177,1,6,170,2,10,167,1,5,173,0,2,3,173,11,162,5,0,3,175,0,0,0,178,20,157,1,140,37,1,89,87,2,109,68,1,16,161,1,27,150,1,81,96,1,60,14,4,3,97,34,144,0,1,0,3,5,153,13,3,52,39,60,26,1,0,0,3,6,166,3,0,0,6,12,157,3,13,71,63,29,2,0,0,7,171,0,75,102,0,1,0,0,0,0,0,0,178,0,0,72,44,59,3,108.107755102041,157.354521938024,89,0,2.15634285714286,3.8865585946431,0.00561797752808989,0.0109800601880064,0.00988312875319193,0.000258220979243928,0,0,0,0,0.000160965794768612,0.000223065155461641
NO,NOR,Norway,7,2020-06-26,2020-06-25,100,1,28628.3026791073,1,28628.3026791073,4,98,1,0,365902.394576356,100,1,99,0,12,88,0,4,96,0,5,94,1,9,91,0,8,92,0,7,93,0,4,96,0,4,95,1,1,98,1,4,96,0,5,95,0,4,95,1,3,1,96,7,91,2,1,1,98,0,1,0,99,7,92,1,77,23,0,47,52,1,59,41,0,12,88,0,12,88,0,38,61,1,26,9,1,2,62,17,83,0,0,1,1,1,88,9,0,36,26,31,7,0,0,0,2,14,82,2,0,2,7,20,69,2,10,41,35,12,2,1,1,7,91,0,52,47,0,0,1,0,0,0,0,0,0,100,0,28,33,37,2,133.024691358025,171.376504803819,44.4444444444444,19.2450089729875,1.64735891168031,0.83726259259199,0.01,0.0195013954179879,0.0782402714588773,0.000870140743358671,0.01,0.0195013954179879,0.0782402714588773,0.000870140743358671,0.000574877838459327,0.000563207971721789
NO,NOR,Norway,1,2020-06-27,2020-06-25,100,0,0,0,0,162,100,2,0,901760.417989811,100,3,97,0,21,79,0,4,96,0,24,76,0,41,59,0,11,89,0,13,87,0,5,95,0,11,89,0,8,92,0,13,87,0,28,72,0,9,91,0,6,3,91,6,94,0,2,3,95,0,2,0,98,39,60,1,82,17,1,47,52,1,81,18,1,15,84,1,34,65,1,68,32,0,44,14,7,3,32,23,77,0,1,0,0,7,88,4,0,10,11,40,39,0,3,1,7,14,74,1,2,6,12,26,53,1,8,38,35,18,1,1,6,11,82,0,47,52,0,1,0,100,0,0,0,0,0,0,0,50,29,20,1,16.420317119054,26.132833802197,200,381.234188095506,3.82132444814661,9.00522233021257,0,0,0,0,0,0,0,0,0.0228169014084507,0.00347324343073994
NO,NOR,Norway,2,2020-06-27,2020-06-26,100,2,17380.0597085531,2,17380.0597085531,16,99,2,0,725406.222496286,98,3,96,1,11,89,0,1,98,1,14,85,1,30,70,0,10,89,1,8,92,0,2,97,1,9,90,1,2,97,1,6,93,1,21,78,1,9,91,0,5,4,91,11,88,1,2,7,91,0,2,0,98,41,59,0,82,18,0,54,46,0,81,19,0,19,81,0,24,76,0,81,19,0,52,22,4,3,19,25,75,0,0,0,2,2,93,3,0,10,16,38,36,0,1,1,5,13,80,0,0,4,7,17,72,0,14,42,32,10,2,2,3,9,86,0,48,45,0,1,6,0,100,0,0,0,0,0,0,44,26,26,4,28.7706611570248,46.3934302505826,25,17.6776695296637,2.65703050271017,1.51628080955026,0.02,0.0274394957835608,0.0239590717167334,0.000351905829426263,0.02,0.0274394957835608,0.0239590717167334,0.000351905829426263,0.00227628396642481,0.00111408848846795
NO,NOR,Norway,3,2020-06-27,2020-06-27,103,0,0,0,0,6,103,1,0,511701.950553065,103,0,103,0,14,89,0,4,99,0,14,88,1,22,81,0,16,87,0,8,95,0,2,101,0,5,98,0,1,102,0,5,98,0,18,85,0,3,100,0,2,1,100,12,89,2,1,11,91,0,1,0,102,41,62,0,82,21,0,51,52,0,71,32,0,11,92,0,25,78,0,68,35,0,41,14,7,6,35,21,82,0,0,1,2,2,96,2,0,23,16,34,30,0,1,1,3,6,92,0,0,3,1,10,89,0,12,40,39,11,1,1,0,7,95,0,55,47,0,0,1,0,0,103,0,0,0,0,0,44,29,29,1,23.7815082644628,48.9784420564289,68.6666666666667,34.3333333333333,2.94833839819626,1.70585158279036,0,0,0,0,0,0,0,0,0.000820456720907972,0.000656220675796196
NO,NOR,Norway,4,2020-06-27,2020-06-27,218,1,1802.75561612749,1,1802.75561612749,17,218,2,0,760202.797897822,213,3,215,0,12,206,0,5,213,0,27,191,0,45,172,1,34,184,0,13,205,0,3,215,0,8,210,0,3,215,0,11,207,0,39,179,0,10,208,0,6,4,208,15,201,2,2,13,203,0,2,0,216,73,145,0,167,51,0,117,101,0,152,66,0,26,192,0,38,180,0,125,93,0,84,24,10,7,93,36,182,0,2,0,4,9,190,13,0,37,41,71,69,0,0,5,6,11,195,1,3,2,10,26,177,0,29,87,67,33,2,2,3,12,201,0,67,144,0,1,6,0,0,0,218,0,0,0,0,86,70,57,5,36.8374378540872,64.2501679039809,37.06,17.9473427311987,3.02771227690644,2.91191270790709,0.00458715596330275,0.0089700159965468,0.00237141407676034,0.000109338093861275,0.00458715596330275,0.0089700159965468,0.00237141407676034,0.000109338093861275,0.0010983331179739,0.000521818026901743
NO,NOR,Norway,5,2020-06-27,2020-06-27,171,0,0,0,0,4,171,0,0,522178.779018629,167,0,170,1,8,163,0,3,167,1,15,155,1,15,155,1,25,145,1,8,163,0,4,166,1,7,162,2,0,170,1,9,161,1,18,152,1,4,167,0,2,2,167,8,162,1,0,7,164,0,0,0,171,44,126,1,127,44,0,77,93,1,115,56,0,10,160,1,25,145,1,97,74,0,65,27,2,3,74,36,135,0,0,2,2,2,152,13,0,26,34,61,50,0,1,2,3,10,153,2,0,1,4,16,150,0,28,72,47,23,1,2,0,11,158,0,65,102,0,0,4,0,0,0,0,171,0,0,0,64,44,58,5,50.46875,80.5342079095401,32.0625,21.375,2.37825788751715,1.36345285169894,0,0,0,0,0,0,0,0,0.00032946215303517,0.000322813786502834
NO,NOR,Norway,6,2020-06-27,2020-06-27,186,0,0,0,0,6,185,2,0,630603.620170028,180,0,186,0,11,174,1,3,182,1,8,178,0,17,169,0,24,161,1,7,179,0,2,184,0,3,183,0,1,184,1,7,178,1,14,171,1,3,183,0,2,1,183,14,167,5,2,12,172,0,2,0,184,15,166,5,129,57,0,79,107,0,110,76,0,19,167,0,29,156,1,75,109,2,53,14,4,4,111,31,155,0,0,0,3,7,147,29,0,52,47,65,21,1,0,0,5,9,169,3,0,2,4,12,168,0,16,89,59,21,1,0,1,11,174,0,73,106,0,0,7,0,0,0,0,0,186,0,0,64,50,60,12,92.4235537190083,128.318641374024,279,263.043722601396,2.54478367346939,5.40380993663785,0,0,0,0,0,0,0,0,0.000456794822992006,0.00036542177657452
NO,NOR,Norway,7,2020-06-27,2020-06-26,100,1,28628.3026791073,1,28628.3026791073,2,100,4,0,375359.89944961,97,1,99,0,7,93,0,3,97,0,3,97,0,11,89,0,9,91,0,4,96,0,2,98,0,3,97,0,1,99,0,1,99,0,5,95,0,1,99,0,0,1,99,7,91,2,4,0,96,0,3,1,96,9,89,2,84,16,0,47,52,1,68,32,0,11,89,0,12,88,0,53,47,0,32,17,1,1,49,21,79,0,1,2,1,3,82,11,0,25,30,34,11,0,1,0,2,5,87,5,0,1,4,16,78,1,7,35,36,18,4,1,2,4,93,0,50,46,0,0,4,0,0,0,0,0,0,100,0,30,25,38,7,54.6712802768166,92.3024568337887,200,0,1.88888888888889,0.963331022205626,0.01,0.0195013954179879,0.0762689427429115,0.000849123361953849,0.01,0.0195013954179879,0.0762689427429115,0.000849123361953849,0.00028169014084507,0.000390340454332305
NO,NOR,Norway,1,2020-06-28,2020-06-26,100,0,0,0,0,111,100,2,0,869545.356134613,99,1,99,0,18,82,0,8,92,0,22,78,0,35,65,0,11,89,0,18,82,0,4,96,0,8,92,0,6,94,0,10,90,0,29,71,0,8,92,0,4,4,92,7,93,0,2,5,93,0,2,0,98,34,66,0,79,21,0,50,49,1,74,26,0,22,78,0,32,68,0,70,30,0,41,13,10,6,30,19,81,0,1,0,2,3,92,2,0,10,11,38,41,0,3,1,9,10,76,1,1,4,10,23,62,0,13,35,34,16,2,1,3,9,87,0,43,53,0,2,2,100,0,0,0,0,0,0,0,51,26,20,3,16.1246976619188,26.1425819301197,173.4375,430.138967369849,4.5700924646615,9.30445356491244,0,0,0,0,0,0,0,0,0.0156338028169014,0.00288555646835288
NO,NOR,Norway,2,2020-06-28,2020-06-28,133,0,0,0,0,10,132,3,0,651687.019682746,130,0,133,0,14,119,0,4,129,0,18,115,0,36,97,0,13,120,0,8,125,0,3,130,0,8,125,0,3,130,0,14,119,0,34,99,0,7,126,0,4,3,126,16,116,1,3,13,117,0,3,0,130,32,101,0,115,18,0,72,60,1,109,24,0,27,106,0,34,99,0,95,38,0,56,17,17,5,38,28,105,0,0,2,2,11,113,5,0,12,29,56,36,0,0,0,12,18,103,0,1,5,9,21,97,0,24,53,38,14,4,2,0,9,122,0,58,74,0,0,1,0,133,0,0,0,0,0,0,59,43,24,7,24.5783179012346,43.1930324674969,36.9444444444444,18.0990075438979,2.783424,1.92425500985907,0,0,0,0,0,0,0,0,0.00106700810926163,0.000660973411107158
NO,NOR,Norway,3,2020-06-28,2020-06-28,172,1,6145.33879755389,1,6145.33879755389,17,172,4,0,668226.488249502,172,1,171,0,20,152,0,6,166,0,18,154,0,35,137,0,23,149,0,14,158,0,4,168,0,3,169,0,3,169,0,9,163,0,29,143,0,11,161,0,9,2,161,24,146,2,4,20,148,0,4,0,168,52,120,0,133,39,0,81,91,0,120,52,0,32,140,0,29,143,0,120,52,0,73,27,13,7,52,37,135,0,2,0,2,5,155,8,0,18,28,57,69,0,0,1,6,12,150,3,0,3,8,17,143,1,22,69,51,28,2,3,2,14,153,0,76,92,0,0,4,0,0,172,0,0,0,0,0,70,59,40,3,24.6385213190506,51.2211833286051,24.1652892561984,14.6074710977217,3.91007207142601,9.35150623608821,0.00581395348837209,0.0113619657517714,0.00919649086891532,0.000228871168854449,0.00581395348837209,0.0113619657517714,0.00919649086891532,0.000228871168854449,0.00139207337045529,0.00066127676080109
NO,NOR,Norway,4,2020-06-28,2020-06-28,248,4,13200.083259216,2,5313.37428881111,24,245,7,0,685983.890212531,240,4,244,0,25,223,0,6,242,0,23,224,1,49,199,0,27,221,0,17,231,0,6,242,0,7,241,0,4,243,1,15,233,0,47,201,0,14,234,0,11,3,234,32,211,5,7,25,216,0,6,1,241,55,190,3,181,66,1,109,136,3,161,86,1,35,211,2,32,214,2,137,111,0,87,33,8,9,111,56,192,0,1,1,1,8,222,15,0,37,43,89,79,0,0,1,7,25,215,0,1,5,13,36,193,0,27,96,83,39,3,3,3,13,229,0,93,149,0,0,6,0,0,0,248,0,0,0,0,91,77,71,9,25.6418159100375,50.5892655769117,49.1900826446281,31.5929026067004,2.83076276675829,1.51199195382696,0.0161290322580645,0.0156781739485884,0.0192425557619529,0.000325089779656212,0.00806451612903226,0.0111314854035362,0.00774562546529325,0.000207458336086403,0.00137970681230239,0.000551606623503596
NO,NOR,Norway,5,2020-06-28,2020-06-28,230,0,0,0,0,7,229,3,0,576805.803272029,228,1,229,0,24,206,0,3,226,1,13,217,0,25,205,0,31,198,1,11,219,0,4,226,0,9,221,0,0,230,0,6,224,0,27,203,0,5,224,1,4,1,225,20,209,1,3,17,210,0,3,0,227,41,187,2,152,78,0,97,132,1,136,93,1,20,209,1,28,201,1,119,111,0,80,21,13,5,111,36,194,0,0,1,1,7,201,19,1,44,31,96,59,0,1,3,6,6,210,4,0,1,10,25,192,2,30,102,63,33,2,1,3,14,212,0,87,135,0,0,8,0,0,0,0,230,0,0,0,84,64,74,8,62.918244597906,101.193056846965,64.4,25.1952376452376,3.06350475549196,7.86626778262347,0,0,0,0,0,0,0,0,0.000430530782950981,0.000318867143504462
NO,NOR,Norway,6,2020-06-28,2020-06-28,204,0,0,0,0,4,204,1,0,626594.355319313,198,0,203,1,11,192,1,3,200,1,10,193,1,14,189,1,19,184,1,4,199,1,1,202,1,4,199,1,1,202,1,1,202,1,9,195,0,4,200,0,2,2,200,7,195,2,1,6,197,0,1,0,203,11,190,3,132,70,2,85,117,2,136,68,0,16,188,0,26,178,0,101,103,0,73,21,5,2,103,28,176,0,1,1,3,2,165,30,2,43,53,76,32,0,0,0,4,6,194,0,0,0,6,14,184,0,16,100,57,30,1,0,2,17,185,0,107,95,0,1,1,0,0,0,0,0,204,0,0,68,57,69,10,67.9632233639805,113.467832390597,51,0,2.68244575936884,7.2347024644019,0,0,0,0,0,0,0,0,0.000276166804750069,0.000270601122253053
NO,NOR,Norway,7,2020-06-28,2020-06-27,100,0,0,0,0,1,99,1,0,332599.331534435,96,0,100,0,3,97,0,2,97,1,2,98,0,8,92,0,15,85,0,1,99,0,0,100,0,0,100,0,2,98,0,0,100,0,3,97,0,1,98,1,1,0,99,8,89,3,1,7,92,0,1,0,99,6,92,2,65,35,0,39,61,0,60,40,0,7,93,0,12,88,0,39,60,1,27,9,0,1,63,19,81,0,1,2,2,2,83,10,0,32,20,35,13,0,1,0,1,1,93,4,0,0,1,9,90,0,7,40,31,19,3,1,3,2,93,1,55,43,0,0,2,0,0,0,0,0,0,100,0,37,23,33,7,96.484375,128.85652450012,100,0,1.8853305785124,0.957538157620118,0,0,0,0,0,0,0,0,0.000142267747901551,0.000278819826397772
NO,NOR,Norway,1,2020-06-29,2020-06-28,100,0,0,0,0,20,100,2,0,741661.396855396,98,1,99,0,13,87,0,4,96,0,21,79,0,32,67,1,12,88,0,14,86,0,2,97,1,7,93,0,5,95,0,5,95,0,22,78,0,8,92,0,3,5,92,10,90,0,2,8,90,0,2,0,98,32,67,1,76,23,1,52,47,1,71,29,0,22,78,0,31,69,0,72,28,0,41,11,12,8,28,18,82,0,0,1,3,6,86,4,0,9,15,44,32,0,1,1,6,17,75,0,0,2,8,20,70,0,18,39,30,13,0,2,4,5,89,0,34,62,0,1,3,100,0,0,0,0,0,0,0,45,26,22,7,14.6097654748174,22.7427778583018,31.25,17.6776695296637,3.55029585798817,3.02980194018933,0,0,0,0,0,0,0,0,0.0028169014084507,0.00123279877629136
NO,NOR,Norway,2,2020-06-29,2020-06-29,126,0,0,0,0,10,126,2,0,739487.744248998,122,0,126,0,10,116,0,1,125,0,16,110,0,27,99,0,18,108,0,13,113,0,3,123,0,10,116,0,2,124,0,6,120,0,25,101,0,4,122,0,2,2,122,13,113,0,2,11,113,0,2,0,124,41,84,1,80,45,1,42,82,2,85,41,0,18,107,1,27,99,0,83,43,0,58,17,3,5,43,21,105,0,0,0,1,8,112,5,0,10,24,59,33,0,0,1,10,19,95,1,0,5,12,21,88,0,15,60,35,14,2,3,4,8,111,0,52,68,0,1,5,0,126,0,0,0,0,0,0,66,32,23,5,14.0526740123623,28.4390320901034,78.75,54.5596004384196,2.71379139891251,1.57555449435409,0,0,0,0,0,0,0,0,0.00111781801922647,0.000692430724812415
NO,NOR,Norway,3,2020-06-29,2020-06-28,100,0,0,0,0,5,99,1,0,472834.343616247,97,1,99,0,12,88,0,1,98,1,10,90,0,27,73,0,9,91,0,11,89,0,2,98,0,3,97,0,3,97,0,7,93,0,21,79,0,5,95,0,3,2,95,14,86,0,1,13,86,0,0,1,99,35,65,0,72,28,0,46,54,0,61,39,0,10,90,0,18,81,1,55,45,0,34,12,4,5,45,20,80,0,1,0,1,2,93,3,0,12,17,47,24,0,0,0,4,7,89,0,2,0,7,11,80,0,12,42,31,14,1,1,3,8,88,0,41,59,0,0,0,0,0,100,0,0,0,0,0,46,28,24,2,35.1403306420607,56.8395397372978,31.25,12.5,3.39626736111111,1.69146026300734,0,0,0,0,0,0,0,0,0.000711338739507754,0.000623282638282056
NO,NOR,Norway,4,2020-06-29,2020-06-29,232,2,8703.96316534337,0,0,20,229,2,0,728702.232236028,227,2,230,0,23,209,0,4,228,0,20,212,0,31,201,0,32,200,0,17,215,0,2,230,0,11,221,0,3,229,0,11,221,0,36,196,0,13,219,0,6,7,219,26,206,0,2,24,206,0,2,0,230,75,156,1,158,74,0,92,140,0,146,86,0,23,209,0,44,187,1,135,97,0,82,34,15,4,97,50,182,0,2,0,5,9,202,14,0,34,40,96,62,0,0,3,8,13,208,0,1,5,7,18,200,1,24,112,65,27,4,2,8,16,206,0,89,140,0,0,3,0,0,0,232,0,0,0,0,92,82,52,6,30.4058171745152,58.089775978123,46.4,32.8097546470558,2.90801580639217,1.62963009264599,0.00862068965517241,0.0118958376790611,0.0119444716652441,0.000249429140139245,0,0,0,0,0.00123008795128852,0.000538768235919407
NO,NOR,Norway,5,2020-06-29,2020-06-29,218,1,2761.46334658203,0,0,5,218,2,0,557128.799002637,217,2,216,0,16,202,0,2,216,0,9,209,0,22,196,0,23,195,0,14,204,0,4,214,0,7,211,0,1,217,0,9,209,0,25,193,0,1,217,0,1,0,217,15,201,2,2,13,203,0,2,0,216,61,155,2,130,88,0,76,141,1,146,71,1,17,200,1,29,189,0,113,105,0,73,29,11,0,105,42,176,0,2,2,4,6,191,13,0,34,36,94,54,0,1,1,6,12,197,1,0,0,10,18,190,0,24,99,69,26,0,0,4,13,201,0,73,142,0,1,2,0,0,0,0,218,0,0,0,90,56,68,4,34.75439453125,70.4198448377573,1090,0,2.84190088757396,6.90032225652405,0.00458715596330275,0.0089700159965468,0.00495659774099913,0.000184409434593116,0,0,0,0,0.000323039152345264,0.00028310536037985
NO,NOR,Norway,6,2020-06-29,2020-06-29,170,0,0,0,0,17,169,1,0,568003.701644541,167,1,169,0,18,152,0,3,167,0,5,165,0,14,156,0,23,147,0,8,162,0,1,169,0,3,167,0,1,169,0,6,164,0,8,162,0,5,165,0,4,1,165,13,155,2,1,11,158,0,1,0,169,15,153,2,101,69,0,61,109,0,95,75,0,14,156,0,15,155,0,80,90,0,60,15,2,3,90,21,149,0,0,0,3,3,146,18,0,36,43,74,16,1,0,0,1,11,158,0,0,2,3,10,155,0,17,72,46,31,4,0,1,8,161,0,64,102,0,0,4,0,0,0,0,0,170,0,0,51,48,64,7,49.9167013744273,79.7167378429493,180.625,181.560079587998,1.86194437125974,0.857394023318845,0,0,0,0,0,0,0,0,0.00141678473206101,0.000673007074318366
NO,NOR,Norway,7,2020-06-29,2020-06-28,100,0,0,0,0,1,99,0,0,333244.88296103,98,0,100,0,8,92,0,4,95,1,7,93,0,10,90,0,15,85,0,2,98,0,1,99,0,0,100,0,0,100,0,1,99,0,1,99,0,1,98,1,1,0,99,6,93,1,0,6,94,0,0,0,100,8,89,3,62,37,1,42,57,1,55,44,1,5,95,0,13,87,0,38,62,0,31,5,1,1,62,16,84,0,1,1,1,2,78,17,0,36,18,35,11,0,0,0,3,3,94,0,0,1,2,11,86,0,10,45,29,14,2,1,2,6,90,1,53,45,0,0,2,0,0,0,0,0,0,100,0,33,35,31,1,106.094182825485,168.057567906933,100,0,1.87257617728532,2.16150490005917,0,0,0,0,0,0,0,0,0.000142267747901551,0.000278819826397772
NO,NOR,Norway,1,2020-06-30,2020-06-29,100,3,13216.5422696115,1,3408.9115531245,29,100,3,0,727260.708613516,98,3,97,0,17,83,0,3,97,0,26,74,0,36,63,1,20,80,0,17,83,0,5,94,1,9,91,0,5,95,0,10,90,0,24,76,0,9,91,0,4,5,91,14,86,0,3,11,86,0,3,0,97,43,56,1,84,15,1,55,45,0,71,29,0,18,81,1,29,71,0,67,33,0,43,10,8,5,34,16,84,0,1,2,3,12,75,7,0,15,14,44,26,1,1,2,5,24,68,0,1,4,9,19,67,0,22,39,25,12,2,2,7,6,85,0,39,56,1,1,3,100,0,0,0,0,0,0,0,43,27,23,7,12.8121284185493,19.9377174163178,35.8024691358025,22.7559365323046,3.03638941398866,2.57088603445116,0.03,0.0334344809563718,0.0181730459422291,0.000306997165869224,0.01,0.0195013954179879,0.00468733084676527,0.000156980460577207,0.00408450704225352,0.00148354247666013
NO,NOR,Norway,2,2020-06-30,2020-06-30,117,3,13448.3866651635,1,5140.41541521175,17,116,6,0,606987.475204875,117,4,113,0,19,98,0,5,112,0,25,92,0,39,78,0,23,94,0,17,100,0,6,111,0,7,110,0,2,115,0,13,104,0,34,83,0,6,111,0,4,2,111,18,99,0,6,12,99,0,5,1,111,44,73,0,100,17,0,54,62,1,81,36,0,12,104,1,32,85,0,72,45,0,46,10,10,6,45,27,90,0,1,0,0,5,107,4,0,13,20,55,29,0,0,0,7,20,89,1,0,2,9,19,87,0,21,57,22,16,1,1,1,17,98,0,48,65,0,0,4,0,117,0,0,0,0,0,0,52,37,24,4,14.7520605925596,24.7488275511945,79.56,100.101688297451,2.66757015306122,1.88567888909249,0.0256410256410256,0.0286406157970728,0.0221559541415979,0.000370286818903071,0.00854700854700855,0.0166800862899834,0.00846873391164574,0.000230526404458217,0.00206410879067509,0.000980183832918996
NO,NOR,Norway,3,2020-06-30,2020-06-30,142,3,16897.0677153637,2,9091.56137560139,12,141,4,1,634788.766637678,140,3,139,0,21,121,0,6,136,0,29,113,0,26,116,0,24,118,0,15,127,0,1,141,0,8,134,0,3,139,0,4,138,0,34,108,0,10,132,0,7,3,132,17,125,0,4,13,125,1,2,1,138,50,92,0,113,29,0,72,69,1,100,41,1,19,123,0,25,117,0,83,59,0,43,18,14,8,59,32,110,0,1,2,0,6,125,8,0,21,13,64,44,0,0,0,3,8,131,0,1,1,7,18,115,0,17,59,41,23,2,1,2,13,126,0,68,70,0,1,3,0,0,142,0,0,0,0,0,56,42,41,3,14.480361268641,28.172368176924,21.037037037037,7.88888888888889,3.16897710565007,1.67754099809872,0.0211267605633803,0.0236528567704281,0.0266184100970523,0.000395973474610295,0.0140845070422535,0.0193818215253853,0.0143221837773803,0.000292284366602719,0.00119868145040456,0.0006777988164829
NO,NOR,Norway,4,2020-06-30,2020-06-30,224,3,10673.1655365627,3,10673.1655365627,21,224,5,0,675866.413301841,222,3,220,1,19,204,1,7,216,1,22,201,1,27,196,1,25,198,1,18,205,1,5,218,1,9,215,0,3,220,1,7,216,1,38,185,1,11,213,0,9,2,213,20,201,3,5,15,204,0,5,0,219,70,154,0,182,42,0,106,116,2,155,69,0,25,199,0,38,185,1,120,104,0,73,23,13,11,104,45,179,0,0,1,1,8,203,11,0,37,38,91,58,0,0,1,5,9,206,3,2,3,9,12,198,0,32,99,77,13,3,0,6,11,207,0,79,141,1,1,2,0,0,0,224,0,0,0,0,93,64,64,3,25.4681737061273,49.2219348416861,38.8760330578512,26.4798464680349,3.20727272727273,6.93985208245097,0.0133928571428571,0.0150533385044265,0.0157918270926063,0.000297219522521554,0.0133928571428571,0.0150533385044265,0.0157918270926063,0.000297219522521554,0.00132042253521127,0.000564370696130312
NO,NOR,Norway,5,2020-06-30,2020-06-30,199,2,3452.72371032955,2,3452.72371032955,12,196,2,0,529352.271501011,195,3,196,0,19,180,0,7,192,0,23,176,0,20,179,0,34,165,0,12,187,0,4,195,0,10,189,0,3,196,0,5,194,0,26,173,0,8,188,3,6,2,191,17,178,4,2,15,182,0,1,1,197,55,144,0,166,33,0,106,93,0,140,59,0,18,180,1,34,164,1,116,83,0,78,19,12,7,83,35,164,0,1,2,2,11,163,20,0,34,33,74,58,0,0,1,3,11,182,2,0,0,6,20,173,0,15,91,67,24,2,0,5,10,184,0,74,123,0,0,2,0,0,0,0,199,0,0,0,83,50,61,5,34.9646045918367,60.7566314790514,37.3125,18.8037325322091,3.36848958333333,10.4386614294741,0.0100502512562814,0.0138585115245467,0.00652254443064755,0.000216851900039324,0.0100502512562814,0.0138585115245467,0.00652254443064755,0.000216851900039324,0.000862316757688991,0.000487682266246334
NO,NOR,Norway,6,2020-06-30,2020-06-30,189,1,2110.03960495669,0,0,1,187,0,0,619786.177921383,187,1,188,0,21,168,0,4,185,0,9,180,0,17,172,0,26,163,0,7,182,0,3,186,0,5,184,0,1,188,0,6,183,0,13,176,0,3,186,0,3,0,186,8,176,5,0,8,181,0,0,0,189,12,176,1,144,45,0,101,87,1,138,51,0,16,173,0,24,165,0,100,89,0,73,20,2,5,89,23,166,0,0,0,2,2,166,19,0,33,41,79,36,0,1,0,3,10,172,3,0,1,6,12,170,0,19,87,63,18,2,0,4,10,175,0,70,117,0,0,2,0,0,0,0,0,189,0,0,69,60,55,5,41.3088017751479,59.6057317652758,189,0,2.05434782608696,1.41239602196224,0.00529100529100529,0.0103427090891254,0.00340446379755235,0.000145014348791495,0,0,0,0,7.53182194772916e-05,0.000147615438175145
NO,NOR,Norway,7,2020-06-30,2020-06-29,100,0,0,0,0,0,100,0,0,370550.149980349,97,0,100,0,6,94,0,2,98,0,6,94,0,13,87,0,12,88,0,5,95,0,2,98,0,2,98,0,1,99,0,1,99,0,2,98,0,0,100,0,0,0,100,5,94,1,0,5,95,0,0,0,100,7,88,5,73,25,2,55,43,2,61,37,2,8,91,1,17,82,1,47,53,0,29,15,2,1,53,12,88,0,1,0,1,1,79,18,0,29,18,39,14,0,0,0,1,4,94,1,0,0,1,15,84,0,8,46,32,14,0,0,0,7,93,0,57,41,0,0,2,0,0,0,0,0,0,100,0,32,39,25,4,68.1818181818182,116.378178203915,0,0,2.01999167013744,2.07202930701279,0,0,0,0,0,0,0,0,0,0
NO,NOR,Norway,1,2020-07-01,2020-06-30,100,3,13216.5422696115,1,3408.9115531245,22,100,4,0,770214.877077712,96,3,97,0,16,84,0,3,97,0,24,76,0,40,60,0,17,83,0,15,85,0,6,94,0,14,86,0,4,96,0,10,90,0,24,76,0,9,91,0,4,5,91,13,87,0,4,9,87,0,4,0,96,39,61,0,85,15,0,57,43,0,73,27,0,12,87,1,26,74,0,68,32,0,45,15,6,1,33,17,83,0,1,3,3,9,79,5,0,17,9,48,25,1,0,2,5,18,75,0,1,6,10,21,62,0,18,41,28,10,3,2,5,11,82,0,46,49,1,0,4,100,0,0,0,0,0,0,0,40,33,22,5,11.5277777777778,17.0997176953456,27.1604938271605,24.2868093492667,2.85872576177285,1.60054771887825,0.03,0.0334344809563718,0.0171595520457312,0.000290025793229974,0.01,0.0195013954179879,0.00442592275815071,0.000148245269737777,0.00309859154929577,0.00129278762877007
NO,NOR,Norway,2,2020-07-01,2020-07-01,113,1,3690.41006391332,0,0,15,112,5,0,673369.566096199,111,2,110,1,13,100,0,0,112,1,17,95,1,26,87,0,13,99,1,14,99,0,0,112,1,13,99,1,0,111,2,7,105,1,23,90,0,8,105,0,3,5,105,16,97,0,5,10,98,0,5,0,108,46,65,2,98,14,1,54,56,3,72,39,2,13,98,2,29,83,1,77,36,0,53,13,4,7,36,28,85,0,0,2,1,5,103,2,0,18,17,56,21,1,0,1,8,17,84,3,0,3,14,15,81,0,17,46,36,12,2,0,6,9,98,0,49,59,0,2,3,0,113,0,0,0,0,0,0,59,28,22,4,24.6171900826446,37.470018774028,34.5918367346939,14.5243002035993,2.72965238616278,2.05730429366223,0.00884955752212389,0.0172678965081244,0.00548051211359038,0.000176335018974286,0,0,0,0,0.00188631790744467,0.000953690274036046
NO,NOR,Norway,3,2020-07-01,2020-07-01,127,0,0,0,0,13,127,1,0,600014.730254885,126,1,125,1,20,106,1,1,125,1,21,106,0,31,95,1,17,109,1,10,116,1,3,123,1,4,122,1,1,125,1,6,120,1,27,99,1,6,121,0,4,2,121,9,117,1,1,8,118,0,1,0,126,44,81,2,93,32,2,52,74,1,82,44,1,15,111,1,18,108,1,78,49,0,50,17,7,4,49,37,90,0,0,0,2,3,119,3,0,19,21,53,34,0,0,0,3,6,117,1,0,3,2,18,104,0,12,61,32,21,1,0,2,11,114,0,52,73,0,0,2,0,0,127,0,0,0,0,0,63,38,24,2,24.8708333333333,45.8975472744437,45.8611111111111,31.1564897228788,2.95694588969823,1.49027394777132,0,0,0,0,0,0,0,0,0.00144172119330154,0.000783149014619953
NO,NOR,Norway,4,2020-07-01,2020-07-01,191,0,0,0,0,22,190,3,0,659543.771102493,190,1,190,0,14,177,0,6,185,0,23,168,0,30,161,0,38,153,0,12,179,0,7,183,1,13,178,0,0,191,0,8,183,0,29,162,0,11,180,0,6,5,180,22,167,2,3,19,169,0,2,1,188,69,120,2,151,40,0,92,99,0,122,68,1,17,174,0,31,159,1,110,81,0,68,23,11,8,81,46,145,0,0,0,7,4,170,10,0,31,31,74,55,0,1,1,4,16,168,1,1,2,7,22,159,0,26,80,57,28,0,0,3,15,173,0,74,113,0,0,4,0,0,0,191,0,0,0,0,74,59,51,7,27.3471260387812,43.8279502099751,40.11,24.5756632102213,3.3056683251427,7.34845858731158,0,0,0,0,0,0,0,0,0.00163083765752409,0.0006809152498327
NO,NOR,Norway,5,2020-07-01,2020-07-01,207,0,0,0,0,10,207,0,0,577042.688145183,206,1,204,2,23,183,1,5,201,1,15,192,0,29,178,0,24,183,0,8,199,0,2,204,1,10,196,1,2,205,0,7,199,1,24,182,1,7,200,0,4,3,200,13,193,1,0,13,194,0,0,0,207,56,150,1,157,50,0,93,114,0,145,62,0,20,187,0,33,174,0,120,87,0,81,28,5,6,87,44,163,0,2,0,2,2,185,16,0,43,38,74,52,0,0,0,6,17,181,3,0,3,5,24,175,0,28,85,65,26,3,3,5,16,183,0,85,119,0,1,2,0,0,0,0,207,0,0,0,69,65,66,7,59.897491349481,88.6966452097968,38.0204081632653,28.1280391943925,2.9674012855831,8.31534643792332,0,0,0,0,0,0,0,0,0.000680410968224808,0.000421571843747616
NO,NOR,Norway,6,2020-07-01,2020-07-01,176,0,0,0,0,2,176,1,0,562258.535055928,172,0,175,1,12,164,0,4,171,1,9,166,1,24,152,0,24,151,1,9,167,0,3,172,1,1,174,1,1,174,1,3,172,1,5,170,1,2,174,0,1,1,174,9,162,5,1,8,167,0,1,0,175,28,148,0,121,55,0,81,95,0,104,72,0,12,164,0,23,153,0,82,93,1,68,11,2,1,94,32,144,0,0,1,1,3,145,26,0,42,35,73,25,1,1,0,2,5,165,3,0,0,6,8,162,0,17,84,52,21,2,0,1,7,166,2,74,98,0,1,3,0,0,0,0,0,176,0,0,62,47,61,6,50.3437139561707,83.3029110192559,44,62.2253967444162,2.71447234722021,8.30534977544476,0,0,0,0,0,0,0,0,0.000160051216389245,0.000221797841247623
NO,NOR,Norway,7,2020-07-01,2020-06-30,100,0,0,0,0,0,98,0,0,345872.628900292,98,0,99,1,5,94,1,2,97,1,6,93,1,16,83,1,13,87,0,4,95,1,2,97,1,2,97,1,6,93,1,5,94,1,6,93,1,1,98,1,0,1,99,5,94,1,0,5,95,0,0,0,100,5,92,3,73,26,1,53,46,1,56,42,2,9,89,2,15,83,2,44,56,0,30,13,1,0,56,19,81,0,0,0,0,2,79,19,0,29,19,37,15,0,0,0,1,6,92,1,0,1,1,14,84,0,11,44,26,18,1,0,1,6,93,0,49,48,0,1,2,0,0,0,0,0,0,100,0,38,28,30,4,47.5694444444445,78.0278179780897,0,0,2.28029987505206,4.02015830103605,0,0,0,0,0,0,0,0,0,0
NO,NOR,Norway,1,2020-07-02,2020-06-30,100,0,0,0,0,15,99,2,0,877356.842857656,95,0,100,0,17,83,0,2,98,0,21,79,0,42,58,0,13,87,0,14,86,0,5,95,0,11,89,0,4,96,0,8,92,0,30,70,0,10,90,0,6,4,90,8,92,0,2,6,92,0,2,0,98,35,65,0,80,20,0,44,56,0,71,29,0,11,89,0,22,77,1,72,28,0,51,13,5,3,28,18,82,0,0,3,2,8,81,6,0,13,10,50,27,0,0,3,7,15,74,1,1,8,11,21,59,0,16,43,27,12,2,3,2,14,81,0,44,51,1,0,4,100,0,0,0,0,0,0,0,42,40,16,2,12.7526753864447,18.2349519150705,18.5185185185185,11.1111111111111,2.91883680555556,1.70742241216258,0,0,0,0,0,0,0,0,0.00213401621852326,0.0010787884457632
NO,NOR,Norway,2,2020-07-02,2020-07-02,102,2,10382.3501974941,2,10382.3501974941,12,102,2,0,665705.492724116,102,3,99,0,17,85,0,0,102,0,21,81,0,25,77,0,18,84,0,8,94,0,3,99,0,8,94,0,1,101,0,4,98,0,25,77,0,5,97,0,5,0,97,11,91,0,2,9,91,0,2,0,100,33,69,0,79,23,0,54,48,0,63,39,0,8,94,0,33,69,0,63,39,0,40,12,6,5,39,20,82,0,3,2,3,3,86,5,0,16,19,41,26,0,1,1,12,15,73,0,1,5,10,21,65,0,9,47,30,14,2,2,5,8,87,0,36,63,0,1,2,0,102,0,0,0,0,0,0,50,27,21,4,15.320987654321,35.527233653658,48.96,27.3694720445974,2.51851851851852,1.59357281426551,0.0196078431372549,0.0269068483623884,0.0155960110153346,0.000297646287428519,0.0196078431372549,0.0269068483623884,0.0155960110153346,0.000297646287428519,0.00165700082850041,0.000936742192325675
NO,NOR,Norway,3,2020-07-02,2020-07-02,108,1,6724.11325311417,0,0,11,107,1,0,570810.972812993,107,2,106,0,9,99,0,3,105,0,17,91,0,25,83,0,18,90,0,12,96,0,4,104,0,3,105,0,0,108,0,9,99,0,16,92,0,6,101,1,3,3,102,7,100,1,1,6,101,0,1,0,107,36,71,1,87,21,0,58,49,1,63,44,1,12,95,1,22,84,2,68,40,0,38,23,3,4,40,18,90,0,1,2,2,2,97,4,0,18,12,39,39,0,0,1,2,13,92,0,2,0,5,19,82,0,17,36,38,17,0,2,1,10,95,0,55,51,0,0,2,0,0,108,0,0,0,0,0,49,28,29,2,12.6749594375338,17.3920332859049,33,17.6974574445032,3.64445282307475,6.11020681382813,0.00925925925925926,0.0180636016201853,0.0117799299126597,0.000279898211038125,0,0,0,0,0.00144793997630644,0.000855042423703077
NO,NOR,Norway,4,2020-07-02,2020-07-02,211,1,2464.41876913949,0,0,30,211,2,0,749099.904446576,209,1,210,0,23,188,0,4,207,0,29,182,0,40,171,0,45,166,0,23,188,0,5,206,0,10,201,0,2,209,0,10,201,0,45,166,0,13,198,0,12,1,198,23,186,2,2,21,188,0,2,0,209,81,129,1,163,48,0,94,116,1,134,76,1,18,193,0,29,182,0,113,98,0,76,25,6,6,98,38,173,0,2,0,2,10,181,16,0,35,35,93,48,0,1,0,3,15,191,1,0,2,4,25,180,0,23,84,80,22,2,0,2,12,197,0,86,123,0,0,2,0,0,0,211,0,0,0,0,80,64,63,4,22.2978379003353,46.7736109270606,37.4556213017751,25.9900311175949,2.69618084473528,1.83205270598962,0.004739336492891,0.00926689101480065,0.00328983991922969,0.000129673145547605,0,0,0,0,0.00200253654629197,0.000715867478520683
NO,NOR,Norway,5,2020-07-02,2020-07-02,170,0,0,0,0,9,166,4,0,502061.64339596,168,1,169,0,19,151,0,0,170,0,13,157,0,14,156,0,24,146,0,7,163,0,0,170,0,6,164,0,0,170,0,8,162,0,18,152,0,8,161,1,4,4,162,18,152,0,4,13,153,0,4,0,166,46,119,5,138,30,2,86,82,2,113,56,1,14,155,1,33,136,1,90,80,0,66,13,6,5,80,29,141,0,0,0,1,6,154,9,0,27,42,73,28,0,0,1,4,14,149,2,0,3,6,13,148,0,22,83,42,22,1,2,1,10,157,0,57,111,0,0,2,0,0,0,0,170,0,0,0,79,43,44,4,26.724,44.6540788639031,61.2,44.330576355378,2.31037649219467,3.81478859932639,0,0,0,0,0,0,0,0,0.000763617851688444,0.000498697312883586
NO,NOR,Norway,6,2020-07-02,2020-07-02,198,0,0,0,0,7,196,2,0,574550.071634295,196,1,197,0,15,183,0,8,190,0,14,184,0,16,182,0,26,172,0,9,189,0,1,197,0,2,196,0,0,198,0,7,191,0,14,184,0,5,192,1,0,5,193,8,186,4,2,5,191,0,2,0,196,26,172,0,155,42,1,84,113,1,137,61,0,15,183,0,27,171,0,108,89,1,84,18,4,2,90,25,173,0,2,2,1,4,166,23,0,43,42,76,37,0,0,0,3,9,183,3,0,1,1,15,180,1,17,95,58,25,3,1,0,12,184,1,77,115,2,0,4,0,0,0,0,0,198,0,0,83,49,60,6,71.5327203893997,99.8231653676642,74.25,85.7365149746594,2.21441298210027,2.02703428716823,0,0,0,0,0,0,0,0,0.000503018108651912,0.000372540449701435
NO,NOR,Norway,7,2020-07-02,2020-07-01,100,0,0,0,0,6,96,0,0,329195.474150779,96,0,99,1,9,90,1,4,95,1,3,96,1,12,87,1,12,87,1,1,98,1,1,98,1,2,97,1,4,95,1,4,95,1,6,94,0,5,93,2,2,3,95,5,90,5,0,5,95,0,0,0,100,7,90,3,76,24,0,43,56,1,45,53,2,9,89,2,13,86,1,39,61,0,29,7,2,1,61,15,85,0,1,0,0,4,79,16,0,33,13,45,8,1,1,0,0,9,89,1,1,0,1,12,86,0,10,49,21,20,0,1,0,6,93,0,49,47,1,1,2,0,0,0,0,0,0,100,0,34,26,37,3,51.12,82.0976654154469,55.5555555555556,69.3888666488711,2.89196675900277,5.87279635639914,0,0,0,0,0,0,0,0,0.000880281690140845,0.000704049021978046
NO,NOR,Norway,1,2020-07-03,2020-07-01,100,0,0,0,0,20,99,2,0,1069284.00778991,97,1,99,0,17,83,0,3,97,0,21,79,0,38,62,0,11,89,0,15,85,0,7,93,0,7,93,0,3,97,0,9,91,0,27,73,0,12,88,0,8,4,88,7,93,0,2,5,93,0,2,0,98,34,65,1,76,24,0,39,60,1,72,28,0,12,87,1,25,74,1,74,26,0,49,13,5,7,26,18,82,0,0,2,2,7,84,5,0,9,10,51,30,0,0,2,10,14,73,1,2,9,9,22,58,0,15,40,31,13,1,2,4,12,82,0,43,52,1,0,4,100,0,0,0,0,0,0,0,45,41,12,2,12.9722222222222,17.7927270596996,16.5289256198347,8.92408924740039,2.89713541666667,1.71798145363579,0,0,0,0,0,0,0,0,0.00284535495803101,0.00124523352310187
NO,NOR,Norway,2,2020-07-03,2020-07-02,100,0,0,0,0,9,99,1,0,777121.675843983,98,0,99,1,15,84,1,1,98,1,21,78,1,34,65,1,17,82,1,12,87,1,4,95,1,8,91,1,2,97,1,7,92,1,25,74,1,4,96,0,1,3,96,20,79,1,1,19,80,0,1,0,99,42,58,0,86,14,0,48,52,0,70,30,0,12,88,0,33,67,0,64,36,0,42,14,7,1,36,19,81,0,5,1,1,3,88,2,0,13,20,33,34,0,0,1,7,10,82,0,1,2,9,16,72,0,16,46,28,9,1,1,5,6,88,0,40,58,0,0,2,0,100,0,0,0,0,0,0,44,34,17,5,14.0946502057613,19.8651426491033,100,0,2.69252077562327,1.6799764069333,0,0,0,0,0,0,0,0,0.00128040973111396,0.000835983271082306
NO,NOR,Norway,3,2020-07-03,2020-07-03,127,2,4360.06973458688,1,2644.00824880888,17,127,3,0,529785.402079871,126,2,125,0,14,113,0,3,124,0,14,113,0,23,104,0,14,113,0,11,116,0,2,125,0,5,122,0,0,127,0,7,120,0,26,101,0,4,123,0,3,1,123,11,115,1,3,8,116,0,3,0,124,48,79,0,104,23,0,62,64,1,83,44,0,11,116,0,22,105,0,73,54,0,48,16,4,5,54,33,94,0,0,1,2,7,111,6,0,19,17,54,37,0,0,0,4,15,107,1,0,2,7,12,106,0,14,51,43,19,0,1,4,8,114,0,47,79,0,0,1,0,0,127,0,0,0,0,0,60,34,31,2,13.5042533081285,37.2017006688145,134.9375,70.401046097815,3.4637818090199,2.95308824025475,0.015748031496063,0.0216527226936702,0.00822987896131111,0.000243276596571221,0.0078740157480315,0.0153719081972501,0.00499071555846732,0.000189754932186388,0.0018853277143174,0.000895366212659184
NO,NOR,Norway,4,2020-07-03,2020-07-03,179,0,0,0,0,27,178,3,0,599586.246022687,176,0,179,0,23,156,0,3,176,0,16,163,0,25,154,0,25,154,0,14,165,0,4,175,0,9,170,0,1,177,1,6,173,0,33,146,0,16,163,0,11,5,163,18,161,0,3,15,161,0,3,0,176,71,108,0,145,34,0,81,98,0,124,55,0,12,167,0,28,150,1,109,70,0,72,23,10,4,70,30,149,0,0,0,5,4,160,10,0,31,34,52,62,0,0,4,6,12,155,2,0,3,12,20,144,0,22,80,55,21,1,1,1,13,164,0,73,104,0,0,2,0,0,0,179,0,0,0,0,85,40,49,5,22.6901408450704,46.974987209156,21.48,12.1026089277124,3.26357510899723,7.78873831048383,0,0,0,0,0,0,0,0,0.00213641398955531,0.000804983927823985
NO,NOR,Norway,5,2020-07-03,2020-07-03,183,0,0,0,0,2,180,4,0,636415.891492524,182,1,182,0,15,168,0,1,182,0,17,166,0,30,153,0,29,154,0,9,174,0,4,179,0,9,174,0,1,182,0,9,174,0,23,160,0,4,178,1,2,2,179,13,167,3,4,9,170,0,4,0,179,46,133,4,141,41,1,75,103,5,129,52,2,13,167,3,36,145,2,95,88,0,63,20,7,5,88,34,149,0,2,0,2,8,154,17,0,29,34,69,51,0,0,2,4,13,162,2,0,0,6,22,155,0,21,93,48,19,2,1,1,21,160,0,72,109,1,0,1,0,0,0,0,183,0,0,0,76,46,59,2,30.7526627218935,59.0650391384758,91.5,0,2.37384799899003,1.80237911591067,0,0,0,0,0,0,0,0,0.000156494522691706,0.000216869386060706
NO,NOR,Norway,6,2020-07-03,2020-07-03,171,1,4924.48714482856,0,0,6,170,2,0,594463.51098658,167,1,170,0,10,161,0,4,167,0,5,166,0,26,145,0,20,151,0,5,166,0,2,169,0,2,169,0,0,171,0,4,167,0,20,151,0,4,167,0,2,2,167,12,155,4,2,9,160,0,2,0,169,10,160,1,133,38,0,77,93,1,106,65,0,12,159,0,23,148,0,86,84,1,62,19,2,3,85,26,145,0,1,0,2,4,145,19,0,38,45,64,22,2,0,1,4,7,154,5,0,1,3,16,151,0,15,71,62,23,0,0,1,14,156,0,82,88,0,0,1,0,0,0,0,0,171,0,0,58,49,57,7,60.8569214876033,100.826019744095,114,98.726896031426,2.34280991735537,2.23068452613359,0.00584795321637427,0.0114282145766987,0.0082839182789467,0.000230407743569445,0,0,0,0,0.000497100248550124,0.000397656856738301
NO,NOR,Norway,7,2020-07-03,2020-07-02,100,0,0,0,0,1,96,1,0,355907.740232822,95,1,98,1,5,94,1,5,94,1,4,95,1,7,92,1,11,88,1,2,97,1,0,99,1,1,98,1,2,97,1,4,95,1,2,98,0,3,95,2,1,2,97,7,85,8,1,6,93,0,1,0,99,7,90,3,68,31,1,35,63,2,61,38,1,16,83,1,16,84,0,49,51,0,32,10,4,3,51,19,81,0,1,0,0,6,80,13,0,32,21,38,9,0,1,0,0,6,93,0,1,0,2,12,85,0,7,39,34,19,1,1,1,4,94,0,54,45,1,0,0,0,0,0,0,0,0,100,0,33,34,29,4,143.364197530864,183.474739704787,100,0,2.3038752362949,3.77855357357583,0,0,0,0,0,0,0,0,0.000146713615023474,0.000287532306714411
NO,NOR,Norway,1,2020-07-04,2020-07-02,100,1,21676.0658839534,1,21676.0658839534,14,99,1,0,1171981.48709768,99,2,98,0,20,80,0,2,98,0,24,76,0,37,63,0,16,84,0,18,82,0,9,91,0,10,90,0,5,95,0,13,87,0,28,72,0,10,90,0,9,1,90,2,98,0,1,1,98,0,1,0,99,33,65,2,80,20,0,43,56,1,74,26,0,19,80,1,30,70,0,73,27,0,48,16,2,7,27,11,89,0,0,3,3,4,86,4,0,7,13,50,30,0,1,2,10,10,77,0,3,6,10,17,64,0,12,42,28,14,4,3,5,10,82,0,48,44,1,0,7,100,0,0,0,0,0,0,0,50,36,11,3,12.1671258034894,18.26509618295,17.283950617284,8.07203508063088,2.98394097222222,1.93920171252481,0.01,0.0195013954179879,0.0184952289115354,0.000243929192560748,0.01,0.0195013954179879,0.0184952289115354,0.000243929192560748,0.00199174847062171,0.00104228294537026
NO,NOR,Norway,2,2020-07-04,2020-07-03,100,0,0,0,0,10,99,3,0,784714.841131164,97,0,98,2,7,91,2,1,97,2,15,83,2,24,74,2,16,82,2,17,81,2,5,94,1,10,89,1,3,95,2,8,91,1,27,72,1,2,98,0,1,1,98,20,80,0,3,17,80,0,3,0,97,42,58,0,82,18,0,49,51,0,69,31,0,13,87,0,29,71,0,72,28,0,45,21,5,1,28,24,76,0,2,2,3,7,84,2,0,13,19,36,32,0,1,1,3,12,83,0,2,2,8,20,68,0,11,40,33,14,2,3,4,10,83,0,35,59,0,1,5,0,100,0,0,0,0,0,0,49,24,20,7,16.5321030372934,31.2233090061244,1000,0,2.72913899287526,1.41263428626789,0,0,0,0,0,0,0,0,0.00142267747901551,0.00088114097477148
NO,NOR,Norway,3,2020-07-04,2020-07-04,112,1,11965.6586860588,0,0,16,112,2,0,664941.428739941,110,1,110,1,12,99,1,1,110,1,13,98,1,26,86,0,12,99,1,9,102,1,1,110,1,5,106,1,2,109,1,6,106,0,24,88,0,8,104,0,3,5,104,10,102,0,2,8,102,0,2,0,110,44,67,1,92,20,0,67,45,0,73,39,0,11,101,0,15,97,0,65,47,0,32,22,8,3,47,21,91,0,0,0,2,6,103,1,0,23,21,33,35,0,0,0,6,12,92,2,0,1,8,20,83,0,6,54,33,18,1,1,5,7,98,1,56,54,0,0,2,0,0,112,0,0,0,0,0,52,21,37,2,11.6425774296903,17.7657540608153,26.25,17.4499283666151,3.29938557360492,1.70724054102733,0.00892857142857143,0.0174213797031353,0.0179950566604545,0.000319513962427428,0,0,0,0,0.00201207243460765,0.000984905028641567
NO,NOR,Norway,4,2020-07-04,2020-07-04,191,1,6450.9664780296,0,0,7,191,5,0,695240.026240838,188,1,190,0,15,176,0,4,187,0,28,163,0,34,157,0,32,159,0,16,175,0,4,186,1,8,183,0,2,189,0,11,180,0,42,149,0,4,187,0,3,1,187,19,171,1,5,14,172,0,5,0,186,76,115,0,157,34,0,101,90,0,130,60,1,24,166,1,32,159,0,115,76,0,73,20,13,9,76,34,157,0,1,1,3,2,176,7,1,27,36,63,65,0,0,2,4,15,170,0,0,1,7,25,158,0,20,86,55,27,3,0,6,9,176,0,66,125,0,0,0,0,0,0,191,0,0,0,0,85,53,49,4,22.0543537047052,42.301086643545,83.5625,23.875,2.84251923947488,1.42195065452908,0.00523560209424084,0.0102346934839247,0.00927876162842633,0.000225372775373434,0,0,0,0,0.000516186121967407,0.000382290299201174
NO,NOR,Norway,5,2020-07-04,2020-07-04,153,1,1577.0214970778,1,1577.0214970778,113,152,3,0,469017.529562259,152,1,151,1,15,137,1,3,149,1,9,144,0,27,125,1,22,131,0,8,144,1,1,151,1,4,148,1,2,150,1,3,149,1,18,134,1,7,146,0,4,3,146,11,139,3,3,7,143,0,3,0,150,33,120,0,127,26,0,82,71,0,95,58,0,15,138,0,16,137,0,84,69,0,54,22,7,1,69,20,133,0,3,0,1,7,134,8,0,38,29,49,37,0,1,3,3,8,136,2,0,3,8,13,129,0,16,70,51,14,2,2,1,7,143,0,47,103,0,0,3,0,0,0,0,153,0,0,0,57,41,51,4,30.1104,46.8675859860871,480.25,1014.5560975126,2.35395361577794,2.16989397747144,0.0065359477124183,0.0127682900213672,0.0033623935091502,0.000165670986464714,0.0065359477124183,0.0127682900213672,0.0033623935091502,0.000165670986464714,0.010470719051149,0.00192043539187122
NO,NOR,Norway,6,2020-07-04,2020-07-04,154,1,4674.65046933322,1,4674.65046933322,5,154,1,0,578310.012864196,154,1,153,0,13,141,0,5,149,0,11,143,0,22,132,0,26,128,0,6,148,0,2,152,0,5,149,0,0,154,0,4,150,0,14,140,0,1,153,0,0,1,153,8,145,1,1,7,146,0,1,0,153,18,133,3,114,39,1,67,86,1,91,63,0,14,140,0,21,133,0,61,93,0,44,12,3,2,93,21,133,0,1,0,1,0,132,20,0,43,35,53,23,0,0,0,1,9,143,1,0,0,2,14,137,1,15,59,55,25,0,0,1,15,138,0,66,85,0,0,3,0,0,0,0,0,154,0,0,63,40,46,5,42.9737609329446,74.6397907405541,770,0,2.77227081308714,8.70718847543418,0.00649350649350649,0.0126856500067797,0.00808329505861585,0.000230780735549992,0.00649350649350649,0.0126856500067797,0.00808329505861585,0.000230780735549992,0.000457289189683556,0.00040073262553439
NO,NOR,Norway,7,2020-07-04,2020-07-02,100,0,0,0,0,3,98,1,0,369401.92301828,96,1,99,0,3,97,0,6,94,0,5,95,0,8,92,0,12,88,0,4,96,0,0,100,0,1,99,0,2,98,0,6,94,0,1,99,0,4,96,0,3,1,96,5,91,4,1,4,95,0,1,0,99,5,93,2,66,33,1,36,63,1,60,40,0,11,89,0,13,86,1,51,49,0,35,10,4,2,49,17,83,0,0,0,0,4,82,14,0,27,29,37,7,0,0,0,1,1,97,1,0,0,1,12,86,1,7,36,33,23,1,0,1,6,93,0,56,43,0,0,1,0,0,0,0,0,0,100,0,32,35,26,7,147.18820861678,179.124977257763,75,35.3553390593274,2.11111111111111,2.3792812636154,0,0,0,0,0,0,0,0,0.000431158378844496,0.00048778747978168
NO,NOR,Norway,1,2020-07-05,2020-07-03,100,2,27769.431266401,2,27769.431266401,12,100,1,0,1017261.48118769,99,2,98,0,18,82,0,4,96,0,24,76,0,40,60,0,16,84,0,15,85,0,5,95,0,11,89,0,7,93,0,12,88,0,20,80,0,6,94,0,5,1,94,3,97,0,1,2,97,0,1,0,99,32,66,2,84,16,0,53,46,1,79,21,0,26,73,1,32,68,0,72,28,0,41,20,4,7,28,12,88,0,1,1,2,5,89,2,0,9,16,45,30,0,2,2,6,12,76,2,3,5,8,20,64,0,16,42,22,15,5,2,8,7,83,0,43,51,0,1,5,100,0,0,0,0,0,0,0,49,26,20,5,11.8165784832452,18.3981654640803,33.3333333333333,25.8198889747161,2.99168975069252,1.67012439128827,0.02,0.0274394957835608,0.0272982234950833,0.000316656814111079,0.02,0.0274394957835608,0.0272982234950833,0.000316656814111079,0.00169014084507042,0.000955461177500561
NO,NOR,Norway,2,2020-07-05,2020-07-04,100,2,9133.61180559854,2,9133.61180559854,11,100,2,0,643614.623053413,96,2,98,0,12,88,0,2,98,0,12,88,0,33,67,0,20,80,0,14,86,0,6,94,0,9,91,0,1,99,0,5,95,0,22,78,0,5,95,0,4,1,95,13,87,0,2,11,87,0,0,2,98,21,79,0,75,25,0,42,58,0,72,28,0,13,87,0,23,77,0,65,35,0,42,17,3,3,35,21,79,0,0,1,3,2,91,3,0,11,22,36,31,0,1,0,3,13,83,0,3,0,7,10,80,0,14,50,22,11,3,0,4,11,85,0,32,67,0,0,1,0,100,0,0,0,0,0,0,49,26,20,5,13.387573964497,31.3943880680441,44,16.7332005306815,3.19113573407202,3.03785523468805,0.02,0.0274394957835608,0.0141911191549179,0.000288961395529378,0.02,0.0274394957835608,0.0141911191549179,0.000288961395529378,0.00154929577464789,0.000914848959976437
NO,NOR,Norway,3,2020-07-05,2020-07-05,129,1,4462.68957094585,1,4462.68957094585,15,127,3,0,656409.20435901,129,1,127,1,19,109,1,3,125,1,16,112,1,29,99,1,19,110,0,16,112,1,5,123,1,9,120,0,3,125,1,4,124,1,30,99,0,10,119,0,7,3,119,21,108,0,3,18,108,0,2,1,126,39,87,3,104,24,1,64,64,1,101,26,2,20,107,2,23,104,2,81,48,0,52,20,3,6,48,28,101,0,0,0,2,2,123,2,0,13,17,54,45,0,0,1,5,6,116,1,1,0,7,17,104,0,9,60,46,14,0,2,1,6,120,0,53,72,0,0,4,0,0,129,0,0,0,0,0,57,41,29,2,18.0386776859504,34.741454620828,28.21875,23.9947678448568,3.12018140589569,1.58532343858402,0.00775193798449612,0.0151345150788071,0.00679863953965074,0.000198788117332444,0.00775193798449612,0.0151345150788071,0.00679863953965074,0.000198788117332444,0.00166352445380947,0.000841143552497012
NO,NOR,Norway,4,2020-07-05,2020-07-05,205,1,2044.57543894618,0,0,10,205,1,0,687177.682481083,203,1,204,0,23,182,0,4,201,0,23,182,0,36,169,0,32,173,0,12,193,0,6,199,0,7,198,0,3,202,0,7,198,0,34,171,0,6,199,0,2,4,199,19,185,1,1,18,186,0,0,1,204,49,155,1,152,52,1,109,96,0,155,50,0,31,174,0,29,175,1,128,77,0,82,29,11,6,77,36,169,0,0,0,1,7,190,7,0,33,27,80,65,0,0,1,6,5,192,1,1,1,5,19,179,0,27,87,54,36,1,1,3,15,186,0,88,114,0,0,3,0,0,0,205,0,0,0,0,85,67,47,6,35.5902777777778,63.9931756276274,45.5555555555556,51.4394646017872,3.09541601174985,1.74138809541374,0.00487804878048781,0.00953745239297216,0.00297532281834904,0.000128775595856358,0,0,0,0,0.000687049124012367,0.000425683325939026
NO,NOR,Norway,5,2020-07-05,2020-07-05,193,0,0,0,0,8,190,1,0,524795.166070327,193,0,193,0,15,178,0,2,191,0,8,185,0,25,168,0,24,169,0,9,184,0,1,192,0,5,188,0,2,191,0,3,190,0,33,160,0,6,186,1,4,2,187,17,174,2,1,16,176,0,1,0,192,32,158,3,126,66,1,86,107,0,124,69,0,18,174,1,19,172,2,104,89,0,70,22,9,2,90,31,162,0,0,0,3,3,172,15,0,35,28,78,52,0,0,1,1,13,177,1,0,1,4,22,165,1,18,79,58,36,2,0,4,17,172,0,74,116,1,1,1,0,0,0,0,193,0,0,0,73,58,59,3,29.9207100591716,61.1994488430176,96.5,96.5,3.1703324099723,9.11076444686402,0,0,0,0,0,0,0,0,0.000593031875463306,0.00041082070299007
NO,NOR,Norway,6,2020-07-05,2020-07-05,180,0,0,0,0,5,180,3,0,583782.558922016,174,1,179,0,19,161,0,5,175,0,7,173,0,25,155,0,28,152,0,10,170,0,2,178,0,3,177,0,1,179,0,3,177,0,24,156,0,3,177,0,3,0,177,10,166,4,3,7,170,0,2,1,177,18,160,2,122,57,1,74,105,1,116,64,0,12,166,2,19,160,1,88,92,0,63,19,3,3,92,29,151,0,0,2,6,4,148,20,0,37,34,85,24,0,1,0,3,6,170,0,0,0,6,10,164,0,13,90,59,16,2,0,1,11,167,1,69,110,0,0,1,0,0,0,0,0,180,0,0,60,43,72,5,42.5454545454546,77.5441223374855,100,34.6410161513775,2.9719387755102,5.45278488400365,0,0,0,0,0,0,0,0,0.000391236306729265,0.000342860352144688
NO,NOR,Norway,7,2020-07-05,2020-07-04,100,1,3184.88543909756,0,0,4,99,2,0,314614.635245753,95,1,99,0,8,92,0,6,94,0,6,94,0,12,88,0,16,84,0,5,95,0,1,99,0,0,100,0,1,99,0,4,96,0,4,96,0,4,96,0,4,0,96,4,93,3,2,2,96,0,2,0,98,3,94,3,64,36,0,43,57,0,46,54,0,3,96,1,12,86,2,39,61,0,31,6,2,0,61,10,90,0,0,0,2,1,78,19,0,30,25,36,9,0,0,0,4,5,90,1,0,0,3,12,84,1,7,37,36,19,1,0,1,7,92,0,43,52,0,0,5,0,0,0,0,0,0,100,0,45,28,19,8,50.3686087990488,85.1456316478304,44.4444444444444,19.2450089729875,1.96296296296296,0.897739952973848,0.01,0.0195013954179879,0.0101231318645103,0.000349789416665665,0,0,0,0,0.000569070991606203,0.000557520621952935
NO,NOR,Norway,1,2020-07-06,2020-07-04,100,2,14098.089142542,2,14098.089142542,19,99,3,0,911474.62061184,99,3,97,0,20,80,0,6,94,0,30,70,0,40,60,0,19,81,0,18,82,0,5,95,0,11,89,0,6,94,0,9,91,0,24,76,0,8,92,0,5,3,92,9,91,0,3,6,91,0,2,1,97,31,69,0,79,21,0,49,51,0,75,25,0,23,77,0,34,66,0,68,32,0,39,18,5,6,32,21,79,0,3,1,0,6,89,1,0,13,15,42,30,0,2,3,12,16,65,2,3,8,9,21,59,0,19,42,21,14,4,1,8,10,81,0,37,61,0,1,1,100,0,0,0,0,0,0,0,46,34,16,4,14.5562130177515,24.2171465416162,38.7755102040816,24.3476600927528,2.85373263888889,1.68469411291231,0.02,0.0274394957835608,0.0154673414088902,0.000253337044786487,0.02,0.0274394957835608,0.0154673414088902,0.000253337044786487,0.00270308721012946,0.0012137900847937
NO,NOR,Norway,2,2020-07-06,2020-07-06,102,2,13320.8670520982,1,2939.98618114065,14,100,3,0,648340.565189197,102,2,99,1,8,94,0,1,100,1,20,81,1,36,65,1,19,83,0,13,88,1,2,99,1,7,95,0,2,99,1,8,93,1,23,78,1,9,93,0,7,2,93,12,89,1,3,9,90,0,3,0,99,27,74,1,67,34,1,45,57,0,64,38,0,10,92,0,16,85,1,58,44,0,39,14,4,1,44,16,86,0,1,3,0,4,90,4,0,19,18,43,22,0,0,2,3,15,81,1,1,2,8,13,78,0,15,57,23,6,1,2,3,19,78,0,44,55,0,0,3,0,102,0,0,0,0,0,0,46,27,27,2,13.5535077288942,26.8088020731023,29.1428571428571,20.6071119088651,2.95561677379859,1.60322448932339,0.0196078431372549,0.0269068483623884,0.020546095319843,0.000345305220001761,0.00980392156862745,0.0191209083686488,0.00453463247403425,0.000163542494607881,0.00197183098591549,0.00103187041240234
NO,NOR,Norway,3,2020-07-06,2020-07-06,117,2,9020.36509821138,2,9020.36509821138,12,117,2,0,579038.629526044,115,2,113,2,10,106,1,1,115,1,14,102,1,27,90,0,16,101,0,12,104,1,3,113,1,6,110,1,1,115,1,9,107,1,23,93,1,4,113,0,4,0,113,13,104,0,2,10,105,0,2,0,115,35,82,0,86,31,0,59,58,0,76,41,0,9,108,0,20,97,0,76,41,0,46,23,4,3,41,21,96,0,0,0,1,1,111,4,0,13,17,48,39,0,0,2,5,8,101,1,2,2,8,14,91,0,13,48,42,14,0,1,5,10,101,0,53,63,0,0,1,0,0,117,0,0,0,0,0,56,31,22,8,16.8012,34.7743596393454,87.75,71.647574976408,3.56099342585829,2.57427087259337,0.0170940170940171,0.0234873065658838,0.0155781749925644,0.000318965144929695,0.0170940170940171,0.0234873065658838,0.0155781749925644,0.000318965144929695,0.00144456482484652,0.00081673392142966
NO,NOR,Norway,4,2020-07-06,2020-07-06,192,1,1564.68190154991,1,1564.68190154991,19,192,1,0,663588.83851474,188,1,191,0,19,173,0,5,187,0,21,171,0,42,150,0,41,151,0,12,180,0,1,191,0,5,187,0,4,188,0,4,188,0,29,163,0,10,182,0,6,4,182,15,176,1,1,12,179,0,1,0,191,55,136,1,123,69,0,76,114,2,121,69,2,10,181,1,12,180,0,105,87,0,76,21,6,2,87,35,157,0,0,1,1,7,173,10,0,31,39,82,40,0,0,0,5,12,173,2,0,1,10,20,161,0,15,97,55,23,2,1,4,17,169,1,71,121,0,0,0,0,0,0,192,0,0,0,0,69,54,63,6,30.2592592592593,54.6543620132969,36.48,22.986604794967,3.20649718321942,2.91396184571638,0.00520833333333333,0.0101815273352697,0.00235790870903136,0.000116694242716549,0.00520833333333333,0.0101815273352697,0.00235790870903136,0.000116694242716549,0.001393779342723,0.000626271210281814
NO,NOR,Norway,5,2020-07-06,2020-07-06,223,0,0,0,0,17,221,3,0,649903.192529314,220,1,222,0,17,206,0,2,221,0,7,216,0,32,191,0,28,195,0,8,215,0,3,220,0,9,214,0,3,220,0,8,215,0,21,201,1,9,213,1,7,2,214,28,190,5,3,25,195,0,3,0,220,54,165,4,143,80,0,95,125,3,149,73,1,21,200,2,21,202,0,124,98,1,93,19,6,6,99,33,190,0,0,0,5,4,195,19,0,36,48,84,55,0,1,0,2,10,210,0,1,1,7,16,198,0,19,100,70,34,0,0,2,11,210,0,82,138,0,0,3,0,0,0,0,223,0,0,0,81,65,70,7,38.7291836734694,66.4967464422464,59.234375,23.2623275210463,2.89453758788534,7.42260756115122,0,0,0,0,0,0,0,0,0.00108342361863489,0.000514738365695985
NO,NOR,Norway,6,2020-07-06,2020-07-06,179,0,0,0,0,8,177,2,0,600353.188771094,175,0,179,0,19,160,0,2,177,0,8,171,0,18,161,0,24,155,0,10,169,0,3,176,0,2,177,0,1,178,0,3,176,0,17,162,0,9,169,1,7,2,170,7,168,4,2,5,172,0,2,0,177,16,159,4,120,58,1,76,103,0,111,67,1,15,164,0,18,161,0,89,90,0,66,16,5,2,90,30,149,0,0,1,1,7,144,26,0,49,32,75,23,0,0,1,3,8,165,2,0,1,5,16,156,1,8,82,68,17,4,0,0,10,169,0,74,101,1,0,3,0,0,0,0,0,179,0,0,65,43,64,7,69.2821361058601,116.411858520619,19.578125,7.9107571145245,2.84330739718169,6.66153640542394,0,0,0,0,0,0,0,0,0.000636587888915413,0.000440984365187796
NO,NOR,Norway,7,2020-07-06,2020-07-05,100,1,3184.88543909756,0,0,1,100,2,0,325634.286726677,97,1,99,0,10,90,0,4,96,0,4,96,0,11,89,0,12,88,0,5,95,0,0,100,0,1,99,0,1,99,0,2,98,0,7,93,0,1,99,0,1,0,99,8,89,3,2,6,92,0,2,0,98,3,95,2,62,37,1,37,63,0,41,57,2,5,93,2,13,85,2,40,60,0,33,4,1,2,60,10,90,0,0,0,2,3,74,21,0,25,21,41,12,1,0,0,3,2,93,2,0,0,1,13,85,1,6,38,39,16,1,0,0,4,95,1,48,48,0,0,4,0,0,0,0,0,0,100,0,47,29,19,5,45.52,84.7767263659864,100,0,1.85604345857854,0.895328108369746,0.01,0.0195013954179879,0.0097805592620866,0.000338010815234482,0,0,0,0,0.000140845070422535,0.000276031824513654
NO,NOR,Norway,1,2020-07-07,2020-07-05,100,1,8004.72376009441,1,8004.72376009441,18,99,3,0,906944.749045242,99,2,98,0,21,79,0,7,93,0,31,69,0,44,56,0,26,74,0,20,80,0,7,93,0,16,84,0,2,98,0,9,91,0,28,72,0,9,91,0,5,4,91,11,89,0,3,8,89,0,2,1,97,33,67,0,78,22,0,48,51,1,69,31,0,18,82,0,37,63,0,65,35,0,39,16,6,4,35,25,75,0,4,0,1,3,89,3,0,11,14,46,29,0,2,4,18,20,55,1,3,8,15,21,53,0,17,42,27,11,3,1,8,11,80,0,30,66,0,1,3,100,0,0,0,0,0,0,0,48,32,17,3,18.65234375,34.8239921026763,28.125,17.3591268707353,2.94398979700287,1.88802038934369,0.01,0.0195013954179879,0.00882603242206445,0.000192493193882763,0.01,0.0195013954179879,0.00882603242206445,0.000192493193882763,0.00256081946222791,0.00118150077856617
NO,NOR,Norway,2,2020-07-07,2020-07-06,100,1,7630.93390320925,0,0,18,100,3,0,710882.432725968,100,3,97,0,13,87,0,2,98,0,17,83,0,28,72,0,16,84,0,8,92,0,5,95,0,11,89,0,0,100,0,9,91,0,26,74,0,9,91,0,6,3,91,15,84,1,3,12,85,0,2,1,97,25,73,2,78,21,1,42,56,2,68,30,2,10,88,2,20,78,2,62,38,0,39,11,7,5,38,19,81,0,1,1,5,6,85,2,0,10,19,51,20,0,1,1,4,9,84,1,1,1,4,22,72,0,19,37,34,8,2,2,3,13,82,0,40,59,0,0,1,0,100,0,0,0,0,0,0,49,28,21,2,8,7.11422834170785,22.2222222222222,21.5165741455968,3.5506039150354,5.39000040845675,0.01,0.0195013954179879,0.0107344527757529,0.000239549681078131,0,0,0,0,0.00253521126760563,0.00116970078590584
NO,NOR,Norway,3,2020-07-07,2020-07-07,126,0,0,0,0,31,125,0,0,652222.329797509,125,2,124,0,17,109,0,6,120,0,16,110,0,29,97,0,22,104,0,11,115,0,2,124,0,2,124,0,1,125,0,6,120,0,20,106,0,10,116,0,8,2,116,10,116,0,0,10,116,0,0,0,126,39,87,0,95,31,0,56,70,0,80,46,0,10,116,0,19,107,0,77,49,0,48,22,5,2,49,21,105,0,0,0,3,3,111,9,0,19,20,42,45,0,1,1,3,8,112,1,1,2,4,15,104,0,13,64,35,13,1,2,1,13,110,0,61,63,0,0,2,0,0,126,0,0,0,0,0,60,33,32,1,31.0246913580247,54.4234061378666,48.2222222222222,58.1931649289197,3.02217145928514,1.71676022608148,0,0,0,0,0,0,0,0,0.00349295774647887,0.00122744138563579
NO,NOR,Norway,4,2020-07-07,2020-07-07,220,4,12893.2015886249,4,12893.2015886249,25,220,2,0,661241.309767892,216,4,216,0,24,196,0,7,213,0,28,192,0,37,183,0,33,187,0,17,203,0,8,212,0,14,206,0,1,219,0,16,203,1,36,184,0,13,207,0,7,5,208,14,204,2,2,12,206,0,2,0,218,69,150,1,180,39,1,111,109,0,138,82,0,22,198,0,34,186,0,121,98,1,84,25,7,5,99,38,182,0,0,4,2,4,201,9,0,43,47,78,52,0,1,1,6,17,195,0,1,3,8,28,180,0,26,88,64,40,2,0,1,18,201,0,90,128,0,0,2,0,0,0,220,0,0,0,0,92,61,63,4,41.2908982748364,74.9084285419856,29.9408284023669,18.4787887848949,3.32379429340965,6.95583120751365,0.0181818181818182,0.0176551308648923,0.0194984817163807,0.000333267248056409,0.0181818181818182,0.0176551308648923,0.0194984817163807,0.000333267248056409,0.00160051216389245,0.000626886966500713
NO,NOR,Norway,5,2020-07-07,2020-07-07,215,1,3305.88234871223,1,3305.88234871223,5,213,1,0,584375.622162537,210,1,212,2,21,193,1,6,208,1,17,198,0,36,178,1,29,185,1,12,203,0,4,209,2,13,201,1,2,211,2,6,208,1,13,202,0,6,208,1,6,0,209,22,189,4,1,21,193,0,1,0,214,51,161,3,165,50,0,104,108,3,133,81,1,12,202,1,26,188,1,110,105,0,82,20,6,2,105,33,182,0,4,0,1,7,190,13,0,51,33,79,52,0,0,0,5,14,194,2,0,1,5,29,179,1,23,96,80,12,4,0,3,16,195,1,85,128,0,0,2,0,0,0,0,215,0,0,0,82,55,69,9,59.7905827263268,97.0920749319154,43,0,2.89054134443783,3.97455822952089,0.00465116279069768,0.00909488658760705,0.00565711885187562,0.000192294906870581,0.00465116279069768,0.00909488658760705,0.00565711885187562,0.000192294906870581,0.000330622231038815,0.000289749927156959
NO,NOR,Norway,6,2020-07-07,2020-07-07,200,0,0,0,0,3,198,1,0,621855.402424841,196,0,200,0,15,185,0,4,196,0,6,194,0,31,169,0,22,177,1,10,190,0,2,198,0,4,196,0,4,196,0,7,193,0,11,189,0,4,195,1,3,1,196,5,194,1,1,4,195,0,1,0,199,14,183,3,155,45,0,81,116,3,130,69,1,13,185,2,20,178,2,109,91,0,82,21,3,2,92,27,173,0,0,0,0,4,170,26,0,46,42,89,22,1,0,0,2,7,188,3,0,0,5,13,182,0,13,88,71,25,3,1,2,15,182,0,87,112,0,0,1,0,0,0,0,0,200,0,0,77,56,56,11,49.2984693877551,82.3259383863636,66.6666666666667,0,2.53208463406174,4.30440197208414,0,0,0,0,0,0,0,0,0.000213401621852326,0.000241456463192155
NO,NOR,Norway,7,2020-07-07,2020-07-06,100,0,0,0,0,3,99,1,0,343164.277843339,97,0,100,0,9,91,0,3,97,0,4,96,0,16,84,0,12,88,0,7,93,0,1,99,0,2,98,0,1,99,0,2,98,0,8,92,0,2,98,0,0,2,98,5,93,2,1,4,95,0,1,0,99,4,94,2,72,27,1,36,64,0,50,47,3,8,91,1,12,87,1,42,57,1,35,4,1,2,58,14,86,0,0,0,0,3,78,19,0,21,27,42,9,1,0,0,3,2,90,5,0,0,3,12,84,1,13,42,34,10,1,0,0,4,95,1,52,42,0,0,6,0,0,0,0,0,0,100,0,40,23,32,5,54.8696844993141,81.0402260673279,300,0,1.90581717451524,1.01028758894072,0,0,0,0,0,0,0,0,0.000426803243704652,0.000482861385434658
NO,NOR,Norway,1,2020-07-08,2020-07-06,100,0,0,0,0,26,100,1,0,865860.757884977,99,1,99,0,20,80,0,6,94,0,24,76,0,38,62,0,19,81,0,21,79,0,4,96,0,14,86,0,2,98,0,6,94,0,25,75,0,11,89,0,6,5,89,10,90,0,1,9,90,0,1,0,99,30,69,1,78,22,0,44,55,1,62,38,0,10,90,0,30,70,0,64,36,0,43,14,5,2,36,16,84,0,2,0,3,2,88,5,0,13,15,46,26,0,0,5,13,25,56,1,1,5,14,18,62,0,12,44,36,6,2,0,6,9,85,0,34,63,0,0,3,100,0,0,0,0,0,0,0,48,29,19,4,18.6153404194197,39.9524868202809,21.4876033057851,13.6501307914463,3.00564236111111,1.78108995425105,0,0,0,0,0,0,0,0,0.00366197183098592,0.00140501114644972
NO,NOR,Norway,2,2020-07-08,2020-07-08,107,1,7325.28403464378,1,7325.28403464378,14,107,2,0,719989.621564272,105,3,104,0,15,92,0,2,105,0,20,87,0,33,74,0,21,86,0,18,89,0,4,103,0,10,97,0,1,106,0,8,99,0,36,71,0,5,102,0,3,2,102,19,88,0,2,17,88,0,1,1,105,37,70,0,83,24,0,41,66,0,74,33,0,15,92,0,20,87,0,66,41,0,46,12,3,5,41,24,83,0,2,0,0,2,100,3,0,15,17,48,27,0,0,1,2,20,82,2,2,4,7,25,69,0,14,42,40,9,2,1,3,9,94,0,43,62,0,0,2,0,107,0,0,0,0,0,0,53,25,23,6,13.4098224852071,29.6578080732709,59.92,35.1637881918317,2.8676,1.79870105769399,0.00934579439252336,0.0182316240644272,0.0101741522589293,0.000231800028221681,0.00934579439252336,0.0182316240644272,0.0101741522589293,0.000231800028221681,0.00184283269711728,0.000964427192991005
NO,NOR,Norway,3,2020-07-08,2020-07-08,104,0,0,0,0,22,103,1,0,546463.369658932,103,1,103,0,11,93,0,3,101,0,19,85,0,21,83,0,17,87,0,10,94,0,3,101,0,4,100,0,2,102,0,4,100,0,24,80,0,8,96,0,4,4,96,15,89,0,1,13,90,0,1,0,103,42,62,0,86,18,0,48,55,1,73,31,0,10,94,0,14,90,0,66,38,0,44,10,8,4,38,21,83,0,1,0,2,6,91,4,0,15,24,38,27,0,0,1,5,11,87,0,1,1,9,14,79,0,12,33,41,17,1,1,3,13,87,0,45,56,0,0,3,0,0,104,0,0,0,0,0,49,28,26,1,22.1538461538462,41.054428060179,46.6938775510204,47.3168095550863,3.84851980007689,6.41801777211884,0,0,0,0,0,0,0,0,0.0030083413099959,0.00125519043297779
NO,NOR,Norway,4,2020-07-08,2020-07-08,179,2,9709.59315043245,0,0,19,179,4,0,699594.923661269,175,3,176,0,18,161,0,2,177,0,11,168,0,27,152,0,20,159,0,12,167,0,0,179,0,5,174,0,0,179,0,6,173,0,28,151,0,8,171,0,6,2,171,25,152,2,4,21,154,0,4,0,175,57,120,2,152,27,0,96,81,2,121,58,0,16,162,1,23,155,1,111,68,0,72,24,6,9,68,39,140,0,0,2,9,2,158,8,0,27,33,66,53,0,0,2,2,8,164,3,0,4,4,16,155,0,20,85,51,23,0,3,1,19,156,0,68,108,0,0,3,0,0,0,179,0,0,0,0,66,52,56,5,16.4299516908213,27.061120806054,53.140625,69.6737114001246,3.19544475223146,2.27153936007321,0.0111731843575419,0.0153982077784872,0.0138788787940572,0.000274136641712626,0,0,0,0,0.00149500354079786,0.000671720547042765
NO,NOR,Norway,5,2020-07-08,2020-07-08,188,2,5282.04672377803,1,1296.10193499039,6,188,3,0,566524.771448627,183,3,184,1,25,161,2,9,178,1,19,168,1,25,162,1,24,163,1,13,174,1,5,182,1,9,178,1,4,183,1,5,183,0,22,166,0,6,182,0,6,0,182,19,167,2,3,16,169,0,3,0,185,50,137,1,140,48,0,77,111,0,123,65,0,12,176,0,22,166,0,106,82,0,75,23,4,4,82,33,155,0,0,1,5,5,170,7,0,36,37,74,41,0,1,1,4,14,165,3,1,2,2,20,163,0,20,82,57,27,2,0,6,11,170,1,64,122,0,0,2,0,0,0,0,188,0,0,0,75,46,60,7,34.8348175811548,68.417994543592,31.3333333333333,0,2.29418557473237,1.2667019242508,0.0106382978723404,0.0146650243040798,0.00932359358315722,0.000250262752086536,0.00531914893617021,0.0103975764049423,0.00228781158443647,0.000124408887103941,0.000449505543901708,0.000359591889186749
NO,NOR,Norway,6,2020-07-08,2020-07-08,173,0,0,0,0,6,172,2,0,607200.736465567,168,1,172,0,17,156,0,4,169,0,11,161,1,24,148,1,26,147,0,10,162,1,1,172,0,5,168,0,1,172,0,9,164,0,17,155,1,7,166,0,3,4,166,10,163,0,2,8,163,0,2,0,171,13,158,2,127,46,0,81,92,0,106,67,0,15,158,0,26,147,0,88,85,0,67,17,2,2,85,26,147,0,0,1,2,2,147,21,0,37,40,57,39,0,0,0,6,7,158,2,0,2,3,12,156,0,8,86,54,24,1,0,0,8,165,0,79,90,0,1,3,0,0,0,0,0,173,0,0,58,58,49,8,51.2423140495868,75.5095288740101,28.8333333333333,0,2.03900208209399,1.09071187897636,0,0,0,0,0,0,0,0,0.000491320013101867,0.000393034076274249
NO,NOR,Norway,7,2020-07-08,2020-07-07,100,0,0,0,0,3,98,1,0,360753.151576568,94,0,99,1,7,93,0,4,95,1,6,93,1,19,80,1,10,89,1,5,94,1,1,98,1,1,98,1,1,98,1,3,96,1,8,91,1,2,97,1,0,2,98,2,95,3,1,1,98,0,1,0,99,4,96,0,74,26,0,38,62,0,58,41,1,6,94,0,16,84,0,48,51,1,38,7,2,1,52,16,84,0,0,0,1,3,78,18,0,27,27,33,13,0,0,0,3,5,87,5,0,0,5,11,84,0,12,47,28,12,1,0,0,5,95,0,50,46,0,0,4,0,0,0,0,0,0,100,0,35,20,36,9,47.2,57.0847323429537,300,0,2.07902892561983,1.14575003897393,0,0,0,0,0,0,0,0,0.000431158378844496,0.00048778747978168
NO,NOR,Norway,1,2020-07-09,2020-07-07,100,1,8210.24709920712,1,8210.24709920712,23,100,1,0,837401.708019639,100,2,98,0,18,82,0,5,94,1,22,78,0,34,66,0,19,81,0,17,83,0,8,92,0,13,86,1,1,99,0,10,90,0,29,71,0,11,89,0,6,5,89,5,95,0,1,4,95,0,1,0,99,28,71,1,73,27,0,45,55,0,66,33,1,9,91,0,22,78,0,65,35,0,46,15,2,2,35,18,82,0,4,0,3,2,84,7,0,14,22,38,26,0,1,2,12,21,63,1,2,5,12,19,62,0,11,37,37,11,4,2,5,7,86,0,39,56,1,0,4,100,0,0,0,0,0,0,0,44,27,25,4,10.0277147896196,23.727158091476,19.0082644628099,12.5009391082242,3.15753734721594,1.7954575413564,0.01,0.0195013954179879,0.00980443080134555,0.000211034204691098,0.01,0.0195013954179879,0.00980443080134555,0.000211034204691098,0.00323943661971831,0.00132174928380468
NO,NOR,Norway,2,2020-07-09,2020-07-08,100,1,2909.61741426633,1,2909.61741426633,20,99,1,0,699876.873077995,96,3,97,0,21,79,0,2,98,0,17,83,0,38,62,0,20,80,0,18,82,0,2,98,0,6,94,0,3,97,0,3,97,0,28,72,0,6,94,0,2,4,94,11,88,1,1,10,89,0,0,1,99,24,74,2,83,17,0,44,56,0,68,32,0,10,89,1,24,75,1,54,46,0,36,8,7,3,46,19,81,0,0,1,1,4,91,3,0,22,16,37,25,0,0,1,0,17,82,0,0,4,7,14,75,0,11,48,26,15,0,2,4,8,86,0,42,56,1,0,1,0,100,0,0,0,0,0,0,41,34,21,4,16.7273673257024,31.7667957347117,80,44.7213595499958,2.66927083333333,1.67495540330785,0.01,0.0195013954179879,0.00415732756173254,0.000150743903791542,0.01,0.0195013954179879,0.00415732756173254,0.000150743903791542,0.00284535495803101,0.00124523352310187
NO,NOR,Norway,3,2020-07-09,2020-07-09,120,1,3265.76404931263,1,3265.76404931263,10,120,2,0,555471.087659585,118,1,119,0,14,106,0,2,118,0,9,111,0,26,94,0,11,109,0,4,116,0,3,117,0,5,115,0,1,119,0,4,116,0,18,102,0,7,113,0,7,0,113,16,102,2,2,14,104,0,2,0,118,39,81,0,107,13,0,73,47,0,80,39,1,15,105,0,21,99,0,76,44,0,54,14,5,3,44,19,101,0,0,0,1,4,112,3,0,22,30,44,24,0,0,2,3,8,104,3,1,3,3,10,103,0,10,63,30,15,2,0,1,7,112,0,50,68,0,0,2,0,0,120,0,0,0,0,0,57,27,30,6,24.4214876033058,48.0364358592437,24.4897959183674,13.4879278709047,3.31473214285714,1.66565191058369,0.00833333333333333,0.0162648365258355,0.00587926918585909,0.000201047464030122,0.00833333333333333,0.0162648365258355,0.00587926918585909,0.000201047464030122,0.00117370892018779,0.000727031920228517
NO,NOR,Norway,4,2020-07-09,2020-07-09,172,0,0,0,0,13,172,3,0,561411.984964931,170,0,171,1,20,152,0,7,164,1,23,148,1,38,133,1,33,139,0,16,155,1,11,161,0,8,163,1,4,168,0,4,167,1,34,138,0,6,166,0,4,2,166,17,155,0,3,14,155,0,3,0,169,50,120,2,132,38,2,80,90,2,107,63,2,12,158,2,23,147,2,98,74,0,58,30,5,5,74,25,147,0,2,2,2,6,148,12,0,29,31,71,41,0,1,0,5,11,154,1,0,4,9,14,145,0,18,66,55,33,0,1,5,10,156,0,63,107,0,0,2,0,0,0,172,0,0,0,0,75,39,54,4,31.3223566752628,56.0084451864985,62.1111111111111,38.1025905603203,3.14532611423859,4.13718527918724,0,0,0,0,0,0,0,0,0.00106452669505405,0.000578364581593048
NO,NOR,Norway,5,2020-07-09,2020-07-09,186,1,2741.97152114882,1,2741.97152114882,28,185,1,0,558517.958230457,181,4,182,0,14,172,0,2,184,0,10,176,0,25,161,0,25,161,0,10,176,0,5,181,0,7,179,0,2,184,0,4,182,0,19,167,0,6,180,0,4,2,180,13,169,4,1,12,173,0,1,0,185,52,133,1,141,43,2,77,108,1,124,61,1,13,171,2,28,157,1,98,88,0,63,22,5,8,88,39,147,0,4,0,2,6,151,23,0,33,36,63,54,0,1,1,2,6,173,3,0,2,4,16,164,0,19,83,54,26,4,1,0,4,181,0,68,116,0,0,2,0,0,0,0,186,0,0,0,60,53,67,6,36.7136479591837,66.4147396893858,208.32,300.607305300453,2.65291345463625,3.98220049857518,0.00537634408602151,0.0105090761475122,0.00490937038056245,0.000183304757810701,0.00537634408602151,0.0105090761475122,0.00490937038056245,0.000183304757810701,0.0021317091739627,0.000788739590671258
NO,NOR,Norway,6,2020-07-09,2020-07-09,158,1,2815.56063060487,1,2815.56063060487,4,156,2,0,552454.641259636,154,2,156,0,14,144,0,5,153,0,9,149,0,22,135,1,20,137,1,7,151,0,1,157,0,2,156,0,2,156,0,8,150,0,17,141,0,5,152,1,5,0,153,10,145,3,2,8,148,0,2,0,156,19,138,1,109,49,0,57,99,2,85,73,0,6,152,0,18,140,0,67,89,2,51,9,3,4,91,24,134,0,1,2,3,5,120,27,0,39,28,59,32,0,0,0,3,11,142,2,0,1,1,19,137,0,16,62,53,21,6,1,0,10,146,1,64,92,0,1,1,0,0,0,0,0,158,0,0,59,35,58,6,36.4140625,65.7822094823979,39.5,0,2.77406125849032,8.30249918418444,0.00632911392405063,0.0123655172261724,0.0050964557455526,0.000187769217094157,0.00632911392405063,0.0123655172261724,0.0050964557455526,0.000187769217094157,0.000361141206211629,0.000353847966901858
NO,NOR,Norway,7,2020-07-09,2020-07-07,100,0,0,0,0,1,98,1,0,369942.312820454,95,0,99,1,4,96,0,2,97,1,6,93,1,9,90,1,13,86,1,2,97,1,0,99,1,2,97,1,2,97,1,5,94,1,5,94,1,1,97,2,1,0,99,4,94,2,1,3,96,0,1,0,99,4,95,1,74,26,0,41,59,0,56,44,0,2,98,0,13,87,0,55,45,0,43,9,2,1,45,18,82,0,1,0,1,3,78,17,0,29,23,32,15,1,0,0,1,3,93,3,0,0,5,8,87,0,7,44,34,14,1,0,0,3,97,0,50,49,0,0,1,0,0,0,0,0,0,100,0,41,26,26,7,70.0617283950617,134.905476590002,100,0,1.99251298152397,1.03491474483892,0,0,0,0,0,0,0,0,0.000143719459614832,0.000281664722189836
NO,NOR,Norway,1,2020-07-10,2020-07-08,100,1,8210.24709920712,1,8210.24709920712,18,99,1,0,878389.252081361,98,3,97,0,22,78,0,2,97,1,23,77,0,39,61,0,18,82,0,19,81,0,7,93,0,12,87,1,1,99,0,13,87,0,26,74,0,10,90,0,7,3,90,10,90,0,1,9,90,0,1,0,99,30,69,1,72,28,0,49,51,0,66,33,1,14,86,0,28,72,0,68,32,0,46,14,4,4,32,19,81,0,4,0,3,5,80,8,0,14,28,30,28,0,1,1,12,19,66,1,2,6,14,19,59,0,11,40,33,11,5,2,4,11,83,0,41,53,2,0,4,100,0,0,0,0,0,0,0,45,25,27,3,9.91735537190083,20.8886116697861,22.2222222222222,16.6666666666667,3.15753734721594,1.66900487516194,0.01,0.0195013954179879,0.00934693483527124,0.000201233363254857,0.01,0.0195013954179879,0.00934693483527124,0.000201233363254857,0.00256081946222791,0.00118150077856617
NO,NOR,Norway,2,2020-07-10,2020-07-09,100,0,0,0,0,15,99,1,0,739996.923951897,99,2,96,2,17,81,2,2,97,1,23,76,1,33,66,1,25,75,0,9,89,2,3,96,1,10,89,1,2,96,2,3,96,1,29,69,2,6,94,0,4,2,94,14,85,1,1,13,86,0,0,1,99,30,69,1,84,16,0,54,45,1,63,36,1,12,87,1,21,78,1,58,42,0,35,14,5,4,42,24,76,0,1,2,3,3,90,1,0,11,21,41,26,1,0,1,4,20,75,0,1,3,11,19,66,0,15,37,26,21,1,3,2,13,82,0,47,51,0,0,2,0,100,0,0,0,0,0,0,46,28,24,2,11.3406795224977,26.9001255884542,60,46.9041575982343,2.97792586422324,2.26836551504701,0,0,0,0,0,0,0,0,0.00213401621852326,0.0010787884457632
NO,NOR,Norway,3,2020-07-10,2020-07-09,100,3,9680.04348661003,2,6316.02413922149,14,100,4,0,523819.955632028,100,3,97,0,14,86,0,2,98,0,11,89,0,23,77,0,15,85,0,12,88,0,1,99,0,11,89,0,2,98,0,7,93,0,18,82,0,8,92,0,6,2,92,9,91,0,4,5,91,0,4,0,96,24,74,2,82,18,0,39,61,0,68,32,0,14,86,0,16,84,0,65,35,0,50,6,8,1,35,17,83,0,1,1,2,2,89,5,0,13,21,43,22,1,0,2,3,8,87,0,0,2,5,10,83,0,8,47,37,5,3,1,0,10,89,0,38,60,0,1,1,0,0,100,0,0,0,0,0,40,30,30,0,10.8641975308642,13.0114533179836,21.875,17.3591268707353,3.19113573407202,1.87077439024927,0.03,0.0334344809563718,0.01847971499087,0.000364715604799282,0.02,0.0274394957835608,0.0120576241346146,0.000295565506602293,0.00197183098591549,0.00103187041240234
NO,NOR,Norway,4,2020-07-10,2020-07-10,157,0,0,0,0,16,157,0,0,561338.703082609,155,2,155,0,16,141,0,4,153,0,17,140,0,29,128,0,24,133,0,15,142,0,3,154,0,8,149,0,3,154,0,10,147,0,25,132,0,9,148,0,7,2,148,13,144,0,0,13,144,0,0,0,157,55,101,1,124,33,0,67,90,0,105,52,0,15,142,0,23,134,0,86,71,0,53,19,12,2,71,23,134,0,1,0,0,7,136,13,0,33,18,74,32,0,0,2,4,11,140,0,0,4,7,15,131,0,24,72,41,17,3,0,6,12,139,0,63,87,2,3,2,0,0,0,157,0,0,0,0,72,38,44,3,24.5141091104542,47.2238529486247,31.0123456790124,28.6346421274442,3.03073060941828,3.13082919082084,0,0,0,0,0,0,0,0,0.00143536377500673,0.000702810388003567
NO,NOR,Norway,5,2020-07-10,2020-07-10,177,2,3168.53989781639,2,3168.53989781639,10,176,1,0,462901.334284388,176,3,173,1,10,166,1,3,173,1,12,164,1,37,139,1,33,143,1,13,163,1,3,172,2,4,171,2,5,171,1,5,170,2,25,152,0,6,171,0,4,2,171,18,159,0,1,17,159,0,1,0,176,38,135,4,143,34,0,83,93,1,109,67,1,6,171,0,25,152,0,83,94,0,61,17,4,1,94,36,141,0,0,0,1,3,152,21,0,42,43,51,41,0,0,0,4,14,159,0,0,0,9,11,157,0,20,79,51,26,1,1,1,13,161,1,71,106,0,0,0,0,0,0,0,177,0,0,0,69,46,60,2,33.8436524453694,54.7698072119079,70.8,43.3559684472623,2.35728772309356,2.88657592691333,0.0112994350282486,0.0155712046874776,0.00684495736594651,0.000237518681878734,0.0112994350282486,0.0155712046874776,0.00684495736594651,0.000237518681878734,0.000800256081946223,0.000495796243035585
NO,NOR,Norway,6,2020-07-10,2020-07-10,150,0,0,0,0,10,148,3,0,446204.734768707,147,0,150,0,15,135,0,3,147,0,6,144,0,30,120,0,20,130,0,6,144,0,1,149,0,4,146,0,1,149,0,6,144,0,13,137,0,6,143,1,5,1,144,7,142,1,3,4,143,0,3,0,147,15,132,3,124,26,0,74,74,2,88,62,0,7,143,0,23,127,0,72,78,0,60,7,1,4,78,18,132,0,0,0,3,3,129,15,0,37,34,55,24,0,0,2,1,7,136,4,0,1,5,8,135,1,17,67,43,22,1,1,0,10,139,0,59,91,0,0,0,0,0,0,0,0,150,0,0,65,34,44,7,30.46875,54.3850871054564,60,21.2132034355964,2.51999396408631,4.14057170151114,0,0,0,0,0,0,0,0,0.000951655881233346,0.000589550862497851
NO,NOR,Norway,7,2020-07-10,2020-07-08,100,0,0,0,0,1,99,2,0,339892.629079354,95,0,100,0,6,94,0,2,98,0,5,95,0,7,93,0,16,84,0,3,97,0,0,100,0,2,98,0,1,99,0,4,96,0,3,97,0,1,98,1,1,0,99,4,90,6,2,2,96,0,2,0,98,2,96,2,68,32,0,41,58,1,51,49,0,3,97,0,8,92,0,52,48,0,43,8,1,0,48,14,86,0,1,0,0,2,79,18,0,29,24,31,15,1,0,1,0,4,93,2,0,2,4,9,85,0,8,39,39,12,2,0,0,3,96,1,49,50,0,0,1,0,0,0,0,0,0,100,0,42,26,26,6,68.7074829931973,111.915616784287,100,0,1.87257617728532,0.973255223053998,0,0,0,0,0,0,0,0,0.000142267747901551,0.000278819826397772
NO,NOR,Norway,1,2020-07-11,2020-07-09,100,1,8210.24709920712,1,8210.24709920712,10,99,1,0,961831.572492529,98,4,96,0,19,81,0,1,98,1,24,76,0,39,61,0,20,80,0,16,84,0,7,93,0,13,86,1,3,97,0,15,85,0,29,71,0,8,92,0,5,3,92,11,89,0,1,10,89,0,1,0,99,29,71,0,75,25,0,54,45,1,69,30,1,18,82,0,29,71,0,69,31,0,47,13,5,4,31,20,80,0,4,0,3,6,81,6,0,12,26,35,27,0,1,3,13,15,67,1,2,7,13,26,52,0,19,33,29,14,5,3,5,11,81,0,39,53,3,0,5,100,0,0,0,0,0,0,0,43,29,24,4,10.44536271809,23.6750755663247,20.4081632653061,7.63603548321213,3.12174817898023,1.70062611301145,0.01,0.0195013954179879,0.00853605489153445,0.000183850848679425,0.01,0.0195013954179879,0.00853605489153445,0.000183850848679425,0.00142267747901551,0.00088114097477148
NO,NOR,Norway,2,2020-07-11,2020-07-10,100,1,10317.1376455915,1,10317.1376455915,16,99,0,0,676631.365424565,100,3,95,2,17,81,2,4,95,1,26,73,1,32,67,1,20,80,0,11,87,2,6,93,1,12,87,1,1,97,2,5,94,1,28,70,2,6,94,0,6,0,94,10,90,0,0,10,90,0,0,0,100,37,62,1,85,15,0,55,44,1,66,33,1,10,89,1,24,75,1,61,39,0,37,16,4,4,39,19,81,0,0,1,2,2,91,4,0,13,24,29,34,0,0,2,7,14,74,3,2,2,14,15,67,0,16,40,29,12,3,2,3,14,81,0,39,59,0,0,2,0,100,0,0,0,0,0,0,51,26,19,4,21.1388259007307,36.0157672883136,64,43.3589667773576,2.79224376731302,2.17015565197153,0.01,0.0195013954179879,0.0152477969139338,0.000291970556854089,0.01,0.0195013954179879,0.0152477969139338,0.000291970556854089,0.00227628396642481,0.00111408848846795
NO,NOR,Norway,3,2020-07-11,2020-07-10,100,2,12246.7170195151,1,4099.93619187583,10,99,2,0,541584.697870181,99,3,97,0,12,87,1,4,95,1,12,87,1,24,76,0,17,82,1,15,84,1,5,94,1,9,90,1,3,96,1,7,92,1,24,75,1,7,93,0,5,2,93,9,91,0,2,7,91,0,1,1,98,23,76,1,76,24,0,60,40,0,74,26,0,15,85,0,21,79,0,64,36,0,42,11,6,5,36,19,81,0,1,1,1,2,93,2,0,14,16,40,30,0,0,2,1,10,87,0,0,2,3,19,76,0,9,43,39,9,0,1,6,7,86,0,40,58,0,1,1,0,0,100,0,0,0,0,0,45,27,25,3,9.93923611111111,14.5372853504877,27.7777777777778,13.6082763487954,3.48307291666667,2.16310079479167,0.02,0.0274394957835608,0.0226127456474974,0.000395935901286187,0.01,0.0195013954179879,0.0075702585542005,0.000230844823440368,0.00142267747901551,0.00088114097477148
NO,NOR,Norway,4,2020-07-11,2020-07-11,111,2,3487.15908772324,1,1999.3511316469,4,110,2,0,374055.953836488,110,2,109,0,16,95,0,3,108,0,12,99,0,33,78,0,20,91,0,12,99,0,1,110,0,10,101,0,3,108,0,5,106,0,21,90,0,4,107,0,3,1,107,10,101,0,2,7,102,0,2,0,109,27,81,3,90,19,2,60,48,3,80,29,2,9,99,3,18,90,3,77,34,0,47,19,8,3,34,16,95,0,0,1,3,3,101,3,0,15,13,45,38,0,0,0,1,10,99,1,0,0,7,17,87,0,10,46,38,17,0,1,1,8,101,0,45,64,0,1,1,0,0,0,111,0,0,0,0,56,27,25,3,20.139987244898,38.4236080076848,49.3333333333333,21.3619599600162,2.88916062538213,1.93305078326356,0.018018018018018,0.0247452513571082,0.0093225600393667,0.000307973633020332,0.00900900900900901,0.0175776157070447,0.00534505897083216,0.000233664253358533,0.000512163892445583,0.0005017828447802
NO,NOR,Norway,5,2020-07-11,2020-07-11,119,0,0,0,0,11,119,1,0,336756.940808304,113,0,119,0,8,111,0,1,118,0,4,115,0,11,108,0,15,104,0,2,117,0,2,117,0,2,117,0,0,119,0,4,115,0,13,106,0,9,110,0,7,2,110,9,110,0,1,8,110,0,1,0,118,24,94,1,94,25,0,64,55,0,71,48,0,7,112,0,10,109,0,66,53,0,48,11,6,1,53,16,103,0,0,0,1,4,102,12,0,28,21,42,28,0,0,0,5,5,109,0,1,1,2,15,100,0,13,48,35,22,1,0,1,6,112,0,44,74,0,0,1,0,0,0,0,119,0,0,0,57,20,39,3,24.879684418146,40.9524343276523,16.1604938271605,8.81481481481482,2.47229916897507,1.70233152563551,0,0,0,0,0,0,0,0,0.00130192922239318,0.000768875865589763
NO,NOR,Norway,6,2020-07-11,2020-07-11,106,0,0,0,0,5,106,2,0,397299.261049174,101,0,106,0,10,96,0,3,103,0,0,106,0,15,91,0,15,91,0,3,103,0,2,104,0,2,104,0,2,104,0,3,103,0,9,97,0,3,103,0,1,2,103,5,96,5,2,3,101,0,2,0,104,9,95,2,83,23,0,50,56,0,59,47,0,9,97,0,12,94,0,51,55,0,37,11,3,0,55,8,98,0,2,1,0,1,83,19,0,26,21,42,17,0,0,0,2,6,98,0,0,0,3,5,98,0,7,54,32,12,1,0,1,6,99,0,52,51,0,0,3,0,0,0,0,0,106,0,0,40,28,33,5,72.3579604578564,111.815506137357,58.8888888888889,40.7994190227336,2.5334,1.72371235501411,0,0,0,0,0,0,0,0,0.00066436353972894,0.000582136146287427
NO,NOR,Norway,7,2020-07-11,2020-07-09,100,0,0,0,0,0,100,1,0,341445.06205877,96,0,100,0,7,93,0,3,97,0,5,95,0,11,89,0,13,87,0,1,99,0,1,99,0,1,99,0,1,99,0,2,98,0,4,96,0,0,100,0,0,0,100,6,88,6,1,5,94,0,1,0,99,3,95,2,68,32,0,40,59,1,53,47,0,3,97,0,14,86,0,48,52,0,37,10,1,0,52,18,82,0,2,0,1,5,74,18,0,34,25,31,9,1,0,1,0,3,95,1,0,2,4,13,81,0,7,37,39,13,4,0,0,4,95,1,50,49,0,0,1,0,0,0,0,0,0,100,0,44,30,21,5,59.8639455782313,63.6845155835018,0,0,1.91929702855822,1.13052798768241,0,0,0,0,0,0,0,0,0,0
NO,NOR,Norway,1,2020-07-12,2020-07-10,100,1,4453.98185788124,1,4453.98185788124,15,99,3,0,958573.385902831,98,3,97,0,21,79,0,4,96,0,24,76,0,38,62,0,17,83,0,15,85,0,5,95,0,12,88,0,3,97,0,14,86,0,27,73,0,9,91,0,6,3,91,13,86,1,3,10,87,0,3,0,97,29,71,0,83,17,0,57,42,1,75,25,0,21,79,0,32,68,0,77,23,0,51,14,7,5,23,19,81,0,1,0,4,7,82,6,0,11,19,42,28,0,0,4,10,13,72,1,0,4,18,26,52,0,17,37,35,10,1,3,4,8,85,0,39,55,2,0,4,100,0,0,0,0,0,0,0,39,32,22,7,24.9467455621302,44.6630152811127,23.4375,10.4315370049535,3.41783612494341,2.24386582360698,0.01,0.0195013954179879,0.00464646935058213,0.000136139962478448,0.01,0.0195013954179879,0.00464646935058213,0.000136139962478448,0.00213401621852326,0.0010787884457632
NO,NOR,Norway,2,2020-07-12,2020-07-12,103,1,4128.12223959839,1,4128.12223959839,11,102,1,0,684038.40245305,101,1,102,0,13,90,0,3,100,0,25,78,0,27,76,0,18,85,0,12,91,0,3,100,0,8,95,0,1,102,0,5,98,0,27,76,0,9,94,0,8,1,94,10,92,1,1,9,93,0,0,1,102,24,79,0,77,26,0,55,48,0,73,30,0,20,83,0,22,80,1,64,39,0,37,15,7,5,39,23,80,0,0,2,1,2,94,4,0,12,13,43,34,1,0,2,6,16,78,1,1,4,7,12,79,0,15,41,37,9,1,1,6,11,85,0,39,59,0,0,5,0,103,0,0,0,0,0,0,42,29,26,6,12.247063011748,17.4014114346744,17.703125,6.66344555739961,4.3678393027952,7.42963316660454,0.00970873786407767,0.018936178546626,0.00603492760756473,0.000183539457322629,0.00970873786407767,0.018936178546626,0.00603492760756473,0.000183539457322629,0.00151891742612538,0.000896924389444083
NO,NOR,Norway,3,2020-07-12,2020-07-11,100,1,2480.78036989968,1,2480.78036989968,12,100,2,0,489848.845501587,100,1,99,0,15,85,0,1,98,1,13,87,0,31,69,0,14,86,0,14,86,0,6,94,0,5,95,0,4,96,0,6,94,0,17,83,0,6,94,0,3,3,94,10,88,2,2,8,90,0,1,1,98,24,76,0,77,23,0,51,49,0,66,34,0,13,87,0,19,81,0,57,43,0,37,10,8,2,43,11,89,0,0,0,1,3,92,4,0,15,15,44,26,0,1,0,2,9,87,1,2,1,4,10,83,0,9,48,26,17,0,2,4,8,86,0,42,53,1,0,4,0,0,100,0,0,0,0,0,42,36,21,1,15.625,27.7818407194136,33.3333333333333,14.9071198499986,3.35276967930029,1.92719698061219,0.01,0.0195013954179879,0.00506437933391361,0.000198782272152615,0.01,0.0195013954179879,0.00506437933391361,0.000198782272152615,0.00169014084507042,0.000955461177500561
NO,NOR,Norway,4,2020-07-12,2020-07-12,184,0,0,0,0,10,182,3,0,591425.651917277,183,2,182,0,15,169,0,3,181,0,16,168,0,34,150,0,19,165,0,13,171,0,4,180,0,6,178,0,2,182,0,6,178,0,35,149,0,9,175,0,7,2,175,20,163,1,3,16,165,0,2,1,181,42,142,0,148,36,0,83,101,0,119,65,0,23,161,0,29,155,0,100,84,0,61,24,8,7,84,36,148,0,0,0,1,9,163,11,0,35,29,57,62,1,0,0,5,6,173,0,2,0,7,12,163,0,17,93,43,27,4,2,4,15,161,2,71,109,0,1,3,0,0,0,184,0,0,0,0,75,50,57,2,28.0650969529086,50.8093184526154,37.5510204081633,29.8051984430134,3.59956526989494,7.69316581226956,0,0,0,0,0,0,0,0,0.000773874013310633,0.00047945764142867
NO,NOR,Norway,5,2020-07-12,2020-07-12,201,1,2732.23929511074,1,2732.23929511074,22,201,6,0,572623.814804636,198,2,199,0,23,178,0,7,194,0,14,187,0,26,175,0,29,172,0,13,188,0,5,196,0,5,196,0,3,198,0,2,199,0,19,182,0,12,189,0,9,3,189,22,175,4,6,16,179,0,5,1,195,49,148,4,151,48,2,96,104,1,132,68,1,18,181,2,17,182,2,110,91,0,78,19,8,5,91,36,165,0,0,0,2,8,180,11,0,34,29,80,58,0,1,0,3,15,181,1,1,1,7,20,172,0,22,70,75,33,1,0,2,16,183,0,85,109,1,0,6,0,0,0,0,201,0,0,0,72,46,76,7,59.4519215264714,83.0058215654342,29.3125,24.8699172513885,2.63330559209643,2.23731869533842,0.00497512437810945,0.00972677797519114,0.00477143846356252,0.000178484072688605,0.00497512437810945,0.00972677797519114,0.00477143846356252,0.000178484072688605,0.00154158783547053,0.000643680000339988
NO,NOR,Norway,6,2020-07-12,2020-07-12,160,1,3333.98515640268,0,0,13,159,2,0,497932.671478115,155,1,159,0,15,144,1,1,159,0,6,154,0,19,140,1,25,134,1,6,153,1,3,157,0,2,158,0,1,159,0,3,157,0,15,145,0,12,148,0,6,6,148,15,143,2,2,13,145,0,1,1,158,7,151,2,117,42,1,67,92,1,102,57,1,14,145,1,21,138,1,90,69,1,70,14,5,1,70,23,137,0,2,2,3,5,118,30,0,40,35,64,21,0,0,2,3,10,143,2,0,2,5,15,137,1,13,86,44,16,1,0,2,10,148,0,57,99,0,1,3,0,0,0,0,0,160,0,0,61,38,55,6,32.7272727272727,42.0135156675887,15.8677685950413,7.84523476320864,2.17352300397283,1.31694692995772,0.00625,0.0122114343557982,0.00669565454804509,0.000226516825475429,0,0,0,0,0.0011515634688635,0.000625624994800538
NO,NOR,Norway,7,2020-07-12,2020-07-10,100,0,0,0,0,1,98,1,0,335947.237693703,96,0,99,1,8,92,0,5,95,0,8,92,0,14,86,0,14,86,0,1,98,1,4,96,0,1,98,1,0,100,0,3,97,0,5,95,0,3,97,0,3,0,97,7,87,6,1,6,93,0,1,0,99,2,95,3,64,36,0,40,59,1,54,45,1,5,93,2,15,85,0,49,51,0,36,12,1,0,51,18,82,0,1,0,1,4,83,11,0,36,25,27,12,0,0,0,0,3,95,2,0,2,4,10,84,0,7,38,35,14,6,0,0,6,93,1,61,38,0,0,1,0,0,0,0,0,0,100,0,30,30,36,4,60.1239669421488,57.5290050243401,100,0,2.06758034026465,1.2383756283225,0,0,0,0,0,0,0,0,0.000143719459614832,0.000281664722189836
NO,NOR,Norway,1,2020-07-13,2020-07-11,100,1,4453.98185788124,1,4453.98185788124,11,100,3,0,839003.326232945,98,2,98,0,17,83,0,5,95,0,27,73,0,34,66,0,22,78,0,15,85,0,5,95,0,13,87,0,2,98,0,9,91,0,30,70,0,6,94,0,4,2,94,13,86,1,3,10,87,0,3,0,97,32,68,0,84,16,0,60,39,1,79,21,0,19,81,0,24,76,0,73,27,0,43,15,10,5,27,20,80,0,0,1,3,3,87,6,0,9,15,43,33,0,0,1,9,16,72,2,0,2,18,21,59,0,9,46,35,8,2,2,4,7,87,0,46,50,0,0,4,100,0,0,0,0,0,0,0,43,30,18,9,23.4104671280277,41.454522269146,30.5555555555556,16.3865346708363,3.2258064516129,2.1853194749921,0.01,0.0195013954179879,0.00530865816453821,0.000155490120145083,0.01,0.0195013954179879,0.00530865816453821,0.000155490120145083,0.00154929577464789,0.000914848959976437
NO,NOR,Norway,2,2020-07-13,2020-07-12,100,1,5423.31489829551,1,5423.31489829551,15,100,3,0,612673.804007617,99,2,98,0,12,88,0,3,97,0,19,81,0,37,63,0,20,80,0,10,90,0,3,97,0,13,87,0,2,98,0,3,97,0,33,67,0,8,92,0,5,3,92,11,88,1,3,8,89,0,3,0,97,27,73,0,80,20,0,54,46,0,69,31,0,16,84,0,31,68,1,67,33,0,40,15,6,6,33,16,84,0,1,0,3,5,89,2,0,10,12,48,30,0,0,1,10,8,81,0,2,1,7,18,72,0,12,44,33,8,3,2,2,7,89,0,33,62,0,1,4,0,100,0,0,0,0,0,0,44,32,21,3,10.9112426035503,23.4941813848454,23.4375,16.9525335232567,3.18843660325221,1.84107034867167,0.01,0.0195013954179879,0.00885187984669912,0.000234541917349521,0.01,0.0195013954179879,0.00885187984669912,0.000234541917349521,0.00211267605633803,0.00106801198126762
NO,NOR,Norway,3,2020-07-13,2020-07-12,100,0,0,0,0,11,99,1,0,603671.040188453,98,1,98,1,8,91,1,3,97,0,14,86,0,30,70,0,13,87,0,10,90,0,5,94,1,2,98,0,4,96,0,6,94,0,25,75,0,5,95,0,4,1,95,9,90,1,1,8,91,0,0,1,99,21,78,1,69,30,1,50,49,1,74,26,0,12,87,1,17,82,1,68,32,0,41,22,4,1,32,13,87,0,0,0,1,1,92,6,0,11,16,42,31,0,0,0,8,6,86,0,0,0,9,16,75,0,10,47,29,14,0,0,4,11,85,0,44,54,0,0,2,0,0,100,0,0,0,0,0,33,42,23,2,18.8802083333333,36.7397478754407,68.75,51.5388203202208,3.58184089962516,2.54731436230407,0,0,0,0,0,0,0,0,0.00156494522691706,0.00092408261656366
NO,NOR,Norway,4,2020-07-13,2020-07-13,181,1,4858.09833454727,1,4858.09833454727,18,180,3,0,625168.470030154,179,2,179,0,28,153,0,3,178,0,15,166,0,32,149,0,29,152,0,15,166,0,5,176,0,6,175,0,4,177,0,5,176,0,32,149,0,8,173,0,5,3,173,16,164,1,3,13,165,0,3,0,178,43,138,0,131,50,0,79,102,0,131,50,0,18,163,0,24,157,0,120,61,0,71,32,10,7,61,26,155,0,0,0,2,4,163,12,0,26,32,73,49,1,2,1,3,13,160,2,2,4,2,20,153,0,19,71,69,22,0,1,7,12,161,0,78,102,0,0,1,0,0,0,181,0,0,0,0,67,65,45,4,31.1480888888889,53.349426381614,66.4897959183674,63.0849690013159,2.71869387755102,1.88647737245382,0.00552486187845304,0.0107985758032751,0.0077708626833227,0.00021766578288331,0.00552486187845304,0.0107985758032751,0.0077708626833227,0.00021766578288331,0.00140845070422535,0.000650200700394739
NO,NOR,Norway,5,2020-07-13,2020-07-13,176,0,0,0,0,6,176,3,0,452581.455307082,171,0,174,2,16,158,2,6,168,2,17,158,1,24,150,2,31,144,1,13,161,2,1,173,2,6,168,2,1,173,2,7,167,2,24,150,2,3,173,0,1,2,173,13,160,3,3,9,164,0,3,0,173,34,141,1,116,59,1,73,102,1,116,59,1,23,152,1,25,150,1,101,75,0,68,19,8,6,75,30,146,0,0,0,6,6,152,12,0,37,30,65,44,0,0,0,5,8,160,3,0,1,5,13,157,0,13,69,69,23,2,0,2,10,164,0,72,103,0,1,0,0,0,0,0,176,0,0,0,80,38,50,8,29.7148803329865,58.2958217330333,117.333333333333,101.613647377374,2.53174603174603,1.73649137687811,0,0,0,0,0,0,0,0,0.000480153649167734,0.000384103629188294
NO,NOR,Norway,6,2020-07-13,2020-07-13,167,0,0,0,0,13,167,0,0,545683.258176831,162,0,165,2,15,150,2,0,165,2,10,155,2,20,146,1,17,149,1,13,152,2,1,164,2,1,164,2,1,164,2,5,161,1,16,150,1,3,164,0,2,1,164,16,149,2,0,16,151,0,0,0,167,14,147,6,111,56,0,82,85,0,99,68,0,15,151,1,19,148,0,81,86,0,53,23,4,1,86,21,146,0,0,2,1,7,132,25,0,40,35,66,26,0,0,0,1,9,155,2,0,1,5,15,146,0,13,77,55,19,3,1,0,5,160,1,68,96,0,0,3,0,0,0,0,0,167,0,0,60,44,57,6,40.0633069554352,67.8306214148805,241.222222222222,224.974154894224,2.42671875,2.24424950314145,0,0,0,0,0,0,0,0,0.00109639875179219,0.000595671383451763
NO,NOR,Norway,7,2020-07-13,2020-07-11,100,0,0,0,0,2,97,1,0,347154.07168373,96,0,99,1,6,93,1,4,96,0,9,91,0,12,88,0,15,85,0,1,98,1,4,96,0,2,97,1,0,100,0,3,97,0,4,96,0,4,95,1,3,1,96,9,88,3,1,7,92,0,1,0,99,1,97,2,60,40,0,44,56,0,57,42,1,9,89,2,5,95,0,47,53,0,34,10,3,0,53,14,86,0,1,1,0,3,84,11,0,29,23,35,13,0,0,0,0,6,92,2,0,1,3,12,84,0,8,35,36,18,3,0,0,6,94,0,61,37,0,0,2,0,0,0,0,0,0,100,0,22,36,34,8,31.75,34.7651897888194,50,0,2.27160493827161,1.76988816678703,0,0,0,0,0,0,0,0,0.000290402207056774,0.000402411086096449
NO,NOR,Norway,1,2020-07-14,2020-07-13,100,0,0,0,0,14,100,3,0,872540.178122664,96,0,100,0,17,83,0,1,99,0,28,72,0,31,69,0,24,76,0,12,88,0,2,97,1,11,89,0,0,100,0,9,91,0,31,69,0,8,92,0,5,3,92,13,87,0,3,10,87,0,3,0,97,33,67,0,79,21,0,62,38,0,73,27,0,14,86,0,28,72,0,65,35,0,41,15,6,3,35,19,81,0,1,2,4,2,86,5,0,13,16,40,31,0,1,1,5,12,80,1,1,5,11,15,68,0,15,47,26,12,0,1,5,9,85,0,43,51,1,1,4,100,0,0,0,0,0,0,0,49,20,23,8,13.0739210284665,29.0018762518822,21.875,11.080065755349,2.95987975488496,1.53428393898243,0,0,0,0,0,0,0,0,0.00197183098591549,0.00103187041240234
NO,NOR,Norway,2,2020-07-14,2020-07-14,197,3,35176.6972637805,2,30614.5957365308,30,196,9,2,1203687.25213641,195,4,193,0,32,165,0,5,192,0,32,165,0,63,134,0,43,154,0,19,178,0,7,190,0,19,178,0,5,192,0,11,186,0,51,146,0,13,184,0,5,8,184,42,155,0,9,33,155,2,4,3,188,63,133,1,155,41,1,104,93,0,129,68,0,20,177,0,44,153,0,126,71,0,77,28,10,11,71,35,162,0,0,4,4,13,166,10,0,28,42,76,51,0,2,4,7,28,154,2,1,3,25,31,136,1,27,92,55,20,3,3,6,22,166,0,86,102,0,1,8,0,197,0,0,0,0,0,0,97,53,44,3,14.0986177170036,24.2688623207725,41.0416666666667,25.7199736674544,3.15510848126233,4.2461049713726,0.0152284263959391,0.0171005565126729,0.0292241171461655,0.000300899488720831,0.0101522842639594,0.0139984856131613,0.025434011768583,0.000281257634464104,0.00215579189422248,0.000770594080806086
NO,NOR,Norway,3,2020-07-14,2020-07-14,171,1,1781.06787344719,1,1781.06787344719,25,170,4,0,880599.581176166,165,2,168,1,24,146,1,2,168,1,22,148,1,39,131,1,19,151,1,22,148,1,1,169,1,9,160,2,1,169,1,9,161,1,22,148,1,14,157,0,8,6,157,28,143,0,4,24,143,0,3,1,167,35,135,1,134,37,0,83,85,3,117,53,1,13,156,2,25,145,1,101,70,0,65,27,4,5,70,35,136,0,0,3,9,9,143,7,0,26,34,62,48,1,0,1,4,20,143,3,0,1,7,22,141,0,30,70,52,19,0,1,5,15,150,0,73,96,0,0,2,0,0,171,0,0,0,0,0,69,45,50,7,19.305798816568,33.8193190722776,25.2958579881657,13.6503912622052,3.5602734375,2.13656505938503,0.00584795321637427,0.0114282145766987,0.00202256270786357,9.38361569077646e-05,0.00584795321637427,0.0114282145766987,0.00202256270786357,9.38361569077646e-05,0.00207125103562552,0.000811074210307899
NO,NOR,Norway,4,2020-07-14,2020-07-14,303,1,4086.79305465856,1,4086.79305465856,38,299,8,0,1029884.34083253,299,2,301,0,30,273,0,7,296,0,27,276,0,63,240,0,58,245,0,28,275,0,5,298,0,17,286,0,6,297,0,8,295,0,50,253,0,23,279,1,20,3,280,35,265,3,8,27,268,0,7,1,295,70,231,2,222,81,0,132,170,1,194,107,2,25,276,2,37,265,1,176,127,0,116,37,16,7,127,55,248,0,2,1,5,5,268,22,0,42,57,132,71,1,2,2,9,16,272,2,0,5,16,37,245,0,34,127,96,45,1,3,6,20,274,0,115,185,1,0,2,0,0,0,303,0,0,0,0,118,84,95,6,21.602688,37.2916212669332,28.785,20.7958820569438,3.17536340132146,6.10259916126654,0.0033003300330033,0.00645784504155736,0.00396820583887595,0.000121419254028663,0.0033003300330033,0.00645784504155736,0.00396820583887595,0.000121419254028663,0.00179000423948373,0.000568618924409957
NO,NOR,Norway,5,2020-07-14,2020-07-14,318,1,4656.37381844207,0,0,18,318,6,1,907486.342117482,308,3,314,1,32,285,1,8,309,1,24,293,1,43,274,1,50,268,0,25,292,1,4,313,1,14,302,2,3,314,1,12,305,1,40,277,1,12,306,0,8,4,306,36,281,1,6,29,283,1,4,1,312,61,255,2,221,96,1,144,171,3,201,117,0,21,296,1,42,274,2,174,144,0,122,34,11,7,144,47,271,0,1,2,6,6,268,35,0,54,65,124,75,0,0,3,4,24,284,3,1,4,8,26,278,1,38,131,105,42,2,2,1,17,298,0,119,195,0,0,4,0,0,0,0,318,0,0,0,112,87,105,14,38.2206832871653,69.3550757716937,35.3333333333333,34.5209642057833,2.86605850620587,4.43955686559351,0.00314465408805031,0.00615371023151403,0.00513106765615571,0.000146999158053767,0,0,0,0,0.000797236247674728,0.000368150748821662
NO,NOR,Norway,6,2020-07-14,2020-07-14,279,2,6854.85033717491,1,2489.46600210888,13,277,3,0,988745.586913154,272,4,274,1,23,255,1,5,273,1,14,264,1,37,241,1,39,240,0,21,257,1,2,276,1,5,273,1,5,273,1,11,267,1,18,260,1,11,267,1,9,2,268,17,258,4,3,13,263,0,3,0,276,20,257,2,199,80,0,127,152,0,171,107,1,20,258,1,26,252,1,134,145,0,93,32,5,4,145,28,251,0,1,2,3,11,223,39,0,65,54,112,48,0,0,0,5,12,257,5,0,2,6,21,250,0,26,126,89,34,4,0,1,15,262,1,121,156,0,1,1,0,0,0,0,0,279,0,0,94,72,103,10,52.3742621015348,87.5580100626419,33.48,22.0078167931306,2.26327717969625,1.90917276500175,0.00716845878136201,0.00989912181314139,0.00693287578514067,0.000163550480298747,0.003584229390681,0.00701235968187863,0.00251780239028014,9.87800426710577e-05,0.000661005745665328,0.000359201437781387
NO,NOR,Norway,7,2020-07-14,2020-07-13,100,0,0,0,0,1,99,0,0,379080.615339675,96,0,100,0,9,91,0,6,94,0,5,94,1,13,86,1,19,81,0,1,99,0,2,97,1,1,99,0,1,99,0,4,95,1,5,95,0,2,98,0,0,1,99,2,95,3,0,2,98,0,0,0,100,3,96,1,62,37,1,41,57,2,59,40,1,8,91,1,12,87,1,49,51,0,39,5,3,2,51,16,84,0,0,0,0,3,81,16,0,15,30,40,15,0,0,0,1,8,91,0,0,0,2,9,89,0,9,37,32,20,2,0,0,9,90,1,57,40,0,0,3,0,0,0,0,0,0,100,0,35,37,22,6,55.1724137931035,96.8854191315297,100,0,2.24930747922438,1.94587289394845,0,0,0,0,0,0,0,0,0.000142267747901551,0.000278819826397772
NO,NOR,Norway,1,2020-07-15,2020-07-14,100,0,0,0,0,13,100,3,0,871129.252256452,97,0,100,0,21,79,0,4,96,0,28,72,0,32,68,0,25,75,0,18,82,0,4,96,0,11,89,0,3,97,0,8,91,1,33,67,0,10,90,0,4,6,90,9,91,0,3,6,91,0,3,0,97,29,71,0,81,19,0,54,46,0,68,32,0,13,87,0,26,74,0,61,39,0,43,12,5,1,39,14,86,0,2,1,0,4,91,2,0,15,12,49,24,0,1,1,15,11,72,0,2,10,14,14,60,0,9,51,27,12,1,3,6,8,83,0,40,56,0,1,3,100,0,0,0,0,0,0,0,47,19,27,7,16.2878787878788,32.0356234265329,13,6.74948557710553,2.99909461294704,1.63594424253406,0,0,0,0,0,0,0,0,0.00183098591549296,0.000994405368977474
NO,NOR,Norway,2,2020-07-15,2020-07-15,114,0,0,0,0,11,114,0,0,707000.36380667,113,0,114,0,12,102,0,0,114,0,17,97,0,35,79,0,24,90,0,8,106,0,4,110,0,12,102,0,3,111,0,5,109,0,27,87,0,7,107,0,5,2,107,12,102,0,0,12,102,0,0,0,114,31,83,0,96,18,0,57,57,0,83,31,0,10,104,0,20,94,0,80,34,0,57,14,4,5,34,17,97,0,0,1,2,3,108,0,0,9,20,52,33,0,0,1,6,13,93,1,0,5,7,19,83,0,14,54,34,11,1,1,2,5,106,0,47,65,0,0,2,0,114,0,0,0,0,0,0,43,41,28,2,12.9697265625,27.7686965387958,25.5918367346939,18.4662642527365,2.86272321428571,1.97771969766454,0,0,0,0,0,0,0,0,0.00135903138127008,0.000802575546019586
NO,NOR,Norway,3,2020-07-15,2020-07-15,134,0,0,0,0,14,133,2,0,662876.028830514,133,0,134,0,16,118,0,3,131,0,17,117,0,27,107,0,27,107,0,16,118,0,6,128,0,8,126,0,4,130,0,6,128,0,29,105,0,9,125,0,8,1,125,22,112,0,2,20,112,0,1,1,132,35,99,0,113,21,0,64,70,0,87,47,0,12,122,0,17,117,0,80,54,0,52,20,6,2,54,23,111,0,0,2,0,4,122,6,0,25,26,49,33,1,0,1,6,13,113,1,2,2,7,11,112,0,14,57,46,16,1,1,1,9,123,0,60,71,0,0,3,0,0,134,0,0,0,0,0,56,45,31,2,17.7805325987144,38.1285713230474,29.3125,14.8472881121676,3.17021152613484,1.90251487986092,0,0,0,0,0,0,0,0,0.00148257968865827,0.000776032557969286
NO,NOR,Norway,4,2020-07-15,2020-07-15,215,3,8188.45601370121,2,6013.23996777041,19,213,7,0,732757.975736929,211,4,210,1,28,186,1,6,208,1,21,193,1,32,183,0,28,186,1,15,199,1,4,209,2,11,203,1,5,209,1,9,204,2,36,178,1,11,203,1,8,3,204,21,192,2,7,14,194,0,7,0,208,54,160,1,172,43,0,123,92,0,123,92,0,20,195,0,31,184,0,112,103,0,76,22,7,7,103,30,185,0,2,1,2,6,193,11,0,56,33,76,49,1,1,1,5,13,193,2,0,3,5,24,183,0,30,102,61,20,2,4,6,11,194,0,82,130,0,0,3,0,0,0,215,0,0,0,0,92,57,56,10,16.277508650519,31.5668905498893,38.7,55.3274093214405,2.98094482891196,1.55689646950579,0.013953488372093,0.0156790216201223,0.0111748439250575,0.000240684598370009,0.00930232558139535,0.0128320251076304,0.0082063111789714,0.000206562972538948,0.0012563644779475,0.000564565001323914
NO,NOR,Norway,5,2020-07-15,2020-07-15,239,4,7353.29375477186,2,4397.09872052954,38,239,3,0,603258.589353924,234,4,234,1,20,218,1,7,231,1,11,227,1,31,208,0,27,212,0,22,216,1,5,233,1,6,232,1,1,237,1,9,229,1,22,216,1,12,227,0,10,2,227,26,209,4,3,23,213,0,3,0,236,46,192,1,178,60,1,105,133,1,157,82,0,22,215,2,31,208,0,129,110,0,87,32,7,3,110,38,201,0,2,0,3,7,204,23,0,33,56,94,56,0,0,0,4,19,215,1,0,1,5,24,209,0,22,101,73,41,2,0,0,16,223,0,93,144,0,1,1,0,0,0,0,239,0,0,0,87,56,91,5,26.0560628195763,46.3933377624317,63.0694444444444,55.5809859725743,2.39622570791402,1.55558858961293,0.0167364016736402,0.0162635431543936,0.0121892897747997,0.000276899645685632,0.00836820083682008,0.0115488944037995,0.00728891191626253,0.000214654066953873,0.0022393776887265,0.000711208305493005
NO,NOR,Norway,6,2020-07-15,2020-07-15,201,0,0,0,0,12,200,5,0,716123.272303108,199,0,200,1,29,172,0,2,198,1,9,192,0,30,170,1,33,168,0,10,191,0,2,198,1,3,197,1,1,199,1,7,194,0,13,188,0,7,194,0,6,1,194,15,180,6,5,10,186,0,5,0,196,24,176,1,151,50,0,97,104,0,119,82,0,10,191,0,28,173,0,95,106,0,78,15,0,2,106,20,181,0,1,2,2,3,163,30,0,40,47,77,37,0,0,1,3,8,187,2,0,1,3,15,181,1,21,88,63,27,2,1,3,9,188,0,95,105,0,0,1,0,0,0,0,0,201,0,0,82,48,67,4,48.38525390625,74.5158173547444,61.4166666666667,71.5886978975499,2.30998027613412,1.85997164621161,0,0,0,0,0,0,0,0,0.000845070422535211,0.000477932745719093
NO,NOR,Norway,7,2020-07-15,2020-07-14,100,0,0,0,0,0,98,0,0,366221.717368186,98,0,100,0,4,96,0,2,98,0,4,95,1,11,88,1,18,82,0,1,99,0,2,97,1,1,99,0,1,99,0,5,94,1,7,93,0,1,98,1,0,0,100,4,95,1,0,4,96,0,0,0,100,10,87,3,66,33,1,44,55,1,59,40,1,5,94,1,21,78,1,58,41,1,44,10,2,2,42,18,82,0,1,0,0,4,77,18,0,16,21,45,18,0,0,0,2,6,90,2,0,0,2,10,87,1,12,37,33,16,2,0,0,7,92,1,58,40,0,0,2,0,0,0,0,0,0,100,0,37,30,25,8,66.4930555555556,105.955503822395,0,0,2.10302457466919,1.50133363221637,0,0,0,0,0,0,0,0,0,0
NO,NOR,Norway,1,2020-07-16,2020-07-14,100,2,15692.4914169612,2,15692.4914169612,19,97,3,0,969739.140300444,99,2,98,0,21,79,0,5,95,0,26,74,0,38,62,0,24,76,0,22,78,0,7,93,0,16,84,0,4,96,0,5,94,1,34,66,0,16,84,0,8,8,84,12,88,0,3,9,88,0,3,0,97,30,70,0,83,17,0,54,46,0,72,28,0,21,79,0,27,73,0,69,31,0,45,15,6,3,31,19,81,0,1,2,1,3,90,3,0,11,15,50,24,0,0,1,15,11,70,3,1,11,13,15,60,0,6,52,29,12,1,2,7,9,82,0,48,48,0,1,3,100,0,0,0,0,0,0,0,44,20,31,5,11.8801652892562,20.8676488274762,11.2426035502959,7.44167632343727,2.81440443213296,1.90195282175293,0.02,0.0274394957835608,0.0161821780361462,0.000251128763845946,0.02,0.0274394957835608,0.0161821780361462,0.000251128763845946,0.00275882096703935,0.00123878206847378
NO,NOR,Norway,2,2020-07-16,2020-07-16,101,2,12671.840607921,1,9166.15984176019,10,101,6,0,634142.882472652,100,4,97,0,12,89,0,1,100,0,29,72,0,26,75,0,19,82,0,11,90,0,5,96,0,10,91,0,1,100,0,3,98,0,20,81,0,7,94,0,5,2,94,18,83,0,6,12,83,0,5,1,95,32,68,1,79,22,0,45,55,1,76,25,0,8,91,2,24,76,1,69,32,0,46,16,5,2,32,25,76,0,2,0,0,5,89,5,0,12,19,40,30,0,0,1,6,10,83,1,1,1,12,14,73,0,15,38,32,16,0,0,5,12,84,0,37,60,0,1,3,0,101,0,0,0,0,0,0,43,34,22,2,15.0276816608997,23.965777592251,20.6122448979592,11.3523392913448,2.52394835485215,1.93021302435668,0.0198019801980198,0.0271705622473482,0.0199826268782059,0.000344427410677474,0.0099009900990099,0.0193092777830645,0.014454407823706,0.000293760258557696,0.00139450564774787,0.000863704821785919
NO,NOR,Norway,3,2020-07-16,2020-07-16,112,1,3267.04565428085,0,0,16,111,2,0,591245.970257924,111,2,110,0,11,101,0,4,108,0,16,96,0,29,83,0,19,93,0,6,106,0,3,109,0,4,108,0,0,112,0,6,106,0,23,89,0,7,105,0,4,3,105,22,90,0,2,19,91,0,1,1,110,31,81,0,93,19,0,67,44,1,79,33,0,10,102,0,19,93,0,71,41,0,48,14,5,4,41,19,93,0,2,1,1,4,101,3,0,17,15,50,30,0,1,0,5,9,97,0,2,1,6,14,89,0,10,58,31,12,1,1,0,15,96,0,38,72,0,1,1,0,0,112,0,0,0,0,0,56,26,28,2,20.5397923875433,42.3992706575758,49.7777777777778,34.7554418867138,3.22115702479339,1.8010427006178,0.00892857142857143,0.0174213797031353,0.00552569627300063,0.000188953213331792,0,0,0,0,0.0020301992132978,0.000993769021720005
NO,NOR,Norway,4,2020-07-16,2020-07-16,191,0,0,0,0,23,191,6,0,694129.832870708,187,1,189,1,24,166,1,4,186,1,17,172,2,19,171,1,28,163,0,13,177,1,3,187,1,10,180,1,6,184,1,11,179,1,29,161,1,10,181,0,7,3,181,25,164,2,6,19,166,0,4,2,185,46,143,2,153,37,1,85,105,1,127,63,1,14,176,1,31,158,2,113,78,0,84,14,12,3,78,43,148,0,2,1,6,5,169,8,0,35,32,78,46,0,0,1,7,15,167,1,1,4,8,22,155,1,19,93,56,22,1,1,4,11,175,0,74,114,0,1,2,0,0,0,191,0,0,0,0,79,54,51,7,29.5713786616501,49.8255513027622,42.02,32.2130684315819,3.49616291916749,6.96013913194599,0,0,0,0,0,0,0,0,0.00169604011503576,0.000692550887191076
NO,NOR,Norway,5,2020-07-16,2020-07-16,175,0,0,0,0,18,173,5,0,512876.449012991,173,0,175,0,11,164,0,2,173,0,11,164,0,23,152,0,20,155,0,4,171,0,3,172,0,5,170,0,0,175,0,6,169,0,14,161,0,13,162,0,6,7,162,14,158,3,5,9,161,0,5,0,170,35,138,2,120,54,1,73,100,2,118,57,0,10,165,0,21,153,1,98,77,0,72,16,7,3,77,25,150,0,1,1,3,4,148,18,0,29,34,69,43,0,1,0,5,8,160,1,0,1,6,15,153,0,18,73,60,24,0,1,3,11,160,0,61,114,0,0,0,0,0,0,0,175,0,0,0,62,42,66,5,50.4489603024575,94.4331289409343,24.5867768595041,16.4774508397327,2.45089457652043,1.69710004984447,0,0,0,0,0,0,0,0,0.0014654400390784,0.000676490094879999
NO,NOR,Norway,6,2020-07-16,2020-07-16,149,0,0,0,0,20,148,0,0,571273.234587884,145,0,149,0,6,143,0,2,147,0,2,147,0,16,133,0,14,135,0,2,147,0,0,149,0,4,145,0,2,147,0,2,147,0,14,135,0,6,142,1,5,1,143,7,137,5,0,7,142,0,0,0,149,18,129,2,96,53,0,58,91,0,81,68,0,6,143,0,15,134,0,69,79,1,49,16,4,0,80,22,127,0,0,0,1,1,131,16,0,29,33,63,24,0,0,0,2,8,138,1,0,0,1,14,134,0,17,55,53,22,2,0,0,11,138,0,67,80,0,0,2,0,0,0,0,0,149,0,0,53,42,51,3,74.267429760666,147.508419295284,82.7777777777778,130.148149202133,3.41583828775268,8.85776492245165,0,0,0,0,0,0,0,0,0.00190331176246669,0.000833353631001895
NO,NOR,Norway,7,2020-07-16,2020-07-15,100,0,0,0,0,0,99,2,0,362992.508017924,99,0,100,0,1,98,1,0,99,1,7,92,1,10,89,1,12,88,0,3,96,1,2,97,1,1,99,0,0,99,1,4,96,0,5,94,1,0,99,1,0,0,100,10,90,0,2,7,91,0,2,0,98,9,88,3,71,29,0,44,56,0,58,42,0,5,95,0,21,79,0,52,47,1,41,10,1,0,48,15,85,0,1,0,0,4,87,8,0,16,21,50,13,0,0,0,1,7,90,2,0,1,3,15,80,1,8,36,38,16,2,0,0,5,95,0,52,46,0,0,2,0,0,0,0,0,0,100,0,44,26,25,5,58.88,83.5984050884545,0,0,1.84461805555556,1.19467445170862,0,0,0,0,0,0,0,0,0,0
NO,NOR,Norway,1,2020-07-17,2020-07-15,100,4,37351.8233199803,3,31779.9300576317,12,96,3,0,1071366.92021629,99,4,96,0,17,83,0,3,97,0,24,76,0,34,66,0,22,78,0,21,79,0,9,91,0,14,86,0,2,98,0,4,95,1,37,63,0,12,88,0,8,4,88,13,87,0,3,10,87,0,3,0,97,36,64,0,85,15,0,51,48,1,70,30,0,20,80,0,24,76,0,72,28,0,39,17,10,6,28,20,80,0,1,1,4,3,88,3,0,10,18,40,32,0,0,1,11,17,68,3,0,6,11,20,63,0,9,41,33,14,3,1,6,7,86,0,46,50,1,0,3,100,0,0,0,0,0,0,0,43,22,31,4,11.1083984375,19.9789796598189,18.75,13.3630620956212,3.21329639889197,2.78232692229995,0.04,0.0384072934108425,0.0348637078625124,0.000347344226789487,0.03,0.0334344809563718,0.0296629748949276,0.000321253322681624,0.00176056338028169,0.000995236955155568
NO,NOR,Norway,2,2020-07-17,2020-07-16,100,0,0,0,0,18,99,4,0,736576.506886988,100,0,100,0,13,87,0,2,98,0,17,83,0,28,72,0,15,85,0,11,89,0,4,96,0,7,93,0,2,98,0,5,95,0,30,70,0,11,89,0,8,3,89,11,89,0,4,7,89,0,4,0,96,32,68,0,85,15,0,56,44,0,64,36,0,13,87,0,23,77,0,65,35,0,39,16,5,5,35,20,80,0,2,0,0,4,90,4,0,15,16,44,25,0,0,2,7,15,76,0,0,3,9,17,71,0,15,42,36,7,0,0,1,8,91,0,42,54,1,0,3,0,100,0,0,0,0,0,0,50,28,21,1,14.6671413314347,30.1379324688415,18,12.2927259430572,3.20375471890623,5.74495900523252,0,0,0,0,0,0,0,0,0.00256081946222791,0.00118150077856617
NO,NOR,Norway,3,2020-07-17,2020-07-17,110,0,0,0,0,30,108,6,0,552794.74526143,109,2,108,0,10,100,0,3,107,0,16,94,0,28,82,0,23,87,0,18,92,0,5,105,0,9,101,0,2,108,0,6,104,0,27,83,0,14,96,0,9,5,96,18,91,1,6,12,92,0,6,0,104,27,81,2,95,15,0,55,54,1,81,29,0,18,91,1,21,88,1,71,39,0,48,10,8,5,39,16,94,0,0,0,2,7,96,5,0,17,14,46,33,0,1,4,2,13,89,1,0,4,6,12,88,0,16,50,24,19,1,0,4,8,98,0,44,61,0,2,3,0,0,110,0,0,0,0,0,40,38,28,4,32.4173834314169,56.0109455646999,22.9166666666667,25.1799082162302,4.4,10.0760963040116,0,0,0,0,0,0,0,0,0.00391236306729265,0.00139725408853959
NO,NOR,Norway,4,2020-07-17,2020-07-17,201,1,4461.4529923361,0,0,19,201,2,0,694150.005471337,198,4,196,1,23,178,0,7,193,1,20,179,2,40,161,0,48,153,0,12,187,2,4,195,2,15,185,1,0,200,1,7,193,1,39,162,0,6,195,0,5,1,195,26,174,1,2,24,175,0,2,0,199,46,151,4,159,41,1,111,88,2,133,66,2,25,174,2,34,166,1,126,75,0,84,28,6,8,75,31,170,0,1,0,2,7,181,10,0,37,29,91,44,0,0,5,3,9,182,2,2,3,8,12,175,1,29,77,69,24,2,1,4,10,186,0,72,123,1,1,4,0,0,0,201,0,0,0,0,75,67,55,4,31.1425925925926,56.4788851705379,106.083333333333,80.4465143226645,3.4637130362349,7.30925619141583,0.00497512437810945,0.00972677797519114,0.00642721739850267,0.00018798914099745,0,0,0,0,0.00133137131245183,0.000598247908707245
NO,NOR,Norway,5,2020-07-17,2020-07-17,172,0,0,0,0,22,171,4,0,477658.712263779,171,2,169,1,27,144,1,2,169,1,13,158,1,19,153,0,28,143,1,12,159,1,5,166,1,8,164,0,3,168,1,4,167,1,20,152,0,13,159,0,11,2,159,20,151,1,4,16,152,0,3,1,168,35,135,2,134,38,0,81,91,0,110,62,0,13,159,0,23,149,0,95,77,0,66,18,6,5,77,24,148,0,0,1,2,9,145,15,0,25,34,70,43,0,0,1,4,9,155,3,0,1,9,16,146,0,24,79,46,22,1,1,1,14,156,0,63,107,0,1,1,0,0,0,0,172,0,0,0,55,43,65,9,44.4630177514793,70.140492646945,26.2777777777778,13.4365950873757,3.23171875,8.64257084624423,0,0,0,0,0,0,0,0,0.00181204184169344,0.000756503837675405
NO,NOR,Norway,6,2020-07-17,2020-07-17,164,0,0,0,0,4,163,1,0,601764.530564967,161,1,162,1,16,148,0,5,158,1,2,161,1,30,133,1,19,145,0,10,153,1,2,161,1,2,161,1,1,162,1,3,160,1,12,152,0,3,161,0,2,1,161,9,154,1,1,7,156,0,1,0,163,13,146,5,125,38,1,70,93,1,104,60,0,12,151,1,23,140,1,85,78,1,54,22,7,2,79,25,139,0,1,1,1,7,136,18,0,37,32,63,32,0,0,1,1,6,153,3,0,1,1,11,151,0,14,69,59,22,0,0,1,9,154,0,65,97,0,0,2,0,0,0,0,0,164,0,0,55,46,57,6,50.9206049149339,78.1702332399266,164,0,2.40647664024287,1.47524150154372,0,0,0,0,0,0,0,0,0.000345632074656528,0.000338654668980963
NO,NOR,Norway,7,2020-07-17,2020-07-16,100,0,0,0,0,0,100,3,0,379187.915742065,97,0,100,0,3,96,1,0,99,1,7,92,1,14,85,1,18,82,0,5,94,1,1,98,1,3,97,0,0,98,2,5,95,0,8,91,1,0,100,0,0,0,100,12,85,3,3,9,88,0,3,0,97,5,92,3,75,24,1,42,58,0,63,37,0,7,93,0,15,85,0,50,50,0,42,7,1,0,50,15,85,0,0,0,1,2,86,11,0,18,24,41,17,0,0,0,0,6,92,2,1,1,2,14,82,0,7,29,49,13,2,0,0,10,89,1,49,48,0,0,3,0,0,0,0,0,0,100,0,38,30,29,3,43.3673469387755,65.3043508830008,0,0,2.12673611111111,3.17365869735396,0,0,0,0,0,0,0,0,0,0
NO,NOR,Norway,1,2020-07-18,2020-07-16,100,3,30841.73713256,2,25269.8438702114,7,98,2,0,998930.986996426,100,3,97,0,18,82,0,3,97,0,23,77,0,33,67,0,18,82,0,22,78,0,3,97,0,10,90,0,0,100,0,6,94,0,31,69,0,7,93,0,5,2,93,8,92,0,2,6,92,0,2,0,98,38,62,0,82,18,0,51,48,1,66,34,0,17,83,0,29,71,0,69,31,0,36,17,11,5,31,23,77,0,0,1,4,2,89,4,0,9,24,32,35,0,0,1,6,21,70,2,1,3,14,18,64,0,10,39,34,14,3,1,4,8,87,0,41,55,1,0,3,100,0,0,0,0,0,0,0,49,22,28,1,11.1005917159763,22.1621450596706,28,10.9544511501033,3.25905872553103,2.73983803890856,0.03,0.0334344809563718,0.0308747426339177,0.000339212601500882,0.02,0.0274394957835608,0.0252968865709056,0.000307928624318935,0.00100603621730382,0.00074489338690477
NO,NOR,Norway,2,2020-07-18,2020-07-18,111,1,5109.08180636465,1,5109.08180636465,12,111,7,0,685432.163733931,110,2,109,0,15,96,0,4,107,0,22,89,0,30,81,0,19,92,0,9,102,0,7,104,0,11,100,0,3,108,0,3,108,0,27,84,0,6,105,0,3,3,105,25,86,0,7,18,86,0,6,1,104,31,80,0,91,20,0,65,46,0,80,31,0,16,95,0,28,83,0,74,37,0,47,18,6,3,37,18,93,0,0,1,0,3,101,6,0,11,21,47,32,0,0,3,13,17,77,1,2,2,15,24,68,0,19,45,31,16,0,0,4,12,95,0,41,67,1,0,2,0,111,0,0,0,0,0,0,54,34,21,2,19.6615881809788,40.4373955639696,37,28.6600767619349,2.87397119341564,1.72529883772842,0.00900900900900901,0.0175776157070447,0.0074538110066686,0.000203624674316946,0.00900900900900901,0.0175776157070447,0.0074538110066686,0.000203624674316946,0.00152264940997335,0.000860848040889908
NO,NOR,Norway,3,2020-07-18,2020-07-18,146,1,4051.79072441742,1,4051.79072441742,10,144,7,0,653975.567327832,144,1,145,0,10,136,0,1,145,0,18,128,0,32,114,0,28,118,0,17,129,0,4,142,0,10,136,0,0,146,0,2,144,0,33,113,0,6,139,1,4,2,140,19,127,0,7,12,127,0,7,0,139,37,108,1,117,29,0,86,60,0,98,48,0,19,127,0,29,117,0,97,49,0,63,26,2,6,49,23,123,0,3,2,6,2,130,3,0,24,22,53,47,0,0,1,6,10,129,0,1,3,4,18,120,0,15,62,44,25,0,1,3,10,132,0,62,82,0,0,2,0,0,146,0,0,0,0,0,74,33,36,3,33.9673469387755,52.3367315585604,58.4,29.2,3.31620710176552,1.82202040141929,0.00684931506849315,0.0133783578498663,0.00619563012265609,0.000190178107663752,0.00684931506849315,0.0133783578498663,0.00619563012265609,0.000190178107663752,0.000978090766823161,0.000605919258853994
NO,NOR,Norway,4,2020-07-18,2020-07-18,193,0,0,0,0,7,192,3,0,653865.789122739,192,0,193,0,20,173,0,7,186,0,17,176,0,26,167,0,29,164,0,12,181,0,6,187,0,10,183,0,1,192,0,7,186,0,31,162,0,6,187,0,4,2,187,19,174,0,3,16,174,0,2,1,190,43,149,1,166,27,0,102,91,0,141,52,0,18,175,0,33,159,1,114,78,1,74,21,11,8,79,31,162,0,1,4,1,5,176,6,0,28,35,76,54,0,0,0,7,10,175,1,0,2,6,24,161,0,21,93,53,26,0,0,4,20,168,1,70,120,0,1,2,0,0,0,193,0,0,0,0,73,54,58,8,38.6515927823569,72.2887584949356,46.32,42.2841814393988,2.95112151693837,1.79639093135976,0,0,0,0,0,0,0,0,0.00051349765258216,0.00038029971536789
NO,NOR,Norway,5,2020-07-18,2020-07-18,204,0,0,0,0,13,203,3,1,589562.85084313,202,1,203,0,17,187,0,5,199,0,15,189,0,29,175,0,32,172,0,12,192,0,6,198,0,5,199,0,4,200,0,6,198,0,24,180,0,10,194,0,8,2,194,18,185,1,3,15,186,1,2,0,201,38,165,1,160,42,2,113,91,0,127,77,0,22,181,1,27,177,0,105,98,1,72,24,4,5,99,34,170,0,0,1,4,5,181,12,1,52,25,71,56,0,0,0,5,11,186,2,0,2,5,21,176,0,27,77,62,36,2,1,1,12,190,0,67,136,0,0,1,0,0,0,0,204,0,0,0,85,54,61,4,43.9447538427267,78.2705861021276,32.7407407407407,16.466951564487,2.68627014182817,3.95034223111428,0,0,0,0,0,0,0,0,0.000901963505168945,0.000490082769012213
NO,NOR,Norway,6,2020-07-18,2020-07-18,152,0,0,0,0,13,151,1,0,518974.26626671,144,0,152,0,14,138,0,3,149,0,8,144,0,14,138,0,15,137,0,5,147,0,3,149,0,3,149,0,2,150,0,5,147,0,12,140,0,3,148,1,1,2,149,12,138,2,1,11,140,0,1,0,151,11,137,4,118,33,1,67,84,1,91,61,0,8,144,0,18,134,0,81,71,0,61,14,4,2,71,15,137,0,0,2,1,0,129,20,0,33,29,65,24,1,0,0,2,7,140,3,0,0,0,13,139,0,19,64,40,25,4,1,1,8,142,0,59,89,0,0,4,0,0,0,0,0,152,0,0,47,44,53,8,64.6465306122449,91.2229365772523,219.555555555556,292.52413638941,2.68326530612245,2.56676861238984,0,0,0,0,0,0,0,0,0.00121257345396885,0.000658750570618828
NO,NOR,Norway,7,2020-07-18,2020-07-17,100,0,0,0,0,0,100,3,0,339595.466786742,92,1,99,0,9,91,0,3,97,0,3,97,0,16,84,0,17,83,0,7,93,0,0,100,0,3,97,0,1,98,1,2,98,0,11,89,0,0,100,0,0,0,100,11,86,3,3,8,89,0,2,1,97,6,92,2,75,24,1,39,61,0,59,41,0,4,96,0,14,86,0,53,47,0,43,10,0,0,47,7,93,0,0,1,2,1,81,15,0,25,25,38,12,0,0,0,0,6,92,2,1,0,3,13,83,0,5,34,46,14,1,0,0,9,91,0,52,46,0,0,2,0,0,0,0,0,0,100,0,26,32,36,6,45.414201183432,44.2025894281425,0,0,2.07407407407407,1.09476110300795,0,0,0,0,0,0,0,0,0,0
NO,NOR,Norway,1,2020-07-19,2020-07-17,100,1,9182.4052295409,1,9182.4052295409,16,100,3,0,843596.897833955,99,3,97,0,20,80,0,4,96,0,22,77,1,31,69,0,17,82,1,23,77,0,4,95,1,11,89,0,3,97,0,7,93,0,26,74,0,8,92,0,4,4,92,7,93,0,3,4,93,0,3,0,97,36,63,1,77,23,0,60,40,0,78,22,0,32,68,0,30,70,0,76,24,0,40,16,11,9,24,19,81,0,0,2,1,5,89,3,0,9,21,35,35,0,1,0,6,16,75,2,3,4,9,20,64,0,13,40,34,13,0,1,5,11,83,0,39,57,0,1,3,100,0,0,0,0,0,0,0,49,28,20,3,15.478515625,28.9917142710252,25,16.3663417676994,3.01649305555556,1.75921216881933,0.01,0.0195013954179879,0.01088482574215,0.000221418944733782,0.01,0.0195013954179879,0.01088482574215,0.000221418944733782,0.00225352112676056,0.00110296018526087
NO,NOR,Norway,2,2020-07-19,2020-07-19,101,1,4672.04478051333,1,4672.04478051333,6,101,4,0,553198.445176891,100,1,100,0,15,86,0,1,100,0,19,82,0,31,70,0,20,81,0,11,90,0,3,98,0,8,93,0,4,97,0,3,98,0,25,76,0,4,97,0,3,1,97,18,83,0,4,14,83,0,3,1,97,21,80,0,80,21,0,55,46,0,72,29,0,16,85,0,17,84,0,70,31,0,47,12,6,5,31,15,86,0,0,1,1,3,91,5,0,10,10,49,32,0,0,1,3,18,77,2,2,3,5,22,69,0,16,41,30,13,1,0,2,15,84,0,39,59,0,0,3,0,101,0,0,0,0,0,0,46,22,31,2,22.4485946745562,43.9484188715238,37.875,14.5780942970381,2.85535125943246,1.83007080970788,0.0099009900990099,0.0193092777830645,0.00844551321726762,0.00024114537152307,0.0099009900990099,0.0193092777830645,0.00844551321726762,0.00024114537152307,0.000836703388648724,0.000669209703879799
NO,NOR,Norway,3,2020-07-19,2020-07-19,153,1,5557.9352053907,1,5557.9352053907,20,153,4,0,678156.049124212,153,1,152,0,17,136,0,3,150,0,20,133,0,34,119,0,26,127,0,12,141,0,3,150,0,10,143,0,2,151,0,10,143,0,35,118,0,10,143,0,6,4,143,19,134,0,4,15,134,0,4,0,149,22,131,0,125,28,0,80,73,0,116,37,0,24,129,0,22,131,0,98,55,0,70,19,6,3,55,12,141,0,0,0,1,5,137,10,0,10,27,67,49,0,1,4,5,14,128,1,1,2,12,21,117,0,16,53,56,25,3,3,5,10,135,0,81,71,0,0,1,0,0,153,0,0,0,0,0,73,40,35,5,18.2686567164179,31.2629179035674,29.07,20.9659008869164,3.81632653061224,2.45557889144588,0.0065359477124183,0.0127682900213672,0.00819565823023824,0.000214579482377229,0.0065359477124183,0.0127682900213672,0.00819565823023824,0.000214579482377229,0.00184111203166713,0.000806144969846002
NO,NOR,Norway,4,2020-07-19,2020-07-19,200,1,2245.40391669997,1,2245.40391669997,12,199,3,0,637173.891738355,200,2,198,0,21,179,0,5,195,0,19,180,1,26,174,0,27,172,1,14,185,1,8,191,1,10,189,1,2,197,1,10,189,1,31,168,1,9,191,0,6,3,191,19,180,1,3,16,181,0,3,0,197,41,156,3,148,52,0,97,101,2,133,64,3,28,170,2,18,180,2,126,74,0,85,27,8,6,74,25,175,0,0,0,2,6,186,6,0,30,45,63,62,0,0,1,4,20,175,0,0,1,4,24,171,0,13,92,67,27,1,0,5,9,186,0,80,116,0,1,3,0,0,0,200,0,0,0,0,80,50,65,5,24.931129476584,52.5261965998802,37.5,18.8982236504614,3.05062458908613,2.43877904030874,0.005,0.00977528967165507,0.00352400490009721,0.000145502607847098,0.005,0.00977528967165507,0.00352400490009721,0.000145502607847098,0.000849317007573077,0.000480333397053965
NO,NOR,Norway,5,2020-07-19,2020-07-19,210,0,0,0,0,13,209,1,0,513597.175430316,204,1,208,1,22,187,1,4,205,1,9,200,1,24,185,1,34,175,1,14,196,0,4,205,1,3,206,1,1,208,1,11,198,1,20,189,1,9,201,0,7,2,201,21,188,1,1,20,189,0,1,0,209,29,178,3,144,64,2,91,118,1,120,88,2,20,189,1,17,191,2,105,104,1,75,20,6,4,105,26,184,0,2,1,5,5,184,13,0,43,41,75,51,0,0,0,2,23,182,3,0,1,8,16,185,0,21,102,59,27,1,0,3,22,185,0,76,129,0,1,4,0,0,0,0,210,0,0,0,70,61,75,4,34.786376953125,52.7647780197074,39.375,28.0624304008046,2.32122260668973,1.63603227460025,0,0,0,0,0,0,0,0,0.000876069816025339,0.000476019575617723
NO,NOR,Norway,6,2020-07-19,2020-07-19,168,1,2356.25607368664,1,2356.25607368664,12,167,2,0,578207.080831982,164,1,167,0,15,152,1,1,167,0,13,155,0,22,146,0,21,147,0,10,158,0,6,162,0,4,164,0,0,168,0,6,162,0,19,149,0,8,160,0,6,2,160,8,160,0,2,6,160,0,2,0,166,9,156,3,122,46,0,71,96,1,91,77,0,10,158,0,24,144,0,76,92,0,55,15,3,3,92,14,154,0,0,0,4,8,136,20,0,39,39,64,25,1,1,0,4,11,151,1,1,1,6,10,150,0,13,73,50,30,2,0,3,11,154,0,73,93,0,0,2,0,0,0,0,0,168,0,0,55,45,59,9,42.952741020794,68.4307543677442,37.7142857142857,38.840332498209,2.46046492758327,2.09669539148612,0.00595238095238095,0.0116316788813602,0.00407510760728876,0.000164206075784726,0.00595238095238095,0.0116316788813602,0.00407510760728876,0.000164206075784726,0.00101206038626971,0.000572326712949962
NO,NOR,Norway,7,2020-07-19,2020-07-18,100,0,0,0,0,3,99,4,0,346574.562967229,91,1,99,0,13,87,0,3,97,0,7,93,0,17,83,0,14,86,0,6,94,0,0,100,0,4,96,0,1,99,0,3,97,0,10,90,0,3,97,0,1,2,97,12,85,3,4,8,88,0,3,1,96,8,91,1,69,31,0,34,66,0,56,44,0,6,94,0,12,87,1,50,50,0,40,8,1,1,50,3,97,0,0,0,2,2,82,13,1,25,24,40,11,0,0,0,0,8,92,0,0,1,5,10,83,1,6,40,31,22,1,0,0,7,93,0,52,46,0,0,2,0,0,0,0,0,0,100,0,31,29,31,9,37.3113854595336,40.3232418645703,75,35.3553390593274,2.23456634263351,1.2618512575608,0,0,0,0,0,0,0,0,0.000426803243704652,0.000482861385434658
NO,NOR,Norway,1,2020-07-20,2020-07-19,100,2,10655.3553629028,1,4904.00676131306,27,100,1,0,650774.0022527,99,3,97,0,21,79,0,4,96,0,20,79,1,28,72,0,16,83,1,17,83,0,9,90,1,14,85,1,3,97,0,3,97,0,26,74,0,12,88,0,7,5,88,9,91,0,1,8,91,0,1,0,99,31,68,1,80,19,1,51,48,1,82,18,0,32,67,1,29,71,0,77,23,0,48,14,8,7,23,17,83,0,0,2,1,5,85,7,0,8,13,49,30,0,1,0,6,16,76,1,4,3,7,17,69,0,17,41,27,14,1,2,8,8,82,0,42,55,0,0,3,100,0,0,0,0,0,0,0,47,31,19,3,12.9304846938776,25.7122513802457,18.75,11.8518847326985,3.38541666666667,3.35927406179106,0.02,0.0274394957835608,0.016373357457456,0.000308330869001647,0.01,0.0195013954179879,0.00753565253734399,0.000210112012906971,0.00380281690140845,0.00143167446501777
NO,NOR,Norway,2,2020-07-20,2020-07-20,101,1,5428.74542845814,1,5428.74542845814,4,100,6,0,653416.112389764,100,2,99,0,17,84,0,6,95,0,21,80,0,27,74,0,22,79,0,16,85,0,4,97,0,4,97,0,3,98,0,6,95,0,21,79,1,5,96,0,3,2,96,17,84,0,6,11,84,0,5,1,95,28,73,0,79,22,0,40,61,0,73,28,0,14,87,0,17,84,0,59,41,1,35,18,5,1,42,16,85,0,2,0,0,7,88,3,1,9,17,43,32,0,0,2,6,10,80,3,0,5,7,14,75,0,23,31,37,7,3,1,3,12,85,0,54,43,1,1,2,0,101,0,0,0,0,0,0,53,26,17,5,18.2922222222222,37.3914392785908,25.25,0,2.53157552083333,1.39556364664041,0.0099009900990099,0.0193092777830645,0.00830825154984835,0.000220087987771242,0.0099009900990099,0.0193092777830645,0.00830825154984835,0.000220087987771242,0.000563380281690141,0.000551946987106018
NO,NOR,Norway,3,2020-07-20,2020-07-20,120,4,26220.6913735745,2,16150.7092691772,16,120,3,0,616642.29466017,118,4,116,0,21,99,0,4,116,0,16,104,0,34,86,0,15,105,0,15,105,0,7,113,0,11,109,0,4,116,0,8,112,0,29,91,0,5,115,0,5,0,115,14,105,1,3,11,106,0,3,0,117,26,94,0,83,37,0,53,67,0,85,35,0,14,106,0,18,102,0,75,45,0,53,14,3,5,45,10,110,0,0,3,2,2,104,9,0,16,15,54,35,0,0,0,7,5,108,0,1,3,6,12,98,0,19,56,25,19,1,1,3,12,104,0,56,59,0,1,4,0,0,120,0,0,0,0,0,51,32,32,5,20.7780612244898,43.4201710915553,76.8,26.290682760248,3.25946445060018,1.79867929030797,0.0333333333333333,0.032117017786256,0.0425217206160415,0.000503618084259654,0.0166666666666667,0.0229051016485408,0.0261913744954484,0.000398609266116051,0.00187793427230047,0.000919306468520226
NO,NOR,Norway,4,2020-07-20,2020-07-20,219,4,11720.5701595607,3,9364.64120350894,5,218,3,0,693829.896489587,219,6,213,0,25,194,0,5,214,0,15,204,0,35,184,0,36,183,0,16,203,0,5,214,0,15,204,0,2,217,0,7,212,0,32,187,0,4,214,1,1,3,215,20,196,3,3,17,199,0,3,0,216,53,165,1,147,72,0,95,124,0,139,80,0,23,195,1,23,196,0,114,105,0,73,23,8,10,105,31,188,0,1,2,5,5,193,13,0,30,42,80,66,1,1,0,5,14,199,0,0,1,5,19,194,0,21,99,66,32,1,2,3,17,197,0,102,114,1,0,2,0,0,0,219,0,0,0,0,82,67,68,2,22.602962962963,40.1717332948955,68.4375,27.375,2.95632233639805,2.07137079997458,0.0182648401826484,0.0177349980224502,0.0168925700937083,0.000303228446101625,0.0136986301369863,0.0153946358955596,0.0134970275147973,0.000271512514687738,0.000323039152345264,0.00028310536037985
NO,NOR,Norway,5,2020-07-20,2020-07-20,194,3,6177.74256266223,2,3989.73703198503,6,193,5,0,489974.671230224,193,5,189,0,27,167,0,2,192,0,17,177,0,30,164,0,31,163,0,14,180,0,6,188,0,5,189,0,6,188,0,10,184,0,23,170,1,5,189,0,4,1,189,20,172,2,5,15,174,0,4,1,189,34,160,0,129,65,0,76,117,1,118,76,0,21,172,1,28,165,1,102,91,1,73,20,4,5,92,21,173,0,0,2,0,6,172,14,0,31,38,82,43,0,0,2,4,13,169,6,0,2,7,20,165,0,24,85,54,27,4,0,3,15,173,3,78,114,0,0,2,0,0,0,0,194,0,0,0,65,52,70,7,27.3824826717076,46.0117455072242,72.75,28.0014880556969,2.50659035726674,1.59154759245703,0.0154639175257732,0.0173629217142545,0.0126082896227089,0.000312416600581666,0.0103092783505155,0.014213829718938,0.00814274138287115,0.000251635079706329,0.000437860322557104,0.000350278077567516
NO,NOR,Norway,6,2020-07-20,2020-07-20,191,0,0,0,0,13,191,0,0,643373.362367437,187,0,191,0,16,175,0,3,188,0,4,187,0,10,180,1,21,170,0,4,187,0,3,188,0,4,186,1,2,189,0,4,186,1,10,181,0,5,186,0,4,1,186,13,176,2,0,12,179,0,0,0,191,9,177,5,135,55,1,77,111,3,107,83,1,9,180,2,18,171,2,87,104,0,65,17,4,1,104,21,170,0,0,1,4,5,161,20,0,38,47,76,30,0,0,0,4,10,175,2,0,0,2,18,171,0,21,74,64,29,3,1,0,10,179,1,64,123,0,0,4,0,0,0,0,0,191,0,0,76,52,60,3,97.4489795918367,135.359552417999,99.32,116.494343210304,2.80604938271605,7.91414369042821,0,0,0,0,0,0,0,0,0.000958631369368041,0.000520858537551719
NO,NOR,Norway,7,2020-07-20,2020-07-18,100,0,0,0,0,3,99,2,0,342313.78005937,91,1,97,2,11,88,1,0,98,2,6,92,2,17,81,2,11,87,2,7,91,2,1,97,2,2,96,2,0,98,2,4,94,2,7,91,2,3,97,0,1,2,97,11,86,3,2,9,89,0,2,0,98,9,87,4,66,33,1,36,60,4,56,42,2,6,90,4,16,81,3,47,53,0,37,6,2,2,53,5,95,0,0,0,2,1,79,17,1,31,22,34,13,0,0,0,0,6,94,0,0,1,4,10,84,1,8,35,30,26,1,0,2,9,89,0,45,54,0,0,1,0,0,0,0,0,0,100,0,43,28,19,10,27.36,33.2601864095799,75,35.3553390593274,2.1978021978022,1.49242115659072,0,0,0,0,0,0,0,0,0.000426803243704652,0.000482861385434658
NO,NOR,Norway,1,2020-07-21,2020-07-20,100,2,12994.5448518515,1,7243.19625026179,12,100,3,0,599219.212681588,99,3,96,1,16,83,1,2,97,1,27,72,1,30,70,0,11,88,1,11,88,1,1,98,1,12,87,1,2,97,1,1,98,1,20,79,1,6,94,0,4,2,94,15,85,0,3,12,85,0,1,2,97,34,66,0,77,22,1,41,57,2,69,30,1,20,78,2,26,73,1,70,30,0,52,14,1,2,31,13,87,0,0,3,2,6,86,3,0,12,14,45,29,0,1,2,7,11,76,3,3,3,9,19,66,0,15,38,31,14,2,2,8,4,85,1,49,48,0,0,3,100,0,0,0,0,0,0,0,48,34,16,2,13.8573948097758,25.623359798538,33.3333333333333,27.8886675511359,2.90147730895951,2.08497506914834,0.02,0.0274394957835608,0.0216857947422933,0.000368792497475355,0.01,0.0195013954179879,0.0120877236526638,0.000276685677492577,0.00169014084507042,0.000955461177500561
NO,NOR,Norway,2,2020-07-21,2020-07-21,118,0,0,0,0,14,117,4,0,661180.858838936,116,2,116,0,17,101,0,2,116,0,22,96,0,28,90,0,22,96,0,10,108,0,4,114,0,13,105,0,0,118,0,2,116,0,23,95,0,8,110,0,6,2,110,17,101,0,4,13,101,0,4,0,114,31,85,2,94,23,1,54,61,3,80,37,1,12,105,1,26,91,1,81,37,0,51,23,4,3,37,21,97,0,1,0,4,8,104,1,0,15,20,48,35,0,0,1,8,15,92,2,0,5,10,20,83,0,13,51,42,8,4,2,4,12,100,0,46,69,1,0,2,0,118,0,0,0,0,0,0,47,31,35,5,10.4677419354839,19.1713715429853,33.7142857142857,25.7497110478471,3.70569347638813,7.86781627203051,0,0,0,0,0,0,0,0,0.0016853256289876,0.000882067104293241
NO,NOR,Norway,3,2020-07-21,2020-07-21,119,2,9210.56108074407,0,0,15,119,3,0,542962.699458399,117,2,116,1,15,104,0,2,116,1,12,106,1,23,95,1,21,97,1,8,110,1,3,115,1,6,112,1,2,116,1,4,114,1,22,96,1,10,109,0,8,2,109,15,104,0,3,12,104,0,3,0,116,26,91,2,96,23,0,60,58,1,81,36,2,17,99,3,26,91,2,75,44,0,50,11,5,9,44,15,104,0,0,1,1,7,106,4,0,11,20,44,44,0,0,2,4,6,106,1,2,3,8,15,91,0,14,53,31,21,0,2,2,7,108,0,44,74,0,0,1,0,0,119,0,0,0,0,0,52,32,31,4,29.6880466472303,58.1089221306113,17.85,8.41457069611992,3.43727788279773,2.49565636392257,0.0168067226890756,0.0230959365431803,0.0169635245476927,0.000343483559969929,0,0,0,0,0.00177535803053616,0.000897640737162846
NO,NOR,Norway,4,2020-07-21,2020-07-21,224,2,6215.41784863069,1,2915.61453251197,26,221,2,0,718844.44601057,221,3,220,1,22,201,1,3,220,1,20,203,1,35,188,1,47,177,0,16,208,0,3,220,1,7,216,1,1,222,1,5,218,1,37,186,1,16,208,0,10,6,208,18,206,0,2,16,206,0,2,0,222,45,178,1,172,51,1,96,128,0,142,82,0,14,209,1,31,192,1,119,105,0,74,30,9,6,105,46,178,0,1,1,6,8,196,12,0,38,53,87,45,1,0,0,4,18,200,2,1,4,11,26,181,1,22,106,67,27,2,0,7,15,201,1,84,136,2,0,2,0,0,0,224,0,0,0,0,92,60,67,5,21.6256214591282,35.1002921074803,34.4615384615385,18.61135790312,2.96546813812745,1.72297805416685,0.00892857142857143,0.0123187757257126,0.00864640171197663,0.000214024074813025,0.00446428571428571,0.00873028647892629,0.0040559742079013,0.000146924996129256,0.00165700082850041,0.000636391002770773
NO,NOR,Norway,5,2020-07-21,2020-07-21,201,1,2747.92768674903,0,0,4,199,3,0,507391.314336418,199,2,199,0,27,174,0,4,197,0,13,188,0,27,174,0,31,170,0,11,190,0,3,198,0,5,196,0,4,197,0,6,195,0,28,173,0,5,196,0,4,1,196,18,179,4,3,15,183,0,2,1,198,47,152,2,152,49,0,88,112,1,119,82,0,15,186,0,25,176,0,108,93,0,65,30,9,4,93,29,172,0,0,2,2,3,184,10,0,46,38,72,45,0,0,0,6,10,185,0,0,1,7,18,175,0,14,93,62,30,2,0,1,19,181,0,71,126,0,0,4,0,0,0,0,201,0,0,0,80,62,54,5,30.9458097038437,48.9211282922173,89.3333333333333,38.6824680357049,2.67171223958333,5.37204512239017,0.00497512437810945,0.00972677797519114,0.00541579567703648,0.000201942854672332,0,0,0,0,0.000283105669191026,0.000277399182736706
NO,NOR,Norway,6,2020-07-21,2020-07-21,191,0,0,0,0,4,189,1,0,612134.185385701,185,0,191,0,19,172,0,5,186,0,3,188,0,27,164,0,26,165,0,7,184,0,2,189,0,4,187,0,1,190,0,4,187,0,11,180,0,4,186,1,3,1,187,15,174,2,1,14,176,0,1,0,190,14,177,0,132,58,1,81,108,2,94,96,1,10,180,1,17,173,1,82,109,0,62,14,3,3,109,30,161,0,0,0,0,2,160,29,0,55,38,80,18,0,0,0,3,10,177,1,1,0,2,12,176,0,19,86,55,30,1,1,0,15,175,0,81,106,0,0,4,0,0,0,0,0,191,0,0,62,53,66,10,69.717825443787,95.6065605666458,84.8888888888889,36.7579671384062,2.23875950062574,1.99495948661178,0,0,0,0,0,0,0,0,0.000298084805127059,0.000292074200018876
NO,NOR,Norway,7,2020-07-21,2020-07-19,100,1,3580.39716313317,1,3580.39716313317,2,100,2,0,332494.626480631,96,1,97,2,12,87,1,3,95,2,4,94,2,18,80,2,9,88,3,8,90,2,3,95,2,1,97,2,1,97,2,3,95,2,3,95,2,2,98,0,2,0,98,8,91,1,2,6,92,0,2,0,98,9,87,4,73,26,1,45,51,4,58,40,2,5,91,4,17,81,2,44,56,0,32,6,5,1,56,8,92,0,0,0,1,0,79,20,0,27,17,43,13,0,0,0,0,5,94,1,0,0,3,9,88,0,7,42,30,21,0,0,4,8,88,0,48,52,0,0,0,0,0,0,0,0,0,100,0,39,31,24,6,38.0208333333333,38.4110841144876,50,0,3.21180555555556,10.5177840668276,0.01,0.0195013954179879,0.010768285794663,0.000350814938067866,0.01,0.0195013954179879,0.010768285794663,0.000350814938067866,0.00028169014084507,0.000390340454332305
NO,NOR,Norway,1,2020-07-22,2020-07-21,100,2,14242.2365878175,2,14242.2365878175,26,100,3,0,737593.301626823,98,4,96,0,22,78,0,5,95,0,29,71,0,31,69,0,14,86,0,10,90,0,1,99,0,11,89,0,2,98,0,6,94,0,21,79,0,10,90,0,7,3,90,14,86,0,3,11,86,0,1,2,97,35,65,0,73,26,1,47,51,2,66,33,1,21,78,1,28,71,1,70,30,0,44,18,4,3,31,12,88,0,0,3,2,6,86,3,0,12,15,41,32,0,1,6,10,12,68,3,3,5,10,26,56,0,16,32,35,14,3,3,5,5,87,0,46,49,1,0,4,100,0,0,0,0,0,0,0,43,37,15,5,13.2569204152249,26.4809420866906,26,27.1620650499512,3.9426523297491,11.0186068245615,0.02,0.0274394957835608,0.0193090644348383,0.000314040966637478,0.02,0.0274394957835608,0.0193090644348383,0.000314040966637478,0.00366197183098592,0.00140501114644972
NO,NOR,Norway,2,2020-07-22,2020-07-22,115,2,8737.3313516653,2,8737.3313516653,25,115,5,0,648476.524622684,114,4,111,0,18,97,0,4,111,0,21,94,0,36,79,0,29,86,0,17,98,0,7,108,0,10,105,0,4,111,0,8,107,0,34,81,0,13,102,0,8,5,102,20,95,0,5,15,95,0,5,0,110,25,88,2,88,27,0,52,63,0,72,43,0,12,103,0,20,95,0,67,48,0,48,8,6,5,48,17,98,0,0,1,1,7,100,6,0,18,25,49,23,0,0,4,7,12,92,0,0,3,6,23,83,0,17,55,32,9,2,1,5,10,99,0,43,70,1,0,1,0,115,0,0,0,0,0,0,54,32,27,2,11.5105601469238,21.9357702788757,17.0118343195266,14.6525790606987,2.68614477040816,1.37995793045288,0.0173913043478261,0.023892167460625,0.0134736278337124,0.000280606408272883,0.0173913043478261,0.023892167460625,0.0134736278337124,0.000280606408272883,0.00306184935701164,0.00119838403366233
NO,NOR,Norway,3,2020-07-22,2020-07-22,109,1,3817.31147253884,1,3817.31147253884,15,108,3,1,511309.024996721,107,5,104,0,10,99,0,1,108,0,16,93,0,24,85,0,14,95,0,7,102,0,2,107,0,1,108,0,3,106,0,4,105,0,24,85,0,9,100,0,8,1,100,16,92,1,3,13,93,1,2,0,106,28,78,3,81,27,1,61,48,0,74,34,1,15,93,1,18,90,1,64,45,0,40,14,5,5,45,11,98,0,1,1,0,5,95,7,0,13,20,42,34,0,1,1,5,9,92,1,0,2,6,13,87,1,13,49,33,12,2,0,4,11,94,0,40,67,0,0,2,0,0,109,0,0,0,0,0,42,29,33,5,13.1672,22.0299561395434,25.546875,13.5028002221497,3.23640305401075,1.98714479164246,0.0091743119266055,0.0178986477811282,0.00746576196765414,0.000235947934483374,0.0091743119266055,0.0178986477811282,0.00746576196765414,0.000235947934483374,0.00195618153364632,0.000988977522152927
NO,NOR,Norway,4,2020-07-22,2020-07-22,198,1,2908.93071963121,1,2908.93071963121,68,198,7,0,690018.645081756,194,5,192,1,21,176,1,4,193,1,21,176,1,26,171,1,37,160,1,24,172,2,5,192,1,11,186,1,2,195,1,10,187,1,36,161,1,9,189,0,7,2,189,31,166,1,7,24,167,0,7,0,191,51,143,4,154,42,2,106,90,2,138,59,1,20,176,2,24,174,0,119,79,0,82,21,9,7,79,24,174,0,1,1,1,6,175,14,0,30,41,72,55,0,1,1,6,14,175,1,1,5,5,15,172,0,23,89,54,30,2,1,3,12,181,1,78,116,0,1,3,0,0,0,198,0,0,0,0,67,57,68,6,22.4749536178108,38.4209151997933,166.222222222222,350.468892263557,2.92541322880404,2.02352512928679,0.00505050505050505,0.00987377937101159,0.00421572770586011,0.000152875040577675,0.00505050505050505,0.00987377937101159,0.00421572770586011,0.000152875040577675,0.00483710342865272,0.00114690143505582
NO,NOR,Norway,5,2020-07-22,2020-07-22,208,0,0,0,0,15,208,4,0,520972.637358425,204,1,206,1,26,181,1,5,201,2,17,190,1,31,176,1,36,171,1,17,190,1,5,201,2,14,192,2,0,206,2,8,198,2,31,176,1,8,200,0,7,1,200,21,187,0,4,17,187,0,3,1,204,47,161,0,157,51,0,101,106,1,117,91,0,15,193,0,34,173,1,102,106,0,74,17,7,4,106,26,182,0,0,0,6,10,176,16,0,39,45,82,42,0,0,0,8,18,178,4,0,0,12,30,166,0,28,88,57,31,4,0,2,12,194,0,77,131,0,0,0,0,0,0,0,208,0,0,0,89,48,64,7,30.0368828078525,49.1756673181014,48.75,25.766811433093,2.574,2.96903618694636,0,0,0,0,0,0,0,0,0.00101570964247021,0.000513749445606869
NO,NOR,Norway,6,2020-07-22,2020-07-22,188,0,0,0,0,10,188,0,0,548341.683192279,183,0,187,1,11,176,1,6,181,1,9,179,0,21,167,0,22,166,0,9,179,0,5,182,1,8,180,0,3,184,1,7,181,0,13,175,0,9,179,0,6,3,179,9,179,0,0,9,179,0,0,0,188,19,165,4,137,50,1,83,104,1,108,79,1,13,175,0,30,158,0,89,99,0,69,15,3,2,99,25,163,0,2,1,5,10,149,21,0,55,37,64,32,0,1,0,3,12,169,3,0,2,4,13,169,0,20,77,69,21,1,0,1,13,174,0,80,108,0,0,0,0,0,0,0,0,188,0,0,75,48,61,4,32.6607333570666,57.2021414008129,16.2469135802469,13.9259259259259,2.44620214949885,3.93629416680943,0,0,0,0,0,0,0,0,0.000749175906502847,0.000464161538097136
NO,NOR,Norway,7,2020-07-22,2020-07-21,100,1,3580.39716313317,1,3580.39716313317,14,100,2,0,318710.994568092,96,1,99,0,15,85,0,4,95,1,5,94,1,14,86,0,11,87,2,7,93,0,1,98,1,1,98,1,2,97,1,2,97,1,5,94,1,3,97,0,3,0,97,6,92,2,2,4,94,0,2,0,98,6,90,4,72,26,2,45,53,2,60,38,2,12,86,2,15,83,2,40,59,1,24,8,4,4,60,11,89,0,1,0,0,6,72,21,0,31,21,31,17,0,2,0,2,3,90,3,1,1,5,5,88,0,6,41,35,17,1,1,0,5,92,2,47,50,0,0,3,0,0,0,0,0,0,100,0,42,26,27,5,60.9467455621302,84.6412010105694,155.555555555556,211.695098702863,4.62504528438594,14.8561931944617,0.01,0.0195013954179879,0.0112339932545635,0.000365900843965808,0.01,0.0195013954179879,0.0112339932545635,0.000365900843965808,0.00197183098591549,0.00103187041240234
NO,NOR,Norway,1,2020-07-23,2020-07-21,100,3,19949.1606964946,3,19949.1606964946,24,99,3,0,819554.7696226,98,5,94,1,22,77,1,7,92,1,21,78,1,32,68,0,20,79,1,14,86,0,4,95,1,12,87,1,3,96,1,7,92,1,24,75,1,8,92,0,7,1,92,13,87,0,3,10,87,0,3,0,97,32,67,1,76,24,0,51,49,0,74,26,0,18,82,0,29,71,0,72,28,0,39,23,6,4,28,20,80,0,0,3,1,6,86,4,0,9,19,43,29,0,0,5,8,17,68,2,3,5,6,26,60,0,18,36,33,11,2,1,1,11,87,0,40,52,2,0,6,100,0,0,0,0,0,0,0,36,33,25,6,10.4477611940299,20.0548065359331,48.9795918367347,43.5321000157174,4.54867674858223,11.1093117366442,0.03,0.0334344809563718,0.0243414612859626,0.000333642485705386,0.03,0.0334344809563718,0.0243414612859626,0.000333642485705386,0.00341442594963722,0.00136369568626246
NO,NOR,Norway,2,2020-07-23,2020-07-23,111,2,15649.8768802479,1,8566.73109810988,5,110,3,1,629081.016806244,107,2,109,0,17,94,0,6,105,0,16,95,0,31,80,0,25,86,0,13,98,0,6,105,0,8,103,0,4,107,0,6,105,0,27,84,0,5,106,0,3,2,106,14,96,1,3,11,97,1,2,0,108,27,84,0,98,13,0,60,50,1,81,30,0,14,97,0,23,88,0,80,31,0,60,11,8,1,31,14,97,0,0,0,4,6,96,5,0,10,20,46,35,0,1,6,9,19,76,0,1,5,13,22,70,0,19,52,27,12,1,4,6,14,87,0,40,67,1,1,2,0,111,0,0,0,0,0,0,58,30,18,5,10.6495565708143,18.6603985371124,34.6875,13.875,3.04054421768707,1.76343366422059,0.018018018018018,0.0247452513571082,0.0248773631092861,0.000384881106788122,0.00900900900900901,0.0175776157070447,0.0136178502756322,0.000286399120930127,0.000640204865556978,0.000560974339729761
NO,NOR,Norway,3,2020-07-23,2020-07-23,106,3,21153.1184501364,3,21153.1184501364,10,102,1,0,550827.265688825,104,4,102,0,18,88,0,3,103,0,19,87,0,21,85,0,17,89,0,9,97,0,4,102,0,4,102,0,3,103,0,3,103,0,22,84,0,11,95,0,8,3,95,12,94,0,1,10,95,0,1,0,105,22,84,0,93,13,0,66,40,0,78,28,0,12,94,0,21,85,0,74,32,0,50,15,6,3,32,14,92,0,0,2,1,4,96,3,0,18,22,39,27,0,0,2,4,10,88,2,1,1,9,16,79,0,13,37,37,18,1,1,3,7,95,0,56,48,0,0,2,0,0,106,0,0,0,0,0,54,20,26,6,24.1076388888889,43.9212671306655,19.469387755102,14.403730215486,3.922,2.93113760795492,0.0283018867924528,0.0315695602813257,0.0384024534872721,0.000507477200563732,0.0283018867924528,0.0315695602813257,0.0384024534872721,0.000507477200563732,0.00138083402375035,0.000855242981838864
NO,NOR,Norway,4,2020-07-23,2020-07-23,192,0,0,0,0,9,190,5,0,692540.822656762,190,2,188,2,15,175,2,4,186,2,23,169,0,28,163,1,38,152,2,15,175,2,8,182,2,7,183,2,4,186,2,11,179,2,29,163,0,6,185,1,4,2,186,20,170,2,5,15,172,0,4,1,187,38,149,5,149,42,1,97,94,1,118,73,1,18,172,2,23,167,2,102,90,0,60,29,7,6,90,40,152,0,0,1,2,5,175,9,0,40,28,79,45,0,0,2,7,13,169,1,0,1,13,18,160,0,26,71,72,21,2,0,2,10,180,0,86,100,1,0,5,0,0,0,192,0,0,0,0,72,62,52,6,32.0138408304498,55.5563078619082,69.12,68.6920082687936,3.15227193895248,2.25322368441128,0,0,0,0,0,0,0,0,0.000667160859896219,0.000435724996996287
NO,NOR,Norway,5,2020-07-23,2020-07-23,182,2,3867.83362486093,1,2150.53921747909,8,179,4,0,499797.608761519,179,3,179,0,12,170,0,9,173,0,14,168,0,19,163,0,20,162,0,8,174,0,5,177,0,6,176,0,2,180,0,3,179,0,15,167,0,9,173,0,5,4,173,22,157,3,4,17,161,0,4,0,178,34,146,2,134,47,1,93,87,2,120,62,0,14,168,0,25,157,0,105,77,0,66,30,5,4,77,33,149,0,0,2,7,7,144,22,0,33,37,71,41,0,1,0,6,8,166,1,1,1,4,18,158,0,24,63,69,26,0,2,1,14,165,0,73,106,0,1,2,0,0,0,0,182,0,0,0,68,43,68,3,63.9348121321865,107.994364821309,30.3333333333333,27.1309581269975,3.12,8.22078778002072,0.010989010989011,0.0151458014560121,0.00773879978026563,0.000242940999681241,0.0054945054945055,0.0107394068758001,0.00430282014115284,0.000181464317234625,0.000629475175072783,0.00043605871733675
NO,NOR,Norway,6,2020-07-23,2020-07-23,163,0,0,0,0,2,162,3,0,577846.820079892,159,2,161,0,14,149,0,0,163,0,6,157,0,21,142,0,26,137,0,7,156,0,1,162,0,2,161,0,1,162,0,3,160,0,9,154,0,2,160,1,2,0,161,9,152,2,3,6,154,0,3,0,160,17,145,1,110,52,1,81,82,0,89,74,0,4,158,1,22,141,0,76,87,0,49,20,4,3,87,17,146,0,0,0,3,2,146,12,0,36,36,65,26,0,0,0,1,8,152,2,0,0,2,14,147,0,18,70,48,26,1,0,2,10,151,0,73,89,0,0,1,0,0,0,0,0,163,0,0,56,35,64,8,42.3064236111111,61.6444439781354,81.5,0,2.29783416634628,1.77141632148537,0,0,0,0,0,0,0,0,0.000173882802990784,0.000240963889182839
NO,NOR,Norway,7,2020-07-23,2020-07-22,100,0,0,0,0,3,99,0,0,345817.451558927,95,0,100,0,8,92,0,6,94,0,6,94,0,12,87,1,11,88,1,3,97,0,3,97,0,2,98,0,1,99,0,6,94,0,4,96,0,3,96,1,2,0,98,4,92,4,0,4,96,0,0,0,100,3,92,5,72,27,1,42,56,2,59,39,2,9,89,2,14,84,2,44,56,0,25,12,2,5,56,13,87,0,1,0,0,4,74,20,1,28,24,37,11,0,2,0,2,2,90,4,1,1,5,4,89,0,6,39,39,14,2,1,1,2,94,2,46,51,0,0,3,0,0,0,0,0,0,100,0,41,24,29,6,51.0355029585799,85.7791142446739,22.2222222222222,19.2450089729875,3.06393802751763,9.47657439261584,0,0,0,0,0,0,0,0,0.000426803243704652,0.000482861385434658
NO,NOR,Norway,1,2020-07-24,2020-07-23,100,3,20599.5704478781,3,20599.5704478781,19,98,4,1,831814.703774723,98,4,95,1,19,80,1,4,95,1,19,80,1,27,73,0,16,83,1,21,79,0,5,94,1,15,84,1,6,93,1,6,93,1,26,73,1,8,92,0,6,2,92,17,83,0,4,13,83,1,3,0,96,37,62,1,81,19,0,47,53,0,76,24,0,16,84,0,26,74,0,75,25,0,42,22,7,4,25,28,72,0,1,2,3,4,85,5,0,8,19,42,31,0,0,2,3,20,73,2,3,7,2,17,71,0,16,39,32,12,1,1,3,11,84,1,31,60,1,1,7,100,0,0,0,0,0,0,0,36,25,31,8,8.86858371405536,13.3294484481253,50,42.1637021355784,3.55029585798817,1.83206528385526,0.03,0.0334344809563718,0.0247646144681003,0.000333968345936122,0.03,0.0334344809563718,0.0247646144681003,0.000333968345936122,0.00273066973268181,0.0012261587414427
NO,NOR,Norway,2,2020-07-24,2020-07-23,100,1,3056.66751556407,0,0,14,100,3,0,629439.811450957,97,1,99,0,20,80,0,3,97,0,19,81,0,25,75,0,25,75,0,9,91,0,2,98,0,5,95,0,1,99,0,3,97,0,27,73,0,7,93,0,5,2,93,14,86,0,3,11,86,0,2,1,97,28,72,0,84,16,0,53,47,0,71,29,0,10,90,0,16,84,0,69,31,0,42,16,8,3,31,22,78,0,1,0,1,5,88,5,0,6,14,46,34,0,3,0,3,17,76,1,0,1,12,17,70,0,10,43,37,10,0,0,5,6,89,0,45,51,2,1,1,0,100,0,0,0,0,0,0,41,32,23,4,13.4495317377732,31.9591432377488,28.5714285714286,24.7435829652697,3.39058171745152,4.5759124136977,0.01,0.0195013954179879,0.00485617124934944,0.000171735828949193,0,0,0,0,0.00197183098591549,0.00103187041240234
NO,NOR,Norway,3,2020-07-24,2020-07-24,132,0,0,0,0,16,131,5,0,620991.401853799,131,2,130,0,18,114,0,2,130,0,18,114,0,32,100,0,27,105,0,13,119,0,5,127,0,6,126,0,1,131,0,6,126,0,35,97,0,7,125,0,5,2,125,18,113,1,5,13,114,0,5,0,127,27,103,2,104,28,0,68,63,1,90,41,1,24,108,0,14,118,0,80,52,0,55,15,4,6,52,9,123,0,0,1,1,5,120,5,0,18,22,53,39,0,0,3,3,8,116,2,0,4,8,15,105,0,8,64,44,15,1,1,2,9,120,0,71,58,0,0,3,0,0,132,0,0,0,0,0,59,32,37,4,13.1294274894186,24.8623890250535,58.6666666666667,33.1219967191996,3.56103515625,1.97480383824361,0,0,0,0,0,0,0,0,0.00172024513493173,0.000842179313906022
NO,NOR,Norway,4,2020-07-24,2020-07-24,184,1,2097.00605369168,0,0,24,182,3,0,623404.335452998,184,2,182,0,24,160,0,7,177,0,9,175,0,27,157,0,22,162,0,23,161,0,4,180,0,7,177,0,5,179,0,9,175,0,31,153,0,9,174,1,6,3,175,16,167,1,3,13,168,0,3,0,181,46,136,2,145,39,0,96,88,0,121,62,1,9,175,0,25,159,0,107,77,0,81,17,6,3,77,33,151,0,2,4,2,5,165,6,0,36,39,66,43,0,0,2,4,9,167,2,0,1,5,11,167,0,14,77,67,25,1,2,3,9,170,0,73,110,0,0,1,0,0,0,184,0,0,0,0,68,59,56,1,33.6618357487923,64.2919833777574,69,80.6172615333891,2.98892173549524,3.82278776961925,0.00543478260869565,0.0106229931484904,0.00336379767421394,0.000143729675214557,0,0,0,0,0.00185729763194552,0.000742369794669712
NO,NOR,Norway,5,2020-07-24,2020-07-24,189,0,0,0,0,17,189,3,0,549298.369007504,182,1,186,2,14,173,2,1,186,2,5,182,2,25,164,0,20,168,1,7,180,2,2,185,2,2,186,1,2,185,2,7,181,1,27,160,2,9,180,0,3,6,180,15,172,2,3,12,174,0,3,0,186,32,157,0,143,46,0,89,100,0,122,67,0,14,174,1,27,162,0,102,87,0,69,17,8,8,87,23,166,0,3,3,6,7,154,16,0,39,32,71,47,0,0,1,1,12,173,2,0,4,6,20,159,0,18,87,57,25,2,2,2,11,173,1,66,119,0,0,4,0,0,0,0,189,0,0,0,64,46,71,8,37.8914270357431,67.4285513188331,39.6666666666667,16.416455159382,2.94082186592602,5.08629331204897,0,0,0,0,0,0,0,0,0.00126686042179,0.000601834568234632
NO,NOR,Norway,6,2020-07-24,2020-07-24,161,1,5032.38764633975,0,0,2,161,3,0,578691.26799345,157,1,159,1,16,144,1,5,154,2,8,152,1,24,137,0,25,135,1,10,150,1,8,152,1,4,156,1,0,160,1,12,148,1,13,148,0,2,159,0,2,0,159,22,138,1,3,18,140,0,3,0,158,13,146,2,122,39,0,67,94,0,89,72,0,8,153,0,18,143,0,76,85,0,62,10,3,1,85,25,136,0,0,2,0,4,130,25,0,37,40,54,29,1,0,1,4,8,148,0,0,0,6,12,143,0,16,69,51,25,0,0,1,18,142,0,71,88,0,0,2,0,0,0,0,0,161,0,0,54,46,54,7,43.2160911356355,67.1365566852986,80.5,0,2.01241173632735,1.18437762133445,0.0062111801242236,0.0121358239675658,0.008696152723695,0.000239216758616688,0,0,0,0,0.000174962820400665,0.000242460428348368
NO,NOR,Norway,7,2020-07-24,2020-07-23,100,0,0,0,0,2,99,0,0,378018.198946368,97,0,100,0,2,98,0,4,96,0,6,94,0,15,84,1,13,87,0,2,98,0,6,94,0,2,98,0,0,100,0,7,93,0,5,95,0,2,97,1,1,0,99,3,92,5,0,3,97,0,0,0,100,5,91,4,61,39,0,38,61,1,58,41,1,5,94,1,12,87,1,49,51,0,34,8,4,3,51,12,88,0,0,0,2,3,77,17,1,24,20,49,7,0,0,0,1,3,94,2,0,0,2,11,87,0,6,41,37,14,2,0,2,3,95,0,48,49,0,1,2,0,0,0,0,0,0,100,0,40,24,32,4,34.7205707491082,60.3760020424379,25,35.3553390593274,1.86149584487535,1.1013649763802,0,0,0,0,0,0,0,0,0.000284535495803101,0.000394282726107941
NO,NOR,Norway,1,2020-07-25,2020-07-23,100,3,19584.8713444978,3,19584.8713444978,22,99,2,1,896309.946140041,97,4,96,0,18,82,0,2,98,0,17,83,0,29,71,0,11,88,1,22,78,0,5,95,0,12,88,0,6,94,0,6,94,0,27,73,0,11,89,0,7,4,89,15,85,0,2,13,85,1,1,0,98,35,65,0,83,17,0,43,57,0,76,24,0,12,88,0,31,69,0,75,25,0,49,14,7,5,25,23,77,0,1,0,4,4,88,3,0,4,15,43,38,0,0,2,2,18,76,2,1,6,6,14,73,0,14,43,30,11,2,2,5,9,83,1,38,58,0,1,3,100,0,0,0,0,0,0,0,40,27,25,8,12.4961526623577,27.3141253709223,21,20.2484567313166,3.38123415046492,1.92599303920043,0.03,0.0334344809563718,0.0218505567508651,0.000302658477333258,0.03,0.0334344809563718,0.0218505567508651,0.000302658477333258,0.00312989045383412,0.00130582559021084
NO,NOR,Norway,2,2020-07-25,2020-07-25,117,1,12253.4639932945,1,12253.4639932945,8,116,1,0,658512.694985594,115,3,114,0,14,103,0,6,111,0,22,95,0,33,84,0,23,94,0,11,106,0,5,112,0,9,108,0,1,116,0,7,110,0,27,89,1,6,111,0,4,2,111,10,107,0,1,9,107,0,1,0,116,17,100,0,95,22,0,59,58,0,75,42,0,11,106,0,24,93,0,68,48,1,47,17,3,1,49,19,98,0,2,1,3,5,104,2,0,19,21,47,30,0,0,0,7,18,89,3,0,4,9,21,83,0,12,57,30,14,4,2,5,17,93,0,53,62,0,0,2,0,117,0,0,0,0,0,0,58,28,28,3,22.4929760665973,44.8867408801338,37.44,20.929596269398,2.92590027700831,1.90290754243666,0.00854700854700855,0.0166800862899834,0.0186077870428338,0.00032638837533415,0.00854700854700855,0.0166800862899834,0.0186077870428338,0.00032638837533415,0.000971345313258863,0.00067276860865759
NO,NOR,Norway,3,2020-07-25,2020-07-25,117,3,11321.608556103,2,5730.28055627581,5,113,4,0,550154.009530416,115,5,112,0,13,104,0,1,116,0,11,106,0,31,86,0,16,101,0,6,111,0,2,115,0,5,111,1,1,116,0,5,112,0,21,96,0,7,110,0,4,3,110,15,102,0,4,10,103,0,3,1,113,30,87,0,99,18,0,60,57,0,86,31,0,15,101,1,17,99,1,70,47,0,49,11,6,4,47,17,100,0,2,1,1,3,107,3,0,15,21,51,30,0,0,2,3,8,103,1,0,2,5,10,100,0,11,43,43,18,2,0,1,9,107,0,65,50,0,0,2,0,0,117,0,0,0,0,0,45,34,28,10,23.0256,46.3160306430788,65,45.0333209967908,3.91396628526509,2.42669671829257,0.0256410256410256,0.0286406157970728,0.0205789803581847,0.000375147957503667,0.0170940170940171,0.0234873065658838,0.0104157753229262,0.000268273721051796,0.000623208276205908,0.000546085859378422
NO,NOR,Norway,4,2020-07-25,2020-07-25,183,0,0,0,0,19,183,0,0,691256.16299888,181,0,182,1,21,162,0,3,180,0,9,174,0,35,148,0,23,160,0,14,169,0,3,180,0,5,178,0,2,181,0,7,176,0,28,155,0,7,176,0,3,4,176,12,171,0,0,12,171,0,0,0,183,37,144,2,165,18,0,103,79,1,122,61,0,26,156,1,33,150,0,106,77,0,65,26,7,8,77,31,152,0,1,1,3,9,159,10,0,37,28,69,49,0,0,1,4,9,168,1,0,1,10,18,154,0,19,75,59,30,0,1,1,10,171,0,84,98,0,0,1,0,0,0,183,0,0,0,0,81,48,49,5,33.0714144019044,53.8789423382508,70.9591836734694,88.9296410065996,3.01888558884298,3.2949551944718,0,0,0,0,0,0,0,0,0.00146232586777496,0.000657048881937848
NO,NOR,Norway,5,2020-07-25,2020-07-25,195,0,0,0,0,11,193,2,0,573970.91722365,193,0,194,1,21,173,1,5,189,1,9,185,1,22,172,1,28,166,1,15,180,0,3,191,1,7,187,1,1,193,1,2,192,1,23,171,1,11,184,0,9,2,184,24,169,2,2,22,171,0,2,0,193,38,156,1,149,45,1,81,113,1,122,72,1,14,180,1,21,173,1,117,78,0,79,24,9,5,78,28,167,0,0,1,5,6,163,20,0,43,34,62,56,0,0,0,2,5,188,0,0,0,4,9,182,0,21,85,61,27,1,0,3,13,179,0,71,123,0,0,1,0,0,0,0,195,0,0,0,66,43,81,5,37.7160493827161,66.4289890267781,24.0740740740741,13.0200462725089,2.44963784517881,1.60078549261004,0,0,0,0,0,0,0,0,0.000802743924688025,0.000474192185000308
NO,NOR,Norway,6,2020-07-25,2020-07-25,171,0,0,0,0,6,170,2,0,606138.900402101,162,1,170,0,12,159,0,3,168,0,9,162,0,15,156,0,15,155,1,14,157,0,1,169,1,6,165,0,2,169,0,4,167,0,10,161,0,4,167,0,3,1,167,13,156,2,2,10,159,0,2,0,169,18,153,0,122,49,0,70,101,0,102,69,0,14,157,0,19,152,0,79,92,0,53,17,6,3,92,11,160,0,1,0,3,6,131,29,1,39,35,64,31,2,0,0,2,5,162,2,0,0,1,17,153,0,20,66,51,30,4,1,5,8,157,0,73,92,0,0,6,0,0,0,0,0,171,0,0,59,51,50,11,75.5697589481373,128.4445767965,114,98.726896031426,2.631796875,2.9309087690359,0,0,0,0,0,0,0,0,0.000497100248550124,0.000397656856738301
NO,NOR,Norway,7,2020-07-25,2020-07-24,100,1,2909.25529610274,1,2909.25529610274,2,98,0,0,371594.448506416,99,1,99,0,7,93,0,3,97,0,4,96,0,16,84,0,12,88,0,3,97,0,2,98,0,0,100,0,2,98,0,5,95,0,5,95,0,3,97,0,1,2,97,4,93,3,0,4,96,0,0,0,100,5,91,4,70,30,0,47,52,1,60,40,0,3,97,0,16,84,0,53,47,0,39,9,4,1,47,7,93,0,1,0,4,2,82,11,0,24,19,45,12,0,0,0,1,6,93,0,0,0,2,16,82,0,7,36,38,18,1,0,0,4,96,0,58,39,0,1,2,0,0,0,0,0,0,100,0,50,20,28,2,74.8888888888889,106.568681048102,200,0,1.94242108914325,1.08987352028584,0.01,0.0195013954179879,0.00782911399186984,0.000283375976824844,0.01,0.0195013954179879,0.00782911399186984,0.000283375976824844,0.000287438919229664,0.000398305440840986
NO,NOR,Norway,1,2020-07-26,2020-07-25,100,2,11136.8304412826,1,5122.87214821852,13,100,1,0,728926.167738596,97,2,98,0,20,79,1,2,98,0,22,78,0,34,66,0,21,78,1,19,81,0,5,95,0,8,92,0,3,97,0,4,96,0,28,72,0,9,91,0,6,3,91,9,91,0,1,8,91,0,1,0,99,26,72,2,83,15,2,45,53,2,77,22,1,20,78,2,28,70,2,76,24,0,50,16,6,4,24,12,88,0,0,1,1,2,93,3,0,8,14,41,37,0,2,2,5,20,70,1,1,10,9,23,57,0,11,48,24,14,3,3,6,11,80,0,46,52,0,0,2,100,0,0,0,0,0,0,0,39,33,21,7,14.7896195515243,31.241283568003,16.0493827160494,5.85606974105255,4.721626057316,11.679424812599,0.02,0.0274394957835608,0.0152784066949239,0.000281580181305506,0.01,0.0195013954179879,0.00702797124722742,0.000191774039332043,0.00183098591549296,0.000994405368977474
NO,NOR,Norway,2,2020-07-26,2020-07-26,120,2,10475.6186671622,1,3140.19741058161,24,119,2,0,671951.664614175,116,2,118,0,14,106,0,0,120,0,13,107,0,34,86,0,13,107,0,13,107,0,2,118,0,9,111,0,4,116,0,3,117,0,26,94,0,9,111,0,6,3,111,18,102,0,2,16,102,0,2,0,118,27,92,1,96,23,1,65,54,1,90,29,1,23,97,0,24,96,0,82,38,0,45,23,6,8,38,19,101,0,0,0,6,11,98,5,0,8,13,61,38,0,0,1,8,10,101,0,1,2,8,19,90,0,9,54,47,9,1,0,1,7,112,0,53,62,1,0,4,0,120,0,0,0,0,0,0,65,31,21,3,8.1268476216071,16.6980567701224,45,46.7516233484388,3.59412667104975,8.05411871345655,0.0166666666666667,0.0229051016485408,0.0155898395953482,0.000296201968946886,0.00833333333333333,0.0162648365258355,0.00467324894921522,0.000163068986030587,0.00284057284885785,0.00113482972128179
NO,NOR,Norway,3,2020-07-26,2020-07-26,139,1,4678.91296382316,1,4678.91296382316,13,139,5,0,596295.581919685,137,2,137,0,14,125,0,2,137,0,17,122,0,31,108,0,24,115,0,13,126,0,3,136,0,6,133,0,2,137,0,3,136,0,31,108,0,6,133,0,6,0,133,17,122,0,5,12,122,0,5,0,134,23,113,3,97,40,2,64,72,3,95,43,1,21,115,3,26,111,2,82,57,0,49,21,7,5,57,17,122,0,1,1,1,4,122,10,0,19,23,56,41,0,1,3,4,13,117,1,1,1,8,22,107,0,22,56,41,18,2,2,6,11,120,0,56,80,0,0,3,0,0,139,0,0,0,0,0,50,43,42,4,22.2035777273873,48.9967120272249,50.1944444444445,30.7922098132821,3.90496570644719,8.83224955383775,0.00719424460431655,0.0140496476855479,0.00784663362549173,0.000223948618596023,0.00719424460431655,0.0140496476855479,0.00784663362549173,0.000223948618596023,0.00131725605431148,0.000715583620481333
NO,NOR,Norway,4,2020-07-26,2020-07-26,225,3,16709.2260314308,1,3050.93478627933,24,224,5,0,957575.689425814,223,5,220,0,22,203,0,3,222,0,21,204,0,29,196,0,29,196,0,22,202,1,5,220,0,9,216,0,3,222,0,9,216,0,32,193,0,10,214,1,9,1,215,31,193,1,5,26,194,0,5,0,220,35,188,2,157,68,0,109,115,1,143,82,0,33,192,0,20,205,0,131,94,0,82,31,10,8,94,27,198,0,0,2,4,7,200,12,0,32,41,79,73,0,0,1,3,23,196,2,0,3,7,23,192,0,22,99,67,34,3,1,4,17,203,0,87,131,0,2,5,0,0,0,225,0,0,0,0,91,58,68,8,28.37109375,53.862451679483,54,41.3521462562707,3.29529475392104,3.22416673821445,0.0133333333333333,0.0149868868504022,0.0174495094392487,0.000262259110902105,0.00444444444444444,0.00869157181696614,0.00318610300989235,0.000112875187191768,0.00150905432595573,0.000603280670328199
NO,NOR,Norway,5,2020-07-26,2020-07-26,183,0,0,0,0,6,182,2,0,520397.417903989,179,1,181,1,19,163,1,3,179,1,11,171,1,26,156,1,24,158,1,7,175,1,6,176,1,3,179,1,0,182,1,5,177,1,26,157,0,6,177,0,2,4,177,22,159,2,2,19,162,0,2,0,181,28,154,1,142,41,0,91,91,1,126,56,1,20,162,1,20,162,1,102,81,0,71,21,6,4,81,28,155,0,1,5,3,4,158,12,0,38,28,68,49,0,0,2,3,10,165,3,0,2,9,20,152,0,15,85,56,24,3,1,2,14,166,0,69,112,1,0,1,0,0,0,0,183,0,0,0,64,44,71,4,35.2472451790634,68.0963983002141,36.6,25.8801081914276,2.88556928085799,2.58153108529748,0,0,0,0,0,0,0,0,0.00046432440798638,0.000371443813396258
NO,NOR,Norway,6,2020-07-26,2020-07-26,149,0,0,0,0,6,148,4,0,507437.596678422,145,0,148,1,11,137,1,0,148,1,5,143,1,16,133,0,11,137,1,3,145,1,0,148,1,2,146,1,0,148,1,4,144,1,8,140,1,4,144,1,3,1,145,13,134,2,4,9,136,0,4,0,145,8,137,4,101,46,2,70,77,2,98,50,1,19,128,2,26,122,1,93,56,0,67,15,8,3,56,21,128,0,1,0,1,5,129,13,0,36,31,45,37,0,0,0,2,5,142,0,0,1,3,13,132,0,12,58,46,33,0,0,1,11,136,1,67,80,0,0,2,0,0,0,0,0,149,0,0,61,36,44,8,44.0918367346939,65.4926915921267,55.875,37.25,2.42637781798621,2.01973604899243,0,0,0,0,0,0,0,0,0.000570993528740008,0.000456751126369669
NO,NOR,Norway,7,2020-07-26,2020-07-25,100,1,2909.25529610274,1,2909.25529610274,2,97,0,0,363952.013385435,99,1,99,0,9,91,0,4,96,0,5,95,0,10,90,0,10,90,0,1,99,0,0,100,0,1,99,0,2,98,0,3,97,0,6,94,0,3,96,1,1,2,97,7,92,1,0,7,93,0,0,0,100,2,96,2,67,32,1,42,57,1,62,38,0,2,98,0,13,87,0,51,49,0,37,12,2,0,49,11,89,0,1,0,2,1,81,15,0,27,17,39,17,0,0,0,1,9,90,0,0,0,1,13,86,0,9,34,40,16,1,0,0,2,98,0,49,49,0,0,2,0,0,0,0,0,0,100,0,46,25,26,3,63.1391200951249,95.9167342818832,200,0,2.29741964689905,2.47803275141867,0.01,0.0195013954179879,0.00799351340041019,0.000289302467322558,0.01,0.0195013954179879,0.00799351340041019,0.000289302467322558,0.000290402207056774,0.000402411086096449
NO,NOR,Norway,1,2020-07-27,2020-07-26,100,2,17560.7221455901,1,6788.40717970019,11,100,3,0,674892.974653066,97,4,96,0,21,78,1,4,96,0,22,78,0,45,55,0,20,80,0,18,82,0,4,96,0,13,87,0,3,97,0,4,96,0,25,75,0,8,92,0,6,2,92,11,89,0,3,8,89,0,2,1,97,38,58,4,73,25,2,45,53,2,74,25,1,26,72,2,20,78,2,74,26,0,47,20,5,2,26,10,90,0,1,1,1,1,92,4,0,13,14,40,33,0,4,2,6,13,72,3,3,8,7,20,62,0,14,43,29,14,0,2,5,7,86,0,49,48,0,1,2,100,0,0,0,0,0,0,0,35,35,26,4,17.3089775005569,34.2338972338772,17.1875,6.46936461883457,3.04820415879017,1.55598562919002,0.02,0.0274394957835608,0.0260200102906944,0.000379803870795703,0.01,0.0195013954179879,0.010058494360813,0.000238068476356516,0.00154929577464789,0.000914848959976437
NO,NOR,Norway,2,2020-07-27,2020-07-27,122,0,0,0,0,9,121,2,0,652925.629477063,120,0,122,0,17,105,0,1,121,0,17,105,0,38,84,0,19,103,0,15,107,0,3,119,0,8,114,0,1,121,0,6,116,0,30,92,0,7,115,0,4,3,115,21,101,0,2,19,101,0,2,0,120,37,84,1,95,27,0,54,68,0,85,37,0,19,103,0,26,95,1,83,39,0,46,22,8,7,39,17,105,0,3,0,1,7,108,3,0,15,18,49,40,0,0,5,5,13,99,0,1,3,11,17,90,0,18,57,36,10,1,1,5,16,100,0,50,65,0,3,4,0,122,0,0,0,0,0,0,60,32,26,4,16.8099138836379,28.4771351736274,30.5,17.0120872061929,2.62855501292732,1.53318574416784,0,0,0,0,0,0,0,0,0.00104760796182051,0.000684066026743099
NO,NOR,Norway,3,2020-07-27,2020-07-27,128,0,0,0,0,6,128,7,0,587540.124792734,126,0,127,1,14,113,1,1,126,1,10,117,1,36,91,1,20,107,1,13,115,0,4,123,1,9,118,1,3,124,1,2,125,1,24,104,0,4,124,0,3,1,124,21,107,0,7,14,107,0,4,3,121,34,93,1,91,35,2,54,73,1,80,47,1,16,111,1,16,111,1,72,56,0,43,24,4,1,56,19,109,0,1,1,2,4,116,4,0,15,21,51,41,0,0,0,5,12,111,0,0,1,8,14,105,0,17,58,43,10,0,4,5,6,113,0,53,73,0,0,2,0,0,128,0,0,0,0,0,60,37,28,3,19.5196195005945,28.1068502218876,48,18.475208614068,3.448832,2.36793326497071,0,0,0,0,0,0,0,0,0.000660211267605634,0.000528094917110492
NO,NOR,Norway,4,2020-07-27,2020-07-27,205,1,4160.86261917053,0,0,18,204,2,0,616633.974212263,199,1,204,0,23,182,0,3,202,0,22,183,0,33,172,0,31,174,0,21,184,0,2,203,0,12,193,0,2,203,0,9,196,0,45,160,0,10,195,0,6,4,195,26,178,1,2,24,179,0,2,0,203,40,165,0,140,65,0,86,119,0,137,68,0,23,182,0,27,177,1,118,87,0,75,33,8,2,87,47,158,0,2,0,4,8,185,6,0,36,34,80,55,0,0,1,4,16,182,2,1,1,5,22,176,0,23,105,52,24,1,0,3,17,184,1,73,130,0,2,0,0,0,0,205,0,0,0,0,78,63,58,6,18.3491076257437,43.0393103101704,45.5555555555556,30.1321677093467,2.76954914618909,1.78618157315298,0.00487804878048781,0.00953745239297216,0.00674770251588221,0.000204334697634162,0,0,0,0,0.00124275062137531,0.000573754097021575
NO,NOR,Norway,5,2020-07-27,2020-07-27,219,2,3894.04311327175,2,3894.04311327175,9,219,2,0,572411.17920981,211,2,216,1,25,192,2,7,211,1,23,195,1,25,193,1,39,179,1,12,205,2,6,212,1,8,210,1,2,216,1,10,208,1,27,191,1,8,211,0,6,2,211,21,198,0,2,19,198,0,2,0,217,48,170,1,149,69,1,102,116,1,130,89,0,22,197,0,26,193,0,124,95,0,86,22,13,3,95,35,184,0,0,3,4,4,187,21,0,54,34,78,53,0,0,0,6,12,199,2,0,2,4,27,186,0,25,112,56,24,2,0,2,21,195,1,90,129,0,0,0,0,0,0,0,219,0,0,0,89,53,67,10,47.6883673469388,82.3523080429752,30.796875,9.67852406749087,2.77854671280277,4.28313811873673,0.0091324200913242,0.0125987304273477,0.00680287746764016,0.000212940411094244,0.0091324200913242,0.0125987304273477,0.00680287746764016,0.000212940411094244,0.00057881535790083,0.000378042962340061
NO,NOR,Norway,6,2020-07-27,2020-07-27,178,0,0,0,0,2,176,3,0,535887.978276496,176,0,178,0,19,159,0,7,171,0,11,167,0,20,158,0,24,154,0,4,174,0,1,177,0,2,175,1,3,175,0,4,174,0,12,166,0,4,174,0,3,1,174,20,155,3,3,16,159,0,3,0,175,14,163,1,110,68,0,69,108,1,109,68,1,12,166,0,17,161,0,93,85,0,76,9,7,1,85,15,163,0,0,0,3,4,146,24,1,38,32,80,28,0,1,0,0,14,161,2,1,0,2,13,162,0,24,70,52,31,1,1,2,12,163,0,88,87,1,0,2,0,0,0,0,0,178,0,0,64,45,59,10,64.525,90.4374936429038,89,0,2.05100346020761,1.1410748761604,0,0,0,0,0,0,0,0,0.000160051216389245,0.000221797841247623
NO,NOR,Norway,7,2020-07-27,2020-07-26,100,1,3724.006380473,0,0,2,99,0,0,339019.63561973,98,1,97,2,11,88,1,2,97,1,3,96,1,15,84,1,13,87,0,3,96,1,0,99,1,2,97,1,0,99,1,4,95,1,9,91,0,2,97,1,1,1,98,7,91,2,0,7,93,0,0,0,100,1,98,1,61,39,0,36,64,0,65,35,0,5,95,0,9,91,0,53,47,0,41,9,2,1,47,11,89,0,1,0,1,3,78,17,0,23,21,43,13,0,0,0,3,10,86,1,0,1,0,13,84,2,9,39,36,15,1,0,0,9,89,2,40,59,0,0,1,0,0,0,0,0,0,100,0,43,24,29,4,50.6763787721124,71.0468452025925,25,35.3553390593274,2.49207786328656,2.6480183327864,0.01,0.0195013954179879,0.0109846333049869,0.000350856855033558,0,0,0,0,0.000284535495803101,0.000394282726107941
NO,NOR,Norway,1,2020-07-28,2020-07-27,100,4,45462.3412790522,3,34690.0263131623,22,100,1,0,744452.480072261,97,6,94,0,22,78,0,4,96,0,16,84,0,42,58,0,15,85,0,19,81,0,6,94,0,17,83,0,5,95,0,6,94,0,25,75,0,14,86,0,9,5,86,14,86,0,1,13,86,0,0,1,99,46,53,1,72,28,0,51,49,0,69,31,0,20,80,0,28,72,0,72,28,0,44,20,5,3,28,15,85,0,1,0,1,2,92,4,0,11,11,41,37,0,2,4,10,14,66,4,1,5,8,27,59,0,21,36,32,11,0,0,7,11,82,0,42,56,0,1,1,100,0,0,0,0,0,0,0,39,35,22,4,10.4683195592286,24.3916260507106,11.2244897959184,6.69724615626422,2.95382526029878,2.97706532650575,0.04,0.0384072934108425,0.0610681574660607,0.000543943814821884,0.03,0.0334344809563718,0.0465980398235695,0.000478797026735402,0.00309859154929577,0.00129278762877007
NO,NOR,Norway,2,2020-07-28,2020-07-28,135,0,0,0,0,25,135,3,0,649158.347092993,134,0,135,0,20,115,0,5,130,0,31,104,0,31,104,0,25,110,0,17,118,0,7,128,0,17,118,0,3,132,0,5,130,0,35,100,0,10,125,0,7,3,125,20,115,0,3,17,115,0,2,1,132,48,85,2,106,27,2,65,68,2,89,44,2,18,115,2,34,99,2,87,48,0,54,21,5,7,48,28,107,0,0,2,4,6,115,8,0,13,26,50,46,0,0,3,12,18,101,1,2,1,16,27,89,0,16,69,36,11,3,3,5,11,116,0,48,83,0,0,4,0,135,0,0,0,0,0,0,70,40,21,4,19.4234404536862,40.268127016097,33.75,41.365746699413,2.6861572265625,1.42463144784157,0,0,0,0,0,0,0,0,0.00260824204486176,0.00102107787451284
NO,NOR,Norway,3,2020-07-28,2020-07-28,151,1,3930.74293088525,1,3930.74293088525,18,151,4,0,593873.5022915,148,3,148,0,13,138,0,1,150,0,18,133,0,25,126,0,29,122,0,12,139,0,1,149,1,10,140,1,2,149,0,7,144,0,31,120,0,11,140,0,9,2,140,17,134,0,4,13,134,0,3,1,147,37,112,2,115,35,1,73,77,1,92,59,0,15,135,1,21,129,1,81,70,0,54,14,8,4,71,19,132,0,2,3,2,5,131,8,0,26,24,67,34,0,0,4,2,11,134,0,2,5,3,11,130,0,16,68,52,15,0,0,2,11,138,0,74,76,0,0,1,0,0,151,0,0,0,0,0,67,41,36,7,16.61,35.9148771262604,22.4628099173554,14.0966823683496,3.11690748733346,1.62504347830282,0.00662251655629139,0.0129368427609194,0.00661882187994282,0.000206228853505694,0.00662251655629139,0.0129368427609194,0.00661882187994282,0.000206228853505694,0.00167894785934148,0.000774968700014047
NO,NOR,Norway,4,2020-07-28,2020-07-28,218,3,10315.7357128659,3,10315.7357128659,14,216,2,0,647137.128016473,217,5,213,0,34,184,0,5,213,0,23,194,1,43,175,0,31,187,0,12,206,0,4,214,0,10,208,0,4,214,0,13,205,0,41,177,0,11,206,1,7,4,207,25,190,3,2,22,194,0,1,1,216,56,159,3,172,44,2,97,119,2,145,71,2,28,187,3,29,187,2,113,105,0,75,21,9,8,105,24,194,0,0,3,3,11,180,21,0,42,33,79,64,0,0,1,8,18,189,2,0,2,12,25,179,0,21,98,74,22,3,0,1,20,197,0,94,119,0,1,4,0,0,0,218,0,0,0,0,87,60,64,7,31.0996086352733,51.6939153161859,28.34,14.7138785580901,2.98690505604097,1.67582142343569,0.0137614678899083,0.0154647608340514,0.0159405715825399,0.000305149414312387,0.0137614678899083,0.0154647608340514,0.0159405715825399,0.000305149414312387,0.000912884715701617,0.000477971154798617
NO,NOR,Norway,5,2020-07-28,2020-07-28,238,0,0,0,0,11,237,7,0,533577.831584698,235,0,238,0,27,211,0,7,231,0,17,221,0,35,203,0,35,203,0,10,228,0,6,232,0,10,228,0,2,236,0,7,231,0,42,196,0,8,230,0,5,3,230,26,210,2,7,19,212,0,6,1,231,42,196,0,181,56,1,104,132,2,142,96,0,15,223,0,23,215,0,123,115,0,90,21,7,5,115,29,209,0,0,1,4,3,213,17,0,34,44,113,47,0,0,2,4,15,216,1,0,2,10,18,208,0,30,105,75,25,3,0,2,9,227,0,80,155,0,0,3,0,0,0,0,238,0,0,0,87,67,81,3,26.551875,38.5626587711891,53.4285714285714,38.5523762469412,2.28842009959258,1.70237960704944,0,0,0,0,0,0,0,0,0.000653711297319784,0.000386185302087639
NO,NOR,Norway,6,2020-07-28,2020-07-28,178,2,6771.33400784582,0,0,6,175,0,0,568466.673655966,177,3,175,0,21,157,0,7,171,0,7,171,0,21,157,0,25,153,0,7,171,0,3,175,0,2,176,0,3,175,0,6,172,0,15,163,0,7,171,0,4,3,171,9,167,2,0,9,169,0,0,0,178,15,159,4,130,47,1,79,96,3,111,66,1,10,167,1,25,151,2,88,90,0,65,18,5,0,90,14,164,0,2,0,1,4,153,18,0,36,41,79,22,0,0,0,2,11,161,4,0,0,5,16,156,1,19,76,58,23,2,1,2,10,165,0,69,104,0,0,5,0,0,0,0,0,178,0,0,69,42,62,5,40.5128,64.0189827409314,66.75,44.5,2.62973222530009,7.90201444364787,0.0112359550561798,0.0154842230713355,0.0119115760371624,0.000282018829492195,0,0,0,0,0.000482897384305835,0.000386297976864033
NO,NOR,Norway,7,2020-07-28,2020-07-27,100,0,0,0,0,3,98,0,0,324921.554539402,99,0,98,2,7,92,1,0,99,1,2,97,1,16,83,1,13,87,0,5,94,1,0,99,1,1,98,1,0,99,1,3,96,1,7,93,0,4,95,1,2,2,96,9,86,5,0,8,92,0,0,0,100,8,91,1,70,29,1,37,62,1,54,46,0,6,94,0,11,88,1,55,45,0,43,9,1,2,45,8,92,0,1,0,2,1,78,18,0,26,16,41,16,1,0,0,2,5,90,3,0,0,1,8,90,1,4,33,37,23,3,0,0,9,90,1,50,46,0,0,4,0,0,0,0,0,0,100,0,44,31,21,4,68.16,85.3891484128204,22.2222222222222,19.2450089729875,2.24609375,2.13386162357012,0,0,0,0,0,0,0,0,0.000431158378844496,0.00048778747978168
NO,NOR,Norway,1,2020-07-29,2020-07-28,100,2,22949.5465483274,1,17987.7606866079,22,100,1,0,806447.724462781,96,2,98,0,21,79,0,3,97,0,18,82,0,39,61,0,11,89,0,18,82,0,5,95,0,12,88,0,6,94,0,5,95,0,23,77,0,12,88,0,7,5,88,13,87,0,1,12,87,0,0,1,99,37,63,0,83,17,0,57,43,0,67,33,0,17,82,1,28,71,1,68,32,0,40,19,5,4,32,21,79,0,2,1,2,2,91,2,0,11,10,49,30,0,2,3,12,18,63,2,0,7,11,22,60,0,23,42,25,10,0,1,4,12,83,0,33,64,0,0,3,100,0,0,0,0,0,0,0,43,30,22,5,12.3330813807004,28.8375222748447,15.2777777777778,8.58214417574062,3.18005540166205,2.91721476384436,0.02,0.0274394957835608,0.0284575749328518,0.000362902374356145,0.01,0.0195013954179879,0.0223049307983236,0.000322301356341567,0.00309859154929577,0.00129278762877007
NO,NOR,Norway,2,2020-07-29,2020-07-29,128,2,12286.1420217798,0,0,11,128,4,0,669543.696796304,127,2,126,0,17,110,1,5,123,0,24,104,0,33,95,0,21,107,0,12,116,0,3,125,0,6,122,0,4,124,0,7,121,0,21,107,0,9,119,0,6,3,119,18,110,0,4,14,110,0,4,0,124,38,90,0,105,23,0,57,70,1,88,39,1,9,118,1,26,101,1,82,46,0,53,17,5,7,46,28,100,0,0,2,3,3,114,6,0,13,23,62,30,0,1,2,9,15,98,3,3,4,10,19,92,0,19,57,38,13,1,0,6,10,112,0,65,59,1,1,2,0,128,0,0,0,0,0,0,60,35,30,3,23.375,39.9855132496917,17.3827160493827,9.48148148148148,2.66595001343725,1.5388292583256,0.015625,0.0214849034782183,0.0183500226804728,0.000321480963460369,0,0,0,0,0.00121038732394366,0.000714847040919673
NO,NOR,Norway,3,2020-07-29,2020-07-29,164,2,7477.17169467695,1,2671.0136014637,18,163,5,0,576438.475283999,163,3,161,0,16,148,0,1,163,0,25,139,0,29,135,0,40,124,0,17,147,0,8,156,0,16,148,0,2,162,0,6,158,0,34,130,0,12,151,1,9,3,152,28,136,0,5,23,136,0,5,0,159,54,110,0,139,25,0,75,89,0,113,51,0,16,148,0,22,142,0,95,69,0,58,28,8,1,69,27,137,0,1,2,5,5,146,5,0,19,29,67,48,1,0,3,13,12,135,1,1,5,17,19,122,0,24,76,45,19,0,3,3,8,150,0,81,79,0,2,2,0,0,164,0,0,0,0,0,87,43,34,0,20.2219512195122,38.3048203922371,20.5,9.21406478699764,2.88878015732621,1.72518832262069,0.0121951219512195,0.0167978935224769,0.0129713265426863,0.000292098072725341,0.00609756097560976,0.0119145082177789,0.00463364906401806,0.000175317253142487,0.00155534433595438,0.000717960231286165
NO,NOR,Norway,4,2020-07-29,2020-07-29,251,0,0,0,0,14,249,3,0,663856.626176162,248,1,250,0,12,239,0,4,247,0,30,221,0,39,212,0,52,199,0,20,231,0,5,246,0,14,237,0,2,249,0,10,241,0,49,202,0,12,239,0,10,2,239,27,224,0,3,24,224,0,3,0,248,62,188,1,196,54,1,116,135,0,157,93,1,25,226,0,32,219,0,136,115,0,85,35,10,6,115,35,216,0,3,3,3,9,216,17,0,43,44,106,57,1,1,4,8,12,226,0,0,5,13,23,209,1,30,109,86,24,2,0,6,22,223,0,88,159,0,1,3,0,0,0,251,0,0,0,0,92,80,72,7,25.0829560887279,39.3204945645979,35.14,24.2489037552903,3.12442797623113,3.28869204885191,0,0,0,0,0,0,0,0,0.000791899994343572,0.000414650683904044
NO,NOR,Norway,5,2020-07-29,2020-07-29,239,1,5929.88947379959,0,0,18,238,6,0,532271.850194609,235,2,237,0,20,219,0,8,231,0,15,224,0,26,213,0,29,210,0,11,228,0,8,231,0,6,233,0,2,237,0,6,233,0,28,211,0,10,229,0,4,5,230,23,212,4,6,17,216,0,4,2,233,40,196,3,176,63,0,110,128,1,155,84,0,10,228,1,27,212,0,134,105,0,97,26,6,5,105,30,209,0,2,0,6,4,213,14,0,40,34,112,52,1,0,1,6,10,220,2,0,3,5,22,209,0,25,103,76,33,2,1,3,13,222,0,66,168,0,0,5,0,0,0,0,239,0,0,0,81,69,81,8,46.0952216066482,83.697358833252,50.1604938271605,33.7068476352125,2.3809640831758,1.33059913569875,0.00418410041841004,0.00818351189714608,0.0111407159173109,0.000281971451165016,0,0,0,0,0.00106521481832169,0.000491832933493748
NO,NOR,Norway,6,2020-07-29,2020-07-29,158,2,5801.60753393029,2,5801.60753393029,5,158,0,0,536693.664102164,154,2,156,0,17,141,0,3,155,0,7,151,0,10,148,0,22,136,0,11,147,0,1,157,0,1,156,1,2,156,0,4,154,0,10,148,0,3,155,0,1,1,156,12,145,1,0,12,146,0,0,0,158,13,145,0,120,38,0,75,83,0,95,63,0,11,147,0,18,140,0,80,78,0,67,7,4,2,78,12,146,0,1,0,3,2,126,26,0,30,36,68,24,0,2,0,3,6,146,1,1,2,4,4,146,1,18,75,45,20,0,0,1,14,143,0,63,93,0,0,2,0,0,0,0,0,158,0,0,52,49,49,8,56.2059897735573,97.7173364390033,70.2222222222222,60.8142283546406,2.33486582848564,1.44179944679292,0.0126582278481013,0.0174317005825738,0.0108099050202797,0.000276653185630689,0.0126582278481013,0.0174317005825738,0.0108099050202797,0.000276653185630689,0.00044571224817258,0.000390589757706133
NO,NOR,Norway,7,2020-07-29,2020-07-28,100,0,0,0,0,3,96,1,0,340974.907108526,99,0,100,0,9,91,0,3,97,0,5,95,0,12,88,0,16,84,0,3,97,0,1,99,0,2,98,0,1,99,0,1,99,0,9,91,0,4,94,2,2,2,96,10,87,3,1,8,91,0,1,0,99,10,89,1,75,24,1,46,53,1,54,45,1,8,92,0,12,87,1,48,52,0,34,10,2,2,52,10,90,0,0,2,2,2,84,10,0,23,22,41,13,1,0,0,1,3,94,2,0,0,3,7,90,0,7,33,38,20,2,0,0,6,94,0,46,48,0,0,6,0,0,0,0,0,0,100,0,40,28,29,3,75.9945130315501,96.6101087143779,75,35.3553390593274,2.13625252417898,2.69181844359772,0,0,0,0,0,0,0,0,0.000440140845070423,0.000497947481565844
NO,NOR,Norway,1,2020-07-30,2020-07-29,100,2,10095.1212247949,0,0,6,100,4,0,721426.715706603,96,2,98,0,22,78,0,5,95,0,19,81,0,33,67,0,12,88,0,16,84,0,5,95,0,12,88,0,4,96,0,8,92,0,25,75,0,3,97,0,3,0,97,11,89,0,4,7,89,0,3,1,96,32,66,2,82,18,0,51,48,1,74,25,1,20,78,2,26,73,1,74,26,0,50,15,4,5,26,22,78,0,3,1,4,4,86,2,0,10,13,43,34,0,2,2,5,17,72,2,1,6,12,16,65,0,17,47,23,11,2,1,1,7,91,0,36,58,2,1,3,100,0,0,0,0,0,0,0,40,30,21,9,19.8731138545953,40.2456710201816,66.6666666666667,33.3333333333333,3.4478305785124,3.66486051726868,0.02,0.0274394957835608,0.0139932733360273,0.000271051352167443,0,0,0,0,0.000845070422535211,0.000675898970898153
NO,NOR,Norway,2,2020-07-30,2020-07-30,111,2,10090.3771728592,1,3565.56420935351,12,111,5,0,641419.070315059,111,3,108,0,12,99,0,2,109,0,21,90,0,26,85,0,18,93,0,13,98,0,6,105,0,7,104,0,1,110,0,5,106,0,28,83,0,5,106,0,3,2,106,19,92,0,5,14,92,0,4,1,106,33,78,0,93,18,0,53,58,0,77,34,0,17,94,0,27,84,0,77,34,0,46,15,8,8,34,18,93,0,0,1,5,12,86,7,0,16,20,43,32,0,0,5,5,13,83,5,0,3,9,19,80,0,14,39,37,17,4,1,5,11,94,0,42,64,0,2,3,0,111,0,0,0,0,0,0,50,26,31,4,22.4449982200071,47.0400079667078,53.28,33.6679669715889,2.8212944361953,1.53997000672966,0.018018018018018,0.0247452513571082,0.0157313332887077,0.00030452065351007,0.00900900900900901,0.0175776157070447,0.00555886841281807,0.000181953281919566,0.00152264940997335,0.000860848040889908
NO,NOR,Norway,3,2020-07-30,2020-07-30,118,0,0,0,0,17,116,7,0,645913.955193115,115,1,117,0,11,107,0,2,116,0,14,104,0,24,94,0,17,101,0,7,111,0,2,116,0,5,113,0,0,118,0,3,115,0,29,89,0,9,109,0,9,0,109,17,101,0,7,10,101,0,6,1,111,40,77,1,95,23,0,59,59,0,80,38,0,12,105,1,25,92,1,74,44,0,54,11,5,4,44,21,97,0,1,2,7,7,98,3,0,15,20,52,31,0,0,0,6,8,104,0,0,1,8,16,93,0,12,50,35,21,0,1,3,8,106,0,52,63,0,1,2,0,0,118,0,0,0,0,0,57,28,29,4,28.3082049146189,56.9844287396613,40.9387755102041,36.2293203639406,3.25961834410588,1.50995425961856,0,0,0,0,0,0,0,0,0.00206410879067509,0.000980183832918996
NO,NOR,Norway,4,2020-07-30,2020-07-30,234,1,3526.3819487429,0,0,12,233,2,0,690363.048520629,232,3,230,1,27,207,0,5,228,1,12,221,1,45,188,1,41,193,0,14,219,1,5,228,1,7,226,1,3,230,1,10,223,1,44,190,0,11,223,0,10,1,223,26,207,1,2,24,208,0,1,1,232,56,178,0,193,41,0,136,98,0,161,73,0,29,205,0,31,202,1,151,83,0,94,40,11,6,83,38,196,0,1,3,6,7,202,15,0,36,36,97,65,0,1,0,4,16,212,1,1,1,11,21,200,0,42,98,69,21,4,0,3,20,211,0,88,139,1,0,6,0,0,0,234,0,0,0,0,74,74,82,4,21.1300728407908,37.0261460874214,25.74,13.2829213654226,3.59203676512652,7.53059573382382,0.00427350427350427,0.00835799804875529,0.00510801085935805,0.000168160192178837,0,0,0,0,0.000725382336940096,0.000410267270798486
NO,NOR,Norway,5,2020-07-30,2020-07-30,196,1,4144.43417133871,1,4144.43417133871,8,194,1,0,525372.587640864,188,3,193,0,24,172,0,4,192,0,13,183,0,20,175,1,26,170,0,19,177,0,3,193,0,6,190,0,0,196,0,9,187,0,24,172,0,6,190,0,3,3,190,20,174,2,1,19,176,0,1,0,195,37,158,1,159,37,0,102,94,0,123,72,1,16,180,0,33,163,0,95,101,0,69,19,4,3,101,22,174,0,1,2,7,3,168,15,0,42,43,72,39,0,1,1,1,8,184,1,0,2,4,21,169,0,19,95,53,27,2,1,0,16,179,0,84,106,2,1,3,0,0,0,0,196,0,0,0,80,53,57,6,32.2633744855967,52.4737363598796,98,98,3.39094650205761,10.4799048546856,0.00510204081632653,0.00997427389112943,0.00788856188700081,0.000239217822806261,0.00510204081632653,0.00997427389112943,0.00788856188700081,0.000239217822806261,0.000580804414113547,0.00040235263434422
NO,NOR,Norway,6,2020-07-30,2020-07-30,169,0,0,0,0,3,167,4,0,572021.077137876,163,0,168,1,17,151,1,4,164,1,8,160,1,20,148,1,23,145,1,11,157,1,3,165,1,6,162,1,4,164,1,3,165,1,14,154,1,4,165,0,3,1,165,11,156,2,4,6,159,0,3,1,165,11,157,1,124,43,2,96,71,2,96,72,1,13,155,1,22,145,2,78,89,2,57,17,2,2,91,27,142,0,2,1,0,4,144,18,0,27,53,67,22,0,0,1,1,7,159,1,1,0,4,18,146,0,11,83,53,19,3,0,0,8,161,0,74,94,0,0,1,0,0,0,0,0,169,0,0,67,40,54,8,56.7407024793388,89.0925477313737,126.75,59.7505230102633,2.7875875163166,7.48402169830149,0,0,0,0,0,0,0,0,0.000253015096567429,0.000286272051332486
NO,NOR,Norway,7,2020-07-30,2020-07-29,100,0,0,0,0,4,99,1,0,351314.544870322,97,0,100,0,5,95,0,2,98,0,7,93,0,10,90,0,16,84,0,0,100,0,1,99,0,1,99,0,0,100,0,2,98,0,6,94,0,3,97,0,1,2,97,4,94,2,1,2,97,0,1,0,99,5,94,1,71,29,0,40,59,1,58,42,0,11,89,0,11,89,0,50,50,0,41,8,1,0,50,11,89,0,0,0,0,3,85,12,0,25,17,44,14,0,0,0,1,2,94,3,0,0,2,9,89,0,8,43,36,13,0,0,1,4,95,0,48,49,0,0,3,0,0,0,0,0,0,100,0,45,27,25,3,51.9848771266541,50.1840273963926,100,0,2.17292892711634,2.25491601453192,0,0,0,0,0,0,0,0,0.000569070991606203,0.000557520621952935
NO,NOR,Norway,1,2020-07-31,2020-07-30,100,2,10415.731931155,1,5282.39656807952,9,100,2,0,727684.263412442,98,3,97,0,16,84,0,6,94,0,20,80,0,26,74,0,17,83,0,12,88,0,7,93,0,12,87,1,3,97,0,9,91,0,29,71,0,6,94,0,5,1,94,7,93,0,2,5,93,0,1,1,98,34,64,2,82,18,0,51,47,2,85,14,1,24,75,1,28,72,0,84,16,0,52,24,4,4,16,21,79,0,1,1,3,4,85,6,0,8,15,35,42,0,2,2,5,12,77,2,1,3,12,17,67,0,13,45,26,14,2,0,4,9,87,0,42,53,2,1,2,100,0,0,0,0,0,0,0,44,26,20,10,15.4147383410466,34.5116344669772,25,9.12870929175277,3.79818594104308,5.27070960101724,0.02,0.0274394957835608,0.0143135319187897,0.000272909970229515,0.01,0.0195013954179879,0.00725918758131166,0.000195046673177929,0.00126760563380282,0.00082762874363293
NO,NOR,Norway,2,2020-07-31,2020-07-31,118,1,3414.71561849768,1,3414.71561849768,18,115,4,0,644309.776797772,118,2,116,0,14,104,0,2,116,0,28,90,0,21,97,0,21,97,0,7,111,0,3,115,0,13,105,0,2,116,0,5,113,0,34,84,0,10,107,1,4,6,108,18,100,0,4,14,100,0,1,3,114,35,82,1,97,21,0,61,56,1,83,35,0,12,105,1,24,93,1,76,42,0,52,13,5,6,42,17,101,0,1,2,3,10,96,6,0,15,27,46,30,0,0,3,8,22,84,1,1,2,17,19,79,0,22,49,32,14,1,0,6,11,101,0,47,71,0,0,0,0,118,0,0,0,0,0,0,66,22,30,0,13.8845663265306,34.5019130382135,33.1875,18.9056633616188,2.6044887039239,1.68777744819674,0.00847457627118644,0.0165393337479136,0.00529980413376445,0.000177286939076068,0.00847457627118644,0.0165393337479136,0.00529980413376445,0.000177286939076068,0.00220453153704838,0.0010172997039658
NO,NOR,Norway,3,2020-07-31,2020-07-31,135,2,8251.58299845792,2,8251.58299845792,11,134,3,0,609377.774535517,135,4,131,0,21,114,0,2,133,0,21,114,0,28,107,0,32,103,0,13,122,0,5,130,0,11,124,0,1,134,0,8,127,0,34,101,0,7,128,0,5,2,128,16,118,1,3,13,119,0,3,0,132,39,94,2,102,33,0,69,66,0,88,47,0,14,121,0,28,107,0,75,60,0,51,12,3,9,60,16,119,0,0,2,1,5,122,5,0,21,24,48,42,0,0,1,6,16,112,0,1,0,11,20,102,1,13,76,31,14,1,2,3,10,120,0,66,68,0,0,1,0,0,135,0,0,0,0,0,66,39,28,2,17.701775147929,33.7801572138557,41.25,22.1218218056289,4.10640405570771,8.90359726390445,0.0148148148148148,0.0203792527964805,0.0135409976262221,0.000290181443690843,0.0148148148148148,0.0203792527964805,0.0135409976262221,0.000290181443690843,0.0011561908766029,0.000682857490356076
NO,NOR,Norway,4,2020-07-31,2020-07-31,203,1,6669.90079976662,1,6669.90079976662,15,202,1,0,700676.714790523,201,1,200,2,19,182,2,4,197,2,17,184,2,29,173,1,29,172,2,15,186,2,3,198,2,10,191,2,1,201,1,4,197,2,31,170,2,8,195,0,6,2,195,29,173,1,1,26,176,0,1,0,202,42,160,1,161,42,0,101,101,1,114,89,0,17,185,1,32,170,1,110,93,0,75,25,6,4,93,22,181,0,0,2,4,3,183,11,0,42,35,87,39,0,0,0,13,9,181,0,0,2,14,24,163,0,28,90,54,31,0,3,3,11,186,0,79,120,0,1,3,0,0,0,203,0,0,0,0,82,61,52,8,27.395361577794,51.1976862098298,62.1428571428572,39.0103771298039,2.94834760664716,1.67431678502151,0.00492610837438424,0.00963118486285048,0.00951922713995238,0.000227359506586354,0.00492610837438424,0.00963118486285048,0.00951922713995238,0.000227359506586354,0.00104587923581091,0.00052900134195775
NO,NOR,Norway,5,2020-07-31,2020-07-31,200,1,2318.82332466435,0,0,14,198,3,0,483064.454271075,195,1,198,1,16,184,0,3,196,1,15,184,1,19,181,0,24,175,1,6,193,1,2,197,1,10,189,1,3,196,1,6,192,2,27,172,1,9,190,1,7,2,191,18,181,1,3,15,182,0,3,0,197,35,164,1,144,55,1,88,111,1,127,73,0,17,183,0,21,179,0,99,101,0,63,21,10,5,101,28,172,0,0,0,2,5,174,19,0,50,35,71,44,0,0,1,4,16,178,1,0,1,6,26,167,0,26,86,57,29,2,0,2,13,184,1,84,114,0,0,2,0,0,0,0,200,0,0,0,70,55,65,10,38.6272189349112,65.3077167011614,43.75,22.160131510698,2.6223522779135,2.33427888139039,0.005,0.00977528967165507,0.00480023587776369,0.000194909035194992,0,0,0,0,0.000995874235310855,0.000521401421417497
NO,NOR,Norway,6,2020-07-31,2020-07-31,167,1,3591.98593607715,0,0,22,166,1,0,615406.06163731,160,1,164,2,18,147,2,7,160,0,12,155,0,17,149,1,21,145,1,7,159,1,5,161,1,5,160,2,2,164,1,4,161,2,10,156,1,6,160,1,4,2,161,15,152,0,1,14,152,0,1,0,166,11,154,2,130,37,0,75,90,2,98,69,0,8,159,0,12,155,0,82,85,0,59,14,7,1,86,26,141,0,1,0,1,8,133,24,0,42,31,66,27,1,0,0,1,13,151,2,1,0,7,12,146,1,23,73,47,23,1,0,1,17,148,1,66,93,1,2,5,0,0,0,0,0,167,0,0,64,38,59,6,67.8720987654321,101.87481536541,102.055555555556,51.8228463846536,2.42243740596428,2.80480571600559,0.00598802395209581,0.0117011198672655,0.0058367737336232,0.000190319146982183,0,0,0,0,0.00186662141523842,0.000779268792288468
NO,NOR,Norway,7,2020-07-31,2020-07-30,100,0,0,0,0,2,100,0,0,351547.951979118,93,0,100,0,8,92,0,2,98,0,3,97,0,11,89,0,15,85,0,0,100,0,1,99,0,0,100,0,1,99,0,1,99,0,2,98,0,1,99,0,0,1,99,3,94,3,0,3,97,0,0,0,100,3,96,1,71,29,0,40,59,1,60,40,0,14,86,0,4,96,0,48,52,0,40,6,0,2,52,11,89,0,1,1,0,3,78,17,0,23,22,37,17,1,0,0,0,4,93,3,0,0,1,7,92,0,6,42,36,15,1,0,1,2,97,0,50,49,0,0,1,0,0,0,0,0,0,100,0,47,24,23,6,66.3223140495868,99.2857123553063,200,0,3.32230623818526,11.2588819822052,0,0,0,0,0,0,0,0,0.00028169014084507,0.000390340454332305
NO,NOR,Norway,1,2020-08-01,2020-07-30,100,1,5282.39656807952,1,5282.39656807952,21,100,1,0,775738.697183013,97,5,95,0,20,80,0,7,93,0,25,75,0,30,70,0,23,77,0,16,84,0,9,91,0,17,82,1,6,94,0,9,91,0,37,63,0,11,89,0,7,4,89,6,94,0,1,5,94,0,0,1,99,35,65,0,82,18,0,48,50,2,81,19,0,17,83,0,29,71,0,78,22,0,44,23,7,4,22,19,81,0,0,2,2,4,85,7,0,8,22,35,35,0,2,4,8,11,73,2,2,7,10,19,62,0,20,41,29,8,2,1,8,14,77,0,40,56,0,1,3,100,0,0,0,0,0,0,0,43,28,21,8,12.7810650887574,27.8811975052836,17.3553719008264,12.5009391082242,4.43482963764197,10.399569202861,0.01,0.0195013954179879,0.0068095050398566,0.000183005614119322,0.01,0.0195013954179879,0.0068095050398566,0.000183005614119322,0.00295774647887324,0.00126315362128419
NO,NOR,Norway,2,2020-08-01,2020-08-01,101,0,0,0,0,5,100,3,0,680860.113452421,99,1,100,0,8,93,0,4,97,0,18,83,0,25,76,0,13,88,0,8,93,0,2,99,0,10,91,0,0,101,0,3,98,0,21,80,0,5,96,0,2,3,96,15,86,0,3,12,86,0,3,0,98,34,67,0,83,18,0,42,59,0,72,29,0,13,88,0,21,80,0,75,26,0,41,28,1,5,26,17,84,0,0,0,3,10,88,0,0,5,16,44,36,0,0,0,4,16,81,0,0,2,8,19,72,0,17,40,34,9,1,0,2,10,88,1,45,53,0,0,3,0,101,0,0,0,0,0,0,47,32,19,3,14.5968346522282,33.9707179099813,31.5625,12.625,2.84939236111111,1.93041285194002,0,0,0,0,0,0,0,0,0.000704225352112676,0.00061705200811476
NO,NOR,Norway,3,2020-08-01,2020-08-01,131,2,7743.62705898051,1,4719.44851805513,28,131,4,0,568309.892781853,131,4,127,0,21,110,0,5,126,0,23,108,0,20,111,0,22,109,0,22,109,0,6,125,0,6,125,0,3,128,0,7,124,0,33,98,0,12,119,0,11,1,119,16,114,1,4,11,116,0,3,1,127,28,101,2,109,21,1,74,55,2,88,42,1,22,108,1,26,104,1,82,49,0,50,14,10,8,49,17,114,0,0,0,1,8,116,6,0,19,18,55,39,0,1,3,5,14,108,0,1,4,8,17,101,0,19,55,39,17,1,2,5,11,113,0,55,74,0,1,1,0,0,131,0,0,0,0,0,62,42,26,1,23.6168054110302,46.0163094931816,25.4722222222222,11.7145302447524,3.77497041420118,4.14118028679434,0.0152671755725191,0.0209966979415278,0.0136257122343512,0.00030140882278236,0.00763358778625954,0.0149043425566953,0.00830435749579095,0.000235937896929153,0.00301042898613052,0.00111337834477857
NO,NOR,Norway,4,2020-08-01,2020-08-01,231,2,3353.99169638448,1,2009.54897292606,79,227,2,0,672369.027427643,230,4,227,0,28,203,0,4,227,0,22,209,0,40,191,0,31,200,0,14,217,0,9,222,0,10,221,0,3,228,0,8,223,0,32,199,0,13,218,0,10,3,218,28,201,2,2,24,205,0,2,0,229,43,185,3,181,48,2,100,131,0,146,85,0,25,205,1,29,201,1,138,93,0,94,25,15,3,94,32,199,0,3,0,12,9,192,15,0,39,46,85,61,0,0,1,3,22,204,1,0,4,9,19,199,0,32,108,68,20,3,2,2,19,208,0,92,135,0,1,3,0,0,0,231,0,0,0,0,88,73,65,5,40.3146306818182,68.3004472894129,225.296296296296,493.837902005091,2.70319625841759,1.52146797931552,0.00865800865800866,0.0119471099399107,0.00498831974639912,0.000168397435137471,0.00432900432900433,0.00846630751949999,0.00298875898643668,0.000130478728580144,0.00490165663585035,0.00107822756983867
NO,NOR,Norway,5,2020-08-01,2020-08-01,213,0,0,0,0,13,212,1,0,507073.398973221,207,0,213,0,18,195,0,1,212,0,11,201,1,25,188,0,30,183,0,8,205,0,1,212,0,11,201,1,3,210,0,4,208,1,21,192,0,8,205,0,4,4,205,19,192,2,1,18,194,0,1,0,212,37,173,3,159,54,0,102,110,1,138,74,1,18,195,0,30,183,0,123,90,0,83,28,9,3,90,25,188,0,1,2,2,10,182,16,0,31,48,88,45,1,2,1,3,10,195,2,0,1,9,15,187,1,27,88,62,35,1,1,4,14,194,0,89,119,0,1,4,0,0,0,0,213,0,0,0,86,60,60,7,60.5162309681126,104.427005644567,56.5102040816327,36.9702819744607,2.30612730517549,2.06671331820217,0,0,0,0,0,0,0,0,0.000863672601647622,0.000469286360993031
NO,NOR,Norway,6,2020-08-01,2020-08-01,188,1,2452.86650923293,1,2452.86650923293,3,188,2,0,552480.010433804,182,1,187,0,19,169,0,5,183,0,10,178,0,16,172,0,26,162,0,9,179,0,0,188,0,5,183,0,2,186,0,3,185,0,14,174,0,3,185,0,2,1,185,14,170,4,2,12,174,0,2,0,186,13,172,3,139,48,1,98,88,2,118,70,0,17,171,0,28,160,0,99,88,1,73,22,2,2,89,21,167,0,0,1,3,5,151,28,0,39,41,81,27,0,0,0,4,14,167,3,0,0,6,18,164,0,18,94,53,23,0,0,5,12,171,0,77,107,1,0,3,0,0,0,0,0,188,0,0,83,48,48,9,65.6857638888889,107.269148796683,62.6666666666667,0,2.15457128099174,1.2892961843739,0.00531914893617021,0.0103975764049423,0.00443973802293218,0.000175308209946296,0.00531914893617021,0.0103975764049423,0.00443973802293218,0.000175308209946296,0.000224752771950854,0.000254298448475067
NO,NOR,Norway,7,2020-08-01,2020-07-31,100,1,3680.17097951427,0,0,0,100,0,0,334631.984548477,91,1,99,0,10,89,1,4,95,1,1,98,1,13,86,1,13,87,0,1,98,1,0,99,1,2,98,0,1,98,1,0,99,1,2,97,1,0,100,0,0,0,100,4,92,4,0,4,96,0,0,0,100,5,93,2,71,28,1,41,57,2,60,39,1,8,91,1,11,89,0,44,56,0,33,7,1,3,56,11,89,0,2,1,0,3,78,16,0,23,28,32,16,1,0,0,0,7,91,2,0,0,1,7,91,1,12,36,35,16,1,0,2,1,97,0,48,51,0,0,1,0,0,0,0,0,0,100,0,40,23,29,8,62.1928166351607,101.487770828736,0,0,3.27407407407407,11.6424658333659,0.01,0.0195013954179879,0.010997666539497,0.000353356673882731,0,0,0,0,0,0
NO,NOR,Norway,1,2020-08-02,2020-08-01,100,1,12912.0784586315,1,12912.0784586315,27,100,4,0,768117.55991442,97,3,96,1,17,83,0,7,92,1,26,74,0,31,69,0,21,79,0,14,86,0,7,93,0,15,85,0,5,95,0,8,91,1,35,65,0,11,89,0,6,5,89,11,89,0,4,7,89,0,4,0,96,31,68,1,78,22,0,48,50,2,77,23,0,16,83,1,24,75,1,76,24,0,48,15,12,1,24,17,83,0,1,2,3,5,85,4,0,7,21,39,33,0,0,5,11,17,65,2,2,8,12,19,59,0,19,44,28,7,2,2,8,11,79,0,40,57,0,1,2,100,0,0,0,0,0,0,0,40,31,23,6,13.1391200951249,30.5344327770888,22.3140495867769,14.2953707837618,3.93109029945658,8.80501589705782,0.01,0.0195013954179879,0.0168100290013811,0.000287499567376617,0.01,0.0195013954179879,0.0168100290013811,0.000287499567376617,0.00380281690140845,0.00143167446501777
NO,NOR,Norway,2,2020-08-02,2020-08-02,150,0,0,0,0,10,150,2,0,715182.053693524,148,0,150,0,17,133,0,3,147,0,28,122,0,35,115,0,33,117,0,13,137,0,7,143,0,14,136,0,5,145,0,6,144,0,31,119,0,8,142,0,7,1,142,17,133,0,2,15,133,0,2,0,148,24,126,0,115,35,0,63,86,1,114,36,0,16,132,2,40,109,1,97,53,0,52,28,12,5,53,21,129,0,2,2,4,3,132,7,0,18,17,66,49,0,0,2,6,29,112,1,1,6,11,26,106,0,21,69,44,16,0,1,4,23,122,0,53,93,1,0,3,0,150,0,0,0,0,0,0,85,31,28,6,13.5848126232742,27.1811163372065,23.4375,13.2582521472478,3.24954765514206,3.48190396502664,0,0,0,0,0,0,0,0,0.000938967136150235,0.00058169387829411
NO,NOR,Norway,3,2020-08-02,2020-08-02,146,1,8702.3431128703,0,0,24,146,8,0,595450.732931743,144,1,145,0,16,130,0,4,142,0,24,122,0,25,121,0,22,124,0,12,134,0,3,143,0,13,133,0,2,144,0,9,137,0,30,116,0,10,136,0,7,3,136,26,120,0,8,18,120,0,6,2,138,29,117,0,115,30,1,82,64,0,99,47,0,24,122,0,23,123,0,97,49,0,58,28,4,7,49,16,130,0,4,2,0,8,130,2,0,16,23,63,44,0,0,1,6,19,120,0,0,5,7,20,114,0,22,77,31,15,1,0,5,11,130,0,52,93,0,0,1,0,0,146,0,0,0,0,0,70,40,31,5,25.9791883454735,53.9383853793771,35.04,19.7084978851481,3.42950555807052,2.38424309837551,0.00684931506849315,0.0133783578498663,0.0146147155954007,0.000304805917582772,0,0,0,0,0.00231526143160332,0.000925207557965154
NO,NOR,Norway,4,2020-08-02,2020-08-02,262,1,2344.66395641445,1,2344.66395641445,38,261,10,0,669090.305666198,256,2,260,0,28,234,0,7,255,0,23,238,1,39,223,0,44,218,0,25,237,0,9,253,0,13,249,0,2,260,0,6,256,0,32,230,0,16,245,1,8,6,248,39,222,1,10,29,223,0,9,1,252,40,222,0,191,71,0,130,132,0,172,90,0,43,219,0,34,227,1,164,98,0,95,44,16,9,98,40,222,0,2,0,8,3,239,10,0,41,58,93,70,0,1,3,7,17,232,2,2,6,8,22,224,0,31,127,72,30,2,3,5,16,238,0,119,143,0,0,0,0,0,0,262,0,0,0,0,108,70,79,5,24.7737664101403,46.4158922777858,36.84375,41.6410379513608,2.94016988033976,2.24300417033653,0.00381679389312977,0.00746648862349365,0.00350425635606829,0.000141592868834613,0.00381679389312977,0.00746648862349365,0.00350425635606829,0.000141592868834613,0.00205061788354649,0.00065132131356188
NO,NOR,Norway,5,2020-08-02,2020-08-02,256,0,0,0,0,21,254,4,0,585923.726014123,251,0,256,0,24,232,0,5,251,0,13,243,0,29,227,0,30,225,1,15,241,0,6,250,0,7,249,0,2,254,0,7,249,0,26,230,0,14,240,2,11,3,242,35,218,3,4,31,221,0,4,0,252,26,227,3,172,82,2,100,154,2,164,91,1,24,230,2,30,224,2,144,111,1,91,31,16,6,112,35,221,0,2,4,4,5,221,20,0,50,45,109,52,0,0,0,5,21,229,1,0,1,6,26,223,0,31,137,60,27,1,1,4,15,236,0,101,151,1,2,1,0,0,0,0,256,0,0,0,92,77,75,12,39.4431885782273,74.5589881812923,27.4285714285714,18.6340449047796,2.70628949226081,3.71385757282946,0,0,0,0,0,0,0,0,0.00116446711766663,0.000497751600190483
NO,NOR,Norway,6,2020-08-02,2020-08-02,223,1,1899.02809240003,0,0,4,221,3,0,586023.583163769,215,1,221,1,14,209,0,1,221,1,6,216,1,14,208,1,26,196,1,8,214,1,1,221,1,7,216,0,3,220,0,3,218,2,12,210,1,5,217,1,4,1,218,14,207,2,3,11,209,0,3,0,220,16,205,2,144,78,1,78,145,0,127,95,1,18,205,0,17,205,1,115,108,0,73,30,7,5,108,14,209,0,2,0,0,5,186,30,0,60,36,91,36,0,0,0,4,9,208,2,0,2,2,14,205,0,14,110,76,21,2,0,2,16,204,1,95,123,0,0,5,0,0,0,0,0,223,0,0,74,60,77,12,89.412254610351,142.716355871847,55.75,0,2.40710521449704,1.84720714624394,0.00448430493273543,0.0087693475729536,0.00324053186076188,0.000145510347198732,0,0,0,0,0.000254923204384679,0.00024978830520261
NO,NOR,Norway,7,2020-08-02,2020-08-01,100,2,7801.35272738757,0,0,3,98,1,0,310860.530264022,94,3,97,0,8,91,1,6,93,1,4,95,1,16,83,1,17,83,0,2,97,1,2,97,1,2,98,0,1,98,1,2,97,1,2,97,1,4,95,1,3,1,96,5,90,5,1,4,95,0,1,0,99,7,89,4,63,35,2,43,53,4,59,39,2,9,89,2,15,84,1,51,49,0,33,14,3,1,49,8,92,0,2,0,0,2,79,17,0,23,32,30,15,0,0,0,2,6,89,3,0,0,1,10,88,1,13,42,27,17,1,0,3,5,91,1,55,44,0,0,1,0,0,0,0,0,0,100,0,36,31,27,6,44.3786982248521,71.5858467485785,33.3333333333333,0,2.06496799903393,0.994222665483353,0.02,0.0274394957835608,0.0250959898986265,0.000549855271615385,0,0,0,0,0.000431158378844496,0.00048778747978168
NO,NOR,Norway,1,2020-08-03,2020-08-02,100,1,4808.7942658558,0,0,10,100,5,0,723730.303517424,97,3,96,1,16,84,0,5,94,1,27,73,0,29,71,0,17,83,0,11,89,0,5,95,0,13,87,0,3,97,0,7,92,1,33,67,0,6,94,0,4,2,94,14,86,0,5,9,86,0,4,1,95,30,69,1,66,34,0,50,49,1,77,23,0,19,80,1,19,80,1,77,23,0,48,16,12,1,23,17,83,0,1,0,4,8,85,2,0,8,13,40,39,0,0,4,9,22,65,0,0,10,10,18,62,0,23,43,24,8,2,3,6,14,77,0,41,56,0,2,1,100,0,0,0,0,0,0,0,44,31,18,7,16.9256198347107,40.3366195980352,27.7777777777778,13.6082763487954,2.99456584576252,1.813527338612,0.01,0.0195013954179879,0.00664445614959666,0.000187172392653511,0,0,0,0,0.00140845070422535,0.000872335779060366
NO,NOR,Norway,2,2020-08-03,2020-08-03,113,1,4804.48941122607,1,4804.48941122607,14,111,4,0,622989.128990099,111,1,112,0,15,98,0,4,109,0,24,89,0,28,85,0,21,92,0,19,94,0,2,111,0,13,100,0,0,113,0,7,106,0,26,87,0,9,104,0,7,2,104,15,98,0,4,11,98,0,3,1,109,39,73,1,78,35,0,48,65,0,85,28,0,23,90,0,19,94,0,77,36,0,46,13,12,6,36,21,92,0,0,1,2,4,100,6,0,8,18,53,34,0,0,2,10,14,84,3,0,3,9,17,84,0,18,48,36,10,1,3,4,15,91,0,42,69,0,0,2,0,113,0,0,0,0,0,0,62,22,25,4,17.6682056017236,36.409022181261,32.2857142857143,22.82944750688,2.6751512993948,1.63334557296201,0.00884955752212389,0.0172678965081244,0.00771199558331688,0.000217225153883855,0.00884955752212389,0.0172678965081244,0.00771199558331688,0.000217225153883855,0.00177642431163558,0.000929703985430856
NO,NOR,Norway,3,2020-08-03,2020-08-03,171,1,2493.5903598318,1,2493.5903598318,24,170,3,0,724736.926835524,167,2,168,1,16,155,0,3,167,1,22,148,1,31,139,1,27,143,1,16,154,1,3,167,1,10,160,1,0,170,1,3,167,1,30,140,1,14,157,0,12,2,157,24,147,0,3,21,147,0,3,0,168,62,107,2,127,44,0,62,108,1,112,59,0,22,147,2,20,150,1,106,65,0,63,23,10,10,65,18,153,0,1,1,1,7,154,7,0,25,29,72,45,0,0,2,4,21,143,1,0,1,9,15,146,0,21,74,52,22,2,0,3,21,147,0,81,86,0,0,4,0,0,171,0,0,0,0,0,67,57,42,5,14.2810950208292,24.5051475292238,24.2840236686391,11.8215856046668,3.22842975206612,1.55414965061318,0.00584795321637427,0.0114282145766987,0.00344068346388773,0.000134813018534442,0.00584795321637427,0.0114282145766987,0.00344068346388773,0.000134813018534442,0.0019884009942005,0.000794720171089412
NO,NOR,Norway,4,2020-08-03,2020-08-03,244,1,2797.13715884059,0,0,32,243,4,0,646774.890481655,238,2,241,1,35,208,1,9,234,1,27,217,0,30,213,1,38,205,1,19,224,1,8,235,1,13,230,1,4,239,1,9,234,1,27,216,1,17,227,0,11,6,227,34,210,0,4,30,210,0,3,1,240,64,178,2,164,77,3,105,136,3,156,85,3,24,217,3,44,197,3,146,98,0,100,28,8,10,98,35,209,0,2,1,8,7,217,9,0,42,48,88,66,0,1,1,9,21,211,1,1,1,12,31,199,0,36,106,61,39,2,2,2,25,215,0,91,151,0,0,2,0,0,0,244,0,0,0,0,110,70,62,2,45.1479957323579,84.6818723877952,30.5,33.871940206214,2.89980192609794,3.66267754426082,0.00409836065573771,0.00801616205476966,0.00432474605926268,0.00015992290790546,0,0,0,0,0.00185474989856837,0.000642030012335043
NO,NOR,Norway,5,2020-08-03,2020-08-03,239,0,0,0,0,25,239,3,0,535214.37484227,235,1,238,0,14,225,0,3,236,0,19,220,0,25,214,0,32,207,0,12,227,0,6,233,0,6,233,0,2,237,0,5,234,0,21,218,0,8,231,0,5,3,231,22,217,0,3,19,217,0,3,0,236,50,188,1,141,96,2,70,165,4,132,105,2,16,221,2,25,212,2,116,123,0,81,21,10,4,123,27,212,0,3,1,2,8,198,27,0,48,52,98,41,0,0,1,7,17,211,3,0,1,5,34,199,0,37,118,61,23,0,0,1,18,220,0,84,153,1,0,1,0,0,0,0,239,0,0,0,101,72,57,9,39.619384765625,70.8348404167835,93.359375,88.1005015973032,2.20395097501762,1.76028312847536,0,0,0,0,0,0,0,0,0.0014732747952148,0.000577087533032826
NO,NOR,Norway,6,2020-08-03,2020-08-03,196,1,2751.47621742999,0,0,1,196,4,0,567352.484046296,193,1,195,0,12,184,0,4,192,0,3,193,0,12,184,0,18,178,0,10,186,0,2,194,0,2,194,0,1,195,0,2,194,0,10,186,0,1,195,0,1,0,195,13,179,4,4,9,183,0,2,2,192,15,181,0,114,81,1,64,131,1,113,83,0,13,183,0,24,171,1,89,107,0,65,19,2,3,107,16,180,0,2,0,2,2,153,37,0,45,49,78,24,0,0,0,2,8,182,4,0,0,1,22,172,1,19,87,59,30,1,0,1,15,179,1,76,117,0,1,2,0,0,0,0,0,196,0,0,70,57,65,4,58.3765432098766,85.0012232623993,196,0,1.88203017832647,0.981836467757541,0.00510204081632653,0.00997427389112943,0.00484967686720389,0.000180768334285477,0,0,0,0,7.18597298074159e-05,0.000140837421819037
NO,NOR,Norway,7,2020-08-03,2020-08-02,100,1,4121.1817478733,0,0,4,99,2,0,302871.08504794,94,1,98,1,6,93,1,5,94,1,7,92,1,11,88,1,15,85,0,2,97,1,3,96,1,0,99,1,2,97,1,4,95,1,0,99,1,5,95,0,3,2,95,9,86,5,2,7,91,0,2,0,98,5,91,4,58,40,2,43,54,3,57,40,3,9,89,2,12,86,2,45,54,1,27,15,3,0,55,9,91,0,1,1,2,1,77,17,1,21,25,37,16,1,0,0,1,5,89,5,1,1,0,9,87,2,2,50,29,17,2,0,0,7,92,1,54,44,0,0,2,0,0,0,0,0,0,100,0,39,28,25,8,102.267573696145,150.92773606556,25,0,2.3789397415771,3.77578656575648,0.01,0.0195013954179879,0.0136070491748031,0.000412597071766439,0,0,0,0,0.000569070991606203,0.000557520621952935
NO,NOR,Norway,1,2020-08-04,2020-08-03,100,2,8815.21489532693,1,4006.42062947113,11,99,5,0,740571.88155533,97,4,96,0,19,81,0,2,98,0,23,77,0,25,75,0,18,82,0,13,87,0,4,96,0,9,91,0,4,96,0,11,89,0,32,68,0,9,91,0,4,5,91,12,88,0,5,7,88,0,4,1,95,33,67,0,67,33,0,47,53,0,65,35,0,12,88,0,24,76,0,69,31,0,37,21,7,4,31,18,82,0,1,2,4,3,89,1,0,9,11,46,34,0,1,4,8,15,69,3,1,8,6,18,67,0,20,43,22,10,5,4,4,13,79,0,36,62,0,1,1,100,0,0,0,0,0,0,0,56,26,13,5,12.5538638322321,31.1973633517422,17.1875,6.46936461883457,2.90206960342236,1.59160747387872,0.02,0.0274394957835608,0.0119032535731892,0.000247000060201005,0.01,0.0195013954179879,0.00540990109029923,0.00016706335933317,0.00156494522691706,0.00092408261656366
NO,NOR,Norway,2,2020-08-04,2020-08-04,112,2,9004.44027820354,2,9004.44027820354,7,111,5,0,667598.553161265,110,2,110,0,22,90,0,6,106,0,26,86,0,37,75,0,26,86,0,14,98,0,1,111,0,10,102,0,3,109,0,7,105,0,31,81,0,8,104,0,6,2,104,16,94,2,5,11,96,0,5,0,107,39,72,1,92,20,0,43,69,0,68,44,0,10,102,0,26,86,0,69,43,0,47,10,4,8,43,15,97,0,1,4,1,6,91,9,0,20,16,51,25,0,1,1,6,15,88,1,0,5,9,19,79,0,20,59,23,10,0,3,9,10,90,0,44,64,0,0,4,0,112,0,0,0,0,0,0,56,34,18,4,24.0918273645546,40.3921782403368,16,0,2.35243859024564,1.2819602079393,0.0178571428571429,0.0245263204027614,0.0134878067598634,0.000276701997274628,0.0178571428571429,0.0245263204027614,0.0134878067598634,0.000276701997274628,0.00088821215581779,0.00065769240245457
NO,NOR,Norway,3,2020-08-04,2020-08-04,143,2,7911.68205636939,2,7911.68205636939,19,143,2,0,624304.486872488,142,3,140,0,13,130,0,7,136,0,26,117,0,26,117,0,26,117,0,15,128,0,4,139,0,12,131,0,1,142,0,1,142,0,33,110,0,9,134,0,9,0,134,18,124,1,2,16,125,0,1,1,141,50,92,1,109,33,1,46,96,1,86,56,1,8,134,1,26,116,1,89,54,0,61,19,7,2,54,27,116,0,2,2,3,7,122,7,0,23,16,68,36,0,1,1,8,16,117,0,1,4,11,24,103,0,16,59,42,23,3,3,6,11,123,0,69,72,1,1,0,0,0,143,0,0,0,0,0,63,44,35,1,13.7723665939298,28.9870149449064,33.5432098765432,9.54803393317316,3.00658920577436,1.81589323867031,0.013986013986014,0.0192472456407752,0.0126727938413573,0.000277470361527315,0.013986013986014,0.0192472456407752,0.0126727938413573,0.000277470361527315,0.00187136806855117,0.000840666540226849
NO,NOR,Norway,4,2020-08-04,2020-08-04,245,4,11406.340688854,3,9270.63215706059,15,243,4,0,751969.145900222,241,6,238,1,25,219,1,7,236,2,21,222,2,43,200,2,43,200,2,22,222,1,9,235,1,10,234,1,2,241,2,9,234,2,40,203,2,9,236,0,7,2,236,27,218,0,4,23,218,0,3,1,241,73,171,1,196,49,0,105,140,0,167,78,0,21,224,0,30,215,0,145,100,0,93,33,12,7,100,40,205,0,2,0,3,7,220,13,0,32,42,109,62,0,1,2,2,19,219,2,0,2,12,34,196,1,29,126,62,27,1,0,4,26,215,0,104,137,0,1,3,0,0,0,245,0,0,0,0,104,75,60,6,22.0710728836578,39.7244463211295,75,58.6657196893268,2.68732752942014,1.36323485530863,0.0163265306122449,0.0158685586532018,0.0151686285947262,0.000276249929841654,0.0122448979591837,0.0137710569662195,0.0123284741237119,0.000249407213949698,0.000869414014953921,0.000439784810346353
NO,NOR,Norway,5,2020-08-04,2020-08-04,231,2,4957.56836830453,1,2276.43385092943,24,229,2,0,514627.318303119,226,3,228,0,20,211,0,0,231,0,16,215,0,23,208,0,32,199,0,15,216,0,4,227,0,9,222,0,3,228,0,3,228,0,27,204,0,14,217,0,10,4,217,28,198,5,2,26,203,0,2,0,229,48,181,2,161,68,2,94,136,1,131,100,0,14,217,0,28,203,0,110,121,0,76,26,6,2,121,29,202,0,0,3,8,5,192,23,0,42,35,101,53,0,0,0,12,16,200,3,1,2,10,17,201,0,35,100,68,26,2,2,4,16,209,0,83,143,0,0,5,0,0,0,0,231,0,0,0,82,53,89,7,37.8085714285714,74.3966508963695,38.5,49.9286991619049,2.62917010195258,3.97405167961248,0.00865800865800866,0.0119471099399107,0.00963331753287238,0.000266862543756003,0.00432900432900433,0.00846630751949999,0.00442346095896253,0.000181309307443772,0.00147610554154622,0.000590118339583435
NO,NOR,Norway,6,2020-08-04,2020-08-04,229,0,0,0,0,10,227,0,0,676225.473070941,224,0,227,2,20,207,2,2,225,2,11,216,2,21,207,1,20,206,3,10,217,2,3,224,2,5,222,2,1,226,2,6,221,2,14,213,2,9,220,0,6,3,220,12,212,5,0,12,217,0,0,0,229,22,206,1,167,60,2,92,136,1,131,98,0,16,213,0,29,200,0,112,117,0,75,28,3,6,117,23,206,0,2,2,4,9,186,26,0,52,52,92,33,0,0,0,2,17,209,1,1,0,2,22,203,1,30,115,58,25,1,0,4,10,214,1,100,124,0,1,4,0,0,0,0,0,229,0,0,78,59,82,10,42.7128347183749,65.7684129724831,46.734693877551,37.0945132796199,2.28234310699588,2.62490349697237,0,0,0,0,0,0,0,0,0.000620462865297512,0.000384440480591208
NO,NOR,Norway,7,2020-08-04,2020-08-03,100,0,0,0,0,5,100,0,0,294328.024963574,93,0,99,1,6,93,1,1,98,1,9,90,1,11,87,2,12,88,0,2,97,1,1,98,1,1,97,2,1,98,1,5,94,1,3,96,1,2,98,0,1,1,98,5,92,3,0,5,95,0,0,0,100,2,95,3,67,32,1,38,60,2,51,48,1,5,94,1,16,83,1,36,63,1,29,4,3,0,64,13,87,0,1,1,2,2,79,14,1,22,24,45,8,1,0,0,1,4,93,2,1,1,0,10,87,1,5,44,39,12,0,0,0,7,93,0,54,43,0,0,3,0,0,0,0,0,0,100,0,48,26,17,9,44.4444444444445,93.6817274711582,125,106.066017177982,2.42393637167024,3.89556071317505,0,0,0,0,0,0,0,0,0.000704225352112676,0.00061705200811476
NO,NOR,Norway,1,2020-08-05,2020-08-04,100,1,4006.42062947113,1,4006.42062947113,28,99,6,0,687718.055296308,97,1,99,0,16,84,0,2,98,0,18,82,0,29,71,0,12,88,0,14,86,0,3,97,0,8,92,0,2,98,0,9,91,0,29,71,0,13,87,0,6,7,87,17,83,0,6,10,84,0,5,1,94,33,66,1,77,23,0,47,53,0,64,36,0,14,86,0,18,82,0,65,35,0,41,15,4,5,35,20,80,0,1,3,3,4,87,2,0,11,15,47,27,0,0,2,9,17,70,2,2,3,9,19,67,0,15,42,24,12,7,1,4,10,85,0,47,53,0,0,0,100,0,0,0,0,0,0,0,43,33,20,4,11.6388888888889,29.9552265806454,19.4444444444444,25.7055326880112,2.82548476454294,1.56027146790819,0.01,0.0195013954179879,0.00582567317902528,0.000179865226219268,0.01,0.0195013954179879,0.00582567317902528,0.000179865226219268,0.00398349694124342,0.00147253908374592
NO,NOR,Norway,2,2020-08-05,2020-08-05,150,2,14378.0085899686,2,14378.0085899686,27,148,6,0,718532.542449935,149,3,145,2,27,121,2,5,144,1,24,125,1,45,103,2,32,117,1,25,124,1,4,144,2,17,132,1,1,147,2,9,140,1,36,113,1,11,139,0,6,5,139,26,124,0,6,20,124,0,2,4,144,45,103,2,119,31,0,73,76,1,102,48,0,26,124,0,32,118,0,94,56,0,64,20,7,3,56,24,126,0,0,0,3,4,137,6,0,12,27,72,39,0,0,3,8,26,112,1,0,3,8,30,109,0,28,77,31,12,2,1,8,16,125,0,60,85,0,2,3,0,150,0,0,0,0,0,0,73,35,37,5,18.2900275802003,36.3614536594282,50,50,3.30584490740741,5.29907815499964,0.0133333333333333,0.0183551128081561,0.0200102399550962,0.000323788773794842,0.0133333333333333,0.0183551128081561,0.0200102399550962,0.000323788773794842,0.00256947087933003,0.000967946240617614
NO,NOR,Norway,3,2020-08-05,2020-08-05,150,0,0,0,0,21,150,4,0,537717.98939329,147,2,148,0,14,136,0,1,149,0,15,135,0,29,121,0,26,124,0,11,139,0,5,145,0,10,140,0,3,147,0,7,143,0,35,115,0,9,141,0,6,3,141,31,119,0,4,27,119,0,4,0,146,47,101,2,124,26,0,62,88,0,94,56,0,12,138,0,25,125,0,85,65,0,54,17,9,5,65,27,123,0,5,0,7,4,128,6,0,35,23,58,34,0,1,1,4,22,118,4,0,3,9,27,111,0,22,69,40,16,3,2,7,18,123,0,64,84,0,1,1,0,0,150,0,0,0,0,0,61,50,32,7,20.4072315558802,41.4173024734404,38.8888888888889,20.4124145231932,3.23724489795918,1.84670296420219,0,0,0,0,0,0,0,0,0.00197183098591549,0.000842518663686992
NO,NOR,Norway,4,2020-08-05,2020-08-05,270,1,2728.27711024692,1,2728.27711024692,34,268,8,0,669946.383912699,268,4,266,0,35,235,0,4,266,0,21,249,0,45,225,0,36,234,0,19,251,0,2,268,0,10,260,0,1,269,0,7,263,0,37,233,0,15,255,0,9,6,255,30,238,2,8,22,240,0,7,1,262,82,186,2,211,58,1,130,139,1,171,99,0,25,244,1,44,225,1,140,129,1,100,28,8,4,130,47,223,0,0,2,9,7,232,20,0,44,51,115,58,2,0,0,7,22,240,1,0,0,10,28,231,1,29,142,81,18,0,1,4,30,235,0,109,158,0,1,2,0,0,0,270,0,0,0,0,112,72,78,8,22.242048816568,44.1231445919711,54.3195266272189,57.2181700199146,3.2112426035503,3.94183842898468,0.0037037037037037,0.00724567057281972,0.00407238127671191,0.000152498710542259,0.0037037037037037,0.00724567057281972,0.00407238127671191,0.000152498710542259,0.00178684044565903,0.00060007571635807
NO,NOR,Norway,5,2020-08-05,2020-08-05,246,1,3278.12984672003,0,0,11,246,5,0,588946.758463153,239,3,243,0,18,228,0,5,241,0,10,236,0,23,223,0,37,209,0,8,238,0,3,243,0,6,240,0,2,244,0,6,240,0,31,214,1,8,238,0,6,2,238,27,216,3,5,22,219,0,5,0,241,62,181,3,172,74,0,102,144,0,153,92,1,14,232,0,21,225,0,137,107,2,99,24,8,6,109,33,213,0,2,0,5,4,212,22,1,43,35,111,57,0,0,2,1,18,225,0,1,1,5,25,213,1,21,117,75,31,2,0,2,17,226,1,89,152,0,0,5,0,0,0,0,246,0,0,0,85,75,77,9,39.0637544273908,79.2906700145654,42.28125,15.914636962333,2.41600833093939,3.16106307202037,0.0040650406504065,0.00795112301306342,0.00556608861431593,0.000190008528291205,0,0,0,0,0.00062979503034467,0.000372061023509299
NO,NOR,Norway,6,2020-08-05,2020-08-05,202,1,1802.37818692263,0,0,6,200,3,0,595057.883330217,200,2,200,0,21,181,0,4,197,1,9,192,1,18,184,0,17,185,0,8,194,0,2,199,1,4,198,0,0,201,1,5,196,1,9,192,1,8,194,0,7,1,194,13,186,3,3,10,189,0,3,0,199,15,182,5,144,57,1,81,119,2,121,80,1,12,189,1,23,179,0,95,107,0,80,12,3,0,107,25,177,0,1,1,3,5,161,30,1,42,48,84,28,0,0,0,4,8,190,0,0,1,5,13,182,1,29,91,57,25,0,0,5,12,185,0,90,109,1,0,2,0,0,0,0,0,202,0,0,78,47,70,7,49.5453686200378,79.3230679164486,33.6666666666667,0,2.48063375455717,2.9747377014684,0.00495049504950495,0.0096787453932065,0.00302891237544102,0.000139621764186938,0,0,0,0,0.000422535211267606,0.00033802093606169
NO,NOR,Norway,7,2020-08-05,2020-08-04,100,0,0,0,0,4,100,0,0,283897.754279778,95,0,100,0,4,96,0,0,100,0,6,94,0,8,92,0,9,91,0,3,97,0,1,99,0,1,99,0,1,99,0,2,98,0,6,94,0,1,99,0,1,0,99,3,92,5,0,2,98,0,0,0,100,3,94,3,64,35,1,30,69,1,53,46,1,8,92,0,10,88,2,40,60,0,31,7,2,0,60,11,89,0,1,0,0,5,69,24,1,26,22,41,11,0,1,0,1,2,96,0,1,0,0,7,92,0,5,51,37,5,2,0,1,7,91,1,48,48,0,0,4,0,0,0,0,0,0,100,0,44,26,25,5,24.9433106575964,41.972476725887,400,0,2.71739130434783,6.67618523893745,0,0,0,0,0,0,0,0,0.000563380281690141,0.000551946987106018
NO,NOR,Norway,1,2020-08-06,2020-08-05,100,2,13113.4856639746,1,8144.85530350621,32,100,3,0,586117.06306331,98,4,95,1,16,83,1,2,97,1,22,77,1,31,69,0,11,88,1,17,83,0,3,96,1,9,90,1,2,97,1,4,95,1,27,72,1,11,89,0,7,4,89,15,85,0,3,12,85,0,1,2,97,35,62,3,82,18,0,53,47,0,78,22,0,21,79,0,35,65,0,65,35,0,43,10,8,4,35,16,84,0,0,1,1,11,84,3,0,9,21,35,35,0,1,2,9,21,65,2,3,2,11,24,60,0,23,40,23,10,4,1,4,14,81,0,44,52,0,0,4,100,0,0,0,0,0,0,0,41,35,18,6,13.5298563869992,30.5654217556368,26.4462809917355,29.7245051407127,3.82526029877773,10.8133832298338,0.02,0.0274394957835608,0.0223734924136788,0.000378624997493818,0.01,0.0195013954179879,0.0138962944721956,0.000299686174711811,0.00450704225352113,0.00155805874230045
NO,NOR,Norway,2,2020-08-06,2020-08-06,129,2,8257.98919119387,2,8257.98919119387,15,129,5,0,648027.573809665,128,2,126,1,17,111,1,1,127,1,19,109,1,17,110,2,10,119,0,15,113,1,1,127,1,15,113,1,3,125,1,4,124,1,31,97,1,9,120,0,6,3,120,20,109,0,5,15,109,0,4,1,124,49,78,2,97,31,1,48,78,3,86,42,1,5,123,1,23,105,1,81,48,0,53,20,6,2,48,28,101,0,3,1,6,5,108,6,0,15,28,60,26,0,0,3,6,11,109,0,1,3,9,16,100,0,18,71,28,11,1,1,5,14,109,0,49,71,0,1,8,0,129,0,0,0,0,0,0,59,41,26,3,21.627824019025,48.1925841682092,23.8888888888889,14.3333333333333,2.617152,1.42096730488368,0.0155038759689922,0.0213196653743568,0.0127432682264526,0.000273090638137847,0.0155038759689922,0.0213196653743568,0.0127432682264526,0.000273090638137847,0.00163773337700622,0.000828113263740446
NO,NOR,Norway,3,2020-08-06,2020-08-06,170,1,2580.83658614081,0,0,24,170,5,0,621355.093856684,168,1,169,0,16,154,0,3,167,0,20,150,0,24,146,0,27,143,0,10,160,0,4,166,0,7,163,0,1,169,0,4,166,0,34,136,0,10,160,0,7,3,160,27,142,1,5,22,143,0,5,0,165,63,106,1,147,23,0,83,87,0,125,45,0,11,159,0,27,143,0,109,61,0,69,27,5,8,61,30,140,0,0,0,6,4,150,10,0,37,26,65,42,0,1,1,8,16,142,2,1,4,9,22,134,0,21,84,48,14,3,4,4,21,141,0,67,99,0,0,4,0,0,170,0,0,0,0,0,76,51,40,3,28.3975812547241,59.0613385162681,40.8,26.8195616833849,3.26353607199884,1.36982476639299,0.00588235294117647,0.0114952404835718,0.00415356148466063,0.000159913330579065,0,0,0,0,0.0019884009942005,0.000794720171089412
NO,NOR,Norway,4,2020-08-06,2020-08-06,249,1,2247.21237911636,1,2247.21237911636,24,248,6,0,674481.137510147,244,2,246,1,35,213,1,5,243,1,23,225,1,35,213,1,40,208,1,26,222,1,7,241,1,11,237,1,2,246,1,10,238,1,43,205,1,11,238,0,7,4,238,24,225,0,6,18,225,0,5,1,243,68,181,0,202,47,0,130,118,1,152,97,0,19,230,0,37,212,0,147,102,0,105,24,14,4,102,39,210,0,0,0,4,14,218,13,0,46,35,105,63,0,1,3,10,17,216,2,1,3,12,28,205,0,43,113,65,27,1,1,5,23,220,0,91,155,0,0,3,0,0,0,249,0,0,0,0,104,73,64,8,31.3317232218331,58.3825523757611,59.76,37.4880781049122,3.62246809404597,8.18443553443308,0.00401606425702811,0.00785551949581182,0.00333176460265734,0.000137523098940725,0.00401606425702811,0.00785551949581182,0.00333176460265734,0.000137523098940725,0.00136301681054066,0.00054493851647363
NO,NOR,Norway,5,2020-08-06,2020-08-06,262,0,0,0,0,20,261,5,0,574531.495428064,258,1,260,1,23,239,0,5,257,0,17,244,1,20,241,1,28,234,0,14,248,0,7,254,1,10,251,1,1,260,1,7,254,1,19,242,1,9,252,1,6,3,253,25,235,2,5,20,237,0,4,1,257,72,189,1,211,50,1,114,148,0,158,104,0,11,250,1,38,224,0,125,136,1,83,31,5,6,137,34,228,0,2,0,3,8,227,22,0,64,44,100,54,0,2,1,10,9,238,2,2,0,8,23,229,0,29,133,82,17,1,1,6,22,233,0,90,165,0,0,7,0,0,0,0,262,0,0,0,101,79,74,8,74.2630385487528,113.567399890342,64.6913580246914,34.9872012656135,2.18329867779876,1.0905694056254,0,0,0,0,0,0,0,0,0.00107927257028763,0.000472748048953177
NO,NOR,Norway,6,2020-08-06,2020-08-06,209,1,2149.27248347607,0,0,6,209,1,0,593851.870218358,201,1,208,0,14,195,0,6,203,0,4,205,0,22,187,0,25,184,0,9,200,0,2,207,0,2,207,0,0,209,0,2,207,0,13,196,0,3,206,0,2,1,206,13,190,6,1,12,196,0,1,0,208,17,189,3,158,51,0,86,120,3,116,93,0,8,201,0,13,196,0,94,115,0,76,16,0,2,115,20,189,0,0,2,0,3,176,28,0,58,32,79,40,0,1,0,2,12,191,3,0,0,2,21,185,1,26,107,52,22,2,1,2,15,189,2,94,111,0,1,3,0,0,0,0,0,209,0,0,72,51,76,10,72.0027041644132,113.875723370509,139.333333333333,69.6666666666667,2.35096244194475,2.36446961801382,0.00478468899521531,0.00935535623581309,0.00361920639011507,0.000152731415045556,0,0,0,0,0.000404339915088618,0.000323467954586737
NO,NOR,Norway,7,2020-08-06,2020-08-05,100,0,0,0,0,0,100,0,0,318854.130236374,96,0,99,1,9,90,1,1,98,1,5,94,1,14,85,1,10,89,1,4,95,1,1,98,1,2,97,1,1,98,1,2,97,1,4,95,1,0,100,0,0,0,100,5,91,4,0,4,96,0,0,0,100,3,95,2,68,31,1,31,68,1,57,42,1,10,90,0,9,89,2,45,53,2,33,10,1,1,55,14,86,0,2,0,1,4,71,21,1,25,17,43,15,0,1,0,0,2,96,1,0,0,0,10,90,0,6,50,36,7,1,0,0,13,87,0,56,43,0,0,1,0,0,0,0,0,0,100,0,38,27,30,5,29.2899408284024,31.9592366675904,0,0,2.83950617283951,6.88190034771827,0,0,0,0,0,0,0,0,0,0
NO,NOR,Norway,1,2020-08-07,2020-08-06,100,2,13205.5701071549,2,13205.5701071549,23,100,4,0,638370.91133929,98,5,94,1,17,82,1,1,98,1,21,78,1,28,72,0,11,88,1,19,81,0,2,97,1,13,86,1,5,94,1,4,95,1,30,69,1,9,91,0,7,2,91,19,81,0,4,15,81,0,3,1,96,34,65,1,77,23,0,50,50,0,78,22,0,12,88,0,35,65,0,71,29,0,51,13,6,1,29,20,80,0,0,1,0,7,87,5,0,13,15,36,36,0,0,2,8,21,66,3,2,2,12,23,61,0,24,51,15,5,5,2,8,4,86,0,34,59,1,0,6,100,0,0,0,0,0,0,0,45,34,15,6,12.7385111529159,18.9942245063963,28.3950617283951,13.733700902029,4.67106023817782,11.5282425420887,0.02,0.0274394957835608,0.0206863594073388,0.00034915195746313,0.02,0.0274394957835608,0.0206863594073388,0.00034915195746313,0.00323943661971831,0.00132174928380468
NO,NOR,Norway,2,2020-08-07,2020-08-07,126,1,3801.82418855206,1,3801.82418855206,19,126,3,0,653419.328312601,125,1,125,0,13,113,0,2,124,0,21,105,0,26,100,0,25,101,0,14,112,0,2,124,0,7,119,0,1,125,0,3,123,0,27,99,0,7,119,0,3,4,119,22,104,0,3,19,104,0,2,1,123,48,78,0,100,26,0,53,73,0,94,32,0,10,116,0,29,97,0,78,48,0,51,17,3,7,48,22,104,0,3,1,0,10,106,6,0,11,13,64,38,0,0,2,12,13,97,2,0,0,11,23,92,0,20,63,35,8,0,1,6,14,105,0,45,72,0,0,9,0,126,0,0,0,0,0,0,70,33,22,1,18.3531510107016,41.6227775493223,48.8571428571429,61.2302446274948,2.49984,1.6019928234707,0.00793650793650794,0.015493419494625,0.00581835281544233,0.000184410225857579,0.00793650793650794,0.015493419494625,0.00581835281544233,0.000184410225857579,0.00212385423653029,0.000953969122895548
NO,NOR,Norway,3,2020-08-07,2020-08-07,145,0,0,0,0,12,145,1,0,616618.068547209,143,0,145,0,16,129,0,1,144,0,17,128,0,27,118,0,24,121,0,10,135,0,3,142,0,9,136,0,1,144,0,5,140,0,24,121,0,6,139,0,4,2,139,21,124,0,1,20,124,0,1,0,144,47,97,1,119,26,0,66,78,1,100,45,0,11,133,1,29,116,0,84,61,0,60,18,4,2,61,23,122,0,1,0,2,7,127,8,0,21,24,61,39,0,0,2,7,12,123,1,0,1,13,18,113,0,14,65,48,17,1,1,5,18,121,0,60,82,0,0,3,0,0,145,0,0,0,0,0,70,38,33,4,23.4625390218522,47.7004444900622,48.3333333333333,30.5686840482943,3.51224056725842,5.32526073858919,0,0,0,0,0,0,0,0,0.00116561437591064,0.000659111828354475
NO,NOR,Norway,4,2020-08-07,2020-08-07,234,4,14442.6254791179,2,5617.91224103602,13,233,6,0,735267.295040691,231,5,229,0,31,203,0,3,231,0,24,210,0,33,201,0,37,197,0,16,218,0,5,229,0,9,225,0,2,232,0,5,229,0,35,199,0,10,224,0,6,4,224,29,205,0,6,23,205,0,3,3,228,74,160,0,176,58,0,99,135,0,142,92,0,24,210,0,26,208,0,127,107,0,85,22,13,7,107,39,195,0,3,1,9,7,200,14,0,30,42,101,61,0,1,1,4,17,210,1,1,4,5,24,200,0,28,125,63,17,1,3,6,26,198,1,93,139,0,0,2,0,0,0,234,0,0,0,0,96,70,63,5,30.0873724489796,54.2693144770207,37.5555555555556,18.8885620886763,3.32642722117202,6.71950876450655,0.0170940170940171,0.0166080337445437,0.0196426871921709,0.000317188996746754,0.00854700854700855,0.0117946021264241,0.00764063936874157,0.000199032868803709,0.000785830865018437,0.000427006798236725
NO,NOR,Norway,5,2020-08-07,2020-08-07,203,0,0,0,0,5,200,2,0,480780.85336831,198,0,203,0,19,184,0,2,201,0,20,183,0,28,175,0,25,178,0,10,193,0,1,202,0,8,195,0,2,201,0,3,200,0,27,176,0,7,196,0,4,3,196,16,186,1,2,14,187,0,2,0,201,54,147,2,148,55,0,83,120,0,126,76,1,10,193,0,18,185,0,94,109,0,67,17,6,4,109,26,177,0,0,2,4,5,170,21,1,35,39,72,57,0,0,0,6,17,178,2,0,0,6,17,180,0,25,94,59,23,2,1,3,17,181,1,73,127,0,0,3,0,0,0,0,203,0,0,0,74,59,63,7,22.5555555555556,30.7212761712094,63.4375,25.375,2.51236274799324,2.84817759884596,0,0,0,0,0,0,0,0,0.000352112676056338,0.000308580355507473
NO,NOR,Norway,6,2020-08-07,2020-08-07,179,0,0,0,0,4,177,0,0,555087.877670346,175,0,177,2,18,161,0,3,175,1,11,167,1,18,160,1,21,158,0,6,172,1,0,178,1,3,175,1,1,177,1,3,175,1,10,168,1,6,173,0,3,2,174,15,162,2,0,15,164,0,0,0,179,28,148,3,120,58,1,72,106,1,84,94,1,13,165,1,19,159,1,79,99,1,53,19,6,1,100,26,153,0,0,0,3,2,145,29,0,46,48,61,24,0,0,0,4,17,157,1,0,1,4,20,153,1,20,90,48,18,3,0,2,26,150,1,72,104,0,0,3,0,0,0,0,0,179,0,0,58,55,60,6,38.4586167800454,52.6915330640796,22.375,25.8364245462358,2.37477141525333,3.92526028240192,0,0,0,0,0,0,0,0,0.000318293944457707,0.000311872688371376
NO,NOR,Norway,7,2020-08-07,2020-08-06,100,0,0,0,0,1,99,1,0,343011.775949721,97,0,100,0,11,89,0,2,98,0,4,96,0,11,89,0,19,81,0,4,96,0,0,100,0,1,99,0,0,100,0,0,100,0,5,95,0,1,98,1,1,0,99,9,87,4,1,8,91,0,0,1,99,3,96,1,74,26,0,26,74,0,57,43,0,6,94,0,14,86,0,46,52,2,34,10,1,1,54,13,87,0,0,1,2,3,73,21,0,29,22,36,13,0,0,1,0,5,92,2,0,1,0,9,90,0,7,39,44,8,2,1,0,7,91,1,52,44,0,0,4,0,0,0,0,0,0,100,0,37,37,23,3,27.7777777777778,33.7757476188784,100,0,2.33553011908891,2.66527723945819,0,0,0,0,0,0,0,0,0.000142267747901551,0.000278819826397772
NO,NOR,Norway,1,2020-08-08,2020-08-07,100,1,4729.35138407638,1,4729.35138407638,26,98,5,0,693764.066524262,96,2,98,0,19,81,0,1,99,0,21,79,0,27,73,0,12,88,0,15,85,0,5,95,0,11,89,0,3,97,0,4,96,0,30,70,0,13,87,0,11,2,87,16,84,0,5,11,84,0,4,1,95,37,63,0,80,20,0,55,45,0,73,27,0,12,88,0,28,72,0,70,30,0,45,16,5,4,30,17,83,0,0,0,1,2,92,5,0,14,13,36,37,0,2,2,9,17,69,1,4,5,8,17,66,0,25,46,18,7,4,1,7,12,79,1,41,56,1,0,2,100,0,0,0,0,0,0,0,46,34,16,4,13.8839444642221,21.2601548963722,21.4876033057851,15.8884163182782,2.99909461294704,2.06945534690756,0.01,0.0195013954179879,0.00681694485528819,0.000193620675621135,0.01,0.0195013954179879,0.00681694485528819,0.000193620675621135,0.00373670594998563,0.00143363107281851
NO,NOR,Norway,2,2020-08-08,2020-08-08,129,1,4893.44925096503,1,4893.44925096503,15,129,6,0,678586.29298121,129,2,127,0,17,112,0,5,123,1,15,114,0,29,100,0,16,113,0,16,113,0,5,124,0,12,117,0,2,127,0,4,125,0,36,93,0,8,121,0,6,2,121,20,109,0,6,14,109,0,6,0,123,44,83,2,106,23,0,68,59,2,88,40,1,24,103,2,31,96,2,80,49,0,50,22,6,2,49,18,111,0,0,0,1,8,114,6,0,17,29,42,41,0,1,1,13,21,92,1,1,3,15,15,95,0,23,61,30,12,3,2,4,19,104,0,53,70,0,2,4,0,129,0,0,0,0,0,0,61,36,29,3,5.66822059115255,7.73969655069755,30.234375,18.1566149766611,2.79516250944822,2.01630784318866,0.00775193798449612,0.0151345150788071,0.00721124093071023,0.000201316317686321,0.00775193798449612,0.0151345150788071,0.00721124093071023,0.000201316317686321,0.00163773337700622,0.000828113263740446
NO,NOR,Norway,3,2020-08-08,2020-08-08,160,2,5841.08813961799,2,5841.08813961799,11,160,9,0,610480.39564822,159,2,157,1,18,141,1,6,153,1,19,141,0,28,132,0,24,135,1,20,140,0,9,150,1,5,154,1,3,156,1,9,150,1,32,128,0,8,152,0,4,4,152,32,126,2,9,23,128,0,8,1,151,52,107,1,125,35,0,59,101,0,101,59,0,15,145,0,15,145,0,88,71,1,54,25,3,6,72,22,138,0,1,2,4,4,138,11,0,27,33,56,44,0,2,0,2,16,138,2,0,1,6,18,135,0,19,87,38,14,2,2,2,17,139,0,66,91,0,1,2,0,0,160,0,0,0,0,0,77,31,47,5,22.0703125,40.0484693629294,25,17.7281052085584,3.7627471383975,2.1999700905236,0.0125,0.0172151835812792,0.0095680191882588,0.000244194330366055,0.0125,0.0172151835812792,0.0095680191882588,0.000244194330366055,0.00096830985915493,0.000571946931764476
NO,NOR,Norway,4,2020-08-08,2020-08-08,241,1,2086.31218518168,1,2086.31218518168,42,240,8,1,651969.311677,238,3,238,0,30,211,0,5,235,1,17,224,0,35,206,0,35,206,0,17,224,0,6,235,0,12,229,0,1,240,0,6,235,0,42,198,1,15,225,1,10,5,226,41,200,0,8,31,202,1,5,2,233,70,169,2,199,42,0,113,127,1,156,85,0,23,218,0,22,219,0,137,104,0,81,32,13,11,104,24,217,0,1,1,8,6,213,12,0,47,39,83,72,0,1,3,6,19,210,2,2,2,5,30,201,1,36,116,60,28,1,2,6,20,212,1,105,134,0,1,1,0,0,0,241,0,0,0,0,96,64,73,8,24.1150562265723,49.9255411912881,43.9155555555556,46.0346416604304,2.87468809073724,1.58179661312092,0.004149377593361,0.00811574042438117,0.00320001593298196,0.000137092783902882,0.004149377593361,0.00811574042438117,0.00320001593298196,0.000137092783902882,0.00246478873239437,0.000744504390162045
NO,NOR,Norway,5,2020-08-08,2020-08-08,219,0,0,0,0,5,217,8,0,531099.692078063,216,2,217,0,13,206,0,1,218,0,10,209,0,17,202,0,24,195,0,12,207,0,1,218,0,5,214,0,4,215,0,3,216,0,23,196,0,5,213,1,2,3,214,32,184,3,8,24,187,0,8,0,211,63,155,1,176,41,2,101,116,2,133,84,2,17,200,2,28,189,2,103,116,0,75,12,7,9,116,33,186,0,1,3,3,8,186,18,0,46,44,63,66,0,0,1,2,17,198,1,0,2,5,26,186,0,25,111,51,30,2,1,4,15,199,0,89,127,0,0,3,0,0,0,0,219,0,0,0,84,50,80,5,57.8490566037736,94.8232893253704,68.4375,27.375,2.34891156462585,1.37933231738597,0,0,0,0,0,0,0,0,0.000324527812033491,0.000284409781613659
NO,NOR,Norway,6,2020-08-08,2020-08-08,193,0,0,0,0,4,193,4,0,601944.304871705,190,0,192,1,16,177,0,3,190,0,11,182,0,15,178,0,21,172,0,4,189,0,1,192,0,2,191,0,1,192,0,8,185,0,15,178,0,4,189,0,4,0,189,19,172,2,4,15,174,0,4,0,189,13,176,4,146,45,2,83,108,2,105,88,0,5,187,1,19,173,1,71,122,0,56,11,4,0,122,25,168,0,3,2,3,2,161,22,0,52,40,76,25,0,0,1,3,12,175,2,0,1,4,28,160,0,31,99,50,13,0,0,0,17,176,0,73,120,0,0,0,0,0,0,0,0,193,0,0,62,56,68,7,52.6280718336484,76.1341343354712,48.25,0,2.54889700511322,5.71079309630833,0,0,0,0,0,0,0,0,0.000291906881704736,0.000286021732492672
NO,NOR,Norway,7,2020-08-08,2020-08-07,100,0,0,0,0,0,98,2,0,331524.515047066,97,0,100,0,8,92,0,1,99,0,3,97,0,8,92,0,11,89,0,2,98,0,0,100,0,0,100,0,2,98,0,0,100,0,8,92,0,0,98,2,0,0,100,9,86,5,2,7,91,0,1,1,98,2,97,1,71,28,1,27,72,1,48,52,0,6,94,0,12,88,0,45,55,0,34,9,0,2,55,17,83,0,0,1,1,2,77,19,0,25,25,40,10,0,0,0,0,9,89,2,0,0,1,9,90,0,13,35,40,11,1,1,0,8,91,0,49,48,0,0,3,0,0,0,0,0,0,100,0,37,27,31,5,60.9418282548477,116.588362977969,0,0,2.34268899954731,2.68668310682051,0,0,0,0,0,0,0,0,0,0
NO,NOR,Norway,1,2020-08-09,2020-08-08,100,0,0,0,0,21,96,5,0,668959.783929057,97,0,100,0,18,81,1,7,93,0,21,79,0,29,71,0,12,88,0,13,87,0,6,94,0,12,88,0,4,96,0,4,96,0,26,74,0,11,88,1,8,3,89,16,84,0,5,11,84,0,4,1,95,31,69,0,77,23,0,51,49,0,77,23,0,20,80,0,35,65,0,74,26,0,47,14,9,4,26,16,84,0,1,1,4,4,81,9,0,16,10,40,34,0,3,3,7,19,64,4,5,7,13,15,60,0,23,41,28,5,3,2,5,15,77,1,44,53,0,0,3,100,0,0,0,0,0,0,0,56,25,16,3,11.3201530612245,24.0720085138487,32.8125,25.823490828535,2.93628808864266,1.87983901003536,0,0,0,0,0,0,0,0,0.00308098591549296,0.00131570370083514
NO,NOR,Norway,2,2020-08-09,2020-08-09,140,2,6383.12229158059,1,3547.20498592476,27,140,6,0,613127.926121069,138,2,138,0,12,128,0,3,137,0,16,124,0,36,104,0,17,123,0,16,124,0,4,136,0,11,129,0,3,137,0,6,134,0,31,109,0,14,126,0,7,7,126,24,116,0,6,18,116,0,5,1,134,25,115,0,110,30,0,56,83,1,99,41,0,13,127,0,23,117,0,88,52,0,62,14,12,0,52,21,119,0,0,3,3,8,116,10,0,18,18,52,52,0,1,1,4,24,110,0,1,2,7,26,104,0,23,78,30,9,0,3,5,16,116,0,62,75,0,0,3,0,140,0,0,0,0,0,0,74,29,34,3,14.6331394257835,28.4771145167632,19.2857142857143,12.0666646429076,2.70550233905101,1.88823049938345,0.0142857142857143,0.0196566985974023,0.0104107511983073,0.000254062788421357,0.00714285714285714,0.0139496540611004,0.00578542394629783,0.000189836710475652,0.00271629778672032,0.00102318213721347
NO,NOR,Norway,3,2020-08-09,2020-08-09,179,3,6675.33145609112,3,6675.33145609112,34,179,7,0,557400.781161884,177,3,176,0,17,162,0,7,172,0,15,164,0,37,142,0,34,145,0,16,163,0,12,167,0,8,171,0,1,178,0,9,170,0,36,143,0,16,163,0,13,3,163,23,156,0,7,16,156,0,6,1,172,29,149,1,130,49,0,76,102,1,120,59,0,28,150,1,23,155,1,99,80,0,65,22,5,7,80,25,154,0,1,1,7,8,155,7,0,31,27,67,54,0,2,1,8,23,143,2,3,2,16,27,131,0,27,90,42,19,1,1,3,34,141,0,73,102,1,0,3,0,0,179,0,0,0,0,0,85,45,47,2,19.4494156318481,39.5719514566766,23.7734375,24.8066678179309,3.24583828775268,1.89142120777134,0.0167597765363129,0.0188055268856975,0.0119758200592698,0.000285562201943372,0.0167597765363129,0.0188055268856975,0.0119758200592698,0.000285562201943372,0.00267526949405933,0.000898037483046936
NO,NOR,Norway,4,2020-08-09,2020-08-09,292,4,12414.5542234498,2,4744.39084724974,30,290,9,0,680907.065288132,291,5,287,0,27,265,0,11,281,0,33,259,0,33,259,0,47,244,1,13,279,0,7,285,0,14,278,0,1,291,0,13,279,0,39,253,0,17,274,1,8,9,275,42,248,2,9,31,252,0,9,0,283,42,250,0,190,102,0,119,173,0,189,103,0,37,255,0,32,260,0,176,116,0,115,35,16,10,116,42,250,0,4,2,3,5,260,18,0,48,60,93,91,0,0,4,13,27,245,3,0,7,12,36,237,0,62,133,68,27,2,3,12,25,252,0,109,180,0,0,3,0,0,0,292,0,0,0,0,122,80,88,2,21.8073817762399,41.2635933302442,33.078125,17.9045428941931,2.79702315191395,1.83264037427017,0.0136986301369863,0.0133321457675664,0.0182323768636421,0.000317782639669962,0.00684931506849315,0.00945992755678076,0.00696775094445834,0.000197575075444784,0.0014570179698883,0.000520997637079003
NO,NOR,Norway,5,2020-08-09,2020-08-09,255,2,4270.07092080142,1,2594.81920708217,15,253,5,0,545241.360992828,251,3,252,0,27,228,0,3,252,0,18,237,0,28,227,0,36,219,0,16,239,0,4,251,0,10,245,0,2,253,0,10,245,0,23,232,0,12,242,1,6,6,243,32,219,4,5,27,223,0,5,0,250,36,217,2,162,93,0,108,147,0,169,86,0,25,230,0,19,236,0,148,106,1,97,28,12,10,108,33,222,0,1,3,2,12,210,27,0,53,51,85,66,0,0,4,11,16,220,4,0,3,8,28,215,1,41,131,64,17,2,2,4,23,226,0,118,137,0,0,0,0,0,0,0,255,0,0,0,97,59,89,10,39.3101703491314,71.7018672104636,29.504132231405,20.9687435092717,2.65553614619726,3.56433601599922,0.00784313725490196,0.0108271232054475,0.00783152421347137,0.000233975052808424,0.00392156862745098,0.0076710476187666,0.00475902855637597,0.000182674098618321,0.000835049824639537,0.000422409275523012
NO,NOR,Norway,6,2020-08-09,2020-08-09,225,2,4009.47539283308,2,4009.47539283308,5,225,7,0,644087.739705852,220,4,221,0,18,207,0,5,219,1,15,210,0,24,200,1,23,202,0,8,217,0,3,222,0,5,220,0,1,224,0,7,218,0,19,206,0,5,220,0,3,2,220,19,199,7,7,12,206,0,7,0,218,18,201,6,137,87,1,66,158,1,137,87,1,15,209,1,24,200,1,107,118,0,77,23,7,0,118,27,198,0,1,1,1,6,178,38,0,50,50,92,33,0,0,1,3,24,196,1,0,1,8,22,194,0,28,116,56,23,2,0,3,19,203,0,104,118,0,3,0,0,0,0,0,0,225,0,0,86,59,72,8,57.5115699537202,84.2153058727928,45,0,2.65798322997642,6.64236024676325,0.00888888888888889,0.0122642711349567,0.00622504535587677,0.000192083852960234,0.00888888888888889,0.0122642711349567,0.00622504535587677,0.000192083852960234,0.000312989045383412,0.000274299016859165
NO,NOR,Norway,7,2020-08-09,2020-08-08,100,0,0,0,0,0,99,0,0,314682.935418482,98,0,99,1,11,89,0,3,97,0,6,94,0,12,88,0,13,86,1,4,95,1,0,99,1,1,98,1,3,96,1,4,96,0,7,93,0,0,99,1,0,0,100,7,89,4,0,6,94,0,0,0,100,0,97,3,62,37,1,33,66,1,53,47,0,8,92,0,12,88,0,40,60,0,32,7,0,1,60,23,77,0,0,1,1,2,78,18,0,34,25,33,8,0,0,0,1,4,91,4,1,1,2,7,88,1,13,37,39,11,0,0,1,7,92,0,46,52,0,0,2,0,0,0,0,0,0,100,0,41,31,26,2,89.0625,114.226635181041,0,0,2.11588541666667,2.63286001690249,0,0,0,0,0,0,0,0,0,0
NO,NOR,Norway,1,2020-08-10,2020-08-09,100,1,4586.16477979669,1,4586.16477979669,8,97,3,0,626964.128478141,100,2,98,0,20,79,1,5,95,0,23,77,0,31,69,0,13,87,0,19,81,0,3,97,0,15,85,0,3,97,0,6,94,0,34,66,0,7,92,1,6,1,93,16,84,0,3,13,84,0,3,0,97,29,71,0,64,36,0,44,55,1,70,30,0,19,81,0,42,58,0,69,31,0,44,12,9,4,31,12,88,0,1,2,5,7,81,4,0,10,14,49,27,0,2,4,13,21,57,3,4,6,14,21,55,0,21,49,21,7,2,2,4,7,87,0,35,59,0,0,6,100,0,0,0,0,0,0,0,59,26,14,1,14.1975308641975,31.4185978498255,32,10.9544511501033,2.90786654423018,2.00090103406315,0.01,0.0195013954179879,0.00731487587803292,0.000210928848500611,0.01,0.0195013954179879,0.00731487587803292,0.000210928848500611,0.00116160882822709,0.000804471410715269
NO,NOR,Norway,2,2020-08-10,2020-08-10,160,2,7900.23908064635,2,7900.23908064635,21,160,4,0,670656.454230729,156,4,156,0,21,139,0,7,153,0,28,132,0,35,125,0,34,126,0,26,134,0,6,154,0,12,148,0,8,152,0,10,150,0,39,121,0,15,145,0,10,5,145,30,130,0,4,26,130,0,4,0,156,61,98,1,110,50,0,61,99,0,117,43,0,23,137,0,50,110,0,111,49,0,74,24,9,4,49,24,136,0,1,2,4,12,134,7,0,19,32,64,45,0,1,4,11,28,114,2,2,1,14,27,116,0,30,85,35,8,2,3,3,22,132,0,65,93,0,1,1,0,160,0,0,0,0,0,0,90,41,23,6,17.1647509578544,33.7046790702356,14.9333333333333,7.85907624120541,2.84027660651037,2.52556202009615,0.0125,0.0172151835812792,0.0117798599130881,0.000258223016418145,0.0125,0.0172151835812792,0.0117798599130881,0.000258223016418145,0.00184859154929577,0.000789910012889379
NO,NOR,Norway,3,2020-08-10,2020-08-10,191,2,3176.77106422725,1,1599.59936365783,19,191,6,0,649313.619226849,188,3,188,0,26,165,0,4,187,0,15,176,0,39,152,0,35,156,0,21,170,0,7,184,0,9,182,0,1,190,0,9,182,0,34,157,0,11,180,0,9,2,180,35,152,4,6,29,156,0,5,1,185,55,136,0,136,55,0,57,134,0,120,71,0,17,174,0,26,165,0,115,76,0,73,26,9,7,76,35,156,0,2,2,3,6,164,14,0,41,42,64,44,0,0,2,9,25,153,2,0,3,12,24,152,0,28,116,33,12,2,5,3,31,152,0,85,102,0,2,2,0,0,191,0,0,0,0,0,84,52,49,6,18.3983082944073,39.591213061889,28.4132231404959,19.4484002034442,3.17449994218985,3.02504919681138,0.0104712041884817,0.0144359024964148,0.00489250644089354,0.000169715511073418,0.00523560209424084,0.0102346934839247,0.00246352350588689,0.000120576752500353,0.00140107661676867,0.000629547816931881
NO,NOR,Norway,4,2020-08-10,2020-08-10,282,5,13210.2902606944,3,9764.75362937365,35,282,8,0,750642.768120938,281,6,276,0,32,250,0,5,277,0,34,248,0,44,238,0,52,230,0,27,255,0,13,269,0,17,265,0,2,280,0,15,267,0,47,235,0,16,266,0,13,3,266,34,245,3,8,26,248,0,6,2,274,87,195,0,176,106,0,74,208,0,176,106,0,18,264,0,35,247,0,155,127,0,99,37,12,7,127,36,246,0,1,3,5,12,236,25,0,51,52,119,59,1,0,0,12,21,248,1,0,3,12,20,247,0,51,132,81,16,2,3,11,24,244,0,116,161,1,1,3,0,0,0,282,0,0,0,0,117,92,65,8,26.4834782608696,49.9875136971158,38.5546875,24.2677327239794,2.8133890990463,1.51756141989862,0.0177304964539007,0.0154027871948897,0.017598637889716,0.000297451007473821,0.0106382978723404,0.0119739422035032,0.0130085228874148,0.000256331590650721,0.00174807711517331,0.000578621722575795
NO,NOR,Norway,5,2020-08-10,2020-08-10,282,2,5134.94885107083,1,3406.06224720126,19,280,9,0,620363.089543683,277,4,277,1,19,263,0,10,272,0,25,257,0,27,255,0,41,241,0,18,264,0,4,278,0,15,267,0,3,278,1,9,273,0,39,243,0,13,269,0,8,5,269,33,247,2,9,24,249,0,8,1,273,64,214,4,169,113,0,99,182,1,182,100,0,23,257,2,36,245,1,150,132,0,102,29,13,6,132,51,231,0,3,3,2,11,227,36,0,61,43,112,66,0,1,0,9,18,249,5,0,0,7,32,242,1,52,129,73,25,3,4,5,28,245,0,110,170,0,1,1,0,0,0,0,282,0,0,0,104,73,97,8,44.0386695511087,83.3024055992046,41.9504132231405,55.3089050806209,2.32312066115703,2.29601501203045,0.00709219858156028,0.00979418813473698,0.00827732812867367,0.000225457830026327,0.00354609929078014,0.0069378928540548,0.00549043343263159,0.00018387933044511,0.000955734406438632,0.000429537294264684
NO,NOR,Norway,6,2020-08-10,2020-08-10,234,0,0,0,0,2,232,2,0,627065.080124647,229,3,230,1,12,221,1,5,228,1,9,224,1,19,214,1,29,204,1,12,221,1,1,232,1,5,228,1,3,230,1,8,225,1,13,220,1,3,230,1,2,1,231,16,217,1,2,14,218,0,2,0,232,21,211,2,127,106,1,78,155,1,135,98,1,16,217,1,20,213,1,115,119,0,93,18,2,2,119,28,206,0,1,3,2,6,189,33,0,48,57,95,34,0,0,1,5,13,213,2,0,2,7,16,208,1,30,124,57,20,3,3,1,17,212,1,104,129,0,0,1,0,0,0,0,0,234,0,0,82,59,81,12,110.703125,161.41928196808,117,0,2.24920247701257,2.96139968623507,0,0,0,0,0,0,0,0,0.000121418164157358,0.000168263681987197
NO,NOR,Norway,7,2020-08-10,2020-08-09,100,0,0,0,0,3,100,0,0,286044.408957698,96,1,98,1,10,90,0,3,97,0,7,93,0,16,84,0,14,85,1,4,95,1,0,99,1,3,96,1,1,98,1,6,94,0,7,93,0,2,98,0,2,0,98,7,87,6,0,6,94,0,0,0,100,2,95,3,56,44,0,30,70,0,53,47,0,8,92,0,14,85,1,41,59,0,31,7,2,1,59,21,79,0,2,0,2,2,75,19,0,38,24,25,13,0,0,0,1,7,90,2,1,1,1,13,83,1,10,45,34,10,1,0,1,6,93,0,53,46,0,0,1,0,0,0,0,0,0,100,0,45,24,29,2,49.4082840236687,54.3241673386009,75,35.3553390593274,1.99808693803805,2.57652235517561,0,0,0,0,0,0,0,0,0.000422535211267606,0.000478033792144491
NO,NOR,Norway,1,2020-08-11,2020-08-10,100,1,5063.99483566605,1,5063.99483566605,8,98,4,0,584052.047415349,98,2,98,0,19,81,0,2,98,0,23,77,0,34,66,0,12,88,0,17,83,0,2,98,0,14,86,0,1,99,0,8,92,0,36,64,0,9,91,0,6,3,91,17,83,0,4,13,83,0,4,0,96,36,64,0,81,19,0,45,54,1,78,22,0,23,76,1,48,52,0,67,33,0,45,12,4,6,33,18,82,0,0,3,3,12,82,0,0,7,7,55,31,0,2,2,10,17,68,1,2,6,12,19,61,0,25,46,20,5,4,4,6,7,83,0,39,56,0,0,5,100,0,0,0,0,0,0,0,53,31,12,4,17.8579881656805,33.2020476360727,16.3265306122449,5.39949247156039,3.13331020927275,2.84778993312659,0.01,0.0195013954179879,0.00867045130322912,0.000237767336667031,0.01,0.0195013954179879,0.00867045130322912,0.000237767336667031,0.00114975567691865,0.000796267243353371
NO,NOR,Norway,2,2020-08-11,2020-08-11,151,2,5830.54333007528,2,5830.54333007528,36,151,8,0,585688.783783223,145,2,148,1,21,129,1,3,147,1,37,114,0,38,112,1,27,123,1,22,128,1,10,140,1,9,141,1,3,147,1,10,140,1,50,100,1,20,131,0,15,5,131,32,119,0,8,24,119,0,6,2,143,59,90,2,122,28,1,55,95,1,100,50,1,10,139,2,31,119,1,89,62,0,64,13,4,8,62,29,122,0,1,1,4,9,125,11,0,17,25,69,40,0,2,4,16,23,105,1,3,5,16,35,92,0,33,67,37,9,5,2,12,19,117,1,52,94,1,2,2,0,151,0,0,0,0,0,0,88,32,24,7,11.5613835066163,23.2988259570339,13.59,8.34284439694155,2.51063621692992,1.42776292679171,0.0132450331125828,0.0182343716434986,0.00995501961368156,0.000254251287344025,0.0132450331125828,0.0182343716434986,0.00995501961368156,0.000254251287344025,0.00335789571868296,0.00109504927158935
NO,NOR,Norway,3,2020-08-11,2020-08-11,179,1,2413.80026396028,0,0,20,177,8,0,635366.960911269,176,4,175,0,19,159,1,4,175,0,26,152,1,24,155,0,26,153,0,19,160,0,3,176,0,7,171,1,0,179,0,5,174,0,37,141,1,15,164,0,14,1,164,20,158,1,8,12,159,0,6,2,171,75,104,0,135,44,0,64,113,2,112,67,0,14,164,1,28,151,0,105,74,0,58,21,15,11,74,30,149,0,4,4,2,6,150,11,2,33,28,72,45,1,1,2,6,18,149,3,1,2,10,27,139,0,27,85,48,14,5,0,8,22,149,0,74,103,0,0,2,0,0,179,0,0,0,0,0,78,57,37,7,19.0431336686481,38.8768223060728,21.1834319526627,10.6883657399467,3.93923875432526,8.07383590002457,0.00558659217877095,0.0109188913802287,0.00379906481208641,0.000151268186744239,0,0,0,0,0.00159146972228853,0.000696924312333121
NO,NOR,Norway,4,2020-08-11,2020-08-11,246,2,8558.19844087741,0,0,26,245,5,0,627149.062703568,243,4,241,1,28,216,2,8,236,2,25,221,0,42,203,1,39,207,0,28,218,0,8,237,1,8,237,1,2,243,1,4,240,2,49,197,0,14,232,0,10,4,232,35,209,2,5,30,211,0,5,0,241,98,147,1,192,53,1,93,152,1,156,89,1,17,228,1,23,222,1,132,114,0,89,22,10,11,114,40,206,0,0,3,1,9,209,24,0,39,42,100,65,0,0,1,10,20,214,1,0,2,14,31,199,0,36,133,59,17,1,2,5,20,218,1,102,142,0,0,2,0,0,0,246,0,0,0,0,110,71,57,8,21.8202,44.0497669419075,37.8461538461539,29.920011707747,2.68543521976444,1.4126791473076,0.00813008130081301,0.0112216144020999,0.013646195059248,0.000287134152545108,0,0,0,0,0.00149468237999425,0.000574097324578697
NO,NOR,Norway,5,2020-08-11,2020-08-11,303,2,5282.23962856647,1,3400.54525556349,16,301,3,0,622820.971223787,296,3,298,2,30,273,0,6,296,1,15,288,0,41,262,0,39,264,0,19,284,0,4,299,0,11,291,1,5,298,0,10,292,1,34,269,0,13,289,1,7,6,290,19,279,5,3,16,284,0,2,1,300,95,206,2,224,78,1,106,196,1,190,113,0,22,280,1,32,271,0,157,145,1,105,34,11,7,146,54,249,0,3,5,11,8,242,34,0,61,58,113,71,0,1,5,5,26,263,3,0,4,9,34,256,0,57,150,78,16,2,1,6,31,265,0,117,184,0,0,2,0,0,0,0,303,0,0,0,108,76,109,10,49.5274074074074,87.9850013574167,33.6666666666667,16.446308418793,2.15615881809788,1.17986754058941,0.0066006600660066,0.00911763902023892,0.00848115248622304,0.000227742665923051,0.0033003300330033,0.00645784504155736,0.00545990808382981,0.000183008090917519,0.000748678115202845,0.000366708185128091
NO,NOR,Norway,6,2020-08-11,2020-08-11,215,0,0,0,0,8,215,3,0,575837.143849049,209,0,214,1,14,201,0,3,211,1,6,208,1,18,196,1,23,191,1,7,207,1,2,212,1,2,212,1,2,212,1,7,207,1,10,204,1,6,209,0,3,3,209,18,195,2,3,15,197,0,3,0,212,16,196,3,154,59,2,80,133,2,124,90,1,11,203,1,19,196,0,89,126,0,64,19,3,2,127,23,192,0,2,1,3,7,166,36,0,53,41,94,27,0,1,0,2,16,193,3,0,0,4,13,198,0,29,117,47,15,7,0,3,21,191,0,96,114,0,0,5,0,0,0,0,0,215,0,0,80,56,71,8,78.514979338843,126.845987326542,47.7777777777778,18.5042537652132,2.01138184560279,1.15234941583952,0,0,0,0,0,0,0,0,0.000524074680641992,0.000363063378501037
NO,NOR,Norway,7,2020-08-11,2020-08-10,100,0,0,0,0,6,100,1,0,288874.541007479,97,0,100,0,6,94,0,2,98,0,7,93,0,14,86,0,8,92,0,2,98,0,0,100,0,1,99,0,0,100,0,2,98,0,3,97,0,5,95,0,2,3,95,9,88,3,1,8,91,0,1,0,99,9,88,3,54,46,0,27,73,0,52,48,0,3,97,0,11,88,1,39,61,0,30,5,3,1,61,16,84,0,3,1,0,0,69,27,0,29,25,34,12,0,0,1,1,3,93,2,0,0,2,12,86,0,8,43,30,17,2,1,0,7,92,0,49,49,0,0,2,0,0,0,0,0,0,100,0,36,27,34,3,102.5,169.725009787504,20,14.142135623731,1.74696180555556,0.949843107844648,0,0,0,0,0,0,0,0,0.000845070422535211,0.000675898970898153
NO,NOR,Norway,1,2020-08-12,2020-08-11,100,3,16754.6727983279,3,16754.6727983279,10,99,6,0,643815.91578562,98,5,95,0,22,78,0,4,96,0,38,62,0,40,60,0,24,76,0,22,78,0,10,90,0,16,84,0,6,94,0,14,86,0,37,63,0,9,91,0,7,2,91,21,79,0,6,15,79,0,6,0,94,38,61,1,81,18,1,52,48,0,78,22,0,23,77,0,40,60,0,70,30,0,47,11,4,8,30,13,87,0,0,3,3,9,81,4,0,9,14,49,28,0,2,1,9,25,59,4,2,8,15,26,49,0,28,42,20,9,1,4,9,10,77,0,43,54,0,0,3,100,0,0,0,0,0,0,0,51,25,16,8,10.7857142857143,18.3850136042708,15.625,5.78637562357845,3.18141648781719,3.13819584280429,0.03,0.0334344809563718,0.0260240115031684,0.000388891528724583,0.03,0.0334344809563718,0.0260240115031684,0.000388891528724583,0.00142267747901551,0.00088114097477148
NO,NOR,Norway,2,2020-08-12,2020-08-12,140,2,7108.10404200339,2,7108.10404200339,35,139,8,0,663800.755018356,138,2,137,1,22,118,0,4,135,1,29,111,0,37,103,0,26,113,1,19,121,0,8,131,1,16,124,0,0,139,1,7,132,1,38,102,0,15,125,0,9,6,125,26,114,0,8,18,114,0,6,2,132,66,73,1,117,23,0,62,78,0,85,55,0,13,127,0,32,108,0,86,54,0,54,17,9,6,54,29,111,0,0,1,4,7,122,6,0,18,22,55,45,0,0,8,12,20,100,0,3,4,14,25,94,0,33,63,36,8,0,6,9,22,103,0,54,77,0,3,6,0,140,0,0,0,0,0,0,75,35,26,4,23.137738330046,46.0871874257138,25,19.1150363689064,2.59643347050754,1.44383677083213,0.0142857142857143,0.0196566985974023,0.0107081891490268,0.000247599317947624,0.0142857142857143,0.0196566985974023,0.0107081891490268,0.000247599317947624,0.00354645860776168,0.00117283654987697
NO,NOR,Norway,3,2020-08-12,2020-08-12,166,1,4366.15234612257,1,4366.15234612257,26,166,6,0,604664.548702209,165,1,165,0,29,137,0,5,161,0,23,143,0,37,129,0,21,145,0,29,137,0,6,160,0,8,158,0,4,162,0,8,158,0,41,125,0,15,151,0,13,2,151,34,132,0,6,28,132,0,5,1,160,76,88,2,128,38,0,57,108,1,111,54,1,10,155,1,25,139,2,87,79,0,53,23,5,6,79,30,136,0,0,2,3,5,146,10,0,31,26,73,36,0,2,1,8,15,137,3,2,1,15,23,125,0,28,78,48,10,2,2,4,20,140,0,72,94,0,0,0,0,0,166,0,0,0,0,0,75,39,48,4,14.590873015873,31.3957117481888,19.1822222222222,9.77978045868647,3.13100137174211,1.40920372976552,0.00602409638554217,0.0117713949449363,0.00722078440929544,0.000213407346112062,0.00602409638554217,0.0117713949449363,0.00722078440929544,0.000213407346112062,0.00220600712709995,0.000847010454408846
NO,NOR,Norway,4,2020-08-12,2020-08-12,269,3,7273.53701990508,1,3427.19494778626,23,268,13,0,735525.52733647,265,6,263,0,23,246,0,6,263,0,21,248,0,32,237,0,33,236,0,23,246,0,9,260,0,11,258,0,3,266,0,7,262,0,36,233,0,16,253,0,14,2,253,38,230,1,13,25,231,0,12,1,256,111,157,1,187,82,0,91,175,3,169,100,0,20,249,0,37,232,0,142,127,0,82,32,14,13,128,53,216,0,2,4,8,8,227,20,0,31,60,117,60,1,0,3,7,23,234,2,0,4,13,30,222,0,37,132,78,20,2,2,6,21,240,0,97,170,0,0,2,0,0,0,269,0,0,0,0,128,72,62,7,26.7124225206612,53.6999581305583,27.4977777777778,16.4175258013853,2.90730609263428,3.48063810347322,0.0111524163568773,0.0125493466711022,0.00988889814095842,0.000226133618835007,0.00371747211895911,0.00727255589873354,0.00465951869841558,0.000155634394074018,0.00120874500735758,0.000493692161531233
NO,NOR,Norway,5,2020-08-12,2020-08-12,250,2,4988.58926953917,2,4988.58926953917,14,249,8,0,539311.242698298,248,2,248,0,21,229,0,7,243,0,20,230,0,24,226,0,28,222,0,15,235,0,7,243,0,9,241,0,1,249,0,6,244,0,27,223,0,8,241,1,7,1,242,29,219,2,8,20,222,0,6,2,242,70,179,1,176,74,0,90,159,1,147,103,0,10,240,0,32,218,0,122,127,1,83,27,6,5,129,42,208,0,3,0,4,12,194,37,0,49,50,107,44,0,0,2,7,16,225,0,0,1,8,18,223,0,37,141,53,19,0,2,2,21,225,0,85,163,0,1,1,0,0,0,0,250,0,0,0,100,69,73,8,40.0714144019044,67.2035067360184,54.6875,54.7671613677915,2.17710538897616,2.21026603194962,0.008,0.0110427926179981,0.00924992634045623,0.000255493318906425,0.008,0.0110427926179981,0.00924992634045623,0.000255493318906425,0.000791899994343572,0.000414650683904044
NO,NOR,Norway,6,2020-08-12,2020-08-12,203,0,0,0,0,6,202,1,0,565326.620532306,197,0,203,0,14,189,0,1,202,0,4,199,0,18,185,0,15,188,0,10,193,0,2,201,0,5,198,0,1,202,0,5,198,0,16,187,0,7,196,0,4,3,196,13,186,4,1,11,191,0,0,1,202,16,185,2,135,68,0,66,137,0,111,92,0,10,193,0,18,185,0,94,109,0,68,21,3,2,109,26,177,0,0,2,1,6,161,33,0,57,53,66,27,0,1,0,0,9,189,4,1,1,1,16,183,1,25,111,49,16,2,0,1,22,180,0,91,109,0,0,3,0,0,0,0,0,203,0,0,70,51,74,8,54.875236294896,81.9852856961166,22.5555555555556,17.4714582062246,1.99663379355687,1.96995000122127,0,0,0,0,0,0,0,0,0.000418351694324362,0.000334674894473257
NO,NOR,Norway,7,2020-08-12,2020-08-11,100,0,0,0,0,5,99,1,0,309149.900878965,99,0,100,0,5,95,0,0,100,0,8,92,0,11,89,0,4,96,0,3,97,0,0,100,0,0,100,0,1,99,0,2,98,0,3,97,0,5,94,1,4,1,95,13,85,2,1,12,87,0,1,0,99,6,92,2,67,32,1,34,65,1,62,38,0,2,98,0,12,88,0,39,61,0,32,5,2,0,61,8,92,0,2,1,0,3,76,18,0,31,23,32,13,1,0,1,0,5,92,2,0,0,2,15,81,2,8,49,28,13,2,1,0,7,92,0,54,46,0,0,0,0,0,0,0,0,0,100,0,37,23,37,3,145.3125,196.777422908896,16,8.94427190999916,1.84310018903592,0.907828863076558,0,0,0,0,0,0,0,0,0.000711338739507754,0.000623282638282056
NO,NOR,Norway,1,2020-08-13,2020-08-12,100,1,9170.28267600517,1,9170.28267600517,25,100,4,0,667134.153132628,100,2,98,0,19,81,0,7,93,0,30,70,0,29,71,0,25,75,0,15,85,0,7,93,0,11,89,0,4,96,0,11,89,0,31,69,0,8,92,0,6,2,92,15,85,0,4,11,85,0,3,1,96,47,53,0,82,17,1,49,51,0,72,28,0,19,81,0,33,67,0,68,32,0,45,11,10,2,32,21,79,0,1,2,3,3,87,4,0,10,16,45,29,0,1,1,9,22,63,4,3,6,11,19,61,0,31,40,15,8,6,2,8,10,80,0,39,56,1,1,3,100,0,0,0,0,0,0,0,46,24,23,7,8.95522388059701,14.3559398333543,39.0625,38.0539443234394,2.94187145557656,1.82693172249001,0.01,0.0195013954179879,0.0137457850612875,0.000279396341024346,0.01,0.0195013954179879,0.0137457850612875,0.000279396341024346,0.00352112676056338,0.00137782415551176
NO,NOR,Norway,2,2020-08-13,2020-08-13,149,1,2449.97067631362,1,2449.97067631362,30,148,8,0,707383.922969726,147,1,148,0,24,125,0,5,144,0,28,121,0,37,112,0,32,117,0,18,131,0,9,140,0,11,138,0,9,140,0,7,142,0,48,101,0,14,135,0,11,3,135,24,125,0,8,16,125,0,4,4,141,71,77,1,123,26,0,64,84,1,101,48,0,20,129,0,35,113,1,100,49,0,58,21,7,14,49,25,124,0,1,2,4,7,128,7,0,16,25,65,43,0,0,1,12,20,115,1,1,3,15,22,108,0,25,80,31,13,0,2,6,19,122,0,64,83,0,0,2,0,149,0,0,0,0,0,0,77,39,32,1,19.7882971729126,40.9067377490129,26.4497041420118,23.5750479480594,2.89601554907677,3.07533294087956,0.00671140939597315,0.0131099050447362,0.00346342431140956,0.000136905208367364,0.00671140939597315,0.0131099050447362,0.00346342431140956,0.000136905208367364,0.00285496764370004,0.00102015889178904
NO,NOR,Norway,3,2020-08-13,2020-08-13,140,0,0,0,0,7,140,5,0,476705.820836585,137,2,138,0,16,124,0,4,136,0,17,123,0,16,124,0,18,122,0,12,128,0,7,133,0,12,128,0,2,138,0,9,131,0,25,115,0,6,134,0,5,1,134,21,119,0,5,16,119,0,3,2,135,49,91,0,100,40,0,58,82,0,92,48,0,10,130,0,26,114,0,83,57,0,56,15,11,1,57,33,107,0,2,0,5,9,118,6,0,22,26,63,29,0,1,2,8,18,111,0,2,3,11,15,109,0,18,80,30,12,0,4,4,13,119,0,58,78,0,0,4,0,0,140,0,0,0,0,0,65,34,37,4,33.6266349583829,65.2388213310347,27.2222222222222,9.5257934441568,3.78146580530185,7.20409205150857,0,0,0,0,0,0,0,0,0.000704225352112676,0.000521504130046965
NO,NOR,Norway,4,2020-08-13,2020-08-13,266,4,11041.6656666357,3,9788.17581976062,76,264,6,0,700892.776547468,261,8,258,0,24,242,0,8,258,0,27,239,0,27,239,0,44,222,0,21,245,0,11,255,0,17,249,0,3,263,0,8,258,0,44,222,0,19,247,0,12,7,247,43,222,1,6,37,223,0,6,0,260,94,171,1,215,51,0,115,150,1,174,91,1,28,237,1,25,240,1,153,113,0,97,30,17,9,113,47,219,0,0,4,5,13,226,18,0,45,37,118,65,1,1,3,6,28,228,0,2,2,10,28,224,0,42,140,64,18,2,2,4,30,230,0,91,170,0,1,4,0,0,0,266,0,0,0,0,109,72,79,6,27.1310763888889,53.2098985293585,69.0311418685121,164.578761497365,2.95715401718647,1.96286900066893,0.0150375939849624,0.0146253503163978,0.0157537158836562,0.000291518214455404,0.0112781954887218,0.012690073505073,0.0139652970429746,0.000274722030498534,0.0040546308151942,0.000909725503225473
NO,NOR,Norway,5,2020-08-13,2020-08-13,228,2,9841.23942377643,1,3695.71781264994,21,226,7,0,552462.673257783,222,2,226,0,21,207,0,2,226,0,8,220,0,21,207,0,20,208,0,8,220,0,3,225,0,4,224,0,4,224,0,1,227,0,20,208,0,14,214,0,8,6,214,24,201,3,7,17,204,0,7,0,221,64,160,4,162,65,1,85,143,0,144,83,1,14,212,2,25,203,0,109,119,0,74,20,11,4,119,42,186,0,0,2,10,6,181,29,0,50,34,84,60,0,1,2,3,18,203,1,0,2,6,24,196,0,35,121,48,23,1,1,3,25,199,0,88,139,1,0,0,0,0,0,0,228,0,0,0,95,60,65,8,31.0446428571429,61.7587780973517,31.6666666666667,30.6722656285427,2.36522633744856,3.8048256808045,0.0087719298245614,0.0121036132448819,0.0178134015204036,0.00034879243055299,0.0043859649122807,0.00857746094141031,0.00668953395684977,0.000214949806141514,0.00130873738003241,0.000559379537701874
NO,NOR,Norway,6,2020-08-13,2020-08-13,208,0,0,0,0,3,206,2,0,579040.730368053,199,0,208,0,16,192,0,6,202,0,6,202,0,19,189,0,29,179,0,10,198,0,4,204,0,6,202,0,4,204,0,6,202,0,14,194,0,5,203,0,2,3,203,17,190,1,2,15,191,0,2,0,206,22,182,4,144,62,2,83,124,1,119,88,1,8,198,2,15,193,0,80,128,0,60,13,4,3,128,22,186,0,0,1,1,6,164,35,1,44,49,91,24,0,0,1,3,19,182,3,0,1,3,16,188,0,35,109,41,20,3,0,2,13,190,3,86,117,0,0,5,0,0,0,0,0,208,0,0,67,56,74,11,47.100826446281,88.9146427671881,69.3333333333333,0,2.1719630141354,1.26076385962338,0,0,0,0,0,0,0,0,0.000205114180226993,0.000232080475041257
NO,NOR,Norway,7,2020-08-13,2020-08-12,100,1,1388.32054295979,0,0,4,98,0,0,293280.711215543,95,1,99,0,6,94,0,1,99,0,7,93,0,8,92,0,5,95,0,3,97,0,1,99,0,2,98,0,1,99,0,1,99,0,3,97,0,6,94,0,4,2,94,8,90,2,0,8,92,0,0,0,100,4,94,2,73,27,0,39,60,1,58,41,1,4,95,1,9,90,1,38,62,0,28,8,2,0,62,12,88,0,0,0,3,6,73,18,0,38,16,33,12,1,0,0,0,8,92,0,0,0,1,14,84,1,9,53,28,10,0,0,0,10,90,0,43,56,0,0,1,0,0,0,0,0,0,100,0,42,18,35,5,127.34375,193.849100999549,12.5,14.4337567297406,1.98043714527231,0.958276766448648,0.01,0.0195013954179879,0.00473376014810419,0.00024841573521363,0,0,0,0,0.000574877838459327,0.000563207971721789
NO,NOR,Norway,1,2020-08-14,2020-08-13,100,2,13528.3247497597,2,13528.3247497597,31,99,6,0,575418.963993682,99,3,97,0,21,79,0,7,93,0,25,75,0,37,63,0,22,78,0,19,81,0,8,92,0,14,86,0,3,97,0,9,91,0,34,66,0,13,87,0,7,6,87,15,85,0,6,9,85,0,4,2,94,49,51,0,80,20,0,43,56,1,72,28,0,15,85,0,34,66,0,68,32,0,48,10,9,1,32,20,80,0,2,2,3,6,82,5,0,10,13,47,30,0,1,1,10,19,66,3,1,4,11,19,65,0,28,43,16,6,7,3,6,15,76,0,32,61,2,1,4,100,0,0,0,0,0,0,0,54,24,19,3,13.9489619377163,30.7514184141888,21.5277777777778,21.7476149085079,3.24435763888889,3.25872434383619,0.02,0.0274394957835608,0.0235103908565451,0.000391489161896768,0.02,0.0274394957835608,0.0235103908565451,0.000391489161896768,0.00441030018494807,0.00154908622489618
NO,NOR,Norway,2,2020-08-14,2020-08-14,122,1,6618.74560441484,1,6618.74560441484,44,122,8,0,671081.427848681,120,1,121,0,18,104,0,0,122,0,24,98,0,28,94,0,18,104,0,14,108,0,2,120,0,4,118,0,0,122,0,5,117,0,26,96,0,15,107,0,12,3,107,23,99,0,8,15,99,0,7,1,114,50,72,0,98,24,0,53,69,0,86,36,0,15,105,2,32,89,1,88,34,0,55,15,10,8,34,28,94,0,5,3,6,7,94,7,0,13,21,51,37,0,0,4,13,22,81,2,0,5,16,26,75,0,29,59,23,8,3,1,6,13,102,0,47,69,0,0,6,0,122,0,0,0,0,0,0,65,36,17,4,21.4035087719298,42.3323621831985,23.8577777777778,39.4238012604075,3.0403619649526,5.67464726626794,0.00819672131147541,0.0159993017797116,0.00986280551025362,0.000236433168948763,0.00819672131147541,0.0159993017797116,0.00986280551025362,0.000236433168948763,0.00507965827753406,0.001497098602806
NO,NOR,Norway,3,2020-08-14,2020-08-14,143,1,2805.59187841046,1,2805.59187841046,19,143,10,0,634212.962137209,143,1,142,0,15,128,0,3,140,0,20,123,0,25,118,0,22,121,0,12,131,0,3,140,0,9,134,0,4,139,0,5,138,0,29,114,0,13,130,0,8,5,130,30,113,0,10,20,113,0,7,3,133,54,88,1,105,38,0,55,88,0,95,48,0,7,136,0,10,133,0,81,62,0,57,11,7,6,62,23,120,0,1,3,5,8,120,6,0,20,25,55,43,0,2,3,5,16,116,1,1,2,4,22,114,0,27,70,33,13,0,0,1,17,125,0,49,87,0,1,6,0,0,143,0,0,0,0,0,71,44,25,3,14.175762976164,30.2107066364295,15.2307692307692,8.44742412567135,3.08617346938776,1.51288092713455,0.00699300699300699,0.0136580345505899,0.00442373783871589,0.00016332869476311,0.00699300699300699,0.0136580345505899,0.00442373783871589,0.00016332869476311,0.00187136806855117,0.000840666540226849
NO,NOR,Norway,4,2020-08-14,2020-08-14,247,2,7416.24381781716,1,5032.24356033148,17,246,14,0,742264.979781286,247,4,242,1,22,224,1,4,243,0,27,219,1,24,223,0,33,213,1,17,229,1,6,241,0,9,238,0,4,243,0,11,236,0,33,214,0,14,233,0,9,5,233,43,202,2,14,29,204,0,12,2,233,98,148,1,211,36,0,106,140,1,158,89,0,22,225,0,28,219,0,145,102,0,94,28,9,14,102,46,201,0,2,1,6,5,216,17,0,43,38,98,68,0,1,0,7,21,215,3,0,1,10,26,210,0,46,122,63,12,4,2,6,24,213,2,99,145,0,0,3,0,0,0,247,0,0,0,0,95,80,66,6,22.6649315883403,47.2093914450842,24.8461538461538,11.9780782671662,2.74566286455843,1.43103586574314,0.00809716599190283,0.0111763682047138,0.00999136968579929,0.000226256263139486,0.00404858299595142,0.00791899766086245,0.00677957831422179,0.000186677839833117,0.000973319592350853,0.000462453040650953
NO,NOR,Norway,5,2020-08-14,2020-08-14,219,1,3532.62315067854,1,3532.62315067854,30,217,3,0,538722.787444949,213,1,218,0,27,192,0,4,215,0,17,202,0,27,192,0,31,188,0,20,199,0,4,215,0,5,214,0,2,217,0,7,212,0,18,201,0,17,202,0,10,7,202,23,195,1,3,20,196,0,3,0,216,74,144,1,165,54,0,90,129,0,147,72,0,15,204,0,31,188,0,115,104,0,75,17,14,9,104,44,175,0,1,2,5,4,184,23,0,37,35,79,68,0,0,1,6,10,200,2,1,0,5,21,191,1,36,102,49,30,2,0,3,17,199,0,94,123,0,0,2,0,0,0,0,219,0,0,0,80,56,74,9,32.1504166666667,62.0828264572832,29.2,24.6785042380727,2.13839846591285,1.15092209188628,0.0045662100456621,0.00892915096348435,0.00655740435156464,0.000215527548362179,0.0045662100456621,0.00892915096348435,0.00655740435156464,0.000215527548362179,0.00194716687220095,0.000696093216778599
NO,NOR,Norway,6,2020-08-14,2020-08-14,182,1,1727.42783310792,1,1727.42783310792,5,181,2,1,661116.536681988,174,2,179,1,14,167,1,0,181,1,9,172,1,14,168,0,16,165,1,7,174,1,2,179,1,5,177,0,0,181,1,6,175,1,16,165,1,5,176,1,3,2,177,11,167,4,2,9,171,1,1,0,180,15,164,3,131,51,0,56,126,0,113,69,0,14,168,0,19,163,0,89,93,0,69,14,5,1,93,22,160,0,0,1,2,5,147,27,0,35,39,70,38,0,0,0,4,16,158,4,1,1,3,14,163,0,25,85,52,18,2,0,4,14,163,1,75,105,0,0,2,0,0,0,0,0,182,0,0,76,47,51,8,41.7917906008328,80.1669591997832,36.4,0,2.09545699021119,1.06865058558058,0.0054945054945055,0.0107394068758001,0.0026128946067172,0.000123055747147338,0.0054945054945055,0.0107394068758001,0.0026128946067172,0.000123055747147338,0.000389074780172749,0.000340966464703155
NO,NOR,Norway,7,2020-08-14,2020-08-13,100,0,0,0,0,0,96,0,0,322105.891045154,96,0,100,0,9,91,0,2,98,0,8,92,0,8,92,0,6,94,0,4,96,0,1,99,0,2,98,0,1,99,0,0,100,0,2,98,0,3,96,1,2,1,97,6,93,1,0,6,94,0,0,0,100,5,91,4,73,27,0,34,66,0,55,45,0,7,93,0,9,91,0,37,63,0,28,6,3,0,63,12,88,0,0,0,2,3,75,20,0,39,14,38,9,0,0,0,2,7,91,0,0,0,0,13,87,0,11,51,26,12,0,0,0,11,89,0,41,54,0,0,5,0,0,0,0,0,0,100,0,44,20,29,7,49,101.884867943132,0,0,3.27160493827161,11.5546445323095,0,0,0,0,0,0,0,0,0,0
NO,NOR,Norway,1,2020-08-15,2020-08-14,100,1,4358.04207375457,1,4358.04207375457,20,100,7,0,562526.26130011,98,4,95,1,12,87,1,3,96,1,22,78,0,26,73,1,20,80,0,22,77,1,6,93,1,12,87,1,2,97,1,7,92,1,32,68,0,13,87,0,8,5,87,17,82,1,7,10,83,0,4,3,93,30,70,0,81,19,0,52,48,0,65,35,0,21,79,0,36,64,0,64,36,0,39,12,11,2,36,19,81,0,0,4,4,8,75,9,0,12,17,39,32,0,1,4,12,19,59,5,1,5,15,21,58,0,28,40,26,1,5,2,7,21,70,0,30,65,4,1,0,100,0,0,0,0,0,0,0,61,22,12,5,7.41666666666667,13.3947209715558,11.8343195266272,7.44167632343727,3.31830269395306,3.85957466412515,0.01,0.0195013954179879,0.00774726865850186,0.00022911955113039,0.01,0.0195013954179879,0.00774726865850186,0.00022911955113039,0.0028169014084507,0.00123279877629136
NO,NOR,Norway,2,2020-08-15,2020-08-15,129,1,3175.09285749871,0,0,30,128,5,1,696768.488155313,129,3,126,0,24,105,0,3,126,0,30,99,0,32,97,0,23,106,0,15,114,0,3,126,0,11,118,0,2,127,0,3,126,0,32,97,0,15,114,0,9,6,114,16,113,0,5,11,113,1,3,1,124,57,72,0,107,22,0,56,72,1,85,43,1,16,113,0,30,99,0,78,51,0,49,17,8,4,51,22,107,0,3,3,6,13,99,5,0,16,17,47,49,0,0,5,8,16,98,2,0,1,14,21,93,0,24,60,30,12,3,0,8,12,109,0,55,71,0,0,3,0,129,0,0,0,0,0,0,63,32,29,5,13.8007100591716,28.0873712686644,19.0867346938776,11.118569563822,2.50013007284079,1.42826385257772,0.00775193798449612,0.0151345150788071,0.00455688354377899,0.000158141563870698,0,0,0,0,0.00330105633802817,0.00117929484193592
NO,NOR,Norway,3,2020-08-15,2020-08-15,150,2,10193.9403692637,2,10193.9403692637,28,150,8,0,603728.172553202,147,3,147,0,19,131,0,1,149,0,22,128,0,31,119,0,27,123,0,16,134,0,6,144,0,11,139,0,3,147,0,4,146,0,30,120,0,10,140,0,8,2,140,36,113,1,8,28,114,0,6,2,142,54,94,2,129,20,1,66,83,1,90,60,0,10,140,0,19,131,0,81,69,0,56,12,7,6,69,36,114,0,1,3,7,3,127,8,1,24,31,47,48,0,2,3,5,13,127,0,1,3,8,15,123,0,21,84,35,10,0,3,4,18,125,0,66,80,0,0,4,0,0,150,0,0,0,0,0,61,34,48,7,17.1122448979592,29.6507911042329,42,36.6060104354463,3.54840309462408,1.9258967691223,0.0133333333333333,0.0183551128081561,0.0168849837272839,0.000324997378491318,0.0133333333333333,0.0183551128081561,0.0168849837272839,0.000324997378491318,0.00262910798122066,0.000972536351934888
NO,NOR,Norway,4,2020-08-15,2020-08-15,284,0,0,0,0,37,284,11,0,751294.263823858,278,0,284,0,35,249,0,6,278,0,22,262,0,43,241,0,37,247,0,27,257,0,8,276,0,12,272,0,2,282,0,5,279,0,50,234,0,23,261,0,16,7,261,39,244,1,11,28,245,0,11,0,273,114,167,3,224,60,0,125,158,1,193,91,0,25,259,0,29,255,0,161,123,0,103,31,15,12,123,51,233,0,1,2,5,15,239,22,0,52,38,98,96,0,0,0,9,21,252,2,0,2,10,37,235,0,43,143,70,25,3,2,9,22,251,0,101,177,0,1,5,0,0,0,284,0,0,0,0,115,85,72,12,16.0181594336719,28.6928834271225,18.2533081285444,13.8651823286245,2.82365253793825,2.44273021958072,0,0,0,0,0,0,0,0,0.00183495338226542,0.000590708803340854
NO,NOR,Norway,5,2020-08-15,2020-08-15,234,1,1316.16451481572,1,1316.16451481572,19,233,4,0,528284.655236652,231,1,233,0,18,216,0,6,228,0,11,223,0,28,206,0,31,203,0,12,222,0,3,231,0,5,229,0,1,233,0,8,226,0,31,203,0,12,222,0,7,5,222,25,206,3,4,21,209,0,4,0,230,80,153,1,178,56,0,90,144,0,146,88,0,16,218,0,24,210,0,121,113,0,75,31,5,10,113,38,196,0,6,5,5,6,178,34,0,43,38,75,77,1,0,2,4,24,203,1,0,1,6,27,199,1,50,102,51,28,3,1,7,17,209,0,81,150,0,0,3,0,0,0,0,234,0,0,0,90,60,76,8,22.3944454869582,36.240245986985,34.8099173553719,23.82683585134,2.14471111111111,1.13995967625704,0.00427350427350427,0.00835799804875529,0.00249139266448337,0.000134429167631698,0.00427350427350427,0.00835799804875529,0.00249139266448337,0.000134429167631698,0.00114852203348848,0.000516132349428703
NO,NOR,Norway,6,2020-08-15,2020-08-15,202,0,0,0,0,6,201,1,0,647011.399492662,199,1,200,1,19,183,0,5,196,1,10,191,1,17,184,1,25,176,1,4,197,1,3,198,1,4,197,1,1,200,1,6,195,1,15,186,1,6,196,0,4,2,196,7,193,2,1,5,196,0,1,0,201,15,186,1,144,58,0,71,130,1,118,84,0,11,191,0,19,183,0,102,100,0,75,17,6,4,100,23,179,0,0,1,5,5,157,34,0,56,46,82,18,0,0,0,4,16,179,3,0,0,7,16,179,0,32,91,56,20,3,0,1,22,179,0,81,119,0,0,2,0,0,0,0,0,202,0,0,66,52,75,9,106.258035310095,143.783226102184,40.4,28.5671139599365,2.12541183972792,1.64150537940265,0,0,0,0,0,0,0,0,0.000420433046037419,0.000336339593531958
NO,NOR,Norway,7,2020-08-15,2020-08-13,100,0,0,0,0,1,98,0,0,324849.235407686,97,0,100,0,10,90,0,1,99,0,5,95,0,8,92,0,9,91,0,4,96,0,0,100,0,2,98,0,1,99,0,0,100,0,5,95,0,2,97,1,1,1,98,5,93,2,0,5,95,0,0,0,100,3,93,4,72,27,1,33,67,0,47,53,0,7,92,1,8,92,0,31,69,0,26,4,1,0,69,10,90,0,0,0,0,1,76,22,1,36,22,34,8,0,0,1,2,6,91,0,0,1,1,13,85,0,14,54,20,11,1,0,0,16,84,0,48,46,0,0,6,0,0,0,0,0,0,100,0,49,19,24,8,33.7868480725624,42.3221840239255,100,0,3.32028784244414,11.8267920644061,0,0,0,0,0,0,0,0,0.000143719459614832,0.000281664722189836
NO,NOR,Norway,1,2020-08-16,2020-08-15,100,0,0,0,0,19,100,3,0,604941.816122035,99,2,98,0,18,82,0,2,98,0,15,85,0,33,67,0,19,81,0,14,86,0,5,95,0,14,86,0,3,97,0,3,97,0,32,68,0,11,89,0,6,5,89,14,85,1,3,11,86,0,2,1,97,27,72,1,79,21,0,51,49,0,76,24,0,25,75,0,32,68,0,77,23,0,43,20,10,4,23,19,81,0,1,2,3,8,79,7,0,15,12,40,33,0,2,2,10,22,61,3,2,3,11,19,65,0,29,39,25,4,3,2,10,13,75,0,38,58,2,1,1,100,0,0,0,0,0,0,0,59,24,10,7,7.14285714285714,11.6127608781615,15.702479338843,11.5643432394789,2.99456584576252,4.18811896748962,0,0,0,0,0,0,0,0,0.00267605633802817,0.0012016684687081
NO,NOR,Norway,2,2020-08-16,2020-08-16,139,4,24639.4257366967,3,19240.1796220585,20,139,14,1,680413.296390853,139,4,135,0,20,119,0,3,136,0,21,118,0,41,98,0,25,114,0,22,117,0,5,134,0,13,126,0,3,136,0,7,132,0,38,101,0,10,129,0,7,3,129,33,106,0,14,19,106,1,12,1,125,27,111,1,96,43,0,56,81,2,83,55,1,15,124,0,27,112,0,75,64,0,51,14,7,3,64,29,110,0,2,5,4,7,111,10,0,21,24,64,30,0,1,3,10,15,110,0,2,5,14,20,98,0,29,66,28,14,2,5,9,9,116,0,61,75,0,0,3,0,139,0,0,0,0,0,0,70,39,29,1,7.35560142615875,10.9902440095193,27.8,19.657568516986,2.66178326474623,1.78950530279265,0.0287769784172662,0.0277921900258217,0.0362124400969127,0.000443896016968136,0.0215827338129496,0.0241577216082915,0.028277195234301,0.000393868326504566,0.00202654777586382,0.000887256999436777
NO,NOR,Norway,3,2020-08-16,2020-08-16,138,4,21185.1291366467,4,21185.1291366467,29,136,8,0,567531.764473358,135,5,133,0,20,118,0,4,134,0,20,118,0,27,111,0,22,116,0,14,124,0,4,134,0,7,131,0,4,134,0,5,133,0,27,111,0,15,123,0,13,2,123,25,112,1,8,17,113,0,8,0,130,34,103,1,101,36,1,62,75,1,93,45,0,14,124,0,18,120,0,81,57,0,49,21,7,4,57,25,113,0,2,2,4,9,112,9,0,22,17,48,51,0,1,3,5,11,116,2,0,2,5,24,107,0,30,63,29,13,3,4,4,10,120,0,59,77,0,1,1,0,0,138,0,0,0,0,0,71,26,36,5,31.7314814814815,61.5307847649821,23.6804733727811,16.3041192915055,3.13562130177515,1.63953583008785,0.0289855072463768,0.0279905773303055,0.0373285346526913,0.00049318802673839,0.0289855072463768,0.0279905773303055,0.0373285346526913,0.00049318802673839,0.003003314001657,0.00109143201861743
NO,NOR,Norway,4,2020-08-16,2020-08-16,275,3,5367.49708425307,1,1778.9298785198,38,275,7,0,770605.97518722,271,3,272,0,28,247,0,10,265,0,31,244,0,34,241,0,46,229,0,29,246,0,8,267,0,12,263,0,2,273,0,14,261,0,54,221,0,16,259,0,11,5,259,33,239,3,7,26,242,0,6,1,268,51,222,2,181,93,1,100,174,1,177,96,2,23,251,1,30,244,1,146,128,1,103,35,4,4,129,39,236,0,3,3,5,10,233,21,0,51,45,92,86,1,0,2,11,26,236,0,1,4,10,31,229,0,45,135,66,27,2,0,8,20,247,0,121,154,0,0,0,0,0,0,275,0,0,0,0,104,99,66,6,26.1539381377551,46.9306115121363,40.8203125,40.1246227591301,2.78264534763201,1.6176606216198,0.0109090909090909,0.0122770529705145,0.0069652938818039,0.000185688001054803,0.00363636363636364,0.00711417152052931,0.0023084818127547,0.000107150270971258,0.00194622279129321,0.000618195469654505
NO,NOR,Norway,5,2020-08-16,2020-08-16,241,2,3535.66200771139,2,3535.66200771139,25,240,6,0,500473.562977282,238,2,239,0,23,218,0,2,239,0,16,225,0,27,214,0,29,212,0,10,231,0,5,236,0,5,236,0,1,240,0,5,236,0,23,218,0,10,231,0,4,6,231,30,208,3,6,23,212,0,5,1,235,50,191,0,166,75,0,97,144,0,159,82,0,14,227,0,33,208,0,130,111,0,89,21,15,5,111,48,193,0,2,4,3,11,197,24,0,32,43,89,77,0,1,0,4,8,228,0,1,1,11,20,208,0,38,107,67,25,4,0,3,18,220,0,91,147,0,1,2,0,0,0,0,241,0,0,0,84,68,81,8,33.4024995994232,62.6811823240806,71.4074074074074,51.8549436908882,2.32143325649819,2.47872148957509,0.00829875518672199,0.0114534539877673,0.00706463291822645,0.000232039975370763,0.00829875518672199,0.0114534539877673,0.00706463291822645,0.000232039975370763,0.00146713615023474,0.00057468476813246
NO,NOR,Norway,6,2020-08-16,2020-08-16,179,0,0,0,0,4,177,0,0,628881.347705519,175,0,178,1,12,166,1,3,175,1,12,166,1,18,160,1,19,159,1,6,171,2,2,176,1,2,176,1,1,177,1,2,176,1,13,165,1,5,174,0,5,0,174,9,167,3,0,9,170,0,0,0,179,13,165,1,119,59,1,66,113,0,119,59,1,14,164,1,14,165,0,94,85,0,66,22,6,0,85,20,159,0,1,1,4,7,140,26,0,32,46,66,35,0,0,2,1,10,166,0,0,0,4,17,157,1,26,91,45,16,1,1,0,13,164,1,76,99,0,0,4,0,0,0,0,0,179,0,0,58,43,71,7,78.5321237358715,119.904583935029,79.5555555555556,34.4485660616477,2.31394275161588,2.6897403734744,0,0,0,0,0,0,0,0,0.000318293944457707,0.000311872688371376
NO,NOR,Norway,7,2020-08-16,2020-08-14,100,1,4952.44901041013,1,4952.44901041013,2,98,1,0,312965.033369425,95,1,98,1,13,86,1,5,94,1,5,94,1,11,88,1,17,83,0,6,93,1,2,97,1,2,97,1,0,99,1,5,94,1,8,91,1,3,96,1,2,1,97,10,87,3,1,9,90,0,1,0,99,6,92,2,65,34,1,33,67,0,44,56,0,4,95,1,9,91,0,31,69,0,28,3,0,0,69,16,84,0,2,0,0,1,75,21,1,36,25,31,7,1,0,1,1,5,92,1,0,1,3,17,79,0,13,52,23,11,1,0,0,13,87,0,51,45,0,0,4,0,0,0,0,0,0,100,0,41,20,34,5,26.1834319526627,28.7618096304461,50,0,2.01666465402729,1.50373984235895,0.01,0.0195013954179879,0.0158242886021207,0.000437218571514202,0.01,0.0195013954179879,0.0158242886021207,0.000437218571514202,0.000287438919229664,0.000398305440840986
NO,NOR,Norway,1,2020-08-17,2020-08-16,100,1,2581.26263500711,1,2581.26263500711,42,100,7,0,704477.769606166,99,1,99,0,14,86,0,3,97,0,21,79,0,32,68,0,15,85,0,15,85,0,7,93,0,13,87,0,2,98,0,5,95,0,32,68,0,15,85,0,9,6,85,23,76,1,7,16,77,0,5,2,93,34,65,1,69,31,0,43,57,0,76,24,0,19,81,0,31,69,0,73,27,0,45,18,5,5,27,19,81,0,2,0,6,8,77,7,0,13,16,44,27,0,1,4,7,19,67,2,3,3,13,21,60,0,23,46,25,6,0,1,11,16,72,0,41,56,1,2,0,100,0,0,0,0,0,0,0,56,26,13,5,11.747015610652,23.7804647436447,18.6666666666667,11.8723367940933,2.96952908587258,4.18519521150585,0.01,0.0195013954179879,0.00366407961524485,0.000141091155195601,0.01,0.0195013954179879,0.00366407961524485,0.000141091155195601,0.00591549295774648,0.0017837173643222
NO,NOR,Norway,2,2020-08-17,2020-08-17,123,1,4782.972069592,0,0,19,123,4,1,662990.61459913,123,1,121,1,20,103,0,5,117,1,26,96,1,34,88,1,26,97,0,32,91,0,8,115,0,16,106,1,3,119,1,6,116,1,33,89,1,9,114,0,6,3,114,24,99,0,4,20,99,1,2,1,119,46,76,1,77,46,0,41,82,0,83,40,0,14,109,0,30,92,1,83,40,0,48,23,7,5,40,20,103,0,2,6,5,8,93,9,0,11,23,51,38,0,2,4,18,18,78,3,3,5,18,23,74,0,29,65,23,4,2,2,11,19,91,0,52,67,1,1,2,0,123,0,0,0,0,0,0,59,38,22,4,13.8090277777778,29.3587444200889,28.8518518518519,19.857206298352,3.60311198772737,9.72503619913359,0.00813008130081301,0.0158697592791709,0.00721423797602922,0.000203712370734671,0,0,0,0,0.0021756555593725,0.0009772112972018
NO,NOR,Norway,3,2020-08-17,2020-08-17,114,1,2657.17541080987,1,2657.17541080987,22,112,4,0,560832.167169304,113,1,113,0,17,97,0,3,111,0,18,96,0,20,94,0,15,99,0,14,100,0,3,111,0,9,105,0,3,111,0,3,111,0,25,89,0,17,97,0,11,5,98,21,93,0,4,17,93,0,4,0,110,37,77,0,69,45,0,38,76,0,78,36,0,13,101,0,18,96,0,68,46,0,42,16,9,1,46,27,87,0,1,1,5,9,95,3,0,14,21,49,30,0,0,3,9,13,86,3,1,7,11,19,76,0,14,60,24,15,1,2,2,12,98,0,50,60,1,1,2,0,0,114,0,0,0,0,0,46,39,25,4,24.5416666666667,44.7506636505328,11.1466666666667,8.05675108807751,2.84528925619835,1.54699279861285,0.0087719298245614,0.0171170940046306,0.0047379154876609,0.000179719010211657,0.0087719298245614,0.0171170940046306,0.0047379154876609,0.000179719010211657,0.00276659959758551,0.00115446685304638
NO,NOR,Norway,4,2020-08-17,2020-08-17,242,3,7016.54120524495,2,4089.67678299981,20,242,9,0,768308.643369165,242,4,236,2,20,220,2,7,233,2,23,217,2,19,221,2,43,198,1,19,221,2,9,232,1,9,231,2,4,235,3,8,232,2,39,201,2,14,228,0,11,3,228,35,207,0,9,26,207,0,7,2,233,91,150,1,146,95,1,77,164,1,157,83,2,24,217,1,29,212,1,124,118,0,74,31,11,8,118,37,205,0,3,6,8,10,188,27,0,46,55,91,50,0,1,3,10,22,204,2,1,4,12,29,196,0,39,111,65,25,2,4,2,28,208,0,110,128,0,0,4,0,0,0,242,0,0,0,0,92,72,76,2,24.2502422145329,46.7130296511947,24.6938775510204,11.1701352702461,2.79186027880147,3.73655996192583,0.012396694214876,0.0139407012352322,0.00913245121709971,0.000212706966861239,0.00826446280991736,0.0114063228719609,0.00532296078964553,0.000162703880695011,0.00116400884646723,0.000509843005495619
NO,NOR,Norway,5,2020-08-17,2020-08-17,216,2,4195.96958791449,2,4195.96958791449,10,216,5,0,463678.173551821,214,2,214,0,26,190,0,4,212,0,12,204,0,27,189,0,23,193,0,15,201,0,5,211,0,8,208,0,2,214,0,7,209,0,23,193,0,8,208,0,6,2,208,32,184,0,5,25,186,0,4,1,211,60,156,0,127,88,1,65,150,1,137,79,0,20,195,1,18,198,0,106,110,0,77,18,6,5,110,26,190,0,3,5,6,10,160,32,0,48,41,77,50,0,0,1,7,15,192,1,0,1,7,21,187,0,33,102,57,23,1,0,2,23,190,1,82,131,0,0,3,0,0,0,0,216,0,0,0,86,60,64,6,19.7232049947971,23.348741537228,33.75,12.4985713469294,1.87889273356401,0.933021155320376,0.00925925925925926,0.0127728951982853,0.00904931443240674,0.000272567220233645,0.00925925925925926,0.0127728951982853,0.00904931443240674,0.000272567220233645,0.000652060511215441,0.000404012080999106
NO,NOR,Norway,6,2020-08-17,2020-08-17,192,2,5427.13025869741,0,0,4,192,2,1,602502.33201085,186,2,190,0,15,176,1,1,190,1,6,186,0,24,168,0,15,177,0,9,183,0,1,191,0,3,189,0,3,189,0,2,189,1,19,173,0,2,190,0,0,2,190,15,174,3,2,13,177,1,0,1,190,20,168,4,124,67,1,74,117,1,107,85,0,13,178,1,13,178,1,76,116,0,60,10,6,0,116,18,174,0,0,2,1,3,145,41,0,45,50,79,18,0,1,1,5,14,170,1,2,0,3,14,172,1,29,102,47,14,0,0,2,14,176,0,76,114,0,0,2,0,0,0,0,0,192,0,0,65,53,64,10,55.6562962962963,84.2596971076795,192,0,2.24592592592593,2.94987118058869,0.0104166666666667,0.0143611112416148,0.00900765021204877,0.000238566595220144,0,0,0,0,0.000293427230046948,0.000287511210393408
NO,NOR,Norway,7,2020-08-17,2020-08-15,100,1,4952.44901041013,1,4952.44901041013,2,98,1,0,336983.295028243,96,1,98,1,11,88,1,5,94,1,8,91,1,11,88,1,17,83,0,4,95,1,2,97,1,1,98,1,0,99,1,6,93,1,8,91,1,3,96,1,1,2,97,10,87,3,1,8,91,0,1,0,99,7,91,2,59,41,0,34,66,0,49,50,1,3,97,0,10,90,0,38,62,0,32,3,2,1,62,17,83,0,2,0,0,3,73,22,0,34,22,36,7,1,0,0,2,5,92,1,0,1,2,16,81,0,9,43,31,16,1,0,1,6,92,1,51,47,0,0,2,0,0,0,0,0,0,100,0,36,22,40,2,38.88,55.8392932142472,50,0,2.75011317338162,7.53761928174894,0.01,0.0195013954179879,0.0146964228894345,0.000406288710362982,0.01,0.0195013954179879,0.0146964228894345,0.000406288710362982,0.000287438919229664,0.000398305440840986
NO,NOR,Norway,1,2020-08-18,2020-08-17,100,2,7997.85615088462,2,7997.85615088462,31,99,10,0,691263.069644932,98,3,97,0,10,90,0,5,95,0,26,74,0,33,67,0,21,79,0,21,79,0,8,92,0,11,89,0,3,97,0,10,90,0,29,71,0,14,86,0,11,3,86,24,76,0,10,14,76,0,7,3,90,29,70,1,78,22,0,42,58,0,76,24,0,22,78,0,33,67,0,69,31,0,38,20,7,4,31,14,86,0,0,2,7,12,72,7,0,8,13,46,33,0,2,3,9,18,63,5,5,1,14,25,55,0,19,51,23,6,1,3,11,10,76,0,37,59,2,1,1,100,0,0,0,0,0,0,0,61,23,12,4,12.5275482093664,23.4659621643806,18.3431952662722,12.3789848398526,2.5595567867036,1.73477179252284,0.02,0.0274394957835608,0.011569916725036,0.000252095159730168,0.02,0.0274394957835608,0.011569916725036,0.000252095159730168,0.00441030018494807,0.00154908622489618
NO,NOR,Norway,2,2020-08-18,2020-08-18,121,2,11654.8570173849,2,11654.8570173849,45,120,6,0,618951.067405394,119,2,119,0,14,107,0,2,119,0,22,99,0,17,104,0,22,99,0,17,104,0,4,117,0,10,111,0,2,119,0,8,113,0,31,90,0,15,106,0,9,6,106,24,97,0,6,18,97,0,5,1,115,48,73,0,93,27,1,39,82,0,85,36,0,13,108,0,19,102,0,73,48,0,53,12,3,5,48,22,99,0,0,2,1,4,100,14,0,12,22,58,29,0,0,4,6,15,95,1,0,4,15,16,86,0,21,65,25,7,3,1,7,13,100,0,53,66,0,0,2,0,121,0,0,0,0,0,0,63,29,24,5,23.0901815943367,50.4363270099206,27.780612244898,20.9464530795452,2.48862003780718,1.29488758259547,0.0165289256198347,0.0227173941974505,0.0188300136006573,0.000338623720598483,0.0165289256198347,0.0227173941974505,0.0188300136006573,0.000338623720598483,0.00528169014084507,0.0015390928094828
NO,NOR,Norway,3,2020-08-18,2020-08-18,141,1,6999.37240234124,0,0,13,139,3,0,644840.651317293,138,2,139,0,20,121,0,4,137,0,16,125,0,29,112,0,23,118,0,17,124,0,3,138,0,8,133,0,0,141,0,11,130,0,34,107,0,11,130,0,4,7,130,22,119,0,3,19,119,0,3,0,138,50,91,0,101,40,0,42,99,0,87,54,0,11,130,0,16,125,0,81,60,0,55,15,7,4,60,30,111,0,2,4,0,12,115,8,0,31,17,59,34,0,2,0,9,14,116,0,1,1,9,25,105,0,17,65,37,20,2,2,1,17,121,0,72,64,0,2,3,0,0,141,0,0,0,0,0,53,49,35,4,20.6032653061224,40.5289877434558,22.6296296296296,8.2570583348841,3.04251691619159,1.37781219254989,0.00709219858156028,0.0138510736925787,0.0108544217676767,0.000252903791582056,0,0,0,0,0.00131725605431148,0.000715583620481333
NO,NOR,Norway,4,2020-08-18,2020-08-18,239,2,7591.6412542031,1,4200.10346304571,36,238,5,1,706333.390315815,231,2,236,1,25,213,1,7,231,1,25,212,2,42,196,1,42,196,1,26,212,1,11,227,1,14,225,0,5,234,0,15,223,1,42,197,0,20,219,0,12,8,219,47,190,2,5,39,195,1,4,0,234,112,124,3,183,55,1,83,155,1,167,71,1,27,211,1,30,207,2,145,94,0,84,37,16,8,94,42,197,0,1,3,5,15,184,31,0,45,41,78,75,0,0,3,8,20,208,0,0,2,10,38,189,0,35,122,57,25,0,0,9,20,210,0,93,144,0,0,2,0,0,0,239,0,0,0,0,102,65,67,5,35.6918714555766,59.206827730355,23.8337950138504,17.7372261498837,2.57538359520345,1.71987190020051,0.00836820083682008,0.0115488944037995,0.0107479574918704,0.000240469317287103,0.00418410041841004,0.00818351189714608,0.00594634703757636,0.000179297098316548,0.00213042963664339,0.000695185852304091
NO,NOR,Norway,5,2020-08-18,2020-08-18,217,0,0,0,0,10,215,7,0,522293.891417642,211,1,215,1,20,197,0,6,210,1,16,200,1,20,197,0,22,194,1,15,201,1,1,215,1,8,208,1,1,215,1,6,210,1,25,191,1,7,208,2,5,2,210,34,180,3,7,26,184,0,6,1,210,81,134,2,154,61,2,64,151,2,121,94,2,16,200,1,20,196,1,87,130,0,45,28,8,6,130,44,173,0,0,2,6,9,170,30,0,46,38,74,59,0,1,0,5,25,184,2,0,2,6,24,184,1,38,109,48,21,1,0,6,16,195,0,74,140,0,0,3,0,0,0,0,217,0,0,0,82,75,53,7,33.3281009541397,61.5559062960727,44.2857142857143,24.3906695665527,1.9225521393741,1.02925801880657,0,0,0,0,0,0,0,0,0.000655093350802489,0.000405890591053708
NO,NOR,Norway,6,2020-08-18,2020-08-18,181,0,0,0,0,15,180,1,0,610189.691613006,177,0,180,1,22,159,0,2,177,2,10,170,1,17,164,0,27,154,0,7,173,1,2,178,1,9,171,1,2,179,0,5,176,0,15,166,0,9,171,1,4,5,172,13,164,4,1,12,168,0,1,0,180,21,157,3,125,54,2,58,121,2,89,91,1,2,177,2,13,167,1,77,103,1,59,11,5,2,104,27,154,0,3,0,4,10,125,39,0,50,41,68,22,0,0,0,6,13,160,2,0,0,5,18,158,0,25,85,48,19,4,1,0,16,164,0,82,99,0,0,0,0,0,0,0,0,181,0,0,88,44,41,8,94.0306172839506,126.437933056403,29.0493827160494,30.3523094444976,1.94555512762158,1.23479489410637,0,0,0,0,0,0,0,0,0.00117370892018779,0.000593619077091903
NO,NOR,Norway,7,2020-08-18,2020-08-17,100,0,0,0,0,1,98,0,0,352889.997233212,95,1,99,0,9,91,0,4,96,0,8,92,0,10,90,0,11,89,0,3,97,0,0,100,0,0,100,0,1,99,0,3,97,0,5,95,0,1,97,2,0,1,99,6,92,2,0,5,95,0,0,0,100,4,90,6,62,38,0,33,66,1,48,50,2,7,92,1,12,88,0,35,65,0,26,5,2,2,65,11,89,0,0,1,1,3,64,31,0,31,25,39,5,0,0,0,1,10,87,2,0,1,3,10,85,1,9,41,35,13,2,0,1,3,95,1,54,45,0,1,0,0,0,0,0,0,0,100,0,37,27,30,6,67.296786389414,87.8498536035801,100,0,2.75308641975309,8.06965751376423,0,0,0,0,0,0,0,0,0.000143719459614832,0.000281664722189836
NO,NOR,Norway,1,2020-08-19,2020-08-18,100,5,36478.816397137,5,36478.816397137,24,99,7,1,663656.727304163,98,6,94,0,19,81,0,6,94,0,25,75,0,35,65,0,22,78,0,16,84,0,5,95,0,10,90,0,3,97,0,7,93,0,29,71,0,11,89,0,7,4,89,19,81,0,7,12,81,1,5,1,93,29,71,0,85,15,0,47,53,0,74,26,0,22,78,0,32,68,0,70,30,0,42,15,8,5,30,14,86,0,1,2,8,14,69,6,0,7,13,51,29,0,1,1,11,20,62,5,4,4,10,21,61,0,24,41,28,4,3,3,5,12,80,0,44,52,1,1,2,100,0,0,0,0,0,0,0,56,22,16,6,10.2292387543253,21.3629390044827,24,16.4654520469713,2.82113539137473,1.88198073731898,0.05,0.042716424707947,0.0549663928599315,0.000548338305720796,0.05,0.042716424707947,0.0549663928599315,0.000548338305720796,0.00341442594963722,0.00136369568626246
NO,NOR,Norway,2,2020-08-19,2020-08-19,133,3,12951.7812678501,3,12951.7812678501,26,133,8,0,614076.277028376,132,3,129,1,26,106,1,2,130,1,31,101,1,33,100,0,30,102,1,23,110,0,3,129,1,15,117,1,2,130,1,10,122,1,42,90,1,13,120,0,11,2,120,33,100,0,8,25,100,0,4,4,125,67,66,0,104,28,1,59,72,2,90,42,1,17,115,1,35,98,0,82,51,0,45,18,11,8,51,29,104,0,4,6,7,12,102,2,0,15,22,51,45,0,1,2,13,21,94,2,3,6,17,22,85,0,35,57,35,6,0,3,5,15,110,0,45,85,1,0,2,0,133,0,0,0,0,0,0,72,30,25,6,13.2371589696693,28.4899817619957,20.4615384615385,11.8134747388031,2.60577392578125,1.29736995995729,0.0225563909774436,0.0252349781530116,0.0210914861106931,0.000359386347132474,0.0225563909774436,0.0252349781530116,0.0210914861106931,0.000359386347132474,0.00275336227893678,0.00105688093967695
NO,NOR,Norway,3,2020-08-19,2020-08-19,138,4,18423.1232169374,3,14101.8761883232,31,136,5,0,642024.160782442,136,5,132,1,19,119,0,3,134,1,25,112,1,33,105,0,24,113,1,31,107,0,5,132,1,9,128,1,5,133,0,5,132,1,34,104,0,17,121,0,14,3,121,19,119,0,5,13,120,0,3,2,133,65,71,2,111,26,1,49,87,2,88,49,1,19,118,1,25,112,1,74,64,0,36,18,10,10,64,23,115,0,1,1,7,13,111,5,0,24,19,56,38,1,0,2,4,17,114,1,1,0,8,33,96,0,16,70,36,14,2,0,5,16,117,0,57,76,0,0,5,0,0,138,0,0,0,0,0,55,47,32,4,14.1097959183673,25.1093238812318,19.0133333333333,20.9984307803725,3.22348484848485,2.504969772698,0.0289855072463768,0.0279905773303055,0.0286953736982186,0.000408372112023708,0.0217391304347826,0.024330832729013,0.0219647126225547,0.000358519209382841,0.00321043910521955,0.0011283229490806
NO,NOR,Norway,4,2020-08-19,2020-08-19,202,0,0,0,0,19,200,6,0,703066.552744325,201,0,202,0,28,174,0,1,201,0,19,183,0,24,178,0,25,177,0,20,182,0,1,201,0,10,191,1,2,200,0,6,196,0,42,160,0,11,191,0,9,2,191,31,170,1,6,25,171,0,4,2,196,85,116,1,162,39,1,79,122,1,133,69,0,22,179,1,17,185,0,116,86,0,73,22,11,9,87,47,155,0,3,3,4,11,159,22,0,35,34,79,53,1,0,1,3,15,183,0,0,1,8,21,172,0,25,100,57,18,2,0,0,17,185,0,90,109,0,0,3,0,0,0,202,0,0,0,0,88,54,58,2,24.61875,45.6210301723596,47.3827160493827,41.1481481481481,2.7371,1.40880632676449,0,0,0,0,0,0,0,0,0.00133802816901408,0.00060123714439819
NO,NOR,Norway,5,2020-08-19,2020-08-19,187,3,6414.67942305437,2,4022.53846421108,18,187,13,0,535796.952820686,186,4,181,2,28,158,1,3,182,2,15,171,1,18,168,1,30,156,1,12,174,1,7,179,1,9,176,2,3,182,2,10,176,1,28,158,1,9,178,0,6,2,179,33,154,0,13,20,154,0,11,2,174,85,101,1,138,49,0,61,124,2,126,61,0,18,168,1,26,160,1,110,77,0,55,27,22,6,77,42,145,0,0,0,8,11,142,26,0,28,30,68,61,0,1,1,10,12,161,2,1,1,11,11,163,0,36,93,40,17,1,1,6,20,160,0,71,114,0,0,2,0,0,0,0,187,0,0,0,79,49,55,4,34.8602941176471,59.6383438454542,39.2469135802469,30.1894112015595,3.81632653061225,12.0679290492638,0.0160427807486631,0.0180075744953152,0.0119722207998468,0.000291219135216438,0.0106951871657754,0.0147430230063315,0.00750757995735988,0.000231132785779498,0.00135572795059125,0.000625878158370174
NO,NOR,Norway,6,2020-08-19,2020-08-19,196,0,0,0,0,6,195,4,0,631251.987595307,193,0,196,0,19,177,0,5,191,0,10,186,0,19,177,0,26,170,0,12,184,0,1,195,0,5,191,0,1,195,0,5,191,0,24,172,0,5,190,1,3,2,191,16,178,2,4,12,180,0,3,1,192,17,177,2,136,60,0,74,122,0,122,74,0,6,190,0,22,174,0,95,101,0,76,11,6,2,101,26,170,0,0,3,5,8,143,36,1,45,47,78,25,1,1,1,6,17,169,2,0,0,5,20,171,0,25,96,48,23,4,0,3,19,174,0,85,107,0,1,3,0,0,0,0,0,196,0,0,66,46,78,6,41.1987513007284,67.1733013005918,47.04,17.5307729435984,1.86770083102493,0.970202437764973,0,0,0,0,0,0,0,0,0.000433369447453955,0.000346686260700889
NO,NOR,Norway,7,2020-08-19,2020-08-18,100,0,0,0,0,0,99,0,0,407147.312390272,94,1,99,0,6,94,0,6,94,0,7,93,0,11,89,0,9,91,0,3,97,0,0,100,0,1,99,0,2,98,0,3,97,0,4,96,0,0,99,1,0,0,100,9,89,2,0,9,91,0,0,0,100,2,95,3,63,37,0,29,70,1,43,56,1,10,89,1,9,91,0,34,66,0,27,4,2,1,66,9,91,0,1,1,2,7,60,29,0,29,26,37,8,0,0,0,0,6,90,4,0,0,3,6,90,1,8,39,39,13,1,0,2,5,93,0,52,47,0,1,0,0,0,0,0,0,0,100,0,41,26,25,8,93.75,125.319328958171,0,0,1.87654320987654,1.07487019729384,0,0,0,0,0,0,0,0,0,0
NO,NOR,Norway,1,2020-08-20,2020-08-19,100,3,14744.4285820675,3,14744.4285820675,25,100,7,1,667633.962437685,98,4,96,0,13,87,0,5,95,0,26,74,0,27,73,0,21,79,0,12,88,0,2,98,0,14,86,0,2,98,0,3,97,0,31,69,0,9,91,0,4,5,91,20,80,0,7,13,80,1,6,0,93,38,62,0,78,22,0,43,56,1,70,30,0,25,75,0,42,58,0,70,30,0,47,11,7,5,30,23,77,0,2,5,7,15,67,4,0,7,21,58,14,0,0,1,9,26,60,4,1,5,10,23,60,1,19,45,26,8,2,1,7,14,78,0,41,58,0,1,0,100,0,0,0,0,0,0,0,58,25,12,5,12.890625,26.8822664595082,30.8641975308642,18.2386255588817,2.53739612188366,1.79384708213655,0.03,0.0334344809563718,0.0220845993637474,0.000352512308693028,0.03,0.0334344809563718,0.0220845993637474,0.000352512308693028,0.00352112676056338,0.00137782415551176
NO,NOR,Norway,2,2020-08-20,2020-08-20,103,1,7667.17968699401,1,7667.17968699401,23,102,7,0,572915.202659912,101,3,100,0,17,86,0,2,101,0,26,77,0,30,73,0,18,85,0,17,86,0,6,97,0,12,91,0,5,98,0,10,93,0,32,71,0,11,92,0,9,2,92,15,88,0,7,8,88,0,6,1,96,45,58,0,77,26,0,36,67,0,65,38,0,7,96,0,24,79,0,60,43,0,41,8,7,4,43,19,84,0,3,5,8,8,73,6,0,18,21,40,24,0,0,2,6,16,77,2,1,1,9,23,69,0,17,48,29,8,1,3,5,15,80,0,35,62,0,1,5,0,103,0,0,0,0,0,0,58,31,12,2,16.0508333333333,36.0144090520602,22.66,35.9435730617373,2.5956,1.44541442800564,0.00970873786407767,0.018936178546626,0.0133827478331821,0.000297543123481381,0.00970873786407767,0.018936178546626,0.0133827478331821,0.000297543123481381,0.00317591825462579,0.00129587391885933
NO,NOR,Norway,3,2020-08-20,2020-08-20,144,1,5571.61913349819,1,5571.61913349819,31,144,9,0,656635.445505553,143,2,140,2,16,127,1,1,142,1,24,118,2,24,118,2,20,122,2,17,126,1,6,136,2,6,136,2,2,140,2,6,137,1,32,111,1,16,128,0,15,1,128,23,120,1,9,14,121,0,7,2,135,67,77,0,116,26,2,50,93,1,95,48,1,24,119,1,26,117,1,73,71,0,38,18,12,5,71,36,108,0,1,0,4,11,114,14,0,23,21,59,41,0,0,3,11,11,118,1,0,4,10,21,109,0,22,67,38,16,1,3,5,17,119,0,65,75,0,0,4,0,0,144,0,0,0,0,0,66,50,26,2,17.5951557093426,43.729570337989,17.4375,10.1124922744099,3.14555765595463,1.51810012528622,0.00694444444444444,0.0135635187350798,0.00848510261155415,0.000221852384550062,0.00694444444444444,0.0135635187350798,0.00848510261155415,0.000221852384550062,0.0030320813771518,0.00106573367502908
NO,NOR,Norway,4,2020-08-20,2020-08-20,183,0,0,0,0,30,180,6,0,688321.470859108,180,2,181,0,22,161,0,2,181,0,15,168,0,21,162,0,29,154,0,18,165,0,7,176,0,5,178,0,3,180,0,4,178,1,32,151,0,15,167,1,8,7,168,20,162,1,6,14,163,0,4,2,177,90,92,1,133,49,1,69,114,0,123,60,0,16,166,1,22,161,0,112,71,0,59,26,17,10,71,41,142,0,1,4,7,8,150,13,0,24,21,61,77,0,0,0,5,13,164,1,0,1,7,22,152,1,25,91,51,13,3,0,1,18,164,0,65,116,0,0,2,0,0,0,183,0,0,0,0,78,54,46,5,19.9918628808864,38.802274957289,31.4023668639053,22.3714198891391,3.01407641482333,3.95829827128334,0,0,0,0,0,0,0,0,0.00234741784037559,0.000839010759038405
NO,NOR,Norway,5,2020-08-20,2020-08-20,181,0,0,0,0,6,180,8,1,548973.863989198,178,1,179,1,22,158,1,6,174,1,16,164,1,21,160,0,28,151,2,16,164,1,2,177,2,8,171,2,1,178,2,8,171,2,25,154,2,3,178,0,3,0,178,24,155,2,8,16,157,1,6,1,173,67,112,2,137,44,0,65,115,1,113,68,0,19,162,0,20,161,0,85,96,0,53,16,9,7,96,33,148,0,2,0,4,11,144,20,0,34,24,74,49,0,1,1,4,9,163,3,0,1,8,19,153,0,15,96,58,10,2,1,2,20,158,0,63,116,0,0,2,0,0,0,0,181,0,0,0,74,45,57,5,37.9516129032258,68.7317494086702,271.5,255.97265478953,2.55872638393447,7.8025131457951,0,0,0,0,0,0,0,0,0.000469483568075117,0.000375569997611763
NO,NOR,Norway,6,2020-08-20,2020-08-20,194,0,0,0,0,11,193,2,0,650846.40439765,187,1,192,1,11,183,0,3,190,1,8,185,1,21,172,1,29,164,1,12,181,1,2,191,1,2,191,1,1,193,0,7,186,1,16,177,1,4,189,1,3,1,190,15,175,4,2,13,179,0,2,0,192,19,174,1,133,61,0,71,122,1,106,87,1,10,184,0,20,174,0,85,109,0,69,12,4,0,109,33,161,0,2,1,2,10,143,36,0,50,51,65,27,1,1,0,7,8,174,4,0,3,2,17,172,0,28,95,45,24,2,0,0,24,170,0,78,112,0,0,4,0,0,0,0,0,194,0,0,83,45,54,12,49.0034602076125,85.1862635386075,133.375,46.4352147261824,1.99277374660336,1.68784535193256,0,0,0,0,0,0,0,0,0.000802743924688025,0.000474192185000308
NO,NOR,Norway,7,2020-08-20,2020-08-19,100,1,2254.42772385154,0,0,2,100,3,0,393805.304022603,95,1,99,0,5,95,0,5,95,0,10,90,0,7,93,0,12,88,0,3,97,0,1,99,0,1,99,0,0,100,0,5,95,0,5,95,0,2,98,0,2,0,98,10,87,3,3,7,90,0,3,0,97,3,96,1,63,37,0,31,69,0,41,59,0,8,92,0,5,95,0,41,59,0,32,7,2,0,59,15,85,0,1,0,1,7,71,20,0,33,24,34,9,0,0,0,1,7,91,1,0,0,3,10,86,1,9,39,39,12,1,0,0,8,90,2,52,46,0,0,2,0,0,0,0,0,0,100,0,44,26,25,5,109.876543209877,145.353543841123,50,0,2.08239022181983,2.49082533871396,0.01,0.0195013954179879,0.00572472666270169,0.00023563402818916,0,0,0,0,0.00028169014084507,0.000390340454332305
NO,NOR,Norway,1,2020-08-21,2020-08-20,100,2,14329.8115475681,2,14329.8115475681,31,100,8,0,788474.357313812,98,4,96,0,14,85,1,3,97,0,29,70,1,27,72,1,20,79,1,11,88,1,3,97,0,17,82,1,2,97,1,4,95,1,31,68,1,10,90,0,6,4,90,24,76,0,8,16,76,0,8,0,92,34,65,1,78,21,1,44,54,2,70,29,1,19,80,1,43,56,1,66,34,0,40,13,8,5,34,22,78,0,1,5,6,14,69,5,0,10,16,47,27,0,0,2,10,27,58,3,2,5,12,28,52,1,17,50,20,11,2,2,6,19,73,0,41,57,1,0,1,100,0,0,0,0,0,0,0,57,25,14,4,11.572265625,22.0404013801871,31,11.0050493461461,2.54847645429363,1.76124863529014,0.02,0.0274394957835608,0.0181740996579612,0.000294847872854219,0.02,0.0274394957835608,0.0181740996579612,0.000294847872854219,0.00436619718309859,0.00153362933015919
NO,NOR,Norway,2,2020-08-21,2020-08-21,106,2,12151.1303696329,1,6641.12526322101,17,105,10,0,661177.746172826,104,2,104,0,14,92,0,1,105,0,19,87,0,16,90,0,12,94,0,11,95,0,3,103,0,8,98,0,2,104,0,9,97,0,28,78,0,9,97,0,1,8,97,24,82,0,10,14,82,0,8,2,96,51,55,0,92,14,0,36,70,0,68,38,0,15,91,0,29,77,0,63,43,0,36,14,3,10,43,25,81,0,1,5,10,5,76,9,0,13,18,39,36,0,2,2,11,13,76,2,1,8,7,21,69,0,23,51,22,9,1,2,3,15,86,0,38,66,0,0,2,0,106,0,0,0,0,0,0,61,27,13,5,14.8096354166667,30.5735587187316,28.15625,19.3150281516751,2.491,1.35071511175796,0.0188679245283019,0.0259012641269205,0.0183780086973114,0.000323750422004463,0.00943396226415094,0.0184028015418055,0.010044387158616,0.000240357988254618,0.002280348759222,0.00108275242988952
NO,NOR,Norway,3,2020-08-21,2020-08-21,120,2,7482.53914230614,0,0,29,120,6,0,615936.947823961,119,2,118,0,12,108,0,6,114,0,16,104,0,17,103,0,22,98,0,9,111,0,6,114,0,11,109,0,2,118,0,6,114,0,28,92,0,11,109,0,4,6,110,23,97,0,6,17,97,0,5,1,114,50,69,1,94,26,0,54,64,2,78,42,0,12,108,0,22,98,0,64,56,0,35,12,15,2,56,36,84,0,3,3,7,9,90,8,0,16,19,49,36,0,1,3,10,18,87,1,1,6,11,19,83,0,17,56,30,16,1,2,3,15,100,0,53,64,0,0,3,0,0,120,0,0,0,0,0,62,25,30,3,28.7242798353909,50.7935662151415,28.7603305785124,17.7739373095298,4.13126654064272,8.45836308303155,0.0166666666666667,0.0229051016485408,0.0121482225879469,0.000273578664950616,0,0,0,0,0.0034037558685446,0.0012367078522204
NO,NOR,Norway,4,2020-08-21,2020-08-21,197,2,11203.2982538413,0,0,26,194,12,0,700398.467873386,195,4,193,0,30,167,0,5,192,0,19,178,0,25,172,0,32,165,0,25,172,0,5,192,0,9,188,0,1,196,0,7,190,0,49,148,0,16,180,1,12,4,181,40,154,3,12,28,157,0,9,3,185,78,118,1,161,36,0,83,113,1,126,71,0,21,176,0,26,171,0,114,83,0,66,23,14,11,83,39,158,0,2,2,7,14,157,15,0,43,25,65,64,0,0,1,10,17,167,2,1,2,9,26,159,0,37,97,43,20,0,3,5,23,166,0,74,120,0,0,3,0,0,0,197,0,0,0,0,76,77,39,5,15.5897530864198,32.6035200870009,26.1326530612245,33.5075246023739,2.83503741673748,1.71602255636824,0.0101522842639594,0.0139984856131613,0.0159956064550767,0.000293815275686947,0,0,0,0,0.00188761434586903,0.000724877148130551
NO,NOR,Norway,5,2020-08-21,2020-08-21,200,0,0,0,0,21,198,9,0,528190.351006147,199,0,199,1,19,181,0,8,191,1,12,187,1,29,170,1,25,174,1,20,180,0,2,197,1,11,188,1,2,197,1,8,191,1,38,161,1,10,189,1,7,3,190,33,165,2,9,23,168,0,7,2,191,68,131,1,155,45,0,73,125,2,130,68,2,10,188,2,30,169,1,96,104,0,64,18,8,6,104,40,160,0,3,4,9,17,147,20,0,33,36,87,44,0,1,0,4,13,181,1,1,1,3,22,173,0,27,100,59,14,0,0,2,17,181,0,74,124,0,1,1,0,0,0,0,200,0,0,0,79,62,55,4,21.5036699067645,47.9139219224412,51.8518518518519,52.1157306647048,2.17876501222234,1.2406364082576,0,0,0,0,0,0,0,0,0.00149381135296628,0.0006384245512247
NO,NOR,Norway,6,2020-08-21,2020-08-21,176,1,3261.4926046271,1,3261.4926046271,19,175,4,0,586732.4169935,172,1,175,0,10,166,0,3,173,0,8,168,0,11,165,0,15,160,1,6,170,0,4,172,0,3,172,1,1,175,0,7,168,1,14,162,0,8,167,1,5,3,168,20,153,3,4,16,156,0,4,0,172,23,149,4,131,44,1,76,100,0,104,71,1,10,164,2,23,152,1,73,103,0,53,15,5,0,103,24,152,0,0,0,8,5,145,18,0,44,42,69,21,0,0,1,4,11,158,2,0,0,9,9,158,0,22,82,59,12,1,0,3,9,163,1,72,104,0,0,0,0,0,0,0,0,176,0,0,75,53,43,5,81.577909270217,131.355699263196,52.25,33.1306935807697,1.72346020761246,0.746596184830305,0.00568181818181818,0.0111044771209389,0.00555873940175225,0.000190241724516034,0.00568181818181818,0.0111044771209389,0.00555873940175225,0.000190241724516034,0.00152917505030181,0.000687062402689031
NO,NOR,Norway,7,2020-08-21,2020-08-20,100,1,2254.42772385154,0,0,2,100,4,0,332202.602608676,93,1,99,0,10,90,0,5,95,0,10,90,0,8,92,0,18,82,0,7,93,0,2,98,0,3,97,0,1,99,0,4,95,1,4,96,0,2,98,0,2,0,98,14,82,4,4,10,86,0,4,0,96,3,96,1,70,30,0,39,61,0,43,57,0,7,92,1,8,91,1,40,60,0,26,10,3,0,61,21,79,0,0,0,0,4,80,16,0,37,28,26,9,0,0,0,4,8,88,0,0,0,3,14,82,1,8,48,30,11,3,0,0,7,91,2,47,51,0,0,2,0,0,0,0,0,0,100,0,39,28,27,6,58.0340264650284,64.1762574372295,50,0,2.27160493827161,2.88452138456423,0.01,0.0195013954179879,0.00678630361757636,0.000279180170815443,0,0,0,0,0.00028169014084507,0.000390340454332305
NO,NOR,Norway,1,2020-08-22,2020-08-20,100,2,14329.8115475681,2,14329.8115475681,43,100,6,0,932410.958452794,99,5,95,0,23,76,1,3,97,0,25,74,1,29,70,1,21,78,1,11,88,1,6,94,0,18,81,1,2,97,1,4,95,1,27,72,1,15,85,0,9,6,85,23,77,0,6,17,77,0,5,1,94,35,64,1,85,14,1,50,49,1,71,28,1,14,85,1,41,58,1,72,28,0,39,19,9,5,28,17,83,0,0,3,6,13,73,5,0,9,12,45,34,0,1,3,12,19,62,3,4,6,8,27,55,0,21,47,21,8,3,3,7,18,72,0,42,56,1,0,1,100,0,0,0,0,0,0,0,59,25,11,5,6.43786982248521,12.1379286824044,19.1111111111111,9.03842473515832,2.60298777727478,1.58803921103038,0.02,0.0274394957835608,0.0153685576275792,0.000249688080955446,0.02,0.0274394957835608,0.0153685576275792,0.000249688080955446,0.00605633802816902,0.0018046993189768
NO,NOR,Norway,2,2020-08-22,2020-08-22,101,4,20092.9316568801,3,15714.8367091033,34,100,8,0,572828.749898304,99,8,93,0,17,83,1,3,97,1,19,81,1,27,73,1,21,79,1,14,86,1,4,96,1,9,91,1,3,97,1,6,94,1,33,68,0,17,84,0,11,6,84,25,76,0,8,16,77,0,3,5,93,43,57,1,85,16,0,48,53,0,57,44,0,10,90,1,20,80,1,54,47,0,37,11,1,5,47,23,78,0,2,1,3,11,77,6,1,12,28,34,27,0,0,3,5,11,82,0,2,1,5,17,76,0,25,41,27,8,0,1,4,12,84,0,38,61,0,0,2,0,101,0,0,0,0,0,0,53,26,19,3,14.6046597633136,24.4945591764238,13.4140625,11.7249483607605,2.75301939058172,1.68096258107597,0.0396039603960396,0.0380348662281565,0.0350766815744622,0.000476421485159765,0.0297029702970297,0.0331085145091172,0.0274337430024125,0.000422997518317525,0.0047887323943662,0.00160578295255821
NO,NOR,Norway,3,2020-08-22,2020-08-22,147,0,0,0,0,12,144,7,0,626447.590728406,147,3,143,1,15,132,0,5,142,0,22,125,0,22,125,0,44,103,0,20,127,0,7,140,0,12,134,1,2,144,1,10,136,1,32,114,1,10,137,0,5,4,138,30,117,0,7,23,117,0,6,1,140,52,94,1,123,24,0,64,83,0,86,60,1,20,126,1,25,122,0,81,66,0,51,12,10,8,66,28,119,0,0,5,13,7,112,10,0,31,23,45,48,0,2,5,6,18,115,1,1,7,11,12,116,0,24,74,28,21,0,2,5,16,124,0,77,69,0,0,1,0,0,147,0,0,0,0,0,79,38,29,1,11.5768696687165,24.5813618394724,36,15.8745078663875,3.19519619500595,2.75401103418552,0,0,0,0,0,0,0,0,0.00117370892018779,0.000663686304559092
NO,NOR,Norway,4,2020-08-22,2020-08-22,210,2,7586.19730431177,2,7586.19730431177,66,208,11,0,717183.658620945,206,3,207,0,22,188,0,8,202,0,18,192,0,33,177,0,29,181,0,23,187,0,11,199,0,15,195,0,3,207,0,10,200,0,36,174,0,29,181,0,20,9,181,32,178,0,11,21,178,0,9,2,199,89,120,1,168,42,0,91,117,2,132,78,0,19,191,0,24,186,0,129,81,0,71,32,18,8,81,42,168,0,0,2,7,18,166,17,0,38,29,66,77,0,0,2,6,16,184,2,1,0,10,14,185,0,30,97,58,25,0,1,5,20,184,0,91,117,0,0,2,0,0,0,210,0,0,0,0,93,65,48,4,27.2680055401662,55.0866641496657,19.0123456790123,14.9970979571105,2.92958808558771,1.68596116123127,0.00952380952380953,0.0131360808939101,0.0105777609586073,0.000236766691969838,0.00952380952380953,0.0131360808939101,0.0105777609586073,0.000236766691969838,0.00446912242686891,0.00107578563905914
NO,NOR,Norway,5,2020-08-22,2020-08-22,174,0,0,0,0,9,174,7,0,497244.080116403,170,2,172,0,20,154,0,10,164,0,13,161,0,15,159,0,26,148,0,11,162,1,3,171,0,3,170,1,1,172,1,2,172,0,21,153,0,6,168,0,5,1,168,21,149,4,7,14,153,0,5,2,167,61,113,0,132,42,0,80,94,0,118,55,1,20,154,0,24,150,0,84,89,1,51,17,11,5,90,31,143,0,1,2,4,13,135,19,0,29,24,62,59,0,0,1,1,13,156,3,1,0,8,21,144,0,24,77,53,19,1,1,3,7,163,0,73,96,0,2,3,0,0,0,0,174,0,0,0,82,39,47,6,45.414,74.6825814459341,43.5,15.8839541676498,2.22555272108844,1.26030604091577,0,0,0,0,0,0,0,0,0.000728508984944148,0.000475777058956022
NO,NOR,Norway,6,2020-08-22,2020-08-22,177,1,2153.72907085201,1,2153.72907085201,6,175,4,0,617527.70938206,175,2,173,2,18,157,2,7,168,2,9,166,2,21,153,3,16,159,2,12,163,2,4,171,2,3,172,2,1,174,2,4,171,2,19,157,1,7,169,1,3,4,170,21,153,3,4,17,156,0,2,2,173,21,154,2,136,40,1,80,95,2,102,73,2,13,163,1,30,146,1,77,100,0,56,15,3,3,100,34,143,0,0,5,5,13,135,19,0,38,39,75,25,0,0,0,3,13,161,0,0,0,3,17,157,0,27,87,42,18,3,0,2,14,161,0,79,96,0,0,2,0,0,0,0,0,177,0,0,70,46,58,3,53.2832840236686,91.1103541542528,29.5,0,2.26992920898738,5.10964644783337,0.00564971751412429,0.011041918196944,0.00348766385399479,0.000147037637437253,0.00564971751412429,0.011041918196944,0.00348766385399479,0.000147037637437253,0.000482897384305835,0.000386297976864033
NO,NOR,Norway,7,2020-08-22,2020-08-21,100,0,0,0,0,0,99,2,0,388499.289944939,94,0,100,0,8,92,0,2,98,0,5,95,0,15,85,0,14,86,0,5,95,0,1,99,0,2,98,0,3,97,0,1,98,1,1,99,0,1,99,0,0,1,99,11,87,2,2,9,89,0,2,0,98,2,94,4,73,27,0,37,62,1,49,51,0,5,94,1,12,87,1,42,58,0,27,10,4,0,59,23,77,0,1,0,1,5,84,9,0,34,28,25,13,0,0,0,3,5,92,0,0,0,2,14,84,0,12,48,29,9,2,0,0,10,90,0,47,53,0,0,0,0,0,0,0,0,0,100,0,42,28,25,5,45.1530612244898,71.4564382526674,0,0,1.93761814744802,1.40318778883802,0,0,0,0,0,0,0,0,0,0
NO,NOR,Norway,1,2020-08-23,2020-08-21,100,3,20999.0408807035,1,9117.13321447343,29,99,7,0,901692.902663357,100,7,92,1,29,71,0,4,95,1,22,77,1,31,68,1,21,78,1,19,80,1,9,90,1,13,86,1,4,95,1,6,93,1,29,70,1,13,87,0,7,6,87,18,82,0,7,11,82,0,5,2,93,34,65,1,75,25,0,46,53,1,73,26,1,17,82,1,40,59,1,70,30,0,37,24,5,4,30,20,80,0,1,4,7,10,74,4,0,7,13,46,34,0,2,4,8,21,60,5,2,5,8,26,59,0,22,52,21,3,2,2,7,19,72,0,39,59,0,1,1,100,0,0,0,0,0,0,0,59,23,15,3,7.12426035502959,11.0055433543443,20.1388888888889,11.4912864075204,2.61451801466681,1.76103336799177,0.03,0.0334344809563718,0.0232884619793258,0.000311295131291723,0.01,0.0195013954179879,0.0101111289526,0.000206496079585941,0.00412576468914497,0.00149849671423455
NO,NOR,Norway,2,2020-08-23,2020-08-23,114,1,10726.6941835001,1,10726.6941835001,25,113,10,0,698106.90122178,114,1,113,0,21,93,0,3,111,0,25,89,0,27,87,0,18,96,0,16,98,0,3,111,0,8,106,0,3,111,0,6,108,0,35,79,0,14,100,0,9,5,100,30,84,0,10,20,84,0,8,2,104,34,79,1,95,19,0,64,50,0,84,30,0,16,97,1,25,89,0,72,42,0,39,19,8,6,42,22,92,0,0,4,4,10,91,5,0,13,17,35,48,1,1,3,9,13,86,2,4,1,10,18,81,0,21,49,30,11,3,1,3,18,92,0,46,62,1,1,4,0,114,0,0,0,0,0,0,61,25,24,4,7.56840513983371,10.2391807127066,16.8639053254438,8.36649145911579,2.61947647504419,1.82055909808809,0.0087719298245614,0.0171170940046306,0.0153654034428351,0.000288533773065332,0.0087719298245614,0.0171170940046306,0.0153654034428351,0.000288533773065332,0.00311604138102954,0.00121956122245405
NO,NOR,Norway,3,2020-08-23,2020-08-23,127,3,11927.2463257594,2,7157.45878779374,38,125,10,0,599428.813011008,126,3,124,0,17,110,0,5,122,0,25,102,0,17,110,0,27,100,0,16,110,1,8,119,0,5,122,0,3,124,0,5,122,0,36,91,0,20,107,0,16,4,107,25,101,1,10,14,103,0,8,2,117,35,90,2,101,26,0,50,76,1,80,47,0,19,108,0,16,110,1,77,50,0,48,12,12,5,50,37,90,0,3,4,5,6,105,4,0,17,22,37,51,0,2,2,10,8,104,1,6,1,11,20,89,0,15,65,34,12,1,3,5,8,111,0,63,61,0,1,2,0,0,127,0,0,0,0,0,64,36,26,1,13.9594195108842,27.7569887053393,14.8950617283951,9.94540085386776,3.51034079084287,4.73085993885101,0.0236220472440945,0.0264127718210884,0.019897686041896,0.000353521863658765,0.015748031496063,0.0216527226936702,0.0119404650434485,0.000274967560905771,0.00428169014084507,0.00135843785146432
NO,NOR,Norway,4,2020-08-23,2020-08-23,221,1,2424.84090052124,1,2424.84090052124,25,221,15,0,671608.369075364,219,2,218,1,32,189,0,5,216,0,25,196,0,32,189,0,34,187,0,25,196,0,6,215,0,6,215,0,7,214,0,7,214,0,38,183,0,17,204,0,11,6,204,43,177,1,15,26,180,0,13,2,206,60,159,2,155,66,0,94,127,0,142,79,0,25,196,0,28,193,0,113,108,0,76,27,6,4,108,37,184,0,1,2,5,12,182,19,0,31,35,79,76,0,0,2,6,19,192,2,2,1,9,19,190,0,22,105,70,21,3,1,1,18,201,0,97,122,0,0,2,0,0,0,221,0,0,0,0,90,70,53,8,26.8296912937912,56.7815674419796,18.3529411764706,10.3376809323379,2.8471918944886,1.55247895436688,0.00452488687782806,0.0088485278249618,0.00361049833827955,0.000143445915821958,0.00452488687782806,0.0088485278249618,0.00361049833827955,0.000143445915821958,0.00159327002740424,0.000624052637239521
NO,NOR,Norway,5,2020-08-23,2020-08-23,228,2,5483.94838468577,1,2136.44853591259,11,227,6,0,589886.253080896,220,3,225,0,26,202,0,2,225,1,20,207,1,24,203,1,39,188,1,12,216,0,5,222,1,6,221,1,0,227,1,8,219,1,26,202,0,10,218,0,5,5,218,24,202,2,6,18,204,0,6,0,222,52,176,0,173,55,0,101,126,1,141,87,0,24,204,0,20,208,0,113,115,0,75,24,3,11,115,52,176,0,1,2,4,21,174,26,0,42,38,72,76,0,0,2,10,13,202,1,0,2,6,22,198,0,43,105,58,20,2,1,2,24,201,0,95,131,0,0,2,0,0,0,0,228,0,0,0,88,73,59,8,32.9263831732968,58.5029985554617,28.1481481481482,15.2234387186257,2.10494278061846,1.22897114373647,0.0087719298245614,0.0121036132448819,0.00929662007894548,0.000244905375267667,0.0043859649122807,0.00857746094141031,0.00362179746477259,0.000153298583724801,0.000682509151827263,0.000403192061005205
NO,NOR,Norway,6,2020-08-23,2020-08-23,180,0,0,0,0,7,178,3,0,632588.316075519,176,0,180,0,21,159,0,4,176,0,10,170,0,18,162,0,26,154,0,7,173,0,4,176,0,6,174,0,1,179,0,2,178,0,21,159,0,6,172,2,5,1,174,17,160,3,3,14,163,0,2,1,177,9,168,3,113,65,2,66,111,3,108,70,2,20,159,1,10,166,4,93,87,0,70,14,4,5,87,32,148,0,0,1,5,5,145,24,0,42,34,77,27,0,0,0,9,10,160,1,0,1,5,11,163,0,25,86,46,22,1,0,1,14,165,0,73,104,0,0,3,0,0,0,0,0,180,0,0,72,40,63,5,51.4285714285714,77.5644456693057,35,12.2474487139159,2.3084025854109,3.99170688204287,0,0,0,0,0,0,0,0,0.000553885108403228,0.0004102026409087
NO,NOR,Norway,7,2020-08-23,2020-08-21,100,0,0,0,0,1,97,4,0,394517.326747421,94,0,100,0,7,93,0,0,100,0,5,95,0,18,82,0,16,84,0,2,98,0,0,100,0,3,97,0,3,97,0,3,97,0,4,96,0,2,96,2,1,1,98,10,88,2,4,6,90,0,4,0,96,2,93,5,73,27,0,28,71,1,53,47,0,6,94,0,11,89,0,41,58,1,26,11,3,1,59,17,83,0,1,0,2,7,76,14,0,30,22,35,13,0,0,0,1,5,94,0,0,0,0,15,85,0,12,47,26,15,0,0,0,8,92,0,48,51,0,0,1,0,0,0,0,0,0,100,0,46,23,22,9,35.1716961498439,60.9176834871106,100,0,1.80246913580247,0.736985905708048,0,0,0,0,0,0,0,0,0.000145201103528387,0.000284568271367451
NO,NOR,Norway,1,2020-08-24,2020-08-23,100,2,11881.9076662301,0,0,18,99,5,0,788105.722163473,100,5,94,1,23,77,0,4,95,1,22,77,1,30,69,1,16,83,1,17,82,1,8,91,1,14,85,1,5,94,1,7,92,1,30,69,1,8,92,0,4,4,92,16,84,0,5,11,84,0,4,1,95,31,68,1,62,38,0,35,64,1,65,34,1,18,81,1,36,63,1,63,37,0,38,19,2,4,37,26,74,0,2,5,11,11,68,3,0,11,18,44,27,0,1,3,15,24,53,4,2,4,15,22,56,1,17,56,20,5,2,2,5,15,77,1,37,57,1,2,3,100,0,0,0,0,0,0,0,55,25,18,2,7.65936004031242,10.2296061946962,36.734693877551,23.1192455346482,3.6234902124115,8.18443820721031,0.02,0.0274394957835608,0.0150765402814389,0.00026903447639498,0,0,0,0,0.00256081946222791,0.00118150077856617
NO,NOR,Norway,2,2020-08-24,2020-08-24,105,2,17929.0411784011,1,13367.5612068946,34,104,7,0,671730.679627681,105,2,103,0,22,83,0,2,103,0,26,79,0,23,82,0,27,78,0,23,82,0,8,97,0,13,92,0,3,102,0,8,97,0,35,70,0,12,93,0,7,5,93,22,83,0,7,15,83,0,4,3,98,38,66,1,66,39,0,29,75,1,76,29,0,12,92,1,21,84,0,69,36,0,38,16,8,7,36,25,80,0,1,3,8,7,76,10,0,11,23,42,29,0,0,4,8,14,76,3,4,4,10,27,60,0,16,49,20,18,2,3,3,12,87,0,42,62,0,0,1,0,105,0,0,0,0,0,0,56,32,16,1,10.6613756613757,16.375247084348,29.504132231405,20.6740290481778,2.7084874260355,1.98095559515718,0.0190476190476191,0.0261455482229834,0.0266908177967078,0.000385440059375768,0.00952380952380953,0.0185772237565978,0.0199001796587642,0.000333975149089317,0.00460455037919827,0.00154416493789475
NO,NOR,Norway,3,2020-08-24,2020-08-24,102,1,2944.25609439356,0,0,25,101,9,0,538476.257189018,101,2,100,0,16,86,0,1,101,0,12,90,0,22,80,0,27,75,0,13,89,0,4,98,0,7,95,0,2,100,0,6,96,0,29,73,0,13,89,0,9,4,89,21,81,0,9,12,81,0,6,3,93,33,67,2,59,41,2,26,74,2,64,37,1,15,85,2,12,88,2,53,49,0,35,9,4,5,49,25,77,0,1,0,5,6,83,7,0,23,15,37,27,0,0,2,4,5,91,0,0,3,4,18,77,0,13,50,26,12,1,0,2,6,94,0,35,65,0,1,1,0,0,102,0,0,0,0,0,56,28,14,4,12.7120661157025,29.1014591062665,17.7083333333333,11.1466634496878,3.37565104166667,1.93163362293735,0.00980392156862745,0.0191209083686488,0.00546775471543224,0.000196960327530664,0,0,0,0,0.00348626411936968,0.00136420619550723
NO,NOR,Norway,4,2020-08-24,2020-08-24,212,4,10794.6945702823,4,10794.6945702823,35,212,11,0,733512.024526915,211,4,208,0,33,179,0,5,207,0,28,184,0,37,175,0,43,169,0,25,187,0,7,205,0,8,204,0,1,211,0,8,204,0,39,173,0,17,195,0,13,4,195,32,180,0,11,21,180,0,9,2,201,86,125,1,134,78,0,66,145,1,133,78,1,25,187,0,28,184,0,111,101,0,71,21,10,8,102,53,159,0,4,3,9,7,164,25,0,38,44,76,53,1,1,0,7,19,185,0,1,1,7,30,173,0,32,103,60,14,3,1,4,16,190,1,80,131,0,0,1,0,0,0,212,0,0,0,0,76,72,56,8,19.0814671280277,35.3024883182485,25.6747404844291,16.7720071516735,2.53284946743331,1.34698376211498,0.0188679245283019,0.0183149595054493,0.0147164520953074,0.000275566644680429,0.0188679245283019,0.0183149595054493,0.0147164520953074,0.000275566644680429,0.00232527238905129,0.000769453517093354
NO,NOR,Norway,5,2020-08-24,2020-08-24,212,1,2338.72610149686,1,2338.72610149686,26,210,9,1,541265.454705054,206,1,210,1,24,187,1,4,207,1,18,193,1,25,186,1,30,181,1,12,199,1,5,206,1,9,201,2,0,211,1,6,205,1,30,182,0,16,195,1,12,4,196,22,190,0,9,13,190,1,7,1,203,67,144,1,124,88,0,66,145,1,136,76,0,24,188,0,25,187,0,110,102,0,64,25,12,9,102,37,175,0,2,3,5,12,172,17,1,41,46,69,55,1,0,0,3,12,196,1,0,0,4,21,187,0,19,104,62,27,0,1,5,12,194,0,83,126,1,0,2,0,0,0,0,212,0,0,0,100,55,46,11,24.1708984375,36.5195255894597,24.4977777777778,16.4359240045578,2.06105906416505,1.15850515198555,0.00471698113207547,0.00922328284882195,0.00432084863566857,0.00017473792298208,0.00471698113207547,0.00922328284882195,0.00432084863566857,0.00017473792298208,0.00174379610999329,0.000669696656191576
NO,NOR,Norway,6,2020-08-24,2020-08-24,172,0,0,0,0,5,170,3,1,592420.785672451,169,0,171,1,17,154,1,0,171,1,6,165,1,15,156,1,23,148,1,13,157,2,3,168,1,2,169,1,2,169,1,5,166,1,11,160,1,5,167,0,3,2,167,18,153,1,3,15,154,1,2,0,169,14,156,2,89,82,1,50,119,3,104,67,1,23,147,2,21,149,2,80,91,1,54,18,6,2,92,27,145,0,1,2,8,5,123,33,0,34,52,65,21,0,0,0,2,9,161,0,0,0,1,16,154,1,21,80,53,15,3,0,3,12,154,3,66,100,0,0,6,0,0,0,0,0,172,0,0,68,45,53,6,54.6046511627907,83.2798322167023,76.4444444444445,87.5781132813783,2.01979750837442,2.13760786667935,0,0,0,0,0,0,0,0,0.000414250207125104,0.000363024429142059
NO,NOR,Norway,7,2020-08-24,2020-08-22,100,0,0,0,0,1,98,3,0,365718.361370193,94,0,100,0,6,94,0,2,98,0,7,93,0,16,84,0,20,80,0,5,95,0,0,100,0,3,97,0,2,98,0,3,97,0,8,92,0,1,97,2,1,0,99,15,81,4,3,11,86,0,3,0,97,2,97,1,65,35,0,33,66,1,60,40,0,8,92,0,11,89,0,42,57,1,27,10,4,1,58,11,89,0,1,0,2,7,69,21,0,22,20,44,13,1,0,0,0,5,93,2,0,0,0,14,86,0,6,52,28,14,0,0,1,3,96,0,47,50,1,0,2,0,0,0,0,0,0,100,0,42,24,25,9,48.7244897959184,75.6629448431014,100,0,1.75308641975309,0.941893121125609,0,0,0,0,0,0,0,0,0.000143719459614832,0.000281664722189836
NO,NOR,Norway,1,2020-08-25,2020-08-24,100,3,28853.4447560748,2,22717.2771348509,25,100,4,0,782779.760245357,99,4,96,0,25,75,0,4,96,0,23,77,0,34,66,0,18,82,0,15,85,0,5,95,0,11,89,0,6,94,0,13,87,0,31,69,0,11,89,0,6,5,89,17,83,0,4,13,83,0,3,1,96,30,69,1,71,29,0,38,62,0,64,36,0,20,80,0,30,70,0,62,38,0,40,15,3,4,38,22,78,0,3,6,9,14,64,4,0,12,22,46,20,0,1,2,17,24,55,1,3,4,14,25,53,1,24,48,20,8,0,3,9,8,79,1,32,61,1,1,5,100,0,0,0,0,0,0,0,57,26,13,4,7.93877551020408,17.3292757649605,20.6611570247934,14.1368220275923,3.56987847222222,8.45274206952084,0.03,0.0334344809563718,0.036860233518341,0.000417399568215425,0.02,0.0274394957835608,0.0290212883477344,0.000371870301017405,0.00352112676056338,0.00137782415551176
NO,NOR,Norway,2,2020-08-25,2020-08-24,100,1,3962.67903275807,1,3962.67903275807,23,100,9,0,631162.899510919,100,2,98,0,11,89,0,3,97,0,26,74,0,31,69,0,17,83,0,20,80,0,2,98,0,11,89,0,3,97,0,5,95,0,28,72,0,12,88,0,11,1,88,28,71,1,9,19,72,0,5,4,91,45,55,0,65,35,0,27,72,1,62,38,0,9,91,0,22,78,0,63,37,0,33,21,9,0,37,27,73,0,1,1,9,10,73,6,0,12,14,46,28,0,1,1,7,16,75,0,0,2,12,18,67,1,18,55,23,3,1,2,4,9,85,0,37,63,0,0,0,0,100,0,0,0,0,0,0,49,34,15,2,12.5148632580262,25.7631913913654,15.9722222222222,8.30170766579685,2.83770857689446,4.27149008976405,0.01,0.0195013954179879,0.00627837763567647,0.000194864822733169,0.01,0.0195013954179879,0.00627837763567647,0.000194864822733169,0.00323943661971831,0.00132174928380468
NO,NOR,Norway,3,2020-08-25,2020-08-25,107,3,15613.9021080913,1,4237.10751813708,61,106,9,0,627840.740390538,106,4,103,0,19,87,1,2,105,0,17,90,0,21,86,0,19,88,0,14,93,0,3,104,0,7,100,0,2,105,0,3,104,0,20,87,0,19,88,0,14,5,88,23,84,0,9,14,84,0,7,2,98,49,57,1,81,25,1,37,70,0,67,39,1,13,93,1,14,92,1,63,44,0,32,16,5,10,44,20,87,0,1,2,5,6,86,7,0,22,11,47,27,0,0,1,3,12,90,1,0,0,2,18,87,0,13,50,34,9,1,3,4,6,94,0,46,60,0,0,1,0,0,107,0,0,0,0,0,44,37,24,2,22.1993343195266,43.540433142134,20.1450617283951,19.3578851964002,3.17821782178218,1.54977728287235,0.0280373831775701,0.0312787739529993,0.0248692082300663,0.000385199539104225,0.00934579439252336,0.0182316240644272,0.00674869795085527,0.000202517664953164,0.00810523518469306,0.00202573015748212
NO,NOR,Norway,4,2020-08-25,2020-08-25,197,2,5033.31806343442,1,1580.43816117916,31,196,12,0,699352.294178022,194,2,195,0,28,169,0,9,188,0,21,176,0,33,164,0,40,157,0,20,177,0,7,190,0,13,184,0,4,193,0,5,192,0,48,149,0,17,180,0,12,5,180,35,162,0,12,22,163,0,11,1,185,90,106,1,143,54,0,62,135,0,128,69,0,22,175,0,21,176,0,101,96,0,49,24,16,12,96,46,151,0,1,5,8,10,152,21,0,33,31,80,53,0,0,1,8,17,171,0,0,3,7,23,164,0,24,94,57,22,0,0,3,20,174,0,72,124,0,0,1,0,0,0,197,0,0,0,0,88,61,45,3,20.6429150892374,42.00901654433,23.85546875,17.6824818963749,2.78716207146501,1.58676438221922,0.0101522842639594,0.0139984856131613,0.00719711382279841,0.000198112003568988,0.0050761421319797,0.00992377222200197,0.00225985983650303,0.000111288314077746,0.00222765162402989,0.000783303829669033
NO,NOR,Norway,5,2020-08-25,2020-08-25,225,1,1908.38734423777,1,1908.38734423777,30,224,12,0,584232.288069621,223,3,222,0,26,199,0,4,221,0,15,210,0,31,194,0,29,195,1,26,199,0,3,222,0,6,219,0,1,224,0,7,218,0,32,193,0,11,214,0,10,1,214,36,188,1,12,24,189,0,8,4,213,89,134,2,159,66,0,69,155,1,135,90,0,18,207,0,21,204,0,106,119,0,64,25,8,9,119,47,178,0,4,5,6,14,165,31,0,45,40,82,58,0,1,1,3,19,201,0,0,4,4,18,199,0,26,98,72,28,1,1,3,19,201,1,80,140,1,1,3,0,0,0,0,225,0,0,0,101,61,59,4,30.4012345679012,52.0027153849432,67.5,63.6396103067893,2.21572258227422,3.34647526866928,0.00444444444444444,0.00869157181696614,0.00326648729145616,0.000146313813648204,0.00444444444444444,0.00869157181696614,0.00326648729145616,0.000146313813648204,0.00188631790744467,0.000674360859922545
NO,NOR,Norway,6,2020-08-25,2020-08-25,164,0,0,0,0,10,163,1,0,596473.367405714,163,0,164,0,9,155,0,3,161,0,3,161,0,19,145,0,21,143,0,7,157,0,0,164,0,2,162,0,1,163,0,4,160,0,13,151,0,5,159,0,3,2,159,5,155,4,1,4,159,0,1,0,163,13,149,2,119,45,0,62,100,2,100,63,1,16,147,1,24,138,2,79,85,0,63,8,6,2,85,28,136,0,0,2,2,7,130,23,0,42,38,68,16,0,0,0,1,7,156,0,0,0,2,12,150,0,15,80,47,20,2,1,1,9,153,0,72,89,0,0,3,0,0,0,0,0,164,0,0,67,43,48,6,50.4615384615385,92.5379673834126,102.5,41,1.88092427053466,0.987596722022188,0,0,0,0,0,0,0,0,0.00086408018664132,0.000535321176990331
NO,NOR,Norway,7,2020-08-25,2020-08-24,100,0,0,0,0,3,100,1,0,384327.439684951,95,0,100,0,7,93,0,5,95,0,5,95,0,15,85,0,12,88,0,5,95,0,1,99,0,1,99,0,1,99,0,3,97,0,5,95,0,1,99,0,0,1,99,11,86,3,1,9,90,0,1,0,99,7,91,2,68,32,0,41,57,2,62,38,0,6,94,0,9,91,0,44,55,1,33,8,3,0,56,15,85,0,1,3,2,2,67,25,0,24,21,44,10,1,0,0,0,4,94,2,0,0,1,11,88,0,8,53,30,9,0,0,2,8,90,0,47,49,1,0,3,0,0,0,0,0,0,100,0,37,29,30,4,85.5371900826446,120.397449211092,300,0,1.77221172022684,0.949467309803165,0,0,0,0,0,0,0,0,0.000422535211267606,0.000478033792144491
NO,NOR,Norway,1,2020-08-26,2020-08-25,100,3,28853.4447560748,2,22717.2771348509,21,100,9,0,823825.403963833,98,4,96,0,28,72,0,4,96,0,22,78,0,42,58,0,19,81,0,17,82,1,5,95,0,12,88,0,5,95,0,16,84,0,33,67,0,12,88,0,9,3,88,22,78,0,9,13,78,0,6,3,91,36,63,1,81,19,0,45,54,1,73,27,0,22,78,0,37,63,0,64,36,0,40,13,4,7,36,22,78,0,2,8,10,11,65,4,0,11,17,49,23,0,3,2,11,20,64,0,3,3,13,23,58,0,26,42,19,10,3,2,9,11,78,0,36,60,0,0,4,100,0,0,0,0,0,0,0,56,25,13,6,10.4739416427728,22.1063883694326,14.5833333333333,10.1285923917583,3.40651878678135,5.51697952868557,0.03,0.0334344809563718,0.035023737575033,0.000396981310626429,0.02,0.0274394957835608,0.0275753539834373,0.000353605513359146,0.00295774647887324,0.00126315362128419
NO,NOR,Norway,2,2020-08-26,2020-08-26,108,0,0,0,0,13,107,7,0,685814.586361543,108,3,104,1,19,88,1,3,104,1,21,86,1,35,73,0,23,84,1,12,95,1,2,105,1,10,97,1,0,107,1,6,101,1,31,76,1,6,102,0,6,0,102,27,81,0,7,20,81,0,4,3,101,51,57,0,87,20,1,41,67,0,71,36,1,14,93,1,25,81,2,73,35,0,47,15,7,4,35,24,84,0,2,7,8,10,73,8,0,7,18,55,28,0,0,2,7,16,81,2,2,4,7,18,77,0,26,52,20,7,3,4,10,14,80,0,35,69,0,0,4,0,108,0,0,0,0,0,0,57,29,19,3,11.0748299319728,23.9660564379472,56.16,32.7580219183027,2.46857142857143,1.3350109801464,0,0,0,0,0,0,0,0,0.00171120179018033,0.000929406573293683
NO,NOR,Norway,3,2020-08-26,2020-08-26,122,5,18813.100216698,3,12927.4484888228,40,122,8,0,581277.077407595,122,7,115,0,23,99,0,2,120,0,18,104,0,31,91,0,24,98,0,25,97,0,5,117,0,6,116,0,4,118,0,6,116,0,32,90,0,21,101,0,16,5,101,24,97,1,8,16,98,0,6,2,114,55,67,0,96,26,0,37,85,0,68,54,0,11,111,0,19,103,0,72,50,0,42,14,10,6,50,30,92,0,3,4,7,11,89,8,0,18,15,56,33,0,0,1,5,12,102,2,0,1,4,26,91,0,20,55,37,9,1,3,2,14,103,0,55,63,0,1,3,0,0,122,0,0,0,0,0,57,32,32,1,18.4173775044634,36.3978000478905,11.0657596371882,7.98778086373757,2.93986111111111,1.51884104889494,0.040983606557377,0.0351792258384126,0.03236511630667,0.000454936557311564,0.0245901639344262,0.0274816277781072,0.0222397355603239,0.000379085780159595,0.0046178711613946,0.0014277587382949
NO,NOR,Norway,4,2020-08-26,2020-08-26,195,5,22268.350933149,4,20274.7645674633,54,193,8,0,735266.512340228,192,8,187,0,30,165,0,9,186,0,30,165,0,40,155,0,49,146,0,24,171,0,8,187,0,18,177,0,2,193,0,13,182,0,45,150,0,27,167,1,19,8,168,30,161,4,8,22,165,0,5,3,187,89,104,2,151,43,1,73,119,3,124,70,1,24,169,2,24,169,2,101,94,0,65,17,12,7,94,46,149,0,2,3,7,16,152,14,1,35,31,80,48,1,1,0,7,23,164,0,2,1,5,26,161,0,29,84,59,23,0,0,4,17,174,0,81,111,1,1,1,0,0,0,195,0,0,0,0,87,64,41,3,19.9759827467895,41.6863734415202,15.5769230769231,13.0634546025868,2.54958448753463,1.34677176267648,0.0256410256410256,0.0221849256014376,0.0302860943065021,0.000391714045988634,0.0205128205128205,0.0198949500572427,0.0275747150552691,0.00037429095812347,0.00394074290301394,0.00104899133602782
NO,NOR,Norway,5,2020-08-26,2020-08-26,195,1,2589.56519547379,1,2589.56519547379,19,191,7,0,546755.822103594,192,3,191,1,16,178,1,4,190,1,15,179,1,22,172,1,31,164,0,15,179,1,6,188,1,7,187,1,2,192,1,8,186,1,27,168,0,13,181,1,10,3,182,20,173,2,7,13,175,0,6,1,188,70,125,0,145,49,1,68,126,1,112,83,0,16,179,0,25,170,0,83,111,1,51,16,7,9,112,40,155,0,2,4,6,8,148,26,1,45,26,81,42,1,0,1,5,15,173,1,0,0,7,22,165,1,25,100,52,17,1,2,2,23,168,0,78,115,0,0,2,0,0,0,0,195,0,0,0,81,46,64,4,30.3426498253158,67.1479483973695,37.05,19.3913640572292,2.01694667640614,0.934463771217609,0.00512820512820513,0.0100252921860356,0.00473623707473415,0.000181985671446946,0.00512820512820513,0.0100252921860356,0.00473623707473415,0.000181985671446946,0.00140107661676867,0.000629547816931881
NO,NOR,Norway,6,2020-08-26,2020-08-26,171,0,0,0,0,11,169,1,0,601149.186451543,161,0,170,1,9,161,1,1,169,1,9,161,1,19,152,0,24,147,0,10,161,0,1,169,1,3,167,1,0,170,1,7,163,1,9,161,1,11,160,0,4,7,160,11,159,1,1,10,160,0,1,0,170,22,145,4,122,47,2,71,97,3,110,59,2,17,152,2,20,148,3,88,83,0,67,15,4,2,83,31,140,0,1,1,5,6,134,24,0,39,56,65,11,0,1,0,2,8,156,4,0,0,2,10,157,2,23,82,42,24,0,0,2,16,152,1,70,101,0,0,0,0,0,0,0,0,171,0,0,71,50,37,13,38.9025,67.6477383213955,19,16.4544826719043,1.86685653257387,0.779044981207741,0,0,0,0,0,0,0,0,0.000916743061921827,0.000541502194180337
NO,NOR,Norway,7,2020-08-26,2020-08-25,100,0,0,0,0,3,100,1,0,339745.567125325,95,1,99,0,6,94,0,2,98,0,4,96,0,12,88,0,14,86,0,5,95,0,0,100,0,1,99,0,1,99,0,2,98,0,7,93,0,1,99,0,0,1,99,4,93,3,1,3,96,0,1,0,99,13,84,3,68,31,1,33,65,2,54,46,0,10,90,0,10,90,0,46,54,0,32,10,3,1,54,20,80,0,1,2,3,3,73,18,0,29,24,42,5,0,0,0,1,11,87,1,0,0,1,15,84,0,10,48,29,13,0,0,2,11,87,0,59,40,0,0,1,0,0,0,0,0,0,100,0,39,28,26,7,76.4030612244898,107.078196033869,300,0,2.81530109834617,6.30644530246163,0,0,0,0,0,0,0,0,0.000422535211267606,0.000478033792144491
NO,NOR,Norway,1,2020-08-27,2020-08-26,100,3,18357.3271687489,2,11358.8695473602,18,100,12,0,804854.965042402,98,4,96,0,22,78,0,3,97,0,22,78,0,42,58,0,15,85,0,21,79,0,5,95,0,14,86,0,2,98,0,9,91,0,29,71,0,11,89,0,9,2,89,25,75,0,12,13,75,0,9,3,88,39,61,0,73,27,0,43,56,1,68,32,0,22,78,0,41,59,0,65,35,0,44,10,6,5,35,17,83,0,1,6,11,10,70,2,0,13,14,39,34,0,2,4,10,17,64,3,1,3,11,18,67,0,18,49,21,8,4,1,3,21,75,0,43,52,0,1,4,100,0,0,0,0,0,0,0,47,31,16,6,10.9640831758034,21.7071066500739,14.8760330578512,11.6935577889745,3.49716446124764,5.63723743791964,0.03,0.0334344809563718,0.0228082424363025,0.000326155784359607,0.02,0.0274394957835608,0.0141129396484022,0.00025769832916939,0.00253521126760563,0.00116970078590584
NO,NOR,Norway,2,2020-08-27,2020-08-27,112,3,17079.5983677867,2,11104.1964175616,46,112,14,0,725550.390269415,112,6,106,0,29,83,0,5,107,0,24,88,0,40,72,0,21,91,0,27,85,0,5,107,0,5,107,0,5,107,0,9,103,0,35,77,0,17,95,0,13,4,95,25,87,0,14,11,87,0,10,4,98,57,55,0,83,28,1,36,76,0,74,38,0,20,92,0,25,87,0,63,49,0,35,11,9,8,49,19,93,0,2,3,6,13,82,6,0,16,14,50,32,0,0,1,7,15,88,1,0,4,8,17,83,0,19,55,32,5,1,3,5,12,92,0,48,63,0,0,1,0,112,0,0,0,0,0,0,63,26,22,1,13.9614325068871,28.2671873117609,17.8269896193772,22.3132045272567,2.62705949192436,1.82170792625581,0.0267857142857143,0.0299016348251109,0.023540195962743,0.000348856262034951,0.0178571428571429,0.0245263204027614,0.0153045144299879,0.000282471770477148,0.00578470824949698,0.00166682825903867
NO,NOR,Norway,3,2020-08-27,2020-08-27,111,3,15881.4062250297,2,10314.512240688,52,109,6,0,593491.040316755,109,4,107,0,18,93,0,1,110,0,22,89,0,37,74,0,22,89,0,23,88,0,6,105,0,12,99,0,1,110,0,6,105,0,33,78,0,21,90,0,15,6,90,19,92,0,6,13,92,0,5,1,105,51,60,0,87,24,0,29,82,0,66,45,0,6,105,0,21,90,0,65,46,0,34,17,9,5,46,31,80,0,1,5,3,7,86,9,0,27,16,42,26,0,0,5,7,8,89,2,2,6,10,9,84,0,13,51,26,18,3,5,4,10,92,0,47,60,0,1,3,0,0,111,0,0,0,0,0,49,31,28,3,8.83447265625,14.4901395447225,15.98891966759,13.3280411813601,2.8794654554983,1.42715105250431,0.027027027027027,0.0301672781726452,0.0267593024092723,0.000410571247257021,0.018018018018018,0.0247452513571082,0.0173793899823374,0.000332469037673449,0.0067192143687815,0.00182012382025311
NO,NOR,Norway,4,2020-08-27,2020-08-27,232,8,22861.7722366771,3,6779.44161969468,76,230,13,2,837310.162228916,230,11,219,2,34,197,1,4,226,2,31,200,1,44,187,1,37,194,1,29,202,1,6,224,2,15,216,1,5,226,1,18,213,1,50,181,1,33,199,0,28,5,199,42,189,1,13,29,190,2,9,2,219,108,124,0,175,57,0,92,140,0,157,75,0,30,202,0,40,192,0,134,98,0,81,23,17,13,98,57,175,0,3,6,10,16,177,19,1,48,35,78,71,0,0,5,10,29,186,2,0,3,21,26,182,0,34,105,59,32,2,2,4,29,197,0,88,142,0,0,2,0,0,0,232,0,0,0,0,105,71,52,4,22.8288,46.6707205442686,18.3475546305931,13.6415605958131,2.66435826408126,2.61900079065832,0.0344827586206897,0.0234792984545931,0.0273038275038,0.000349064175329752,0.0129310344827586,0.0145376591514317,0.0080966909581604,0.000191952318008234,0.00465401102265769,0.00104389240486378
NO,NOR,Norway,5,2020-08-27,2020-08-27,204,2,6893.51998198185,1,2359.44181869585,26,201,8,0,550056.703101326,199,6,198,0,28,176,0,4,200,0,21,183,0,33,170,1,38,166,0,16,188,0,4,200,0,11,193,0,1,203,0,5,199,0,31,173,0,17,186,1,13,4,187,26,174,4,8,17,179,0,7,1,196,88,115,1,147,57,0,77,127,0,113,91,0,19,185,0,31,172,1,92,111,1,57,17,13,5,112,45,159,0,2,4,16,11,141,30,0,43,23,85,53,0,1,2,5,17,179,0,0,2,7,22,173,0,35,87,53,26,3,1,5,18,179,1,83,120,0,0,1,0,0,0,0,204,0,0,0,91,56,48,9,33.8988642509465,59.1440115047329,23.5733333333333,10.8637974593645,2.07084812623274,1.07780896771747,0.00980392156862745,0.0135205239699182,0.012532380649331,0.000293983245865199,0.00490196078431373,0.00958408945941471,0.00428945198811843,0.000172707747399015,0.00182187653282881,0.000699655709606427
NO,NOR,Norway,6,2020-08-27,2020-08-27,170,1,2366.56720833286,1,2366.56720833286,10,170,6,0,553159.842913815,167,2,168,0,21,148,1,7,162,1,6,163,1,19,150,1,27,143,0,7,162,1,2,167,1,8,161,1,1,168,1,6,163,1,18,152,0,6,164,0,4,2,164,19,148,3,6,13,151,0,6,0,164,23,147,0,120,50,0,63,107,0,105,65,0,13,157,0,17,152,1,85,85,0,62,11,8,4,85,18,152,0,3,3,3,6,124,31,0,45,40,67,17,1,0,1,2,17,148,2,0,1,4,18,147,0,20,81,42,21,6,1,2,12,155,0,69,100,1,0,0,0,0,0,0,0,170,0,0,65,41,58,6,51.0160680529301,91.261308631624,47.2222222222222,29.2625408380116,2.00807803688462,1.99310684210149,0.00588235294117647,0.0114952404835718,0.00427827008530983,0.000171998975531703,0.00588235294117647,0.0114952404835718,0.00427827008530983,0.000171998975531703,0.000828500414250207,0.000513287679273071
NO,NOR,Norway,7,2020-08-27,2020-08-26,100,0,0,0,0,2,98,3,0,326453.507334732,94,1,99,0,9,91,0,1,99,0,3,96,1,12,88,0,15,85,0,3,97,0,0,100,0,3,97,0,0,100,0,4,96,0,8,92,0,2,96,2,1,1,98,9,87,4,3,5,92,0,2,1,97,9,88,3,70,28,2,35,64,1,60,40,0,11,89,0,17,82,1,40,60,0,31,2,5,2,60,18,82,0,1,2,1,5,65,26,0,33,25,32,10,0,0,0,1,8,91,0,0,0,1,8,91,0,11,48,31,10,0,0,2,8,89,1,54,45,0,0,1,0,0,0,0,0,0,100,0,47,23,24,6,65.1785714285714,82.8422320555317,50,0,2.72913899287526,6.197652033102,0,0,0,0,0,0,0,0,0.000287438919229664,0.000398305440840986
NO,NOR,Norway,1,2020-08-28,2020-08-26,100,4,23690.117882927,3,16691.6602615384,43,100,6,0,834972.645414174,99,5,95,0,20,80,0,5,95,0,24,76,0,41,59,0,20,80,0,19,81,0,4,96,0,13,87,0,2,98,0,10,90,0,27,73,0,18,82,0,15,3,82,19,81,0,6,13,81,0,5,1,94,39,61,0,75,25,0,44,55,1,66,34,0,25,75,0,39,61,0,61,39,0,42,10,5,4,39,14,86,0,1,4,6,12,75,2,0,14,10,41,35,0,3,4,13,17,60,3,3,4,11,20,62,0,20,45,23,8,4,1,3,18,78,0,40,54,1,1,4,100,0,0,0,0,0,0,0,46,35,15,4,8.65051903114187,12.936909194893,13.2716049382716,10.1081459576842,2.91987324581259,1.89108055049636,0.04,0.0384072934108425,0.0283723281391763,0.000356130682197801,0.03,0.0334344809563718,0.0199906671831851,0.000300220758141869,0.00605633802816902,0.0018046993189768
NO,NOR,Norway,2,2020-08-28,2020-08-28,104,2,7776.40113621241,2,7776.40113621241,40,104,7,0,676935.021918864,103,4,100,0,17,87,0,3,101,0,18,86,0,35,69,0,14,90,0,19,85,0,3,101,0,10,94,0,6,98,0,5,99,0,23,81,0,12,92,0,9,3,92,20,84,0,7,12,85,0,5,2,97,53,51,0,76,28,0,41,63,0,73,31,0,7,97,0,28,76,0,63,41,0,41,16,2,4,41,24,80,0,1,4,4,11,79,5,0,13,20,44,27,0,1,2,13,11,77,0,0,6,10,14,74,0,19,45,32,8,0,2,4,14,84,0,30,69,0,2,3,0,104,0,0,0,0,0,0,55,23,22,4,15.1960330578512,33.0332584519539,28.8888888888889,34.1373734982683,2.58912355882053,1.59043297858309,0.0192307692307692,0.0263944833692685,0.0114876626033754,0.000253852521867446,0.0192307692307692,0.0263944833692685,0.0114876626033754,0.000253852521867446,0.00541711809317443,0.00167419826973252
NO,NOR,Norway,3,2020-08-28,2020-08-28,104,3,16373.6137376514,2,12107.2229112289,47,102,6,0,596163.050047333,104,5,98,1,24,80,0,9,94,1,22,81,1,35,69,0,18,85,1,17,86,1,8,95,1,11,92,1,2,101,1,5,98,1,30,73,1,21,83,0,15,6,83,23,80,1,6,17,81,0,6,0,98,50,54,0,79,24,1,41,63,0,65,39,0,13,91,0,17,87,0,58,46,0,32,13,6,7,46,28,76,0,3,1,12,10,75,3,0,18,13,41,32,0,0,1,7,9,87,0,0,2,4,14,84,0,16,48,28,12,0,0,1,15,88,0,38,65,0,1,0,0,0,104,0,0,0,0,0,47,36,20,1,21.3907692307692,39.9174841198884,13.2520775623269,12.2824006211814,3.03892921104722,1.33755228026805,0.0288461538461538,0.0321676545583471,0.0274649925659623,0.000414866080148882,0.0192307692307692,0.0263944833692685,0.0203085765048129,0.000358055177626964,0.00648991991162662,0.0018493735346966
NO,NOR,Norway,4,2020-08-28,2020-08-28,182,4,17983.6718470811,2,10693.9750489661,19,179,9,0,705288.018716864,179,7,175,0,25,157,0,4,178,0,25,157,0,31,151,0,30,152,0,16,166,0,4,178,0,12,170,0,4,178,0,8,174,0,35,147,0,14,168,0,7,7,168,38,144,0,9,29,144,0,7,2,173,68,113,1,145,36,1,65,115,2,114,67,1,17,163,2,33,148,1,107,75,0,64,22,10,11,75,44,138,0,1,4,11,16,130,20,0,28,25,61,68,0,0,2,7,10,162,1,2,2,9,15,154,0,26,73,64,19,0,1,2,15,164,0,71,108,0,1,2,0,0,0,182,0,0,0,0,84,46,50,2,13.0069333333333,27.8306835538597,28.5785123966942,13.0087874132232,3.14783486933468,7.87999598071283,0.021978021978022,0.0213000687819962,0.0254983373739979,0.000367884984093679,0.010989010989011,0.0151458014560121,0.0151625644632695,0.000285189441271628,0.00149500354079786,0.000671720547042765
NO,NOR,Norway,5,2020-08-28,2020-08-28,192,0,0,0,0,25,192,4,0,576813.179807793,191,0,191,1,20,172,0,3,188,1,22,169,1,28,164,0,29,163,0,9,182,1,4,187,1,4,188,0,2,189,1,8,183,1,34,157,1,13,179,0,9,4,179,22,169,1,4,18,170,0,4,0,188,58,133,1,154,38,0,75,115,2,124,67,1,18,172,2,22,168,2,101,91,0,70,16,12,3,91,52,140,0,3,3,7,12,149,17,1,49,32,66,45,0,0,3,6,10,172,1,1,3,6,20,162,0,28,94,47,22,1,1,5,12,174,0,63,126,0,0,3,0,0,0,0,192,0,0,0,72,66,49,5,26.7372400756144,39.7750111082489,28.4023668639053,21.2847269057839,2.10964083175803,2.05523003792279,0,0,0,0,0,0,0,0,0.00183392018779343,0.000718224013732384
NO,NOR,Norway,6,2020-08-28,2020-08-28,134,1,3806.53680983701,0,0,3,130,4,0,544088.184430796,130,1,133,0,11,123,0,3,131,0,3,131,0,14,120,0,21,113,0,3,131,0,0,134,0,3,131,0,1,133,0,3,131,0,10,124,0,5,128,1,3,2,129,17,115,2,4,13,117,0,3,1,130,12,119,3,89,45,0,57,74,3,75,58,1,9,124,1,20,113,1,50,83,1,33,9,3,4,85,29,105,0,1,2,3,6,97,25,0,34,38,51,11,0,0,0,1,7,126,0,0,0,1,11,122,0,14,64,45,10,1,0,1,10,122,1,54,77,0,0,3,0,0,0,0,0,134,0,0,56,32,41,5,54.2563265306123,96.0581750217528,100.5,47.3761543394987,2.05946082136558,2.95871376554348,0.00746268656716418,0.0145719178412448,0.00699617620592012,0.00022147222747206,0,0,0,0,0.000325027085590466,0.000367736236551732
NO,NOR,Norway,7,2020-08-28,2020-08-27,100,0,0,0,0,2,98,2,0,378206.42991873,95,0,99,1,9,90,1,5,95,0,5,93,2,10,90,0,10,90,0,2,97,1,2,97,1,3,96,1,2,97,1,2,97,1,7,92,1,2,96,2,1,1,98,7,89,4,2,4,94,0,0,2,98,7,89,4,67,32,1,38,61,1,54,46,0,8,92,0,19,79,2,37,63,0,34,1,2,0,63,15,85,0,0,3,2,7,65,23,0,34,25,27,14,0,0,0,0,6,92,2,0,0,2,7,91,0,5,58,24,12,1,0,0,6,94,0,46,54,0,0,0,0,0,0,0,0,0,100,0,39,31,23,7,63.0165289256198,89.1970329871684,50,0,1.79945676776822,1.59117469414652,0,0,0,0,0,0,0,0,0.000287438919229664,0.000398305440840986
NO,NOR,Norway,1,2020-08-29,2020-08-27,100,3,16081.0842316035,3,16081.0842316035,70,100,5,0,836550.458194481,97,4,96,0,24,76,0,4,96,0,28,72,0,45,55,0,19,81,0,16,84,0,7,93,0,17,83,0,4,96,0,10,90,0,33,67,0,23,77,0,18,5,77,17,83,0,5,12,83,0,3,2,95,40,59,1,74,25,1,47,51,2,73,27,0,23,76,1,35,64,1,66,34,0,45,13,3,5,34,18,82,0,0,5,7,6,79,3,0,13,6,46,35,0,1,3,8,18,67,3,2,4,7,29,58,0,23,40,24,9,4,2,7,11,80,0,39,58,1,0,2,100,0,0,0,0,0,0,0,49,31,13,7,6.77501826150475,9.91143537482899,13.2325141776938,9.85182023980359,2.94250792213671,1.95741654405307,0.03,0.0334344809563718,0.0192230893834081,0.000294237979435541,0.03,0.0334344809563718,0.0192230893834081,0.000294237979435541,0.00985915492957747,0.0022981969844478
NO,NOR,Norway,2,2020-08-29,2020-08-28,100,4,29185.6178672748,3,22015.1812277979,35,100,8,0,770061.201530929,99,4,94,2,25,74,1,3,95,2,24,75,1,37,62,1,16,82,2,20,78,2,3,96,1,18,80,2,2,96,2,9,89,2,30,68,2,11,89,0,10,1,89,19,81,0,8,11,81,0,7,1,92,37,61,2,74,25,1,46,52,2,61,37,2,6,92,2,29,69,2,63,37,0,38,16,6,3,37,16,84,0,0,3,9,13,71,4,0,19,18,45,18,0,0,0,6,18,75,1,1,2,11,18,68,0,18,46,28,8,0,1,5,14,80,0,35,61,0,0,4,0,100,0,0,0,0,0,0,49,28,22,1,10.4224058769513,20.1262441251805,28.9256198347107,16.1696490596967,2.50994796449342,1.30161318867686,0.04,0.0384072934108425,0.0379003874097954,0.000426498309618849,0.03,0.0334344809563718,0.0285888721364359,0.000372207841100333,0.00492957746478873,0.00162911098911644
NO,NOR,Norway,3,2020-08-29,2020-08-29,113,2,11431.647692615,1,5999.42615432018,46,113,14,0,664354.327805141,109,3,109,1,17,95,1,5,107,1,22,91,0,23,89,1,20,92,1,14,98,1,3,108,2,7,105,1,0,112,1,5,106,2,23,89,1,18,95,0,14,4,95,25,86,2,14,11,88,0,12,2,99,57,55,1,96,16,1,59,54,0,70,43,0,18,95,0,27,86,0,63,50,0,30,19,8,6,50,24,89,0,0,5,6,12,85,5,0,22,14,43,34,0,0,0,3,14,96,0,0,1,9,22,81,0,14,43,34,19,3,1,3,9,100,0,56,54,0,2,1,0,0,113,0,0,0,0,0,55,28,26,4,13.3810073048827,21.2657906610561,16.0432098765432,10.3764396338778,3.28420781893004,1.88939889303835,0.0176991150442478,0.0243112289346397,0.0172071546976781,0.000312704212285365,0.00884955752212389,0.0172678965081244,0.00903046146194422,0.000227474820510299,0.00573351614109435,0.00165212009863955
NO,NOR,Norway,4,2020-08-29,2020-08-29,220,1,2871.8343855793,0,0,75,218,11,0,740585.053158778,217,2,218,0,26,194,0,2,218,0,29,191,0,42,178,0,34,186,0,28,192,0,8,212,0,13,207,0,0,220,0,7,213,0,49,171,0,23,196,1,18,5,197,40,180,0,11,29,180,0,10,1,209,88,130,2,184,34,2,94,124,2,140,79,1,23,195,2,19,199,2,135,85,0,85,21,17,12,85,48,172,0,1,5,6,10,181,17,0,29,38,77,75,1,0,0,6,25,188,1,0,5,6,25,184,0,32,97,57,29,5,0,5,16,198,1,70,146,1,0,3,0,0,0,220,0,0,0,0,84,75,57,4,14.9438151041667,20.3454629064662,34.0909090909091,40.7850452178236,2.62393028009254,1.52066880808249,0.00454545454545455,0.00888865657959676,0.00387779144789679,0.000141549765866392,0,0,0,0,0.00484558728517896,0.00109397933142397
NO,NOR,Norway,5,2020-08-29,2020-08-29,173,0,0,0,0,25,173,2,0,683056.645335789,171,0,173,0,12,161,0,3,170,0,12,161,0,25,148,0,25,148,0,11,162,0,5,168,0,8,165,0,3,170,0,3,170,0,25,148,0,14,159,0,11,3,159,20,149,4,2,18,153,0,2,0,171,66,107,0,138,35,0,84,88,1,112,61,0,22,151,0,17,156,0,93,80,0,58,20,8,7,80,39,134,0,1,3,8,11,128,22,0,30,25,64,54,0,0,1,3,13,156,0,0,0,2,16,155,0,13,84,58,18,0,0,2,9,162,0,66,104,0,1,2,0,0,0,0,173,0,0,0,64,47,59,3,29.1216666666667,55.8864641630497,22.0663265306122,12.0477355196104,2.08973775428031,1.33729192693179,0,0,0,0,0,0,0,0,0.00203533338760889,0.000797023682538399
NO,NOR,Norway,6,2020-08-29,2020-08-29,142,0,0,0,0,5,141,4,0,589925.245414736,138,1,141,0,15,126,1,3,138,1,8,133,1,18,124,0,25,116,1,10,132,0,3,139,0,2,140,0,3,139,0,9,133,0,8,133,1,5,137,0,3,2,137,14,124,4,4,10,128,0,3,1,138,11,128,3,114,28,0,62,80,0,83,59,0,5,137,0,15,127,0,61,81,0,44,11,4,2,81,19,123,0,3,0,3,6,110,19,1,39,31,54,18,0,1,0,3,10,127,1,2,4,1,15,120,0,17,59,45,21,0,0,1,9,131,1,57,82,1,1,1,0,0,0,0,0,142,0,0,59,41,38,4,58.3616780045352,92.9520019719644,44.375,17.75,2.1872342692738,2.57433610410246,0,0,0,0,0,0,0,0,0.000499450604335231,0.000437670374279435
NO,NOR,Norway,7,2020-08-29,2020-08-27,100,0,0,0,0,0,99,1,0,397597.553066056,92,0,98,2,8,90,2,5,94,1,6,92,2,12,87,1,10,89,1,4,94,2,2,96,2,3,95,2,3,95,2,2,96,2,6,92,2,0,99,1,0,0,100,5,90,5,1,4,95,0,0,1,99,6,88,6,69,28,3,38,61,1,54,46,0,8,92,0,16,81,3,41,59,0,38,3,0,0,59,14,86,0,0,1,3,8,65,23,0,27,22,38,13,0,0,0,0,4,93,3,0,0,1,7,92,0,3,54,29,13,1,0,0,6,94,0,39,60,0,0,1,0,0,0,0,0,0,100,0,39,31,22,8,44.6280991735537,43.363966792382,0,0,1.80765595463138,1.53952791107531,0,0,0,0,0,0,0,0,0,0
NO,NOR,Norway,1,2020-08-30,2020-08-29,100,3,17017.5869985144,3,17017.5869985144,56,100,8,0,764184.705461003,97,4,96,0,26,74,0,3,97,0,23,77,0,43,57,0,13,87,0,22,78,0,5,95,0,23,77,0,4,96,0,7,93,0,39,61,0,23,77,0,13,10,77,22,78,0,8,13,79,0,7,1,92,34,64,2,75,24,1,45,52,3,80,20,0,29,69,2,45,54,1,74,26,0,51,12,5,6,26,16,84,0,3,8,7,6,71,5,0,8,9,43,40,0,0,2,8,19,69,2,0,8,5,27,60,0,19,50,21,7,3,2,8,10,80,0,40,57,0,0,3,100,0,0,0,0,0,0,0,55,25,10,10,5.0207756232687,6.18546283070975,10.586011342155,8.4781176593278,3.17594493418669,2.54018435979518,0.03,0.0334344809563718,0.0222689447680694,0.000330832711367714,0.03,0.0334344809563718,0.0222689447680694,0.000330832711367714,0.00788732394366197,0.00205761565302812
NO,NOR,Norway,2,2020-08-30,2020-08-30,111,1,8067.20523753449,0,0,30,110,11,0,661465.913830451,110,2,109,0,14,97,0,2,109,0,23,87,1,32,79,0,19,92,0,25,86,0,2,109,0,7,104,0,3,108,0,7,104,0,31,80,0,15,96,0,12,3,96,26,85,0,11,15,85,0,9,2,100,36,75,0,92,18,1,58,53,0,83,27,1,17,93,1,29,82,0,73,38,0,54,14,2,3,38,21,90,0,1,4,5,13,78,10,0,13,17,46,35,0,1,1,4,19,86,0,1,5,11,11,83,0,17,51,36,4,3,1,5,13,92,0,49,60,0,0,2,0,111,0,0,0,0,0,0,57,32,16,6,10.3214189733942,16.2203513050345,16.9897959183673,10.2469835950191,2.66724336793541,2.08640309588501,0.00900900900900901,0.0175776157070447,0.0121959500389347,0.000264507247283048,0,0,0,0,0.00384122919334187,0.00137189845200075
NO,NOR,Norway,3,2020-08-30,2020-08-30,120,0,0,0,0,23,120,6,0,596182.628243335,119,0,120,0,17,103,0,2,118,0,18,102,0,36,84,0,21,99,0,17,103,0,6,114,0,2,118,0,1,119,0,7,113,0,30,90,0,10,110,0,7,3,110,24,96,0,6,17,97,0,6,0,114,39,81,0,93,27,0,45,75,0,78,42,0,16,104,0,11,109,0,62,58,0,37,11,9,5,58,27,93,0,1,2,8,9,90,9,1,18,25,39,37,1,0,1,5,8,105,1,0,3,5,22,90,0,19,55,30,14,2,0,5,11,104,0,56,59,0,1,4,0,0,120,0,0,0,0,0,57,35,25,3,7.71266540642722,14.1711301015446,27.6,33.4902971022952,2.95419680035065,2.0475757549779,0,0,0,0,0,0,0,0,0.00269953051643193,0.00110175600434719
NO,NOR,Norway,4,2020-08-30,2020-08-30,187,2,5903.0598508266,2,5903.0598508266,33,186,8,0,721550.787160965,183,4,183,0,20,167,0,3,184,0,14,173,0,36,151,0,30,157,0,22,165,0,1,186,0,6,181,0,2,185,0,4,183,0,30,157,0,20,167,0,13,7,167,39,148,0,8,31,148,0,8,0,179,58,128,1,136,51,0,75,111,1,111,76,0,22,165,0,23,164,0,107,80,0,69,21,11,6,80,38,149,0,1,6,3,14,153,10,0,41,29,55,62,0,1,1,4,10,169,2,0,2,10,16,159,0,27,83,53,22,2,1,6,9,171,0,78,109,0,0,0,0,0,0,187,0,0,0,0,69,63,50,5,20.8173476454294,41.1537342519091,17.0941828254848,9.75538898899861,2.73137542523642,1.3661629164967,0.0106951871657754,0.0147430230063315,0.00818107326034936,0.000207843274184182,0.0106951871657754,0.0147430230063315,0.00818107326034936,0.000207843274184182,0.00249886415265788,0.000851511401590525
NO,NOR,Norway,5,2020-08-30,2020-08-30,197,1,1411.2832441705,0,0,8,196,1,0,602143.767007128,195,1,196,0,20,177,0,3,193,1,15,181,1,24,173,0,27,169,1,11,185,1,0,196,1,9,188,0,4,192,1,7,189,1,22,174,1,7,190,0,5,2,190,23,172,2,1,22,174,0,1,0,196,44,149,4,139,56,2,91,104,2,129,65,3,26,169,2,29,166,2,121,76,0,91,17,7,6,76,48,149,0,5,3,10,11,147,21,0,32,25,69,71,0,1,0,4,12,180,0,0,0,4,15,178,0,25,89,58,24,1,1,3,11,182,0,66,128,0,1,2,0,0,0,0,197,0,0,0,71,56,62,8,23.2203550295858,46.4245840609737,43.7777777777778,16.9550604267302,2.19799976875939,1.21373117115616,0.0050761421319797,0.00992377222200197,0.00234376459825382,0.000122136493986237,0,0,0,0,0.000574877838459327,0.000398248176022799
NO,NOR,Norway,6,2020-08-30,2020-08-30,182,0,0,0,0,11,181,2,0,709741.517239012,177,0,182,0,15,167,0,2,180,0,7,175,0,12,170,0,20,162,0,3,179,0,3,179,0,5,177,0,3,179,0,9,173,0,11,171,0,9,173,0,8,1,173,22,156,4,2,20,160,0,2,0,180,20,161,1,130,52,0,85,97,0,131,51,0,24,158,0,15,167,0,97,85,0,67,14,11,4,86,35,147,0,0,3,4,7,132,36,0,43,45,61,33,0,0,1,1,6,172,2,0,0,2,15,165,0,22,76,57,25,2,0,1,6,175,0,69,106,1,2,4,0,0,0,0,0,182,0,0,74,52,49,7,46.7550027041644,79.1297764839917,31.28125,16.9265416579997,2.371396327075,4.40810991782681,0,0,0,0,0,0,0,0,0.000855964516380048,0.000505616874950082
NO,NOR,Norway,7,2020-08-30,2020-08-28,100,0,0,0,0,4,99,1,0,373485.205523165,93,0,97,3,9,89,2,3,94,3,5,92,3,17,80,3,11,86,3,5,92,3,1,96,3,3,94,3,2,95,3,3,94,3,5,92,3,3,96,1,3,0,97,6,90,4,1,5,94,0,1,0,99,7,91,2,68,30,2,46,54,0,59,41,0,16,84,0,12,87,1,44,56,0,35,5,3,1,56,16,84,0,0,1,3,3,74,19,0,20,22,48,10,0,0,0,0,4,93,3,0,0,1,4,94,1,9,48,27,14,2,0,1,6,92,1,44,55,0,0,1,0,0,0,0,0,0,100,0,48,21,25,6,30.1111111111111,62.0127494821808,44.4444444444444,19.2450089729875,1.85185185185185,1.23526128399141,0,0,0,0,0,0,0,0,0.000569070991606203,0.000557520621952935
NO,NOR,Norway,1,2020-08-31,2020-08-29,100,3,25258.1001147672,3,25258.1001147672,41,100,9,0,865827.888917168,99,3,97,0,23,77,0,4,96,0,27,73,0,40,60,0,14,86,0,27,73,0,5,95,0,18,82,0,4,96,0,7,93,0,39,61,0,20,80,0,13,7,80,26,74,0,9,16,75,0,9,0,91,32,67,1,71,29,0,41,58,1,77,23,0,26,73,1,49,51,0,74,26,0,47,10,8,8,27,12,88,0,3,6,8,6,70,7,0,10,11,41,38,0,2,2,11,18,66,1,3,6,9,18,64,0,18,50,23,7,2,4,6,8,82,0,40,57,0,0,3,100,0,0,0,0,0,0,0,59,21,14,6,7.80817174515236,13.0863590957178,10.25,5.72965508284932,3.06699864191942,2.43619885002796,0.03,0.0334344809563718,0.0291721951187733,0.000354476920107992,0.03,0.0334344809563718,0.0291721951187733,0.000354476920107992,0.00577464788732394,0.00176247955269088
NO,NOR,Norway,2,2020-08-31,2020-08-31,115,2,10622.1092835436,1,5598.58748006127,21,114,11,0,731296.825553785,112,2,113,0,23,92,0,1,114,0,20,95,0,41,74,0,23,92,0,29,86,0,3,112,0,11,104,0,5,110,0,5,110,0,38,77,0,11,104,0,10,1,104,37,78,0,11,26,78,0,9,2,104,43,72,0,77,38,0,36,79,0,74,41,0,17,98,0,26,89,0,73,42,0,40,20,7,6,42,27,88,0,4,2,7,12,79,11,0,10,24,45,36,0,0,2,8,15,89,1,2,3,8,18,83,1,25,46,27,13,4,1,4,18,91,1,47,64,0,0,4,0,115,0,0,0,0,0,0,58,26,25,6,11.4663988312637,19.1764116590568,24.15,15.7586836731724,2.55534045955728,1.31032860389243,0.0173913043478261,0.023892167460625,0.0145250313038072,0.000274209555150492,0.00869565217391304,0.0169689025724735,0.0076556977747328,0.00019976749663013,0.00259451445515196,0.00110823130684337
NO,NOR,Norway,3,2020-08-31,2020-08-30,100,0,0,0,0,21,100,6,0,535721.173204744,97,1,99,0,16,84,0,0,100,0,14,86,0,21,79,0,14,86,0,17,83,0,6,94,0,11,89,0,4,96,0,3,97,0,28,72,0,12,88,0,9,3,88,24,75,1,6,18,76,0,5,1,94,38,62,0,59,41,0,30,70,0,55,44,1,10,90,0,24,76,0,55,45,0,33,14,5,3,45,24,76,0,2,2,7,4,75,10,0,26,14,35,25,0,0,2,4,7,86,1,1,2,5,11,80,1,12,38,32,18,0,3,4,13,80,0,52,48,0,0,0,0,0,100,0,0,0,0,0,49,29,19,3,7.13305898491084,9.58819910373568,14.5833333333333,6.28148634537008,3.515625,5.05192790048472,0,0,0,0,0,0,0,0,0.00295774647887324,0.00126315362128419
NO,NOR,Norway,4,2020-08-31,2020-08-31,182,5,19404.146316813,4,15960.6421446791,58,180,10,0,698815.159419567,178,7,175,0,25,156,1,3,178,1,19,162,1,34,147,1,31,151,0,15,166,1,6,175,1,10,172,0,3,178,1,6,175,1,36,145,1,20,162,0,17,3,162,38,144,0,10,27,145,0,7,3,172,74,106,2,109,72,1,63,116,3,123,57,2,24,156,2,34,146,2,118,64,0,73,23,10,12,64,40,142,0,2,5,7,14,138,16,0,25,31,74,52,0,0,0,4,10,167,1,0,0,3,13,166,0,22,87,47,25,1,1,4,10,167,0,62,116,0,1,3,0,0,0,182,0,0,0,0,90,42,44,6,21.2408186964726,43.7562708392712,32.5802469135803,22.6239041568067,2.42468571428571,1.21830237483101,0.0274725274725275,0.0237472128215006,0.027767208617698,0.000385228292965148,0.021978021978022,0.0213000687819962,0.0228395762878641,0.000350262697646885,0.00453834115805947,0.00116531544524409
NO,NOR,Norway,5,2020-08-31,2020-08-31,223,3,9131.77751272364,2,7748.99440928682,24,221,8,0,611303.967250448,219,3,220,0,30,193,0,1,222,0,19,204,0,41,182,0,39,184,0,21,202,0,3,220,0,9,214,0,2,221,0,7,216,0,31,192,0,14,209,0,7,7,209,31,192,0,8,23,192,0,5,3,215,75,147,1,124,98,1,61,161,1,144,78,1,19,204,0,23,200,0,124,99,0,77,33,9,5,99,47,176,0,1,3,9,15,169,26,0,37,44,84,58,0,0,1,1,19,201,1,0,1,6,23,193,0,26,109,65,21,2,1,0,14,208,0,82,137,0,0,4,0,0,0,0,223,0,0,0,87,64,61,11,27.4676971380268,51.0220853744802,37.1666666666667,19.4096586390603,1.93660869756882,0.97322030186572,0.0134529147982063,0.0151203820326391,0.0149381944203585,0.000304088697027402,0.00896860986547085,0.0123737669200983,0.0126761722881345,0.000280442196284169,0.00152953922630807,0.00061146372824604
NO,NOR,Norway,6,2020-08-31,2020-08-31,178,3,6286.68262007345,0,0,22,178,3,0,596144.98708047,176,3,175,0,22,156,0,3,175,0,6,172,0,26,152,0,20,158,0,11,167,0,3,175,0,6,172,0,2,176,0,7,171,0,11,167,0,12,166,0,8,4,166,15,160,3,3,12,163,0,2,1,175,12,164,2,118,60,0,62,115,1,103,74,1,7,170,1,18,159,1,86,91,1,61,17,3,5,92,26,152,0,3,4,7,9,129,26,0,36,44,75,23,0,0,0,5,16,157,0,0,1,3,19,155,0,21,77,56,22,2,0,1,10,165,2,69,105,1,0,3,0,0,0,0,0,178,0,0,78,45,53,2,36.6865569272977,67.4234911095552,25.9583333333333,19.106179258517,1.96146565711195,1.62595885223603,0.0168539325842697,0.0189102704150921,0.0105455598156776,0.00025930140108834,0,0,0,0,0.00174078176926729,0.000726779627559457
NO,NOR,Norway,7,2020-08-31,2020-08-29,100,0,0,0,0,6,99,1,0,346157.236518164,94,0,97,3,5,93,2,6,90,4,6,91,3,21,77,2,16,82,2,4,94,2,2,95,3,3,95,2,1,96,3,3,94,3,8,89,3,5,94,1,4,1,95,8,89,3,1,7,92,0,1,0,99,6,93,1,64,36,0,48,52,0,62,38,0,18,82,0,14,86,0,45,54,1,33,6,4,2,55,17,83,0,0,1,3,4,77,15,0,25,25,41,9,0,0,0,1,2,95,2,0,0,3,4,92,1,9,42,30,16,3,0,2,4,93,1,47,51,0,0,2,0,0,0,0,0,0,100,0,53,22,21,4,35.9001040582726,66.8748497775297,24,8.94427190999916,1.86845095316248,1.25557621875885,0,0,0,0,0,0,0,0,0.000853606487409304,0.000682723316861988
NO,NOR,Norway,1,2020-09-01,2020-08-30,100,1,13526.6168341858,1,13526.6168341858,20,100,7,0,876197.333954115,98,1,99,0,24,76,0,6,94,0,25,75,0,44,56,0,15,85,0,27,73,0,7,93,0,10,90,0,5,95,0,9,91,0,38,62,0,12,88,0,10,2,88,21,79,0,7,14,79,0,7,0,93,39,61,0,65,35,0,36,64,0,70,30,0,22,78,0,40,60,0,70,30,0,42,11,8,7,32,12,88,0,2,2,8,3,78,7,0,15,10,41,34,0,3,4,7,21,64,1,3,4,17,16,60,0,20,36,30,11,3,5,9,8,78,0,41,54,1,0,4,100,0,0,0,0,0,0,0,52,22,18,8,9.19724403140522,14.5710089300751,13.8888888888889,9.62250448649376,3.01275992438563,2.10166162262096,0.01,0.0195013954179879,0.0154378657752161,0.000258144170519234,0.01,0.0195013954179879,0.0154378657752161,0.000258144170519234,0.0028169014084507,0.00123279877629136
NO,NOR,Norway,2,2020-09-01,2020-08-31,100,3,22440.5282012541,3,22440.5282012541,23,99,7,1,706723.214491941,99,4,96,0,20,79,1,6,94,0,22,78,0,34,66,0,17,83,0,15,85,0,5,95,0,9,91,0,4,96,0,4,96,0,25,75,0,10,90,0,8,2,90,25,75,0,7,18,75,1,5,1,93,55,45,0,79,21,0,39,61,0,58,42,0,18,82,0,30,70,0,53,47,0,26,17,4,6,47,32,68,0,1,2,9,8,76,4,0,12,23,43,22,0,0,1,6,10,80,3,0,4,10,23,63,0,20,43,18,17,2,2,10,13,74,1,34,62,1,0,3,0,100,0,0,0,0,0,0,55,18,24,3,17.0416573847182,29.39630251167,28.3950617283951,16.7692317372915,2.26378998830907,1.20556104101138,0.03,0.0334344809563718,0.0317529235506809,0.000408797629168448,0.03,0.0334344809563718,0.0317529235506809,0.000408797629168448,0.00327215820173567,0.00133507837220483
NO,NOR,Norway,3,2020-09-01,2020-09-01,105,4,34717.6549053541,2,22090.7687697162,68,104,11,1,612664.99682826,103,5,99,1,20,85,0,3,101,1,18,86,1,28,76,1,20,84,1,15,89,1,5,99,1,6,99,0,3,102,0,6,99,0,31,74,0,23,82,0,16,7,82,20,85,0,11,9,85,1,9,1,94,49,56,0,72,33,0,31,73,1,59,46,0,12,93,0,12,93,0,59,46,0,41,10,5,3,46,18,87,0,2,3,5,7,72,16,0,22,24,39,20,0,0,3,4,6,89,3,1,2,13,15,74,0,13,41,30,21,0,1,5,11,88,0,44,58,0,1,2,0,0,105,0,0,0,0,0,53,28,21,3,15.7063711911357,34.9030951831001,14.7520661157025,18.6255259759635,2.9085,1.57839029048297,0.0380952380952381,0.0366146447649092,0.0566666205594998,0.000578939010300776,0.0190476190476191,0.0261455482229834,0.03605684817001,0.000466827195546006,0.00920910075839653,0.00217872222555564
NO,NOR,Norway,4,2020-09-01,2020-09-01,181,4,9998.7589460265,2,5306.41300551335,59,179,14,0,691118.879567514,177,5,176,0,35,146,0,6,175,0,23,158,0,39,142,0,34,147,0,20,161,0,4,177,0,10,171,0,2,179,0,9,172,0,39,142,0,27,154,0,17,10,154,40,140,1,14,26,141,0,10,4,167,86,94,1,135,46,0,55,124,2,106,74,1,25,155,1,17,163,1,99,82,0,48,30,13,8,82,52,129,0,2,2,12,19,122,24,0,30,29,69,53,0,0,1,6,19,153,2,0,1,9,20,151,0,27,79,56,19,0,1,3,22,155,0,73,105,0,0,3,0,0,0,181,0,0,0,0,74,47,54,6,22.2346817370613,43.2874616561711,17.0864,15.9005521078148,2.71035018929151,1.91455117743999,0.0220994475138122,0.0214164191270245,0.0144674950166077,0.000281516503412193,0.0110497237569061,0.015229012461182,0.00767800325297724,0.000205789005156938,0.00464237941616178,0.00118182259812201
NO,NOR,Norway,5,2020-09-01,2020-09-01,191,1,7739.45532922316,1,7739.45532922316,20,191,6,0,609417.984246254,190,2,188,1,18,172,1,5,185,1,14,176,1,29,162,0,32,158,1,15,175,1,7,183,1,8,182,1,1,189,1,8,182,1,29,161,1,9,182,0,7,2,182,23,167,1,6,17,168,0,6,0,185,75,116,0,139,52,0,70,121,0,115,76,0,21,170,0,31,160,0,94,96,1,52,25,7,10,97,44,147,0,1,2,11,12,142,23,0,39,38,70,44,0,0,4,10,18,159,0,0,2,11,25,153,0,32,94,44,19,2,0,1,17,173,0,80,109,0,1,1,0,0,0,0,191,0,0,0,78,60,51,2,28.4551020408163,54.9272986892109,47.1604938271605,40.7911010292986,3.05265157048941,8.5080929113265,0.00523560209424084,0.0102346934839247,0.0126997488247669,0.000281133531050506,0.00523560209424084,0.0102346934839247,0.0126997488247669,0.000281133531050506,0.00147481749133545,0.000645878583216157
NO,NOR,Norway,6,2020-09-01,2020-09-01,193,1,2339.89033588439,1,2339.89033588439,10,193,4,1,611129.647256667,189,2,191,0,17,176,0,5,187,1,9,184,0,30,163,0,24,169,0,17,176,0,6,187,0,5,188,0,2,191,0,4,189,0,20,173,0,7,186,0,5,2,186,21,167,5,4,16,173,1,3,0,189,28,163,2,138,55,0,66,127,0,124,69,0,19,174,0,22,171,0,85,108,0,68,12,2,3,108,33,160,0,2,3,4,7,158,19,0,46,46,69,32,0,1,1,0,9,182,0,0,2,2,17,172,0,20,80,66,26,1,0,0,16,176,1,90,103,0,0,0,0,0,0,0,0,193,0,0,84,60,44,5,34.7599852071006,59.4302136237763,35.4489795918367,26.2256597319699,1.78838778309678,1.66418903283157,0.00518134715025907,0.0101289106907012,0.00382879532418047,0.000154838687732522,0.00518134715025907,0.0101289106907012,0.00382879532418047,0.000154838687732522,0.000729767204261841,0.000452141018744626
NO,NOR,Norway,7,2020-09-01,2020-08-30,100,0,0,0,0,6,100,1,0,341252.929530881,94,0,99,1,2,97,1,3,95,2,4,95,1,16,84,0,14,86,0,2,98,0,2,97,1,2,98,0,0,99,1,4,95,1,7,92,1,4,96,0,2,2,96,10,89,1,1,9,90,0,1,0,99,4,95,1,62,38,0,41,59,0,62,38,0,12,87,1,13,87,0,42,56,2,32,7,2,1,58,20,80,0,1,0,1,4,75,19,0,28,18,44,10,0,0,0,2,2,96,0,0,0,4,9,86,1,7,41,31,20,1,1,1,3,95,0,51,47,0,0,2,0,0,0,0,0,0,100,0,39,29,26,6,83.9506172839506,106.111177649243,37.5,14.4337567297406,1.80246913580247,0.905858274927037,0,0,0,0,0,0,0,0,0.000845070422535211,0.000675898970898153
NO,NOR,Norway,1,2020-09-02,2020-09-01,100,0,0,0,0,22,100,10,0,815118.995748987,96,2,98,0,22,78,0,6,94,0,23,77,0,41,59,0,15,85,0,23,77,0,6,94,0,11,89,0,3,97,0,10,90,0,38,62,0,17,83,0,12,5,83,22,78,0,10,12,78,0,7,3,90,39,61,0,73,27,0,35,65,0,57,43,0,17,83,0,33,67,0,61,39,0,34,14,6,6,40,17,83,0,2,2,4,7,79,6,0,16,15,35,34,0,1,3,9,20,67,0,1,8,14,25,52,0,19,40,26,13,2,2,11,11,76,0,43,50,1,1,5,100,0,0,0,0,0,0,0,48,24,21,7,7.81592403214025,11.6897220994878,7.61245674740485,4.53966843024288,2.71707711874205,1.83242995521597,0,0,0,0,0,0,0,0,0.00309859154929577,0.00129278762877007
NO,NOR,Norway,2,2020-09-02,2020-09-01,100,3,13901.4732743877,3,13901.4732743877,42,100,10,0,739063.961167548,97,3,97,0,17,83,0,4,96,0,22,78,0,34,66,0,18,82,0,22,78,0,4,96,0,7,93,0,4,96,0,3,97,0,31,69,0,17,83,0,10,7,83,25,75,0,10,15,75,0,8,2,90,51,49,0,75,24,1,37,62,1,66,33,1,11,88,1,25,75,0,62,38,0,36,13,9,4,38,24,76,0,2,3,8,6,77,4,0,15,13,41,31,0,0,0,3,11,86,0,1,1,4,17,77,0,15,50,22,12,1,3,6,11,80,0,40,55,0,0,5,0,100,0,0,0,0,0,0,49,26,18,7,15.869140625,28.9442234354542,14.1868512110727,9.76781123757458,2.57833275523182,1.25976542520695,0.03,0.0334344809563718,0.0188095672429037,0.000309722768525744,0.03,0.0334344809563718,0.0188095672429037,0.000309722768525744,0.00591549295774648,0.0017837173643222
NO,NOR,Norway,3,2020-09-02,2020-09-02,107,5,22786.8447971339,3,16163.0981961344,64,107,11,0,637890.638475254,107,6,100,1,23,84,0,6,100,1,20,87,0,34,73,0,24,83,0,23,84,0,7,100,0,13,93,1,5,101,1,8,99,0,31,76,0,19,88,0,16,3,88,22,83,2,11,11,85,0,8,3,96,46,61,0,76,31,0,38,68,1,71,36,0,13,94,0,19,88,0,51,56,0,24,12,8,7,56,26,81,0,2,1,6,11,82,5,0,22,24,25,36,0,2,0,7,7,90,1,1,3,8,16,79,0,13,48,37,7,2,2,3,13,89,0,45,60,1,0,1,0,0,107,0,0,0,0,0,51,31,25,0,17.4023611111111,34.8469995929363,18.9695290858726,38.2970614687406,3.57151927437642,3.9063816651288,0.0467289719626168,0.0399905624684511,0.0357221809236786,0.000455454553171513,0.0280373831775701,0.0312787739529993,0.0253383530361394,0.000385648020553094,0.00842437804396472,0.00205522262447596
NO,NOR,Norway,4,2020-09-02,2020-09-02,178,3,17164.9700680254,2,12265.6672017817,50,177,9,1,608667.137369474,173,4,172,2,23,153,2,3,173,2,23,153,2,44,132,2,28,148,2,19,157,2,6,170,2,8,168,2,2,175,1,14,162,2,41,135,2,25,153,0,12,13,153,37,140,1,9,28,141,1,6,2,169,88,87,3,141,35,2,57,118,3,116,60,2,22,153,3,30,145,3,89,89,0,46,24,10,9,89,41,137,0,2,3,8,10,136,19,0,27,32,74,45,0,2,1,7,15,153,0,1,2,8,23,143,1,25,87,45,20,1,2,3,16,157,0,62,114,0,0,2,0,0,0,178,0,0,0,0,85,54,36,3,14.5558390022676,26.8620934345027,15.4513888888889,14.4935417207219,2.70850612244898,1.7970106789281,0.0168539325842697,0.0189102704150921,0.0282009147761922,0.000415889546959275,0.0112359550561798,0.0154842230713355,0.0201516829950623,0.000353015074185099,0.00397867430572133,0.00110061593584906
NO,NOR,Norway,5,2020-09-02,2020-09-02,198,1,2284.26706898887,0,0,23,194,12,0,592110.90870051,193,2,196,0,30,168,0,7,191,0,15,183,0,42,156,0,34,164,0,28,170,0,8,190,0,9,189,0,1,197,0,9,189,0,40,158,0,14,183,1,9,5,184,38,158,2,12,26,160,0,11,1,186,73,124,1,140,57,1,57,140,1,126,71,1,25,172,1,29,169,0,97,101,0,59,18,13,7,101,47,151,0,2,3,10,15,152,16,0,29,37,83,49,0,0,3,7,12,176,0,0,2,5,19,170,2,22,108,46,22,0,1,3,12,182,0,72,124,0,0,2,0,0,0,0,198,0,0,0,88,55,50,5,19.1475823759626,35.2758756496609,36,32.199378875997,2.35847668628339,4.25356174016395,0.00505050505050505,0.00987377937101159,0.00385783648877892,0.000157898909078637,0,0,0,0,0.00166981269057645,0.000681850293992268
NO,NOR,Norway,6,2020-09-02,2020-09-02,158,0,0,0,0,16,158,4,1,759918.970622117,154,1,157,0,19,139,0,0,158,0,7,151,0,26,132,0,21,137,0,10,148,0,0,158,0,2,156,0,2,156,0,8,150,0,12,146,0,9,149,0,4,5,149,14,143,1,4,10,144,1,3,0,154,21,137,0,112,46,0,58,100,0,92,66,0,14,144,0,15,143,0,57,101,0,44,6,4,3,101,24,134,0,0,3,2,11,118,24,0,43,40,51,24,0,1,0,3,11,142,1,1,0,2,12,142,1,16,76,51,15,0,1,1,8,147,1,66,90,0,0,2,0,0,0,0,0,158,0,0,65,46,44,3,33.2277882797732,54.6506156102673,31.2098765432099,14.6296296296296,2.29484386347131,4.20349030084064,0,0,0,0,0,0,0,0,0.00142627919415226,0.000698365397707446
NO,NOR,Norway,7,2020-09-02,2020-09-01,100,0,0,0,0,4,100,3,0,375406.062169616,96,0,100,0,5,95,0,0,100,0,3,97,0,13,87,0,7,93,0,2,98,0,2,98,0,0,100,0,0,100,0,6,94,0,4,96,0,2,98,0,1,1,98,10,89,1,3,6,91,0,3,0,97,7,91,2,63,37,0,34,66,0,56,44,0,14,86,0,11,89,0,37,62,1,26,6,4,1,63,20,80,0,1,0,1,6,70,22,0,24,21,45,10,0,0,0,2,4,94,0,0,0,3,7,89,1,7,51,25,17,0,2,0,3,94,1,54,45,1,0,0,0,0,0,0,0,0,100,0,28,30,34,8,99.75,148.930176151179,100,0,2.91629844716576,8.84512256758357,0,0,0,0,0,0,0,0,0.000563380281690141,0.000551946987106018
NO,NOR,Norway,1,2020-09-03,2020-09-01,100,1,7425.03968431675,1,7425.03968431675,32,100,11,0,844064.973909854,96,4,96,0,19,81,0,2,98,0,22,78,0,39,61,0,18,82,0,26,74,0,2,98,0,12,88,0,0,100,0,10,90,0,34,66,0,19,81,0,14,5,81,24,75,1,11,13,76,0,6,5,89,46,54,0,70,30,0,33,66,1,60,39,1,17,82,1,31,69,0,61,39,0,31,14,8,8,39,18,82,0,2,5,2,15,72,4,0,13,15,42,29,1,1,1,9,12,77,0,4,4,8,24,60,0,23,44,20,11,2,2,8,12,78,0,43,50,0,2,5,100,0,0,0,0,0,0,0,54,24,20,2,5.72444444444444,6.5200944495944,8.86426592797784,10.9635271516631,2.86458333333333,1.94143982561686,0.01,0.0195013954179879,0.0087967631803541,0.000199206248871941,0.01,0.0195013954179879,0.0087967631803541,0.000199206248871941,0.00450704225352113,0.00155805874230045
NO,NOR,Norway,2,2020-09-03,2020-09-02,100,4,27730.5040854003,4,27730.5040854003,39,98,12,0,687039.868887741,99,5,94,1,21,78,1,6,93,1,34,65,1,34,66,0,19,80,1,25,74,1,9,90,1,17,82,1,4,95,1,5,94,1,33,66,1,15,85,0,12,3,85,30,70,0,12,18,70,0,10,2,88,50,49,1,76,24,0,43,55,2,61,39,0,10,89,1,27,72,1,66,34,0,39,13,8,6,34,29,71,0,2,3,8,8,71,8,0,10,17,43,30,0,0,2,5,18,74,1,1,2,8,17,72,0,23,49,17,10,1,3,7,15,75,0,23,71,0,1,5,0,100,0,0,0,0,0,0,51,24,23,2,7.87037037037037,14.8402640698545,23.0769230769231,21.7571317288169,2.78862847222222,1.53014596243695,0.04,0.0384072934108425,0.0403622924100368,0.000465370324088616,0.04,0.0384072934108425,0.0403622924100368,0.000465370324088616,0.00560505892497844,0.0017541851218725
NO,NOR,Norway,3,2020-09-03,2020-09-03,106,2,9758.90993059317,2,9758.90993059317,52,101,11,0,739796.366048828,106,6,100,0,20,86,0,3,103,0,20,86,0,31,75,0,20,86,0,19,87,0,6,100,0,14,92,0,4,102,0,5,101,0,30,76,0,25,81,0,19,6,81,29,76,1,11,18,77,0,9,2,95,40,65,1,72,34,0,25,80,1,60,45,1,13,92,1,16,90,0,50,56,0,25,16,4,5,56,24,82,0,3,5,6,12,74,6,0,16,22,40,28,0,0,0,4,11,89,2,0,1,5,14,86,0,4,59,30,12,1,1,3,10,92,0,33,67,0,0,6,0,0,106,0,0,0,0,0,52,32,19,3,10.4786680541103,14.3793096116874,13.78,16.5291321770478,3.37130177514793,3.57352770031682,0.0188679245283019,0.0259012641269205,0.0131913461304419,0.000259987834621629,0.0188679245283019,0.0259012641269205,0.0131913461304419,0.000259987834621629,0.00725142936828894,0.00196376572430439
NO,NOR,Norway,4,2020-09-03,2020-09-03,159,3,11294.5387730196,3,11294.5387730196,37,159,12,0,589535.866821577,157,4,154,1,27,131,1,5,153,1,19,139,1,31,127,1,34,125,0,25,134,0,10,147,2,12,145,2,4,153,2,10,147,2,43,116,0,18,141,0,17,1,141,38,120,1,12,26,121,0,10,2,147,78,81,0,127,32,0,66,92,1,109,50,0,21,137,1,27,131,1,104,55,0,53,27,14,10,55,37,122,0,2,1,10,12,113,21,0,30,17,63,49,0,1,2,5,14,137,0,1,1,5,26,126,0,25,69,44,20,1,2,3,15,139,0,62,96,0,0,1,0,0,0,159,0,0,0,0,74,37,44,4,24.8464,45.2661964634789,18.1574074074074,10.7000812748459,2.49636902105562,1.40220785220367,0.0188679245283019,0.0211482936013365,0.019158357292005,0.000349922249050466,0.0188679245283019,0.0211482936013365,0.019158357292005,0.000349922249050466,0.0032775267959961,0.00105433981054498
NO,NOR,Norway,5,2020-09-03,2020-09-03,191,1,4260.64304937791,0,0,20,188,6,0,625303.827111965,190,1,190,0,23,168,0,1,190,0,15,176,0,30,161,0,31,160,0,14,177,0,3,188,0,6,185,0,1,190,0,6,185,0,25,166,0,13,178,0,10,3,178,28,159,4,6,22,163,0,3,3,185,90,100,1,137,52,2,72,117,2,127,64,0,22,168,1,24,167,0,103,88,0,55,20,15,13,88,38,153,0,1,2,12,12,144,20,0,38,32,63,58,0,0,0,4,16,170,1,0,2,9,24,156,0,22,90,53,26,0,1,5,16,169,0,72,119,0,0,0,0,0,0,0,191,0,0,0,84,53,51,3,37.4766863905326,62.349397811747,38.2,18.0076526942174,2.00959648514279,0.971713041089401,0.00523560209424084,0.0102346934839247,0.00681371657208011,0.000203896577668404,0,0,0,0,0.00149835181300569,0.000656177423466219
NO,NOR,Norway,6,2020-09-03,2020-09-03,171,0,0,0,0,10,171,3,0,539644.990350988,167,1,170,0,14,157,0,1,170,0,8,163,0,19,152,0,28,143,0,5,166,0,2,169,0,5,166,0,0,171,0,2,168,1,18,153,0,7,164,0,2,5,164,22,147,2,3,19,149,0,3,0,168,21,147,3,132,38,1,67,99,5,98,71,2,13,154,4,24,144,3,79,92,0,55,20,3,1,92,33,138,0,2,1,6,10,128,24,0,46,42,62,19,2,0,1,3,7,160,0,2,0,4,17,148,0,18,85,47,18,3,1,2,18,149,1,59,111,0,0,1,0,0,0,0,0,171,0,0,70,45,50,6,46.5237664101403,66.9707085786786,31.4081632653061,23.2362062910199,1.80163188148605,0.777583376413973,0,0,0,0,0,0,0,0,0.000823655382587925,0.000510287234137569
NO,NOR,Norway,7,2020-09-03,2020-09-02,100,0,0,0,0,0,98,4,0,358987.385730802,93,0,100,0,6,94,0,4,96,0,4,96,0,13,87,0,8,92,0,5,95,0,4,96,0,1,99,0,0,100,0,5,95,0,4,96,0,1,98,1,1,0,99,15,83,2,4,11,85,0,4,0,96,6,90,4,70,30,0,37,62,1,69,31,0,17,83,0,15,85,0,52,48,0,35,11,5,1,48,18,82,0,0,0,1,7,72,20,0,25,21,44,10,0,0,0,1,5,94,0,0,1,0,7,92,0,8,45,32,15,0,0,2,4,93,1,43,53,1,0,3,0,0,0,0,0,0,100,0,33,33,26,8,45.5418381344307,74.3500188866592,0,0,3.50199251298152,10.3656040977059,0,0,0,0,0,0,0,0,0,0
NO,NOR,Norway,1,2020-09-04,2020-09-02,100,3,26790.9291466254,2,17189.6933125682,35,100,12,0,974206.488341027,98,6,94,0,23,77,0,3,97,0,20,80,0,40,60,0,18,82,0,29,71,0,3,97,0,11,89,0,2,98,0,8,92,0,31,69,0,20,80,0,16,4,80,25,74,1,12,13,75,0,6,6,88,47,52,1,65,35,0,33,66,1,64,35,1,19,79,2,32,68,0,60,40,0,29,13,11,7,40,26,74,0,1,7,3,15,71,3,0,9,16,36,38,1,1,1,13,12,72,1,3,5,9,17,66,0,21,46,22,8,3,3,8,17,72,0,42,52,0,3,3,100,0,0,0,0,0,0,0,44,31,22,3,8.91161431701972,18.0027811470126,8.75,10.1144763373566,3.05817174515235,1.68947723700775,0.03,0.0334344809563718,0.0275002573553453,0.000324739941982452,0.02,0.0274394957835608,0.0176448150554206,0.000261436010962042,0.00492957746478873,0.00162911098911644
NO,NOR,Norway,2,2020-09-04,2020-09-03,100,1,6582.24178133883,0,0,20,100,6,0,700279.170807318,99,2,97,1,16,83,1,3,96,1,17,82,1,30,70,0,21,78,1,10,89,1,3,96,1,9,90,1,1,98,1,4,95,1,28,71,1,10,90,0,7,3,90,36,64,0,6,30,64,0,6,0,94,44,55,1,79,21,0,34,65,1,68,32,0,8,91,1,21,78,1,64,36,0,38,10,10,6,36,21,79,0,2,2,8,3,73,12,0,13,19,40,28,0,0,2,10,15,72,1,1,4,6,15,74,0,25,43,20,10,2,3,6,18,73,0,34,63,0,0,3,0,100,0,0,0,0,0,0,53,24,23,0,15.2647137866165,30.3559772027038,20,18.2574185835055,2.38751147842057,1.14947130488284,0.01,0.0195013954179879,0.00939945389743704,0.000226002414613662,0,0,0,0,0.0028169014084507,0.00123279877629136
NO,NOR,Norway,3,2020-09-04,2020-09-04,113,4,16429.4489441793,3,11624.1819464537,33,113,14,0,644119.998114066,113,4,109,0,25,88,0,2,111,0,27,86,0,40,73,0,25,88,0,18,95,0,7,106,0,10,103,0,3,110,0,7,106,0,30,83,0,12,101,0,10,2,101,33,80,0,14,19,80,0,10,4,99,53,60,0,88,25,0,42,70,1,70,43,0,16,96,1,20,93,0,60,52,1,40,12,4,4,53,35,78,0,1,3,7,10,85,7,0,22,13,41,37,0,2,2,4,11,94,0,1,1,6,12,93,0,9,64,26,11,3,0,5,7,101,0,44,67,0,0,2,0,0,113,0,0,0,0,0,53,34,25,1,19.8191000918274,33.5990235505033,25.8958333333333,16.1237373243002,3.03400387172797,1.41574047616621,0.0353982300884956,0.0340701205655689,0.0255068139357316,0.000385019042798693,0.0265486725663717,0.0296406276500937,0.0180466092971626,0.000325093244323753,0.00411317462295899,0.00140046823363941
NO,NOR,Norway,4,2020-09-04,2020-09-04,179,4,13006.3804417684,4,13006.3804417684,46,177,8,0,618750.33948805,176,7,172,0,23,156,0,2,177,0,25,154,0,38,141,0,33,146,0,20,159,0,2,177,0,11,168,0,4,175,0,8,171,0,36,143,0,22,157,0,16,5,158,40,137,2,8,32,139,0,7,1,171,77,101,1,141,36,2,70,107,2,122,55,2,29,148,2,20,157,2,99,80,0,58,24,11,6,80,43,136,0,2,6,5,12,138,16,0,22,31,67,59,0,0,2,6,20,150,1,0,2,8,32,136,1,26,89,49,15,0,0,3,14,162,0,60,117,0,1,1,0,0,0,179,0,0,0,0,81,46,45,7,31.609546297858,61.2552003078236,20.585,13.6507769202458,2.68280816326531,1.465347053362,0.0223463687150838,0.0216529745058483,0.0210204013019691,0.000357435503512426,0.0223463687150838,0.0216529745058483,0.0210204013019691,0.000357435503512426,0.00366038036126363,0.00105584238495985
NO,NOR,Norway,5,2020-09-04,2020-09-04,199,2,7465.70386662823,1,4723.80015272428,23,197,12,0,623300.745138459,192,2,197,0,26,173,0,6,193,0,7,192,0,36,163,0,32,167,0,17,182,0,4,195,0,9,190,0,3,196,0,9,190,0,38,161,0,15,184,0,13,2,184,36,160,3,12,24,163,0,11,1,187,70,129,0,162,37,0,84,114,1,130,69,0,18,181,0,22,177,0,105,94,0,53,31,11,10,94,54,145,0,2,6,4,12,158,17,0,42,30,72,55,0,0,0,4,13,182,0,1,1,5,17,175,0,16,99,60,23,1,0,1,10,188,0,77,120,0,1,1,0,0,0,0,199,0,0,0,78,53,62,6,24.1492233996226,47.0631649303935,27.0828402366864,17.8449508198201,2.27113573407202,3.76834792241588,0.0100502512562814,0.0138585115245467,0.0119776912266803,0.000270065557172214,0.0050251256281407,0.00982428768705325,0.00757868523272011,0.000215300106431548,0.001644384070923,0.000671475338438902
NO,NOR,Norway,6,2020-09-04,2020-09-04,176,0,0,0,0,10,176,6,0,562400.121035451,176,0,175,1,10,166,0,3,172,1,9,166,1,12,163,1,23,151,2,7,168,1,2,173,1,6,169,1,2,172,2,5,170,1,18,157,1,8,168,0,7,1,168,23,148,5,6,17,153,0,4,2,170,22,153,1,130,45,1,77,99,0,93,83,0,17,159,0,26,150,0,76,100,0,56,10,6,4,100,32,144,0,3,2,8,11,122,30,0,41,47,71,17,0,0,2,2,16,154,2,0,2,6,11,156,1,20,86,48,21,1,0,1,12,163,0,74,99,0,2,1,0,0,0,0,0,176,0,0,78,46,48,4,45.8298676748582,82.5997309278044,27.5,15.556349186104,1.91833910034602,1.79021484671748,0,0,0,0,0,0,0,0,0.000800256081946223,0.000495796243035585
NO,NOR,Norway,7,2020-09-04,2020-09-03,100,0,0,0,0,2,100,1,0,329715.078345644,95,0,100,0,7,93,0,7,93,0,6,94,0,16,84,0,16,84,0,4,96,0,4,96,0,2,98,0,1,99,0,2,98,0,5,94,1,1,99,0,1,0,99,12,88,0,1,11,88,0,1,0,99,7,88,5,68,31,1,38,60,2,62,38,0,11,88,1,16,83,1,42,58,0,32,8,2,0,58,15,85,0,0,1,1,3,68,27,0,30,25,41,4,0,0,0,1,8,91,0,0,2,0,11,86,1,7,40,38,13,2,0,1,10,88,1,45,52,0,0,3,0,0,0,0,0,0,100,0,47,30,19,4,63.4958382877527,99.7002354409672,200,0,1.67313019390582,0.790327822267129,0,0,0,0,0,0,0,0,0.00028169014084507,0.000390340454332305
NO,NOR,Norway,1,2020-09-05,2020-09-03,100,4,31660.0019331533,2,17189.6933125682,92,99,10,1,995549.465504486,98,5,95,0,24,76,0,5,95,0,20,80,0,40,60,0,18,82,0,26,74,0,5,95,0,13,87,0,3,97,0,7,93,0,26,74,0,18,82,0,12,6,82,31,69,0,10,21,69,1,5,4,90,38,61,1,73,27,0,35,64,1,63,36,1,21,77,2,36,64,0,52,48,0,30,13,5,4,48,23,77,0,3,9,4,11,70,3,0,7,12,43,37,1,0,3,15,16,65,1,3,4,10,11,72,0,18,46,22,11,3,3,8,16,73,0,38,55,0,4,3,100,0,0,0,0,0,0,0,51,30,16,3,11.5838716863444,21.7349164565284,31.8339100346021,52.9435793380113,3.21329639889197,3.44827115558792,0.04,0.0384072934108425,0.0318015357650862,0.000344685417888105,0.02,0.0274394957835608,0.0172665386383965,0.000255880495787021,0.0130886328069427,0.00265697542152643
NO,NOR,Norway,2,2020-09-05,2020-09-04,100,5,26782.5949231473,4,20200.3531418084,55,100,11,0,744051.562393627,100,7,92,1,21,78,1,2,97,1,17,82,1,33,67,0,20,79,1,20,79,1,7,92,1,13,86,1,3,96,1,3,96,1,29,70,1,20,80,0,14,6,80,31,69,0,11,20,69,0,10,1,89,46,53,1,81,18,1,40,58,2,70,29,1,13,84,3,17,82,1,59,41,0,38,9,5,7,41,25,75,0,0,2,14,8,73,3,0,10,18,41,30,1,1,0,5,9,85,0,2,0,8,13,77,0,11,55,26,8,0,1,1,16,82,0,40,56,0,0,4,0,100,0,0,0,0,0,0,51,30,19,0,11.498754004984,15.9897007568374,13.75,7.58721223333605,2.76,2.25236127500259,0.05,0.042716424707947,0.035995616805087,0.000423263568135607,0.04,0.0384072934108425,0.027149130736079,0.000369273101987253,0.00774647887323944,0.00203930606762687
NO,NOR,Norway,3,2020-09-05,2020-09-05,114,1,5205.49087734525,1,5205.49087734525,36,113,10,0,619367.411030947,112,2,112,0,16,98,0,3,111,0,14,100,0,29,85,0,20,94,0,18,96,0,3,111,0,4,110,0,2,112,0,4,110,0,20,94,0,18,96,0,14,4,96,20,93,1,10,10,94,0,10,0,104,46,68,0,87,27,0,52,62,0,72,42,0,12,102,0,22,92,0,64,50,0,33,19,8,4,50,30,84,0,2,3,8,5,85,11,0,21,23,34,36,0,4,1,6,10,91,2,1,4,7,21,81,0,19,47,31,15,2,3,2,9,99,1,52,62,0,0,0,0,0,114,0,0,0,0,0,51,34,24,5,19.4119897959184,38.5917160236925,14.2006920415225,5.75024667830765,2.92232510288066,1.5108533890622,0.0087719298245614,0.0171170940046306,0.00840452820835476,0.00022735151510422,0.0087719298245614,0.0171170940046306,0.00840452820835476,0.00022735151510422,0.00448709958868254,0.00146246673106784
NO,NOR,Norway,4,2020-09-05,2020-09-05,181,2,3447.25134062022,2,3447.25134062022,61,180,10,0,667161.574267248,179,3,178,0,33,148,0,6,175,0,25,156,0,39,142,0,37,144,0,23,158,0,6,175,0,9,172,0,3,178,0,9,172,0,45,136,0,22,159,0,16,6,159,37,140,4,10,27,144,0,10,0,171,72,108,1,154,26,1,71,110,0,120,61,0,24,156,1,27,154,0,102,79,0,56,27,11,8,79,37,144,0,3,1,8,12,137,20,0,28,29,50,73,1,0,4,6,11,159,1,3,2,6,29,140,1,28,82,51,20,0,1,6,11,163,0,76,104,0,1,0,0,0,0,181,0,0,0,0,78,46,54,3,27.9546835777514,50.4671218446064,25.0362811791383,15.8704641939944,2.67198277207328,1.77925244804825,0.0110497237569061,0.015229012461182,0.00516704119898748,0.000172039678903769,0.0110497237569061,0.015229012461182,0.00516704119898748,0.000172039678903769,0.00477308294209703,0.00119493205465318
NO,NOR,Norway,5,2020-09-05,2020-09-05,204,0,0,0,0,23,203,13,0,547306.844821874,202,1,203,0,24,180,0,4,200,0,19,185,0,35,169,0,39,165,0,8,196,0,3,201,0,7,197,0,0,204,0,8,196,0,37,167,0,9,195,0,9,0,195,37,164,3,13,24,167,0,12,1,191,83,121,0,168,36,0,88,116,0,128,76,0,21,182,1,33,171,0,111,93,0,67,23,11,10,93,55,149,0,1,5,15,13,152,18,0,33,47,52,72,0,2,0,6,10,185,1,2,1,4,12,184,1,28,96,61,18,1,0,3,9,190,2,75,126,0,0,3,0,0,0,0,204,0,0,0,79,52,63,10,18.7772390767891,41.5245943089911,73.3125,76.4240694601978,2.69762598917118,5.21173371356846,0,0,0,0,0,0,0,0,0.00159578158606813,0.000651644637989831
NO,NOR,Norway,6,2020-09-05,2020-09-05,174,1,11868.280897228,0,0,14,173,2,0,624181.927853894,171,3,171,0,20,154,0,4,169,1,7,166,1,25,149,0,24,149,1,12,162,0,3,170,1,5,168,1,2,171,1,7,166,1,9,164,1,7,166,1,4,3,167,14,156,4,2,12,160,0,1,1,172,13,160,1,138,35,1,72,100,2,94,79,1,13,160,1,16,157,1,73,101,0,55,16,2,0,101,27,147,0,1,2,3,5,137,26,0,54,44,61,15,0,0,0,0,10,161,3,0,0,4,16,153,1,17,82,57,14,4,0,3,9,161,1,69,103,1,0,1,0,0,0,0,0,174,0,0,66,48,54,6,34.3852364475202,42.3380240294269,49.7142857142857,35.1533085504169,1.88610787007415,0.835085634105948,0.00574712643678161,0.0112317459121736,0.0190141373333803,0.000338814652257687,0,0,0,0,0.00113978669706098,0.000596705463511502
NO,NOR,Norway,7,2020-09-05,2020-09-04,100,1,3881.46769001396,1,3881.46769001396,3,100,0,0,327860.116775952,96,1,98,1,9,90,1,5,94,1,7,92,1,18,81,1,20,79,1,4,95,1,3,96,1,3,96,1,2,97,1,2,97,1,3,95,2,2,98,0,1,1,98,9,89,2,0,8,92,0,0,0,100,7,89,4,70,29,1,39,60,1,59,41,0,13,86,1,15,84,1,38,62,0,29,7,2,0,62,19,81,0,2,1,1,4,71,21,0,32,23,36,8,1,0,0,1,7,92,0,0,1,2,11,86,0,10,43,30,13,4,0,0,18,80,2,41,54,0,1,4,0,0,0,0,0,0,100,0,46,30,20,4,51.8430439952438,95.7012275371399,75,35.3553390593274,1.65337033183027,0.785678214571122,0.01,0.0195013954179879,0.0118387918853406,0.000370229814941215,0.01,0.0195013954179879,0.0118387918853406,0.000370229814941215,0.000422535211267606,0.000478033792144491
NO,NOR,Norway,1,2020-09-06,2020-09-04,100,1,4869.0727865279,0,0,90,98,6,1,853344.11244073,99,2,98,0,24,76,0,3,97,0,30,70,0,40,60,0,20,80,0,21,79,0,8,92,0,7,93,0,4,96,0,5,95,0,33,67,0,21,79,0,11,10,79,29,71,0,6,23,71,1,5,0,94,28,72,0,72,28,0,42,58,0,66,34,0,23,77,0,41,59,0,54,46,0,33,8,9,4,46,17,83,0,4,4,8,10,70,4,0,10,13,49,28,0,0,3,10,15,72,0,1,1,10,19,69,0,23,47,19,9,2,1,7,10,82,0,38,54,1,2,5,100,0,0,0,0,0,0,0,54,26,16,4,10.3195266272189,19.4406300670928,24.9307479224377,44.6194574618458,4.01475694444444,9.92706770477345,0.01,0.0195013954179879,0.00570587259646218,0.000159810188993617,0,0,0,0,0.0129347513653349,0.00265495920552993
NO,NOR,Norway,2,2020-09-06,2020-09-05,100,1,4822.38063873585,1,4822.38063873585,31,98,1,0,725823.213964094,99,1,98,1,13,86,1,3,96,1,17,82,1,31,69,0,13,86,1,16,83,1,6,93,1,11,88,1,5,94,1,4,95,1,30,69,1,15,85,0,12,3,85,21,79,0,1,20,79,0,0,1,99,29,69,2,73,26,1,40,58,2,69,31,0,13,86,1,19,80,1,61,39,0,43,12,4,2,39,20,80,0,1,4,10,6,75,4,0,11,20,37,32,0,0,0,7,11,82,0,1,1,13,13,72,0,17,43,29,10,1,1,3,12,84,0,38,59,0,0,3,0,100,0,0,0,0,0,0,49,30,18,3,11.2066648750336,28.8126593478715,18.3431952662722,8.0300603494368,2.88628472222222,2.31930683180735,0.01,0.0195013954179879,0.00664401543786172,0.000186896185096962,0.01,0.0195013954179879,0.00664401543786172,0.000186896185096962,0.00445530324805979,0.0015648578583114
NO,NOR,Norway,3,2020-09-06,2020-09-06,104,4,20540.2807714878,4,20540.2807714878,31,104,10,0,579947.860268036,101,7,97,0,18,86,0,4,100,0,18,86,0,29,75,0,24,80,0,18,86,0,2,102,0,11,93,0,3,101,0,6,98,0,24,80,0,16,88,0,13,3,88,34,69,1,10,24,70,0,9,1,94,32,72,0,65,39,0,37,67,0,60,44,0,12,92,0,10,94,0,50,54,0,36,6,5,3,54,18,86,0,1,1,10,4,77,11,0,23,17,35,29,0,1,2,6,16,78,1,1,2,8,19,74,0,17,44,30,13,0,1,8,13,82,0,46,55,0,1,2,0,0,104,0,0,0,0,0,48,35,20,1,13.2200677131425,28.7358712686081,12.59375,7.67945039266049,3.10755019323216,1.77546521200154,0.0384615384615385,0.0369596693901953,0.0354174610834752,0.000475698767803327,0.0384615384615385,0.0369596693901953,0.0354174610834752,0.000475698767803327,0.00419826652221018,0.00147476794337276
NO,NOR,Norway,4,2020-09-06,2020-09-06,236,4,11404.1399344281,3,9363.90807132714,90,236,16,0,744627.34860828,235,6,230,0,32,204,0,3,233,0,28,208,0,50,186,0,50,186,0,30,206,0,8,228,0,16,220,0,4,232,0,15,221,0,38,198,0,27,209,0,17,10,209,55,180,1,16,39,181,0,14,2,220,69,167,0,160,76,0,102,134,0,156,80,0,36,200,0,32,203,1,133,103,0,85,24,11,13,103,54,182,0,4,6,9,15,186,16,0,45,28,79,83,1,3,0,13,18,200,2,3,5,6,24,197,1,33,104,69,25,5,5,3,17,211,0,96,136,0,0,4,0,0,0,236,0,0,0,0,94,81,56,5,20.2154017857143,38.432376945505,28.8120713305899,38.0857203993248,3.07826086956522,3.34386096153037,0.0169491525423729,0.0164685011579825,0.0153152311095511,0.000278925992503273,0.0127118644067797,0.0142928446855675,0.0125752943251795,0.000253098559520272,0.0053712103127238,0.00110669897305845
NO,NOR,Norway,5,2020-09-06,2020-09-06,200,1,4111.62939263151,0,0,30,199,10,0,542718.52252687,199,2,198,0,21,179,0,4,196,0,10,190,0,34,166,0,27,173,0,19,181,0,5,195,0,6,194,0,3,197,0,7,193,0,26,174,0,13,187,0,9,4,187,40,158,2,10,30,160,0,10,0,190,36,161,3,137,61,2,81,116,3,118,81,1,16,182,2,23,175,2,84,116,0,53,15,8,8,116,48,152,0,4,0,5,15,143,33,0,41,36,59,64,0,0,3,4,14,177,2,0,2,8,16,174,0,30,80,70,16,4,2,4,17,176,1,73,125,0,0,2,0,0,0,0,200,0,0,0,82,56,58,4,28.601108033241,51.7332852113211,41.6666666666667,21.904291355759,2.11965811965812,1.49490429675871,0.005,0.00977528967165507,0.00757598869758116,0.000230690154419891,0,0,0,0,0.00212329251893269,0.000758989444298073
NO,NOR,Norway,6,2020-09-06,2020-09-06,184,0,0,0,0,21,181,6,0,595079.13522443,176,0,183,1,22,161,1,6,177,1,9,173,2,24,159,1,19,165,0,9,174,1,3,180,1,3,180,1,2,181,1,6,177,1,10,173,1,12,172,0,9,3,172,21,162,1,6,13,165,0,6,0,178,18,164,2,119,65,0,62,122,0,115,69,0,22,161,1,17,167,0,86,98,0,56,11,7,12,98,29,155,0,1,3,3,8,135,34,0,46,41,71,26,0,0,0,5,8,170,1,0,1,8,13,162,0,22,80,54,25,3,0,2,15,167,0,80,102,0,0,2,0,0,0,0,0,184,0,0,72,45,56,11,33.6179258833668,62.3891924110376,47.7037037037037,39.590496427898,1.94050838290968,0.911136823151929,0,0,0,0,0,0,0,0,0.00163411407672555,0.000698338010311437
NO,NOR,Norway,7,2020-09-06,2020-09-05,100,1,3881.46769001396,1,3881.46769001396,1,100,1,0,336725.786180339,98,1,98,1,7,93,0,0,99,1,5,94,1,13,86,1,17,82,1,3,96,1,2,97,1,4,95,1,1,98,1,2,97,1,3,96,1,1,99,0,0,1,99,5,91,4,1,4,95,0,1,0,99,4,94,2,71,29,0,37,63,0,53,47,0,12,88,0,13,87,0,35,65,0,28,4,1,2,65,20,80,0,1,1,2,5,77,14,0,31,23,34,11,1,0,0,2,4,93,1,0,0,2,6,91,1,9,49,27,12,3,0,0,9,90,1,38,56,0,2,4,0,0,0,0,0,0,100,0,46,29,21,4,25.3472222222222,29.0737823969697,100,0,1.72274251358539,0.966179520862905,0.01,0.0195013954179879,0.0115270877649245,0.000360538866829766,0.01,0.0195013954179879,0.0115270877649245,0.000360538866829766,0.000140845070422535,0.000276031824513654
NO,NOR,Norway,1,2020-09-07,2020-09-06,100,3,26403.8023442876,2,16589.4005806341,42,97,5,0,727290.812821088,97,5,95,0,22,78,0,3,97,0,30,70,0,42,58,0,22,78,0,18,82,0,6,94,0,12,88,0,4,96,0,5,95,0,29,71,0,21,79,0,13,8,79,26,74,0,5,21,74,0,4,1,95,34,65,1,66,34,0,40,60,0,69,31,0,22,78,0,38,62,0,62,38,0,36,14,9,3,38,13,87,0,3,4,8,9,69,7,0,14,14,38,34,0,1,3,12,13,70,1,1,2,13,24,59,1,25,41,25,7,2,0,9,11,80,0,35,61,1,0,3,100,0,0,0,0,0,0,0,52,18,20,10,9.29930795847751,23.4186390199092,12.962962962963,7.85674201318386,2.93442820915348,2.05294898946047,0.03,0.0334344809563718,0.0363043254209,0.000429875981887987,0.02,0.0274394957835608,0.0228098585712715,0.00034311908486295,0.00609844634819225,0.00183871465694164
NO,NOR,Norway,2,2020-09-07,2020-09-07,108,2,12117.4948423558,1,5003.44753519893,56,107,12,0,662908.483098935,108,3,105,0,17,91,0,1,107,0,32,76,0,32,76,0,24,84,0,27,81,0,9,99,0,13,95,0,3,105,0,6,102,0,27,81,0,17,91,0,11,6,91,30,78,0,12,17,79,0,9,3,96,50,58,0,66,42,0,38,70,0,81,27,0,14,94,0,21,87,0,69,39,0,49,10,6,4,39,24,84,0,2,5,5,17,72,7,0,11,25,48,24,0,0,0,12,19,76,1,2,4,11,24,67,0,17,50,32,9,0,2,3,14,89,0,44,61,1,1,1,0,108,0,0,0,0,0,0,50,35,20,3,9.9931640625,20.0442779867066,23.625,39.5129725533274,2.38376646493414,1.18391603104844,0.0185185185185185,0.0254261373247429,0.0182792876411982,0.000322474154752905,0.00925925925925926,0.0180636016201853,0.00754771987802757,0.000208345443275822,0.00737133078846913,0.00192350529121902
NO,NOR,Norway,3,2020-09-07,2020-09-07,134,4,24024.5609632243,4,24024.5609632243,49,133,7,0,607682.732660455,131,5,128,1,20,114,0,2,131,1,23,110,1,31,103,0,26,107,1,25,109,0,4,129,1,12,121,1,0,133,1,4,129,1,30,103,1,20,113,1,15,5,114,30,104,0,7,22,105,0,6,1,127,49,85,0,82,52,0,36,97,1,89,45,0,17,117,0,13,121,0,78,56,0,45,19,7,7,56,25,109,0,1,3,6,7,107,10,0,21,22,50,41,0,0,0,7,14,111,2,1,2,7,23,101,0,18,60,39,16,1,1,2,15,116,0,54,79,0,0,1,0,0,134,0,0,0,0,0,66,39,25,4,19.92333984375,36.278227724738,16.415,14.1670587149055,3.43325443786982,4.00016641268722,0.0298507462686567,0.0288132710882984,0.0395347105849857,0.000489936462512526,0.0298507462686567,0.0288132710882984,0.0395347105849857,0.000489936462512526,0.00518902891030393,0.00144912692047855
NO,NOR,Norway,4,2020-09-07,2020-09-07,210,3,8060.97293498989,1,3042.17474152067,172,207,14,0,697510.322184362,207,3,206,1,36,174,0,8,201,1,21,187,2,44,166,0,42,167,1,26,184,0,5,204,1,9,200,1,3,206,1,11,198,1,46,164,0,38,172,0,30,8,172,41,169,0,14,27,169,0,11,3,196,79,130,1,124,86,0,64,145,1,133,77,0,22,187,1,27,182,1,119,91,0,74,24,12,9,91,40,170,0,2,5,9,11,157,26,0,41,32,84,53,0,0,3,6,17,183,1,1,0,13,19,176,1,23,89,73,23,2,0,8,17,184,1,87,121,0,1,1,0,0,0,210,0,0,0,0,91,59,55,5,20.6891580161476,40.8894542861386,29.1428571428571,69.3351378778309,2.56847114812612,1.2934560448359,0.0142857142857143,0.0160496271971058,0.0115567794176088,0.000250822820458079,0.00476190476190476,0.00931091349954401,0.00436147630330921,0.000154646600010798,0.0117030686534667,0.00173871076793496
NO,NOR,Norway,5,2020-09-07,2020-09-07,183,1,3991.82445924823,0,0,24,182,6,0,536487.525716806,180,4,178,1,26,157,0,5,177,1,16,166,1,36,146,1,32,151,0,12,170,1,6,176,1,9,173,1,0,182,1,6,176,1,23,160,0,16,167,0,11,5,167,23,158,2,6,17,160,0,5,1,177,55,128,0,112,70,1,61,120,2,115,68,0,19,162,2,15,166,2,89,94,0,58,22,5,4,94,31,152,0,4,5,6,5,138,25,0,40,37,69,37,0,0,0,11,15,157,0,0,3,11,25,144,0,28,84,53,18,0,1,2,24,156,0,62,118,0,1,2,0,0,0,0,183,0,0,0,75,54,49,5,30.1965830449827,52.8770015086205,19.52,10.1025597887721,1.96376720111097,1.04982125206224,0.00546448087431694,0.0106808828192826,0.00744066593890458,0.000229960063070754,0,0,0,0,0.00185729763194552,0.000742369794669712
NO,NOR,Norway,6,2020-09-07,2020-09-07,211,2,4131.32043950522,0,0,14,208,4,1,567963.445838797,207,2,208,1,24,186,1,5,205,1,13,198,0,32,179,0,27,184,0,12,198,1,4,206,1,4,207,0,1,209,1,5,205,1,26,185,0,11,199,1,8,3,200,25,182,4,4,21,186,1,3,0,207,14,192,5,125,83,3,76,134,1,125,82,4,20,187,4,16,192,3,97,114,0,74,11,7,5,114,26,185,0,0,3,10,11,156,31,0,39,61,85,24,2,0,0,3,16,188,4,0,1,1,27,180,2,27,118,49,15,2,0,2,14,195,0,83,121,2,1,4,0,0,0,0,0,211,0,0,78,67,58,8,28.5783025172644,51.7716549978154,36.4691358024691,20.6760565420233,1.88226644446623,1.06278985498884,0.00947867298578199,0.0130741224736064,0.0072739195977725,0.000220997246297865,0,0,0,0,0.000947995666305525,0.000496345938971884
NO,NOR,Norway,7,2020-09-07,2020-09-06,100,0,0,0,0,5,100,3,0,310809.691057782,97,0,100,0,5,95,0,1,99,0,6,94,0,12,88,0,17,83,0,5,95,0,2,98,0,3,97,0,1,99,0,6,94,0,4,96,0,1,99,0,1,0,99,9,90,1,3,5,92,0,3,0,97,9,88,3,62,37,1,28,69,3,55,45,0,8,91,1,8,92,0,39,61,0,28,6,3,2,61,19,81,0,1,1,2,4,70,22,0,27,27,34,12,0,0,0,2,4,93,1,0,0,1,9,88,2,8,37,37,17,1,0,0,6,94,0,54,45,0,0,1,0,0,0,0,0,0,100,0,49,28,19,4,73.6,117.098249346436,500,0,1.72853185595568,0.839803537910861,0,0,0,0,0,0,0,0,0.000704225352112676,0.00061705200811476
NO,NOR,Norway,1,2020-09-08,2020-09-07,100,5,46104.7320452649,5,46104.7320452649,37,98,7,0,794582.806465201,95,6,94,0,24,76,0,8,92,0,29,71,0,51,49,0,26,74,0,18,82,0,7,93,0,13,87,0,5,95,0,8,92,0,30,70,0,21,79,0,14,7,79,28,72,0,7,21,72,0,5,2,93,38,61,1,73,27,0,44,56,0,67,33,0,20,80,0,39,61,0,65,35,0,39,19,5,2,35,20,80,0,3,6,6,9,72,4,0,11,12,45,32,0,2,4,8,13,69,4,3,4,13,17,62,1,24,34,31,6,5,2,11,12,75,0,38,59,0,0,3,100,0,0,0,0,0,0,0,53,18,18,11,11.1428571428571,25.913194340618,10.2493074792244,6.43973989812103,3.01729579598536,1.57627261780939,0.05,0.042716424707947,0.058023822904459,0.00051404559101413,0.05,0.042716424707947,0.058023822904459,0.00051404559101413,0.00531762000574878,0.00170886101073873
NO,NOR,Norway,2,2020-09-08,2020-09-07,100,2,14737.0659516519,2,14737.0659516519,47,100,7,0,648125.132306788,100,2,97,1,29,70,1,5,94,1,29,70,1,40,59,1,17,82,1,21,78,1,3,96,1,13,86,1,8,91,1,8,91,1,35,64,1,19,81,0,12,7,81,28,72,0,7,21,72,0,3,4,93,45,54,1,66,34,0,30,69,1,55,44,1,9,90,1,21,78,1,55,45,0,31,14,6,4,45,25,75,0,0,2,1,15,73,9,0,18,14,46,22,0,2,1,6,15,76,0,0,6,7,20,67,0,15,41,26,15,3,3,7,12,78,0,41,55,0,0,4,0,100,0,0,0,0,0,0,54,28,17,1,12.2837370242215,26.1562705126864,13.0193905817175,7.91778721770441,2.44872972145699,1.67718058941278,0.02,0.0274394957835608,0.0227379948979916,0.000362911097941752,0.02,0.0274394957835608,0.0227379948979916,0.000362911097941752,0.00661971830985916,0.00188623777833955
NO,NOR,Norway,3,2020-09-08,2020-09-08,122,4,19261.5503355855,4,19261.5503355855,76,121,11,0,666259.497002829,122,6,115,1,17,104,1,2,119,1,17,105,0,20,101,1,19,101,2,17,104,1,4,117,1,12,109,1,3,118,1,6,115,1,28,94,0,17,105,0,12,5,105,26,96,0,11,15,96,0,8,3,111,53,68,1,81,40,1,39,82,1,83,37,2,15,105,2,22,99,1,65,56,1,31,16,11,7,57,31,91,0,2,3,4,6,98,9,0,17,14,53,38,0,0,0,8,16,98,0,0,1,8,20,93,0,19,59,30,13,1,2,6,18,96,0,47,73,0,0,2,0,0,122,0,0,0,0,0,57,35,28,2,20.1517857142857,44.0192008040226,36.21875,72.1493171023353,3.92263888888889,8.84179891257579,0.0327868852459016,0.0315994369537229,0.0289099824051044,0.000402327800783821,0.0327868852459016,0.0315994369537229,0.0289099824051044,0.000402327800783821,0.00884646723315097,0.00198007497382065
NO,NOR,Norway,4,2020-09-08,2020-09-08,205,6,22908.1249280052,5,17399.8439084542,45,203,14,0,704653.365505376,202,8,196,1,32,172,1,4,200,1,29,176,0,39,165,1,44,160,1,30,175,0,9,195,1,8,196,1,5,199,1,10,194,1,45,160,0,22,183,0,17,5,183,48,157,0,14,33,158,0,11,3,191,88,117,0,158,47,0,83,122,0,133,72,0,22,183,0,26,179,0,98,107,0,53,21,10,14,107,42,163,0,6,3,7,18,158,13,0,38,33,80,54,0,2,3,8,14,177,1,0,6,15,23,161,0,28,101,54,19,3,1,7,17,180,0,67,135,0,0,3,0,0,0,205,0,0,0,0,87,56,58,4,20.4744794024445,40.7642966982196,23.0625,16.5860743348782,2.598375,2.40521585328207,0.0292682926829268,0.0230738180064956,0.0325097786364443,0.000414086072959991,0.024390243902439,0.0211162745233654,0.0246927706021457,0.000362339731661503,0.00312218136404635,0.000910795607809764
NO,NOR,Norway,5,2020-09-08,2020-09-08,186,3,7312.0680425198,0,0,26,185,5,0,566886.81642752,183,5,180,1,20,165,1,5,180,1,22,163,1,36,149,1,33,152,1,25,160,1,7,178,1,12,173,1,2,183,1,7,178,1,35,150,1,14,172,0,13,1,172,34,150,2,5,29,152,0,5,0,181,62,124,0,130,56,0,52,134,0,106,80,0,19,167,0,13,173,0,89,97,0,51,26,7,5,97,43,143,0,2,0,8,12,145,19,0,27,42,73,44,0,0,2,9,12,162,1,0,3,15,19,149,0,21,92,51,20,2,0,5,19,162,0,71,114,0,0,1,0,0,0,0,186,0,0,0,71,58,53,4,25.0182898948331,40.6153719722935,28.6153846153846,19.3727069649011,2.00415127743353,1.75425446942134,0.0161290322580645,0.0181035958992386,0.012898638371236,0.000293732986824769,0,0,0,0,0.00197944423296536,0.000760106473161841
NO,NOR,Norway,6,2020-09-08,2020-09-08,177,0,0,0,0,11,175,5,0,627666.801996808,169,0,176,1,12,163,2,3,172,2,7,169,1,18,157,2,21,155,1,6,170,1,1,175,1,4,171,2,1,175,1,4,172,1,9,166,2,9,167,1,3,6,168,16,159,2,5,11,161,0,3,2,172,18,154,5,131,46,0,75,100,2,98,78,1,21,155,1,18,156,3,77,100,0,58,12,3,4,100,28,149,0,2,3,4,11,128,29,0,50,40,66,21,0,0,0,9,8,159,1,0,1,7,12,157,0,18,77,52,28,2,0,1,13,163,0,81,93,0,0,3,0,0,0,0,0,177,0,0,71,48,49,9,135.618055555556,177.141882617807,30.421875,11.4507753753372,2.13797439414723,1.94973652149599,0,0,0,0,0,0,0,0,0.000885311871227364,0.000522944630398759
NO,NOR,Norway,7,2020-09-08,2020-09-07,100,0,0,0,0,6,99,1,0,334709.51248859,97,0,100,0,8,92,0,1,99,0,7,93,0,11,89,0,19,81,0,6,94,0,1,99,0,5,95,0,1,99,0,7,93,0,7,93,0,3,97,0,2,1,97,7,91,2,1,5,94,0,1,0,99,10,89,1,65,35,0,31,67,2,52,48,0,7,93,0,10,90,0,35,65,0,25,6,2,2,65,13,87,0,1,0,4,5,67,23,0,33,30,27,10,0,0,0,2,7,90,1,0,0,1,13,85,1,10,33,36,19,2,0,1,6,93,0,42,58,0,0,0,0,0,0,0,0,0,100,0,47,26,22,5,95.414201183432,122.329554073114,150,141.42135623731,1.9077349982657,0.912520249363879,0,0,0,0,0,0,0,0,0.000853606487409304,0.000682723316861988
NO,NOR,Norway,1,2020-09-09,2020-09-07,100,4,35393.2602294947,4,35393.2602294947,52,100,9,0,819462.025550428,96,4,96,0,22,78,0,10,90,0,31,69,0,50,50,0,25,75,0,21,79,0,8,92,0,13,87,0,6,94,0,8,92,0,37,63,0,23,77,0,15,8,77,31,69,0,9,22,69,0,7,2,91,34,65,1,81,19,0,40,59,1,69,30,1,17,81,2,37,63,0,62,38,0,40,12,4,6,38,21,79,0,3,6,7,11,65,8,0,11,13,45,31,0,1,2,7,13,72,5,2,5,13,20,60,0,19,42,28,5,6,2,7,14,77,0,36,60,1,0,3,100,0,0,0,0,0,0,0,59,25,10,6,13.4527089072544,24.9128099576692,9.82986767485822,7.99739939947655,2.75011317338162,1.48338158240508,0.04,0.0384072934108425,0.0431908485395906,0.000440141382287865,0.04,0.0384072934108425,0.0431908485395906,0.000440141382287865,0.00732394366197183,0.00198333094239918
NO,NOR,Norway,2,2020-09-09,2020-09-09,103,0,0,0,0,18,102,11,0,637620.282082139,101,1,102,0,19,84,0,1,102,0,23,80,0,38,65,0,19,84,0,13,90,0,3,100,0,3,100,0,3,100,0,9,94,0,35,68,0,11,92,0,6,5,92,23,80,0,11,12,80,0,6,5,92,51,52,0,70,33,0,31,72,0,66,37,0,16,87,0,20,83,0,67,36,0,37,14,11,5,36,23,80,0,1,5,5,6,76,10,0,7,21,49,26,0,0,0,7,8,87,1,1,4,8,19,71,0,15,57,20,8,3,0,5,13,85,0,30,70,0,1,2,0,103,0,0,0,0,0,0,54,27,17,5,10.0253834915997,22.1794927940405,18.54,10.637794257583,2.71334860474802,2.57854541930512,0,0,0,0,0,0,0,0,0.00248550124275062,0.00114679405133688
NO,NOR,Norway,3,2020-09-09,2020-09-09,123,2,6501.59509059736,2,6501.59509059736,40,122,12,0,641159.733088838,123,2,121,0,28,95,0,4,119,0,16,107,0,32,91,0,28,95,0,21,102,0,7,116,0,9,114,0,2,121,0,7,116,0,29,94,0,21,102,0,16,5,102,32,89,2,12,20,91,0,8,4,111,62,61,0,88,35,0,36,87,0,78,45,0,10,113,0,22,101,0,65,58,0,34,16,7,8,58,32,91,0,3,4,9,7,83,17,0,21,19,46,37,0,0,1,5,19,96,2,0,0,11,23,89,0,17,54,34,17,1,1,2,17,103,0,52,68,0,1,2,0,0,123,0,0,0,0,0,66,31,21,5,16.7141902428158,32.8232628070082,12.3,9.14372088260285,2.90106630887649,1.55349641374274,0.016260162601626,0.0223510590973029,0.0101403671426392,0.000245232834481225,0.016260162601626,0.0223510590973029,0.0101403671426392,0.000245232834481225,0.0046178711613946,0.0014277587382949
NO,NOR,Norway,4,2020-09-09,2020-09-09,202,4,13331.3694875654,2,6075.74556830518,66,199,12,0,635054.151515231,198,5,197,0,33,169,0,8,194,0,26,176,0,32,170,0,38,164,0,34,168,0,8,194,0,13,189,0,3,199,0,11,191,0,39,162,1,30,172,0,21,9,172,43,158,1,12,31,159,0,12,0,190,95,106,1,144,57,1,69,132,1,128,74,0,25,177,0,37,165,0,104,98,0,55,26,14,9,98,50,152,0,4,4,6,13,155,20,0,37,37,75,53,0,0,3,5,21,173,0,0,2,5,25,170,0,34,79,66,21,2,2,8,17,175,0,75,122,0,0,5,0,0,0,202,0,0,0,0,99,61,37,5,16.6821833648393,29.52433812126,18.2880658436214,13.6592539032153,2.74645627876397,1.77296361226628,0.0198019801980198,0.0192124888137511,0.0209924924602995,0.000352588160683038,0.0099009900990099,0.0136537212602196,0.009567287378263,0.000239414036554199,0.00467124354165192,0.00112432510853823
NO,NOR,Norway,5,2020-09-09,2020-09-09,210,2,5127.28103312883,1,2444.66745010051,13,209,12,0,616260.887338082,208,4,205,1,22,187,1,5,204,1,12,198,0,28,181,1,27,182,1,14,195,1,7,202,1,5,204,1,1,208,1,8,201,1,32,177,1,8,202,0,7,1,202,46,163,1,12,34,164,0,11,1,198,73,137,0,147,63,0,70,140,0,131,79,0,22,188,0,35,175,0,94,116,0,49,30,8,7,116,51,159,0,1,9,9,19,147,25,0,41,43,75,51,0,1,1,5,13,190,0,0,2,7,19,182,0,23,99,58,26,4,0,5,19,186,0,88,116,0,0,6,0,0,0,0,210,0,0,0,97,57,51,5,46.5856481481482,79.8341529310725,55.7142857142857,20.7019667802706,1.96704603363343,1.13702178978079,0.00952380952380953,0.0131360808939101,0.00831998450408877,0.000226784217677681,0.00476190476190476,0.00931091349954401,0.00396693592004544,0.000156938775168921,0.000876069816025339,0.000476019575617723
NO,NOR,Norway,6,2020-09-09,2020-09-09,172,0,0,0,0,11,172,0,0,582958.932530287,171,0,171,1,14,157,1,3,168,1,5,165,2,21,150,1,18,153,1,6,165,1,1,169,2,3,168,1,3,168,1,4,167,1,9,162,1,8,164,0,3,5,164,15,152,5,0,15,157,0,0,0,172,21,149,2,125,45,2,58,111,3,98,73,1,22,148,2,15,156,1,76,96,0,55,12,6,3,96,31,141,0,2,4,5,9,129,23,0,49,40,72,11,0,0,0,0,7,164,1,0,0,1,12,159,0,24,81,55,11,1,1,1,16,153,1,79,91,0,1,1,0,0,0,0,0,172,0,0,75,50,42,5,74.1827744904668,121.69966008982,26.875,19.0577130992002,1.8066594306922,0.717323235599653,0,0,0,0,0,0,0,0,0.000900753357353423,0.000532061646074228
NO,NOR,Norway,7,2020-09-09,2020-09-08,100,0,0,0,0,3,99,4,0,365044.492582042,97,0,100,0,9,91,0,2,98,0,6,94,0,13,87,0,16,84,0,6,94,0,3,97,0,4,96,0,0,100,0,4,96,0,7,93,0,3,97,0,2,1,97,12,87,1,4,8,88,0,3,1,96,6,91,3,69,31,0,31,68,1,44,55,1,11,88,1,14,85,1,32,68,0,20,7,3,2,68,20,80,0,1,1,3,10,67,18,0,36,27,28,9,0,1,0,3,6,89,1,0,2,2,11,85,0,14,43,26,14,3,0,2,6,92,0,44,56,0,0,0,0,0,0,0,0,0,100,0,47,26,23,4,61.3333333333333,86.5675826170123,75,35.3553390593274,1.86631944444444,0.893096424355669,0,0,0,0,0,0,0,0,0.000426803243704652,0.000482861385434658
NO,NOR,Norway,1,2020-09-10,2020-09-09,100,2,11576.346960268,2,11576.346960268,70,100,8,0,741893.5442578,99,2,98,0,24,76,0,8,92,0,33,67,0,44,56,0,20,80,0,24,76,0,6,94,0,18,82,0,4,96,0,10,90,0,39,61,0,23,77,0,13,10,77,27,73,0,8,19,73,0,6,2,92,35,62,3,81,19,0,35,64,1,69,30,1,15,83,2,35,65,0,65,35,0,42,8,5,10,35,20,80,0,1,7,7,11,67,7,0,11,17,42,30,0,0,3,9,21,62,5,3,7,16,23,51,0,23,41,25,5,6,1,6,14,79,0,30,63,1,2,4,100,0,0,0,0,0,0,0,54,27,16,3,9.92883379247016,17.8920818912572,13.2325141776938,17.9494555319005,3.56042087363163,8.95412485694331,0.02,0.0274394957835608,0.015603784464588,0.000282018263482428,0.02,0.0274394957835608,0.015603784464588,0.000282018263482428,0.00985915492957747,0.0022981969844478
NO,NOR,Norway,2,2020-09-10,2020-09-10,104,3,14795.2736297161,1,3234.1002539723,31,102,7,0,622949.622640109,99,5,99,0,13,91,0,4,100,0,24,80,0,27,77,0,17,87,0,18,86,0,5,99,0,13,91,0,2,102,0,6,98,0,31,73,0,16,88,0,13,3,88,25,79,0,7,17,80,0,6,1,97,47,56,1,77,26,1,41,62,1,58,45,1,5,98,1,20,83,1,56,48,0,35,13,6,2,48,28,76,0,2,4,3,9,82,4,0,16,17,41,30,0,0,1,10,13,80,0,0,2,14,24,64,0,16,50,28,10,0,4,5,16,79,0,34,66,1,0,3,0,104,0,0,0,0,0,0,55,21,24,4,10.486328125,18.051006836497,16.4489795918367,10.971471088353,2.6314035818409,1.29507218133536,0.0288461538461538,0.0321676545583471,0.0237503533062795,0.000378126495446513,0.00961538461538462,0.0187549838461375,0.00519159196255057,0.000178460303318136,0.00428058547362607,0.0015036228087712
NO,NOR,Norway,3,2020-09-10,2020-09-10,142,4,17055.6811326623,2,10275.5398520334,47,140,18,0,646393.387041079,142,8,133,1,28,114,0,1,140,1,24,118,0,40,101,1,34,107,1,26,115,1,5,136,1,10,131,1,3,138,1,9,132,1,37,104,1,20,122,0,15,5,122,44,98,0,18,26,98,0,13,5,124,64,78,0,107,35,0,49,93,0,86,56,0,26,116,0,23,119,0,70,71,1,31,24,10,5,72,25,117,0,3,1,6,8,112,12,0,23,35,41,43,0,2,0,7,10,121,2,0,2,5,24,111,0,22,73,31,14,2,1,5,11,125,0,66,68,1,1,6,0,0,142,0,0,0,0,0,76,39,23,4,13.0767414403778,21.7241200399292,20.5987654320988,22.1714170508656,3.0645872715816,1.70679782933764,0.028169014084507,0.0272135446262074,0.0263859152562438,0.000390732147497705,0.0140845070422535,0.0193818215253853,0.0158967279957343,0.000304911530674297,0.00472837022132797,0.0013485946980481
NO,NOR,Norway,4,2020-09-10,2020-09-10,207,1,3952.37990113136,1,3952.37990113136,37,205,8,1,631377.622281695,205,3,204,0,20,187,0,1,206,0,28,179,0,35,172,0,39,168,0,19,188,0,2,205,0,10,197,0,2,205,0,8,199,0,50,157,0,15,191,1,10,5,192,43,163,1,8,35,164,1,7,0,199,98,109,0,165,41,1,71,135,1,140,67,0,32,175,0,27,179,1,112,95,0,59,25,14,14,95,53,154,0,2,7,16,11,159,12,0,32,36,84,54,1,0,5,5,22,175,0,0,4,14,25,164,0,35,96,54,19,3,2,4,14,187,0,74,129,0,0,4,0,0,0,207,0,0,0,0,93,55,51,8,16.5001594218302,27.1066044322586,39.0765306122449,54.2819436536467,2.59756757453168,1.42622383815245,0.00483091787439614,0.00944552676577995,0.00625993028838766,0.000194547049079943,0.00483091787439614,0.00944552676577995,0.00625993028838766,0.000194547049079943,0.00254208175884576,0.000818057883871373
NO,NOR,Norway,5,2020-09-10,2020-09-10,227,1,2023.67352411901,0,0,11,223,2,0,589224.573598564,224,1,226,0,20,207,0,8,219,0,14,213,0,28,199,0,31,196,0,13,214,0,10,217,0,5,222,0,5,222,0,6,221,0,30,197,0,10,216,1,4,6,217,33,191,3,2,31,194,0,2,0,225,87,140,0,171,55,1,88,139,0,160,67,0,22,204,1,26,201,0,125,102,0,76,28,15,6,102,61,166,0,0,3,10,9,180,25,0,38,35,103,51,0,0,1,5,17,200,4,1,1,4,26,195,0,29,111,62,24,1,1,3,21,201,1,86,140,0,0,1,0,0,0,0,227,0,0,0,95,60,68,4,36.4589795918367,70.015497921919,46.3265306122449,31.6470452227596,2.12460743801653,2.27243134974844,0.00440528634361234,0.00861516351645047,0.00343446898651876,0.000149379291767184,0,0,0,0,0.000694751468451967,0.00041042169160217
NO,NOR,Norway,6,2020-09-10,2020-09-10,188,1,3669.21882502332,0,0,5,185,6,0,553938.081030452,183,2,182,4,20,164,4,2,183,3,5,179,4,29,156,3,21,164,3,8,176,4,3,181,4,2,182,4,1,183,4,9,175,4,16,168,4,4,182,2,1,3,184,26,159,3,6,19,163,0,5,1,182,14,174,0,129,59,0,77,111,0,102,85,1,16,172,0,23,163,2,77,111,0,50,21,3,3,111,31,157,0,1,0,9,10,137,31,0,51,46,76,15,0,0,2,2,5,178,1,2,0,4,16,166,0,14,102,53,16,3,0,2,12,173,1,87,98,0,0,3,0,0,0,0,0,188,0,0,88,48,45,7,38.035041322314,71.4284432284874,83.5555555555556,95.7249145168553,1.81911419065352,0.818629762835402,0.00531914893617021,0.0103975764049423,0.00662387900502838,0.000213614403808951,0,0,0,0,0.000380662352493338,0.00033359562052949
NO,NOR,Norway,7,2020-09-10,2020-09-09,100,0,0,0,0,1,99,3,0,348277.694495336,94,0,100,0,7,93,0,2,98,0,4,96,0,11,89,0,13,87,0,4,96,0,1,99,0,2,98,0,1,99,0,5,95,0,5,95,0,1,98,1,1,0,99,12,86,2,3,8,89,0,2,1,97,4,93,3,69,31,0,37,62,1,50,49,1,11,88,1,16,83,1,37,63,0,26,8,2,1,63,26,74,0,0,1,4,4,68,23,0,37,28,29,6,0,0,0,0,4,95,1,0,0,1,8,91,0,8,46,33,12,1,0,1,7,92,0,56,42,0,1,1,0,0,0,0,0,0,100,0,40,23,31,6,73.4375,122.639625765782,100,0,1.79040289723857,0.838624241833504,0,0,0,0,0,0,0,0,0.000142267747901551,0.000278819826397772
NO,NOR,Norway,1,2020-09-11,2020-09-10,100,3,26535.000388092,3,26535.000388092,61,99,10,0,799166.227822597,99,3,97,0,23,77,0,5,95,0,33,67,0,38,62,0,18,82,0,19,81,0,4,96,0,13,87,0,3,97,0,12,88,0,39,61,0,18,82,0,13,5,82,21,79,0,10,10,80,0,7,3,90,41,57,2,71,29,0,32,68,0,63,37,0,12,88,0,32,68,0,63,37,0,41,10,3,9,37,19,81,0,0,5,6,9,73,7,0,11,17,42,30,0,0,3,6,23,64,4,3,5,16,21,55,0,23,37,29,6,5,3,8,11,78,0,34,60,0,3,3,100,0,0,0,0,0,0,0,48,22,26,4,11.3727810650888,23.9808896377877,21.1072664359862,28.3681634394354,3.8005540166205,9.238456754505,0.03,0.0334344809563718,0.0332033555276592,0.000392815019334729,0.03,0.0334344809563718,0.0332033555276592,0.000392815019334729,0.00867833262199459,0.00216833692000612
NO,NOR,Norway,2,2020-09-11,2020-09-11,102,3,17967.1803401128,2,12425.3323865643,56,100,14,0,688836.145765744,101,4,97,1,16,85,1,4,97,1,33,68,1,37,64,1,27,74,1,28,73,1,3,98,1,11,90,1,6,95,1,12,89,1,41,60,1,22,79,1,17,5,80,33,68,1,14,19,69,0,11,3,88,48,53,1,82,19,1,37,64,1,62,38,2,11,90,1,29,72,1,60,41,1,36,5,11,8,42,22,80,0,1,7,6,11,67,9,1,13,20,43,25,1,2,2,9,10,78,1,2,5,9,19,66,1,15,46,32,7,2,1,4,11,85,1,41,57,0,1,3,0,102,0,0,0,0,0,0,54,29,17,2,11.3547574039067,23.382281823155,12.952380952381,10.7882526183726,3.264,4.31046084859528,0.0294117647058824,0.032788840416564,0.0260833878282325,0.000376385611871563,0.0196078431372549,0.0269068483623884,0.0180381538671315,0.000314292109146948,0.00788732394366197,0.00205761565302812
NO,NOR,Norway,3,2020-09-11,2020-09-11,113,5,28367.9657562767,3,16209.7377136229,57,111,11,0,635985.660811154,112,6,107,0,31,82,0,5,108,0,28,85,0,39,74,0,24,89,0,25,88,0,4,109,0,9,104,0,5,108,0,5,108,0,39,74,0,21,92,0,17,4,92,33,79,1,11,22,80,0,8,3,102,54,59,0,82,31,0,34,79,0,63,50,0,10,103,0,15,97,1,56,57,0,39,12,2,3,57,31,82,0,1,1,6,6,90,9,0,25,16,44,28,0,0,4,2,15,92,0,0,6,6,16,85,0,14,49,37,12,1,2,4,15,92,0,44,66,0,1,2,0,0,113,0,0,0,0,0,53,28,30,2,11.9883007771477,17.6847393520582,17.8421052631579,25.6189793353539,3.1004958677686,1.72672123075939,0.0442477876106195,0.0379164182893793,0.0446047253960025,0.000507348532485029,0.0265486725663717,0.0296406276500937,0.025487583624053,0.000387331171439161,0.00723258469737343,0.00187080252968924
NO,NOR,Norway,4,2020-09-11,2020-09-11,203,1,2959.00406737197,1,2959.00406737197,44,201,7,0,732689.183618785,202,2,201,0,18,184,1,3,200,0,18,185,0,34,169,0,31,172,0,17,186,0,3,200,0,16,187,0,2,201,0,11,192,0,37,166,0,21,182,0,16,5,182,47,155,1,7,40,156,0,6,1,196,100,103,0,158,45,0,84,118,1,136,67,0,23,180,0,26,177,0,113,90,0,59,25,16,13,90,48,155,0,1,5,13,8,164,12,0,37,25,75,66,0,2,0,5,13,182,1,2,1,14,22,164,0,19,100,51,33,0,2,4,18,179,0,82,118,1,1,1,0,0,0,203,0,0,0,0,82,59,57,5,20.426875,42.0901351184333,24.7423822714682,16.7244326235455,2.56306526836559,1.4066240092517,0.00492610837438424,0.00963118486285048,0.00403855295468853,0.000145218636781779,0.00492610837438424,0.00963118486285048,0.00403855295468853,0.000145218636781779,0.00308317567094107,0.000909597977052766
NO,NOR,Norway,5,2020-09-11,2020-09-11,175,1,1831.90253087979,1,1831.90253087979,43,174,3,0,499586.561015835,169,1,174,0,13,162,0,5,170,0,11,164,0,28,147,0,27,148,0,11,164,0,6,169,0,4,171,0,1,174,0,6,169,0,26,149,0,14,161,0,8,6,161,27,147,1,3,23,149,0,2,1,172,62,112,1,135,40,0,77,98,0,101,74,0,15,160,0,24,151,0,86,89,0,55,16,6,9,89,47,128,0,1,2,8,13,129,22,0,42,38,52,43,0,0,0,6,12,157,0,1,1,7,18,148,0,28,76,43,26,2,0,5,14,155,1,65,109,0,1,0,0,0,0,0,175,0,0,0,80,48,39,8,24.1812697500718,43.8901964820971,43.491124260355,88.6409081079315,1.97404844290657,0.966086256202653,0.00571428571428571,0.0111677489408554,0.00366683708856157,0.000167606484944701,0.00571428571428571,0.0111677489408554,0.00366683708856157,0.000167606484944701,0.00348065403917759,0.00103852651456638
NO,NOR,Norway,6,2020-09-11,2020-09-11,205,1,1773.70732933634,0,0,13,201,4,0,605988.46615107,202,1,203,1,26,179,0,5,199,1,13,191,1,27,177,1,25,179,1,13,191,1,5,199,1,4,200,1,4,200,1,6,198,1,21,183,1,11,194,0,6,5,194,19,183,3,4,15,186,0,4,0,201,25,176,4,157,47,1,87,116,2,119,85,1,23,181,1,23,180,2,80,125,0,58,19,0,3,125,40,165,0,3,2,4,12,152,32,0,66,47,75,17,0,1,0,3,8,190,3,1,1,7,12,184,0,20,93,63,28,1,0,1,17,187,0,94,109,0,0,2,0,0,0,0,0,205,0,0,81,56,61,7,40.5670339761249,67.9322319190761,54.3877551020408,46.0837535589245,1.79597516040094,0.755083839447316,0.00487804878048781,0.00953745239297216,0.00292696549259761,0.000136015436189259,0,0,0,0,0.000910938266414407,0.000494956991394508
NO,NOR,Norway,7,2020-09-11,2020-09-10,100,0,0,0,0,2,99,0,0,316572.324179404,95,0,100,0,7,93,0,0,100,0,3,97,0,14,85,1,8,92,0,4,96,0,0,100,0,0,100,0,0,100,0,0,100,0,6,94,0,2,97,1,2,0,98,7,89,4,0,7,93,0,0,0,100,9,88,3,73,27,0,40,60,0,50,50,0,7,93,0,16,84,0,40,60,0,34,5,0,1,60,24,76,0,0,2,6,3,72,17,0,33,19,38,10,0,0,0,1,7,92,0,1,0,2,7,90,0,12,36,39,13,0,0,2,5,93,0,54,44,0,0,2,0,0,0,0,0,0,100,0,35,25,32,8,117.283950617284,180.7139967356,50,0,2.29968311453146,3.30901970522621,0,0,0,0,0,0,0,0,0.000284535495803101,0.000394282726107941
NO,NOR,Norway,1,2020-09-12,2020-09-10,100,5,40336.1163420137,4,31070.7715928901,39,98,14,0,874170.881699219,98,7,93,0,16,84,0,5,95,0,30,70,0,40,60,0,20,80,0,17,83,0,6,94,0,9,91,0,5,95,0,9,91,0,37,63,0,14,86,0,10,4,86,30,70,0,14,15,71,0,11,3,86,40,60,0,71,29,0,38,62,0,65,35,0,10,90,0,27,73,0,61,39,0,42,9,4,6,39,19,81,0,1,6,7,9,67,10,0,12,18,43,27,0,1,1,6,21,69,2,3,1,10,24,62,0,22,46,25,5,2,4,4,9,83,0,38,58,0,2,2,100,0,0,0,0,0,0,0,47,26,22,5,11.905325443787,23.1892728641333,27.0833333333333,20.757437513364,3.12174817898023,1.808079617491,0.05,0.042716424707947,0.0461421412980584,0.00043978521652858,0.04,0.0384072934108425,0.0355431326338558,0.000388122820645159,0.00560505892497844,0.0017541851218725
NO,NOR,Norway,2,2020-09-12,2020-09-11,100,2,15539.1606699952,2,15539.1606699952,31,99,8,0,655768.274841928,100,2,98,0,14,86,0,7,93,0,32,68,0,26,74,0,26,74,0,17,83,0,7,93,0,9,91,0,3,97,0,7,93,0,17,83,0,15,85,0,10,5,85,29,71,0,8,21,71,0,8,0,92,42,57,1,86,13,1,37,62,1,63,37,0,11,88,1,26,73,1,61,39,0,41,10,7,3,39,19,81,0,1,5,9,6,73,6,0,14,16,34,36,0,1,4,10,14,69,2,1,9,12,17,61,0,11,45,28,14,2,1,4,8,87,0,43,56,0,0,1,0,100,0,0,0,0,0,0,60,24,15,1,18.9313415685148,34.8239381454534,15.8163265306122,11.945247745834,2.58136924803591,1.58219184255878,0.02,0.0274394957835608,0.0236961153293683,0.000368132343914347,0.02,0.0274394957835608,0.0236961153293683,0.000368132343914347,0.00441030018494807,0.00154908622489618
NO,NOR,Norway,3,2020-09-12,2020-09-12,130,1,7326.91636818529,1,7326.91636818529,72,129,10,0,747989.980211426,125,1,129,0,20,110,0,0,130,0,16,114,0,33,97,0,21,109,0,19,111,0,1,129,0,4,126,0,1,129,0,2,128,0,26,104,0,21,109,0,16,5,109,38,91,1,10,28,92,0,8,2,120,52,78,0,106,24,0,64,66,0,95,35,0,17,113,0,29,101,0,88,42,0,54,16,9,9,42,36,94,0,2,3,9,10,98,8,0,18,17,49,46,0,1,2,7,10,110,0,1,5,6,12,106,0,12,58,37,22,1,1,3,12,114,0,66,59,1,0,4,0,0,130,0,0,0,0,0,57,44,26,3,11.9166666666667,13.2815555381937,23.4,28.6372962557939,3.2448,2.20063099455441,0.00769230769230769,0.0150185469901632,0.00979547395289209,0.000223190333686464,0.00769230769230769,0.0150185469901632,0.00979547395289209,0.000223190333686464,0.00786112020962987,0.00180864159601404
NO,NOR,Norway,4,2020-09-12,2020-09-12,178,2,3873.54817153142,1,2131.50030093338,40,177,11,0,588667.762605465,176,2,174,2,27,149,2,5,171,2,14,162,2,38,138,2,30,146,2,31,145,2,6,170,2,5,172,1,2,174,2,3,173,2,41,136,1,20,158,0,10,10,158,38,137,3,11,27,140,0,11,0,167,63,113,2,142,35,1,91,87,0,113,64,1,13,163,2,13,163,2,91,87,0,54,24,8,5,87,48,130,0,2,4,5,14,138,15,0,31,27,52,68,0,0,0,8,8,159,3,0,0,11,20,147,0,28,78,46,25,1,1,1,18,158,0,60,111,0,1,6,0,0,0,178,0,0,0,0,75,56,42,5,14.5005903187721,21.1359235963629,19.2299168975069,15.4488025528158,2.74220090332972,1.5555315774256,0.0112359550561798,0.0154842230713355,0.00658019415635563,0.000206537409570989,0.00561797752808989,0.0109800601880064,0.00362088844732941,0.000153437970046741,0.00318293944457707,0.000984813974893028
NO,NOR,Norway,5,2020-09-12,2020-09-12,216,4,12875.5255314052,3,10608.9497517314,18,213,9,0,621178.490050933,211,6,210,0,24,192,0,11,205,0,21,195,0,36,180,0,35,181,0,16,200,0,3,213,0,9,207,0,4,212,0,7,209,0,30,185,1,12,204,0,7,5,204,36,178,2,9,26,181,0,7,2,207,67,149,0,184,31,1,99,117,0,123,93,0,17,199,0,33,183,0,103,113,0,69,20,6,8,113,42,174,0,1,3,11,19,160,22,0,43,35,67,70,1,0,0,8,16,192,0,0,2,7,20,187,0,26,110,57,20,3,0,3,14,198,1,75,139,0,0,2,0,0,0,0,216,0,0,0,82,64,62,8,42.2029322107708,70.2850964001906,48,33.9411254969543,2.32104816665096,3.75467207320945,0.0185185185185185,0.0179789941217061,0.0207275778824046,0.000354295736849405,0.0138888888888889,0.0156069447657257,0.0170787461601601,0.000322201265238047,0.00119024003173973,0.000549525411496249
NO,NOR,Norway,6,2020-09-12,2020-09-12,186,2,3914.59242328052,0,0,10,186,5,0,622522.552416905,182,2,184,0,19,167,0,2,184,0,8,178,0,26,159,1,23,163,0,4,181,1,3,182,1,4,182,0,3,183,0,3,182,1,15,171,0,6,180,0,5,1,180,25,154,7,5,20,161,0,4,1,181,15,167,4,141,44,1,79,104,3,98,87,1,12,172,2,21,163,2,74,112,0,52,18,3,1,112,36,150,0,3,4,9,10,130,30,0,54,47,65,19,1,0,0,3,12,171,0,0,0,2,20,164,0,17,92,53,20,4,1,4,8,172,1,75,108,1,0,2,0,0,0,0,0,186,0,0,73,53,54,6,42.16,39.9926821588979,51.6666666666667,37.5428643908089,1.8285946131519,0.923743210762595,0.010752688172043,0.0148218558094183,0.0062882740682765,0.00019636608630743,0,0,0,0,0.00075723156141148,0.000469150631291776
NO,NOR,Norway,7,2020-09-12,2020-09-11,100,0,0,0,0,2,98,1,0,332586.310626755,97,1,99,0,8,92,0,0,100,0,6,94,0,16,83,1,12,88,0,7,93,0,0,100,0,1,99,0,0,100,0,0,100,0,5,95,0,4,96,0,4,0,96,9,88,3,1,8,91,0,1,0,99,6,93,1,77,22,1,39,61,0,53,46,1,12,87,1,14,85,1,40,60,0,29,9,1,1,60,17,83,0,0,1,4,4,78,13,0,37,18,35,10,0,0,0,1,7,92,0,0,0,3,12,85,0,10,42,34,14,0,0,0,7,93,0,47,50,0,1,2,0,0,0,0,0,0,100,0,41,24,30,5,64.48,89.943093120039,50,0,2.30873698506111,3.30072458363544,0,0,0,0,0,0,0,0,0.000287438919229664,0.000398305440840986
NO,NOR,Norway,1,2020-09-13,2020-09-12,100,2,15367.1808369279,0,0,27,99,8,0,693532.521651697,99,4,96,0,16,84,0,3,97,0,26,74,0,41,59,0,22,78,0,20,80,0,7,93,0,13,87,0,5,95,0,8,92,0,37,63,0,13,87,0,12,1,87,28,72,0,8,20,72,0,7,1,92,28,72,0,75,25,0,45,54,1,77,23,0,18,82,0,28,72,0,72,28,0,42,16,11,3,28,17,83,0,3,3,12,11,67,4,0,12,18,39,31,0,2,2,11,19,65,1,4,2,15,17,62,0,17,50,25,2,6,4,2,11,83,0,29,67,0,0,4,100,0,0,0,0,0,0,0,62,26,9,3,4.48407202216066,4.0437224445591,18.75,10.1285923917583,3.3203125,2.88482184793069,0.02,0.0274394957835608,0.0221578373863851,0.000346427803701437,0,0,0,0,0.00384122919334187,0.00144610794226052
NO,NOR,Norway,2,2020-09-13,2020-09-13,106,3,18989.2800559106,2,15367.8645371315,85,106,7,0,597540.815509592,105,5,101,0,20,86,0,2,104,0,24,82,0,36,70,0,20,86,0,17,89,0,3,103,0,12,94,0,1,105,0,6,100,0,31,75,0,15,91,0,11,4,91,29,77,0,7,22,77,0,5,2,99,29,77,0,77,29,0,42,63,1,68,37,1,12,94,0,20,86,0,67,39,0,47,14,5,1,39,20,86,0,3,5,8,8,71,11,0,15,19,35,37,0,0,3,10,20,73,0,1,5,5,27,68,0,10,54,31,11,0,1,2,10,93,0,52,51,0,0,3,0,106,0,0,0,0,0,0,62,26,14,4,9.84139660493827,20.3740539684329,40.0444444444445,86.9871388657101,2.385,1.432278329139,0.0283018867924528,0.0315695602813257,0.0317790510087854,0.000444756191703856,0.0188679245283019,0.0259012641269205,0.0257185185317016,0.0004013557611495,0.011294180175392,0.00238740932127767
NO,NOR,Norway,3,2020-09-13,2020-09-13,138,1,5966.04367529255,1,5966.04367529255,32,137,10,0,700391.468075813,137,3,135,0,23,115,0,1,137,0,18,120,0,37,101,0,21,117,0,15,123,0,4,134,0,12,126,0,5,133,0,4,134,0,37,101,0,18,120,0,11,7,120,37,100,1,10,26,102,0,10,0,128,28,109,1,95,43,0,56,81,1,93,45,0,24,113,1,21,116,1,80,58,0,58,13,5,4,58,37,101,0,4,8,3,10,99,14,0,24,27,46,41,0,1,1,10,15,110,1,0,1,9,30,98,0,15,70,38,13,2,1,4,10,123,0,66,70,0,0,2,0,0,138,0,0,0,0,0,76,34,27,1,12.1132271468144,21.0389086940089,14.80276816609,16.2948733788492,3.04395545846875,1.61808740739032,0.0072463768115942,0.014151085175537,0.00851815584173673,0.000215225061764373,0.0072463768115942,0.014151085175537,0.00851815584173673,0.000215225061764373,0.00328981186388403,0.00113796423555605
NO,NOR,Norway,4,2020-09-13,2020-09-13,235,3,10949.1200211147,2,5248.16157733558,58,232,16,0,759898.534610285,233,6,229,0,28,207,0,3,232,0,24,211,0,53,182,0,38,197,0,24,211,0,9,226,0,16,219,0,3,232,0,15,220,0,51,184,0,26,209,0,18,8,209,52,181,2,16,36,183,0,13,3,219,58,174,3,170,63,2,90,143,2,139,94,2,22,211,2,20,214,1,129,106,0,92,17,12,8,106,42,193,0,4,7,8,11,185,20,0,35,42,78,80,0,0,2,8,14,211,0,1,3,11,25,195,0,31,123,63,18,0,1,2,22,210,0,97,136,0,0,2,0,0,0,235,0,0,0,0,101,66,66,2,25.7380952380952,50.4331233872068,25.765595463138,13.3821110782983,2.65457788347206,1.2968091273205,0.0127659574468085,0.0143532720806705,0.0144086605282506,0.000267935668079739,0.00851063829787234,0.0117446277429188,0.00690639781273839,0.00018620492976248,0.00352112676056338,0.000904585874841043
NO,NOR,Norway,5,2020-09-13,2020-09-13,228,3,9675.02444539857,2,5412.62397967541,31,227,6,0,599544.934277086,226,3,224,1,40,188,0,5,222,1,22,205,1,41,187,0,42,184,2,17,210,1,2,225,1,12,215,1,6,221,1,11,216,1,30,197,1,19,209,0,11,8,209,34,192,2,6,27,195,0,6,0,222,47,180,1,151,76,1,91,136,1,151,77,0,25,202,1,19,208,1,122,106,0,76,29,10,7,106,48,180,0,1,3,4,20,179,21,0,29,43,94,62,0,1,4,5,11,205,2,3,3,3,19,200,0,27,102,69,28,2,0,2,18,208,0,93,133,0,0,2,0,0,0,0,228,0,0,0,93,56,73,6,23.3294270833333,38.7228050573614,21.8148148148148,11.3340381685223,2.07693699853204,1.19403561813945,0.0131578947368421,0.0147910057853002,0.0161372799472727,0.000318947822192978,0.0087719298245614,0.0121036132448819,0.00902788710274368,0.000239420315273602,0.00192343488242229,0.00067643591980214
NO,NOR,Norway,6,2020-09-13,2020-09-13,204,3,5076.83907935074,1,1354.9388764809,10,201,3,0,584310.138719529,203,4,200,0,25,179,0,7,197,0,9,195,0,39,165,0,37,167,0,8,196,0,3,201,0,3,201,0,1,203,0,11,193,0,21,183,0,8,195,1,3,5,196,26,176,2,3,22,179,0,3,0,201,18,183,3,133,70,1,66,138,0,116,88,0,14,190,0,18,186,0,87,117,0,62,17,5,3,117,33,171,0,1,3,6,15,157,22,0,53,47,74,30,0,0,0,5,15,183,1,0,2,5,19,177,1,32,85,65,19,3,0,2,16,184,2,84,118,0,0,2,0,0,0,0,0,204,0,0,80,62,56,6,34.7647058823529,60.6883690563371,56.6666666666667,41.1760448157259,1.99666805497709,0.927029070259005,0.0147058823529412,0.0165181534369071,0.0086886034366548,0.000237961346307263,0.00490196078431373,0.00958408945941471,0.00231886935840296,0.000123327634087129,0.000700721743395698,0.000434151665841683
NO,NOR,Norway,7,2020-09-13,2020-09-12,100,0,0,0,0,3,98,1,0,339506.829552066,97,0,100,0,13,87,0,0,100,0,1,99,0,12,88,0,14,86,0,5,95,0,0,100,0,0,100,0,0,100,0,1,99,0,3,97,0,3,96,1,1,2,97,7,91,2,1,6,93,0,1,0,99,4,92,4,68,30,2,43,57,0,51,48,1,14,84,2,11,87,2,36,64,0,23,7,4,2,64,17,83,0,1,1,1,8,75,14,0,32,17,43,8,0,0,0,0,7,91,2,0,0,2,12,86,0,4,50,32,14,0,0,0,10,90,0,47,51,0,1,1,0,0,0,0,0,0,100,0,44,23,27,6,85.207100591716,114.383825498759,50,70.7106781186548,1.90217391304348,0.731818616107665,0,0,0,0,0,0,0,0,0.000431158378844496,0.00048778747978168
NO,NOR,Norway,1,2020-09-14,2020-09-13,100,4,33639.016683004,1,14025.7848997713,15,100,6,0,682603.332124815,99,4,96,0,22,78,0,1,99,0,29,71,0,40,60,0,20,80,0,25,75,0,6,94,0,13,87,0,3,97,0,9,91,0,29,71,0,9,91,0,8,1,91,24,76,0,6,18,76,0,4,2,94,38,62,0,62,37,1,38,62,0,70,30,0,14,86,0,28,72,0,68,32,0,37,15,9,7,32,17,83,0,2,2,13,8,69,6,0,10,17,44,29,0,0,4,16,16,64,0,1,5,18,15,61,0,21,53,19,3,4,1,5,10,84,0,28,67,1,0,4,100,0,0,0,0,0,0,0,65,24,10,1,10.7915096211069,24.673391417766,18.5185185185185,14.6986183948033,2.81132861307788,1.56484767803374,0.04,0.0384072934108425,0.0492804753505849,0.00051348473780491,0.01,0.0195013954179879,0.0205474896468959,0.000336538663772527,0.00211267605633803,0.00106801198126762
NO,NOR,Norway,2,2020-09-14,2020-09-13,100,2,10599.4771743435,2,10599.4771743435,48,100,14,0,690044.851616462,98,4,95,1,20,80,0,1,98,1,23,77,0,33,67,0,18,81,1,19,80,1,5,94,1,14,85,1,4,95,1,8,91,1,34,65,1,14,86,0,10,4,86,28,72,0,14,14,72,0,8,6,86,37,63,0,58,42,0,29,71,0,69,31,0,10,90,0,23,77,0,68,32,0,46,17,4,1,32,22,78,0,1,6,4,14,68,7,0,11,19,47,23,0,0,3,8,17,72,0,1,3,7,23,66,0,14,54,27,5,0,2,3,13,82,0,35,63,0,1,1,0,100,0,0,0,0,0,0,54,24,20,2,14.822373393802,28.1620617619269,24.4897959183673,18.9426726894799,2.56143273635985,1.1744171289615,0.02,0.0274394957835608,0.0153605626496795,0.000290169396328431,0.02,0.0274394957835608,0.0153605626496795,0.000290169396328431,0.00676056338028169,0.0019060633836692
NO,NOR,Norway,3,2020-09-14,2020-09-14,103,6,38509.2303826313,3,22630.9880341539,38,103,11,1,592287.764069917,103,6,97,0,18,85,0,4,99,0,17,86,0,28,75,0,26,77,0,21,82,0,6,97,0,8,95,0,5,98,0,8,95,0,34,69,0,15,88,0,8,7,88,38,65,0,11,27,65,1,7,3,92,37,64,2,66,37,0,34,69,0,63,40,0,11,91,1,16,87,0,59,44,0,33,18,6,2,44,19,84,0,0,2,7,9,77,8,0,14,17,47,25,0,1,1,4,7,89,1,2,0,9,18,74,0,14,44,32,12,1,2,5,9,87,0,36,63,0,0,4,0,0,103,0,0,0,0,0,46,31,25,1,11.3878772112383,21.8660694452366,17.3955555555556,8.15233793194405,2.99971164936563,1.42422646048138,0.058252427184466,0.0452328285398226,0.06501777129079,0.000627912932695465,0.029126213592233,0.0324752782875229,0.0382094471758873,0.000488210753630287,0.00519622589908382,0.00164783236294227
NO,NOR,Norway,4,2020-09-14,2020-09-14,210,3,11107.5129837899,1,2265.30357963183,37,207,13,1,651143.293533707,209,4,205,1,32,177,1,3,206,1,18,191,1,44,165,1,38,171,1,23,186,1,9,200,1,11,198,1,3,206,1,11,198,1,49,160,1,21,189,0,15,6,189,41,168,1,13,28,169,1,10,2,197,87,120,3,124,85,1,60,148,2,143,66,1,31,178,1,21,188,1,124,86,0,71,28,17,8,86,54,156,0,2,3,11,13,164,17,0,30,35,77,68,0,0,1,3,22,183,1,0,1,8,24,177,0,34,101,57,16,2,0,7,18,185,0,77,128,0,1,4,0,0,0,210,0,0,0,0,89,67,48,6,13.7485386332235,24.1382878170612,23.9814814814815,17.198750609062,2.77730592831663,2.56287459997336,0.0142857142857143,0.0160496271971058,0.0170584771341347,0.000314516746653287,0.00476190476190476,0.00931091349954401,0.00347896323609231,0.000143013804600362,0.00251752058243179,0.000810163917426012
NO,NOR,Norway,5,2020-09-14,2020-09-14,232,4,10560.1922246115,3,7977.48344875661,34,227,10,0,573211.0598566,229,5,226,1,25,207,0,2,229,1,18,212,2,31,200,1,34,196,2,18,213,1,3,228,1,8,222,2,1,230,1,5,225,2,28,203,1,22,210,0,13,9,210,39,190,3,10,29,193,0,10,0,222,92,138,2,135,97,0,61,171,0,139,93,0,21,210,1,30,202,0,127,105,0,76,29,15,7,105,34,198,0,3,6,16,7,175,25,0,44,47,83,58,0,1,1,7,15,206,2,0,0,9,20,203,0,37,100,73,22,0,1,9,15,207,0,92,137,0,1,2,0,0,0,0,232,0,0,0,87,79,62,4,34.1091555555556,51.736312939797,27.2941176470588,22.631086804778,2.30292113712898,4.16261797336297,0.0172413793103448,0.0167499506895415,0.0184228689293841,0.00034812215018982,0.0129310344827586,0.0145376591514317,0.013917183403182,0.000303265621504777,0.00210957374201154,0.000708344900429388
NO,NOR,Norway,6,2020-09-14,2020-09-14,201,0,0,0,0,15,200,4,0,610815.564479937,198,0,199,2,12,187,2,2,197,2,7,192,2,20,179,2,26,173,2,11,188,2,4,195,2,1,198,2,0,199,2,1,198,2,14,185,2,9,192,0,7,2,192,22,177,2,4,18,179,0,4,0,197,17,180,4,116,84,1,57,143,1,113,87,1,21,179,1,10,189,2,90,111,0,67,13,6,3,112,34,167,0,0,1,5,15,147,33,0,49,57,76,19,0,0,1,3,13,183,1,1,0,8,16,176,0,28,94,57,19,3,0,1,16,184,0,74,125,0,1,1,0,0,0,0,0,201,0,0,66,71,56,8,43.721652892562,79.128586472241,47.109375,28.2905396147975,1.782958984375,0.823119459830217,0,0,0,0,0,0,0,0,0.00105633802816901,0.000534288558423566
NO,NOR,Norway,7,2020-09-14,2020-09-13,100,0,0,0,0,4,98,1,0,314479.884402667,97,0,99,1,9,90,1,1,98,1,2,97,1,13,86,1,15,84,1,2,97,1,1,98,1,2,98,0,0,99,1,1,98,1,3,96,1,4,95,1,1,2,97,9,89,2,1,8,91,0,1,0,99,5,92,3,62,36,2,33,65,2,51,49,0,10,89,1,8,91,1,44,56,0,27,10,2,5,56,14,86,0,3,1,2,3,73,18,0,30,25,35,10,0,2,0,1,3,92,2,0,0,1,7,92,0,8,41,39,11,1,0,0,8,91,1,52,45,0,0,3,0,0,0,0,0,0,100,0,46,24,28,2,84.7222222222222,135.39320681218,33.3333333333333,33.3333333333333,1.74696180555556,0.59494227912033,0,0,0,0,0,0,0,0,0.000574877838459327,0.000563207971721789
NO,NOR,Norway,1,2020-09-15,2020-09-13,100,5,40805.1892741788,3,27293.7935787504,29,100,8,0,812779.085976271,97,5,94,1,23,76,1,3,96,1,28,71,1,38,62,0,18,81,1,25,74,1,4,95,1,10,89,1,4,95,1,7,92,1,27,73,0,13,87,0,9,4,87,25,75,0,8,17,75,0,6,2,92,45,55,0,70,29,1,44,56,0,63,37,0,12,87,1,29,70,1,64,36,0,40,10,6,8,36,20,80,0,2,2,10,10,69,7,0,15,15,47,23,0,0,2,12,21,63,2,1,3,13,19,64,0,19,52,22,6,1,0,4,12,84,0,34,62,1,1,2,100,0,0,0,0,0,0,0,61,25,10,4,15.673828125,33.9792432496546,17.1597633136095,20.1458797510863,3.89316432775011,10.6925557465085,0.05,0.042716424707947,0.0502045266398133,0.000474731792398871,0.03,0.0334344809563718,0.0335808266350338,0.000391642930111865,0.00408450704225352,0.00148354247666013
NO,NOR,Norway,2,2020-09-15,2020-09-14,100,2,15984.6337399866,1,6597.21796963694,27,100,7,0,707494.138658947,100,2,98,0,16,84,0,0,100,0,23,77,0,24,76,0,13,87,0,13,87,0,0,100,0,5,95,0,1,99,0,4,96,0,30,70,0,12,88,0,9,3,88,27,73,0,7,20,73,0,6,1,93,43,56,1,77,23,0,28,71,1,63,37,0,11,89,0,15,85,0,66,34,0,45,11,8,2,34,27,73,0,2,4,6,7,73,8,0,6,18,45,31,0,0,3,9,18,70,0,2,2,10,21,65,0,15,47,29,9,0,1,6,11,82,0,38,58,0,1,3,0,100,0,0,0,0,0,0,48,31,18,3,11.44,22.5081935194765,18.75,11.8518847326985,2.76692708333333,1.61252610166326,0.02,0.0274394957835608,0.0225933090700729,0.0003462695028739,0.01,0.0195013954179879,0.00932476696152133,0.000223960441145935,0.00380281690140845,0.00143167446501777
NO,NOR,Norway,3,2020-09-15,2020-09-14,100,3,18547.2306749859,2,12819.0298547133,37,99,12,0,512028.734849286,99,4,95,1,20,80,0,3,96,1,25,74,1,25,75,0,24,75,1,17,82,1,4,95,1,9,90,1,4,95,1,3,96,1,31,68,1,17,83,0,11,6,83,33,67,0,12,21,67,0,10,2,88,45,55,0,70,29,1,30,69,1,55,44,1,13,86,1,12,87,1,45,54,1,26,12,4,3,55,18,82,0,0,2,3,6,81,8,0,18,22,42,18,0,0,0,5,13,81,1,0,5,10,16,69,0,12,51,26,10,1,1,2,12,85,0,40,56,0,0,4,0,0,100,0,0,0,0,0,48,28,21,3,9.94822485207101,26.4522534534091,14.453125,11.3465188310483,3.13585069444444,2.94431907153709,0.03,0.0334344809563718,0.0362230269761037,0.000511777945469138,0.02,0.0274394957835608,0.025035762609078,0.000427932902358558,0.00526390667235738,0.00169164546139804
NO,NOR,Norway,4,2020-09-15,2020-09-15,211,3,15807.479400926,2,5242.11415836355,46,209,12,0,782854.148237517,209,7,204,0,22,189,0,6,205,0,14,197,0,39,172,0,34,177,0,25,186,0,8,203,0,13,198,0,1,210,0,9,202,0,47,164,0,28,183,0,21,7,183,46,164,1,12,34,165,0,12,0,199,93,118,0,154,57,0,80,131,0,124,86,1,25,186,0,23,188,0,111,100,0,72,19,14,6,100,52,159,0,3,1,10,18,162,17,0,46,34,78,53,0,0,0,8,6,195,2,0,2,9,25,175,0,34,90,60,26,1,0,7,21,182,1,94,115,0,1,1,0,0,0,211,0,0,0,0,86,66,56,3,17.709972299169,34.7477475880239,14.3579881656805,10.3439017808068,2.77651397977394,2.98627720255442,0.014218009478673,0.015974111184163,0.0201921129708698,0.00031157959725757,0.00947867298578199,0.0130741224736064,0.00669615683862111,0.000180659801592549,0.00309993934901274,0.00089443376028734
NO,NOR,Norway,5,2020-09-15,2020-09-15,222,0,0,0,0,15,219,6,0,528796.692759827,217,1,220,1,16,205,1,0,221,1,16,205,1,28,193,1,33,189,0,17,204,1,1,220,1,9,212,1,1,220,1,7,214,1,27,195,0,11,210,1,8,3,211,35,186,1,6,29,187,0,5,1,216,84,137,1,151,71,0,72,148,2,121,98,3,15,204,3,30,190,2,113,109,0,68,30,11,4,109,48,174,0,3,3,5,22,160,29,0,44,27,92,59,0,0,2,1,7,208,4,0,2,7,22,191,0,34,98,67,21,2,2,5,15,200,0,74,146,0,1,1,0,0,0,0,222,0,0,0,101,63,51,7,38.1376710970046,61.4211384727987,41.1111111111111,34.8839345385364,2.59816660733357,7.90133108507905,0,0,0,0,0,0,0,0,0.000964692263168049,0.000487957138258082
NO,NOR,Norway,6,2020-09-15,2020-09-15,181,0,0,0,0,12,181,1,0,627455.837070004,172,0,181,0,17,164,0,2,179,0,5,176,0,21,160,0,19,162,0,4,177,0,3,178,0,2,179,0,1,180,0,5,176,0,14,167,0,7,174,0,3,4,174,16,164,1,1,13,167,0,1,0,180,32,147,2,136,44,1,67,113,1,112,68,1,15,164,2,20,161,0,84,96,1,57,12,7,8,97,29,152,0,1,5,9,4,131,31,0,47,38,68,28,0,0,0,5,9,166,1,0,0,8,11,162,0,26,96,43,16,0,0,3,13,165,0,73,105,0,0,3,0,0,0,0,0,181,0,0,71,48,54,8,34.9659090909091,69.6724764600161,44.3265306122449,28.7711725393765,1.78038804759329,0.740479899629784,0,0,0,0,0,0,0,0,0.000933779472414598,0.000528079037391053
NO,NOR,Norway,7,2020-09-15,2020-09-14,100,1,3621.58825435615,0,0,1,98,2,0,340766.223687601,95,1,98,1,8,91,1,1,98,1,5,94,1,14,85,1,10,88,2,3,96,1,2,97,1,2,98,0,1,97,2,4,95,1,4,95,1,3,97,0,1,1,98,11,88,1,2,9,89,0,2,0,98,7,91,2,67,32,1,31,68,1,51,49,0,6,94,0,7,93,0,47,53,0,34,9,1,3,53,14,86,0,2,0,2,6,67,23,0,28,25,37,10,0,2,0,2,9,86,1,0,0,2,12,86,0,12,37,38,11,2,0,0,5,92,3,52,46,0,0,2,0,0,0,0,0,0,100,0,41,24,31,4,40.5325443786982,78.183752373395,100,0,1.86148687709562,2.25962114329519,0.01,0.0195013954179879,0.0106277794059668,0.000344287251831946,0,0,0,0,0.000143719459614832,0.000281664722189836
NO,NOR,Norway,1,2020-09-16,2020-09-14,100,4,37689.8350721486,4,37689.8350721486,28,100,5,0,932781.094064068,98,4,95,1,24,75,1,6,93,1,28,71,1,35,65,0,17,82,1,16,83,1,5,94,1,6,93,1,4,95,1,3,96,1,32,68,0,12,88,0,8,4,88,26,74,0,5,21,74,0,4,1,95,45,55,0,80,19,1,37,63,0,64,36,0,16,83,1,31,68,1,69,31,0,43,12,5,9,31,22,78,0,3,3,8,11,69,6,0,13,15,44,28,0,0,4,8,26,59,3,3,5,14,24,54,0,21,45,21,11,2,1,5,11,83,0,36,60,0,1,3,100,0,0,0,0,0,0,0,50,32,14,4,12.2603550295858,27.7349687831101,19.4444444444444,22.566773346211,3.93351800554017,10.6046475456923,0.04,0.0384072934108425,0.0404058736953344,0.000399598882424926,0.04,0.0384072934108425,0.0404058736953344,0.000399598882424926,0.00394366197183099,0.00145784284472626
NO,NOR,Norway,2,2020-09-16,2020-09-16,101,4,20779.579430777,4,20779.579430777,30,101,8,1,661538.50551894,101,5,96,0,24,77,0,5,96,0,30,71,0,45,56,0,27,74,0,20,81,0,5,96,0,19,82,0,7,94,0,7,94,0,42,59,0,12,89,0,7,5,89,39,62,0,8,31,62,1,7,0,93,45,56,0,75,26,0,25,75,1,63,38,0,14,87,0,24,77,0,57,44,0,27,10,16,4,44,27,74,0,2,4,9,13,70,3,0,11,17,49,24,0,1,4,10,12,73,1,3,3,11,18,66,0,18,49,24,10,0,2,2,19,78,0,32,67,0,0,2,0,101,0,0,0,0,0,0,52,28,21,0,9.95582561728395,19.3218475190453,21.0416666666667,9.14988132616092,3.41584158415842,9.96921995617779,0.0396039603960396,0.0380348662281565,0.0314109900745332,0.000420321019094299,0.0396039603960396,0.0380348662281565,0.0314109900745332,0.000420321019094299,0.00418351694324362,0.00149389010673484
NO,NOR,Norway,3,2020-09-16,2020-09-16,112,3,12559.0991313815,2,8233.98555232626,48,111,10,0,596872.288719393,112,5,107,0,15,97,0,1,111,0,20,92,0,26,86,0,22,90,0,15,97,0,2,110,0,7,105,0,4,108,0,6,106,0,33,79,0,16,96,0,12,4,96,39,72,1,10,29,73,0,9,1,102,52,60,0,81,31,0,29,83,0,63,49,0,11,101,0,17,95,0,60,52,0,32,17,6,5,52,23,89,0,2,3,7,6,81,13,0,16,21,49,26,0,0,1,5,14,90,2,0,0,10,15,87,0,16,48,31,16,1,0,3,15,94,0,47,65,0,0,0,0,0,112,0,0,0,0,0,43,40,29,0,10.0384946854352,13.8560167721316,23.8933333333333,18.5489622351225,2.95535714285714,1.32466819137693,0.0267857142857143,0.0299016348251109,0.0210415182087401,0.000364106184627153,0.0178571428571429,0.0245263204027614,0.0137952217047847,0.000295907025481238,0.00609059763989342,0.00171775326114995
NO,NOR,Norway,4,2020-09-16,2020-09-16,216,6,15110.4803189743,3,7537.38510756853,60,214,10,1,691885.149907724,212,7,209,0,35,181,0,5,211,0,32,184,0,41,175,0,41,175,0,29,187,0,7,209,0,10,206,0,4,212,0,3,213,0,56,160,0,29,187,0,24,5,187,42,174,0,10,31,175,1,9,0,206,106,109,1,169,47,0,84,131,1,134,81,1,19,197,0,19,196,1,112,104,0,66,28,14,4,104,46,170,0,5,4,9,17,156,25,0,38,29,90,59,0,2,0,6,15,191,2,0,4,8,23,181,0,28,105,57,24,2,2,6,20,188,0,78,137,0,0,1,0,0,0,216,0,0,0,0,92,56,61,7,19.9126869806094,40.4392732552768,17.7777777777778,14.0912775348477,3.31002974419988,8.12514788101886,0.0277777777777778,0.0219155682939294,0.0218395788968583,0.000344396127554342,0.0138888888888889,0.0156069447657257,0.0108939830672385,0.000244594031986857,0.00394892720810846,0.000997223255770275
NO,NOR,Norway,5,2020-09-16,2020-09-16,196,3,10277.0785226355,2,3723.08623982907,30,194,10,0,492700.921602863,193,3,193,0,23,173,0,5,191,0,17,179,0,29,167,0,33,163,0,24,172,0,8,188,0,8,188,0,6,190,0,5,191,0,31,165,0,14,182,0,11,3,182,35,159,2,10,25,161,0,8,2,186,78,118,0,141,54,1,56,140,0,126,70,0,14,182,0,24,172,0,101,95,0,52,22,18,9,95,44,152,0,2,5,10,14,130,35,0,48,28,73,47,0,0,1,8,8,178,1,0,1,9,15,171,0,28,100,57,10,1,1,1,14,180,0,63,133,0,0,0,0,0,0,0,196,0,0,0,78,56,56,6,24.1606648199446,35.1465323531828,40.8333333333333,33.0357932606989,1.82446808510638,0.974101055200993,0.0153061224489796,0.0171871261988852,0.020858654960908,0.000399045344543802,0.0102040816326531,0.0140695383238897,0.00755648320631726,0.000241807164247887,0.0021780165529258,0.000778529679566687
NO,NOR,Norway,6,2020-09-16,2020-09-16,184,0,0,0,0,16,184,5,0,584322.744936896,181,0,184,0,18,166,0,1,183,0,6,178,0,17,167,0,24,160,0,6,178,0,2,182,0,3,181,0,0,184,0,6,178,0,17,167,0,9,175,0,4,5,175,22,162,0,5,16,163,0,5,0,179,21,162,1,135,49,0,74,108,2,110,73,1,27,157,0,18,166,0,75,109,0,56,12,6,1,109,35,149,0,3,4,2,11,130,34,0,45,58,65,16,0,0,0,3,9,165,7,0,0,3,21,159,1,25,97,34,26,2,0,2,13,168,1,67,111,1,0,5,0,0,0,0,0,184,0,0,86,51,42,5,41.3328586685653,71.8464875920383,36.3456790123457,28.5084157189389,1.68559481630438,0.782170864475586,0,0,0,0,0,0,0,0,0.00122473974280465,0.000599743843824711
NO,NOR,Norway,7,2020-09-16,2020-09-14,100,2,5183.92797731794,0,0,0,99,2,0,347359.029581321,96,2,98,0,9,91,0,0,100,0,3,97,0,15,85,0,11,88,1,2,98,0,1,99,0,0,100,0,1,98,1,4,96,0,5,95,0,1,99,0,0,1,99,8,90,2,2,6,92,0,2,0,98,8,87,5,66,33,1,32,68,0,55,45,0,12,88,0,10,90,0,39,61,0,27,8,3,1,61,16,84,0,0,0,4,9,66,21,0,22,27,42,9,0,0,0,1,8,90,1,0,0,2,12,85,1,8,36,42,13,1,0,3,3,92,2,45,54,0,0,1,0,0,0,0,0,0,100,0,45,26,23,6,41.8639053254438,77.8279617164879,0,0,1.97710718002081,2.51818963275073,0.02,0.0274394957835608,0.0149238325071504,0.000403212403942413,0,0,0,0,0,0
NO,NOR,Norway,1,2020-09-17,2020-09-15,100,3,39839.1499483412,2,24421.8263931695,22,99,6,0,903122.105350805,99,3,97,0,25,75,0,7,93,0,30,70,0,37,63,0,24,76,0,16,84,0,7,93,0,11,89,0,4,96,0,4,96,0,33,67,0,12,87,1,10,2,88,26,74,0,6,20,74,0,6,0,94,38,62,0,73,27,0,39,61,0,66,34,0,19,80,1,34,65,1,66,34,0,39,11,7,9,34,17,83,0,2,5,5,13,70,5,0,14,13,38,34,1,1,5,6,20,66,2,3,7,13,25,51,1,18,40,28,13,1,2,5,9,84,0,31,63,2,1,3,100,0,0,0,0,0,0,0,51,28,18,3,9.40743944636678,17.5721627408421,15.2777777777778,9.94513569066425,3.14670138888889,2.68239590227831,0.03,0.0334344809563718,0.0441126949637295,0.000423506418901506,0.02,0.0274394957835608,0.0270415553428218,0.000334532128892002,0.00312989045383412,0.00130582559021084
NO,NOR,Norway,2,2020-09-17,2020-09-16,100,0,0,0,0,27,99,6,0,776069.471175977,98,3,97,0,20,80,0,3,97,0,27,73,0,37,63,0,20,80,0,19,81,0,3,97,0,7,93,0,3,97,0,7,93,0,24,76,0,14,86,0,10,4,86,26,74,0,6,20,74,0,6,0,94,48,52,0,79,21,0,34,65,1,70,30,0,11,89,0,25,75,0,57,43,0,36,12,4,5,43,32,68,0,1,5,5,8,76,5,0,15,11,43,31,0,0,2,11,15,70,2,2,3,9,21,65,0,18,46,27,6,3,1,8,8,83,0,46,52,0,0,2,0,100,0,0,0,0,0,0,56,18,23,3,11.1615016376921,21.9739038303606,15.9763313609467,10.1573121811311,3.52647569444444,10.4673872527397,0,0,0,0,0,0,0,0,0.00384122919334187,0.00144610794226052
NO,NOR,Norway,3,2020-09-17,2020-09-17,102,3,16231.7847097069,2,12046.1963207811,26,101,4,0,691439.983544013,99,4,98,0,11,91,0,4,98,0,18,84,0,18,84,0,18,84,0,14,88,0,3,99,0,6,96,0,1,101,0,4,98,0,22,80,0,14,88,0,9,5,88,27,75,0,4,23,75,0,2,2,98,50,52,0,86,16,0,39,63,0,70,32,0,15,87,0,13,89,0,64,38,0,38,12,9,5,38,30,72,0,1,3,4,7,82,5,0,11,14,40,36,1,0,1,5,10,85,1,0,2,7,19,74,0,14,44,34,10,0,1,5,6,90,0,45,54,0,0,3,0,0,102,0,0,0,0,0,36,35,27,4,15.4461871281774,28.7944201064572,15.6923076923077,8.47481475945643,3.73844231570179,4.17354471917924,0.0294117647058824,0.032788840416564,0.0234753342242518,0.000356876825422281,0.0196078431372549,0.0269068483623884,0.0174218972108579,0.000308391294849883,0.00362571468414447,0.00139112545612003
NO,NOR,Norway,4,2020-09-17,2020-09-17,154,2,4420.42841672275,2,4420.42841672275,62,153,11,0,644249.737739616,153,2,152,0,15,139,0,3,151,0,15,139,0,20,134,0,31,123,0,16,138,0,3,151,0,9,145,0,2,152,0,5,148,1,27,127,0,23,131,0,16,7,131,36,118,0,11,25,118,0,10,1,143,69,85,0,110,43,1,64,90,0,103,51,0,16,138,0,21,133,0,84,70,0,50,21,12,1,70,36,118,0,1,6,8,12,107,20,0,24,28,56,46,0,0,3,6,10,133,2,1,5,8,13,127,0,21,69,50,12,2,2,4,17,130,1,70,81,0,0,3,0,0,0,154,0,0,0,0,65,39,48,2,22.1354262850108,34.2602674431761,19.7272727272727,19.0342593841481,2.98100803506209,3.6986313923649,0.012987012987013,0.0178814940107662,0.00686135850397403,0.000201572351218336,0.012987012987013,0.0178814940107662,0.00686135850397403,0.000201572351218336,0.00570744729816809,0.0014166130867031
NO,NOR,Norway,5,2020-09-17,2020-09-17,214,1,3102.33945451918,1,3102.33945451918,27,214,6,0,615626.443132606,211,3,209,2,21,192,1,6,208,0,12,201,1,36,178,0,30,184,0,17,197,0,2,211,1,7,206,1,2,210,2,10,202,2,25,188,1,13,201,0,6,7,201,43,169,2,6,36,172,0,6,0,208,75,139,0,151,63,0,76,138,0,116,98,0,14,199,1,21,193,0,104,110,0,57,25,12,10,110,43,171,0,4,6,8,11,154,30,1,52,29,74,59,0,0,1,5,11,196,1,0,2,5,18,189,0,34,95,49,33,3,0,6,14,194,0,90,118,0,1,5,0,0,0,0,214,0,0,0,81,67,62,4,49.8385241023606,79.827862521273,34.189349112426,24.6571083762057,2.42372411242604,5.31085597695076,0.00467289719626168,0.00913728629526227,0.00503932131104209,0.000176879882856268,0.00467289719626168,0.00913728629526227,0.00503932131104209,0.000176879882856268,0.00177701724364881,0.000669686637488878
NO,NOR,Norway,6,2020-09-17,2020-09-17,179,0,0,0,0,23,177,6,0,696845.637300709,178,0,178,1,14,164,1,3,175,1,9,170,0,15,163,1,22,157,0,14,164,1,4,174,1,3,175,1,2,176,1,8,170,1,15,163,1,11,168,0,8,3,168,19,159,1,6,13,160,0,6,0,173,24,153,2,134,45,0,80,97,2,114,65,0,20,159,0,13,166,0,76,103,0,51,15,6,4,103,29,150,0,5,4,4,7,132,27,0,47,38,75,19,0,0,0,3,6,170,0,0,0,4,13,162,0,27,93,42,17,0,1,1,11,166,0,67,107,0,0,5,0,0,0,0,0,179,0,0,70,63,42,4,44.972838388411,66.0018409730485,50.8271604938272,58.0802475696372,1.91712653061225,1.77712056272329,0,0,0,0,0,0,0,0,0.00183019018063181,0.000747278709505023
NO,NOR,Norway,7,2020-09-17,2020-09-15,100,1,1562.33972296179,0,0,2,99,1,0,355891.759581889,98,1,99,0,8,92,0,0,100,0,3,97,0,13,87,0,11,89,0,0,100,0,0,100,0,2,98,0,0,100,0,1,99,0,3,97,0,3,97,0,1,2,97,8,90,2,1,7,92,0,1,0,99,10,86,4,67,32,1,30,70,0,54,46,0,16,84,0,11,88,1,34,66,0,26,5,3,0,66,18,82,0,0,0,3,7,62,27,1,32,24,36,8,0,0,0,0,5,93,2,0,0,2,5,92,1,5,47,35,13,0,0,4,4,92,0,49,48,0,0,3,0,0,0,0,0,0,100,0,38,29,25,8,35.546875,44.5298793648714,25,35.3553390593274,2.0203213610586,2.770416816099,0.01,0.0195013954179879,0.0043899294684352,0.000217201358162411,0,0,0,0,0.000284535495803101,0.000394282726107941
NO,NOR,Norway,1,2020-09-18,2020-09-16,100,3,39785.7017967731,2,24368.3782416014,37,99,8,0,969182.895454922,100,3,97,0,24,76,0,4,96,0,27,73,0,37,63,0,18,82,0,15,85,0,5,95,0,11,89,0,3,97,0,4,96,0,33,67,0,15,84,1,14,1,85,30,70,0,8,22,70,0,8,0,92,38,62,0,73,27,0,45,55,0,65,35,0,21,79,0,36,64,0,65,35,0,37,15,7,6,35,15,85,0,2,7,9,11,67,4,0,19,10,32,38,1,1,5,7,20,65,2,3,6,14,22,54,1,20,44,27,9,0,1,2,11,86,0,33,61,3,1,2,100,0,0,0,0,0,0,0,53,30,14,3,9.68047337278107,18.479004312033,16.4444444444444,9.38308734065329,2.87543402777778,2.59480682719459,0.03,0.0334344809563718,0.0410507675933532,0.000395005979222581,0.02,0.0274394957835608,0.0251432194644368,0.000311692298810984,0.00526390667235738,0.00169164546139804
NO,NOR,Norway,2,2020-09-18,2020-09-17,100,6,51453.5821416837,5,43162.5925465677,16,98,10,0,904206.525382806,99,7,93,0,22,78,0,3,97,0,22,78,0,35,65,0,22,78,0,20,80,0,6,94,0,11,89,0,2,98,0,6,94,0,24,76,0,14,86,0,10,4,86,32,68,0,10,22,68,0,9,1,90,40,59,1,70,29,1,47,51,2,68,31,1,16,83,1,28,72,0,70,30,0,43,16,8,3,30,24,76,0,3,6,11,5,69,6,0,14,16,42,28,0,1,5,5,10,78,1,0,6,6,14,74,0,11,45,29,12,3,0,4,8,88,0,44,54,1,0,1,0,100,0,0,0,0,0,0,55,19,24,2,11.2874779541446,21.6781301880399,11.1111111111111,5.42782456065775,3.7092145817834,10.3217920120608,0.06,0.046546565661405,0.0569046790719634,0.000477491952856323,0.05,0.042716424707947,0.0477353252104594,0.000439453626181062,0.00229951135383731,0.00112544363774366
NO,NOR,Norway,3,2020-09-18,2020-09-18,100,1,6063.83563206925,1,6063.83563206925,37,100,12,0,673526.017725752,100,2,98,0,19,81,0,2,98,0,16,84,0,24,76,0,17,83,0,11,89,0,4,96,0,6,94,0,1,99,0,1,99,0,21,79,0,11,89,0,7,4,89,32,68,0,12,20,68,0,12,0,88,48,52,0,81,19,0,40,60,0,72,28,0,16,84,0,25,75,0,65,35,0,38,13,9,5,35,28,72,0,1,3,5,15,69,7,0,14,12,33,41,0,1,0,4,8,87,0,0,2,3,16,79,0,14,47,26,12,1,0,7,9,84,0,45,52,0,0,3,0,0,100,0,0,0,0,0,54,24,19,3,17.1077504725898,23.2318826821637,30.5785123966942,37.0999826853287,4.09071180555556,8.95596764927069,0.01,0.0195013954179879,0.00900312010595312,0.000225581545689261,0.01,0.0195013954179879,0.00900312010595312,0.000225581545689261,0.0052112676056338,0.00167477331753456
NO,NOR,Norway,4,2020-09-18,2020-09-18,183,0,0,0,0,37,181,8,0,625459.067157679,182,1,181,1,20,162,1,4,178,1,20,162,1,41,141,1,24,158,1,16,166,1,7,175,1,4,178,1,4,178,1,6,176,1,38,144,1,17,166,0,14,3,166,30,153,0,8,21,154,0,8,0,175,87,96,0,154,29,0,84,99,0,118,65,0,27,156,0,30,153,0,103,80,0,55,27,10,11,80,39,144,0,0,4,9,10,144,16,0,23,29,69,62,0,0,1,5,11,164,2,0,0,11,24,147,1,28,92,40,23,0,1,4,16,162,0,68,111,0,2,2,0,0,0,183,0,0,0,0,80,54,46,3,19.1000986193294,29.4196460620403,30.0933333333333,18.9376219153706,2.82131571387532,1.87198781411379,0,0,0,0,0,0,0,0,0.00287915337327834,0.000926373082862036
NO,NOR,Norway,5,2020-09-18,2020-09-18,193,3,12927.6318458497,1,5896.79959084282,31,191,7,1,548674.163872253,191,4,188,1,22,170,1,6,186,1,14,178,1,35,157,1,30,162,1,15,177,1,7,185,1,6,186,1,5,187,1,7,185,1,27,165,1,17,176,0,13,4,176,38,152,3,7,31,155,1,5,1,186,69,122,2,154,39,0,75,117,1,130,63,0,24,169,0,24,169,0,104,89,0,56,24,14,10,89,36,157,0,5,1,11,13,137,26,0,39,30,66,58,0,1,4,5,14,168,1,0,5,8,15,165,0,25,100,51,16,1,0,0,16,176,1,78,112,0,0,3,0,0,0,0,193,0,0,0,73,61,56,3,36.8576388888889,66.0391572453638,25.7333333333333,23.824437234147,2.13592038662816,1.33262357577551,0.0155440414507772,0.0174521748457741,0.0235615829887329,0.000401342819538036,0.00518134715025907,0.0101289106907012,0.0107473615109309,0.000272832041813931,0.00228596711156994,0.000803785675592709
NO,NOR,Norway,6,2020-09-18,2020-09-18,177,0,0,0,0,15,176,5,0,597566.128222854,173,0,175,2,16,160,1,6,171,0,10,165,2,23,152,2,22,154,1,7,168,2,4,171,2,6,169,2,2,173,2,8,167,2,22,153,2,10,166,1,7,3,167,28,145,4,5,21,151,0,4,1,172,26,147,4,138,37,2,73,103,1,109,67,1,21,155,1,23,153,1,86,91,0,61,18,5,2,91,30,147,0,3,2,4,8,133,27,0,47,40,69,21,0,1,0,3,8,164,1,0,0,4,24,148,1,22,87,50,18,0,0,1,21,155,0,77,99,1,0,0,0,0,0,0,0,177,0,0,72,48,53,4,38.1728596908442,69.2254353151053,26.55,12.5157900270019,1.73725248794501,0.806907501844628,0,0,0,0,0,0,0,0,0.00120038412291933,0.000607102312787037
NO,NOR,Norway,7,2020-09-18,2020-09-17,100,0,0,0,0,6,98,2,0,361381.18845698,99,0,99,1,9,90,1,3,97,0,5,95,0,19,81,0,14,85,1,4,95,1,1,98,1,2,97,1,2,97,1,3,96,1,6,94,0,6,93,1,3,3,94,11,88,1,2,9,89,0,2,0,98,9,87,4,81,18,1,45,55,0,55,45,0,12,88,0,10,89,1,41,59,0,30,7,4,0,59,24,76,0,1,1,4,3,65,25,1,33,22,34,11,0,0,0,0,5,93,2,0,0,2,8,90,0,5,44,35,15,1,0,2,6,92,0,54,41,0,0,5,0,0,0,0,0,0,100,0,36,31,26,7,62.8472222222222,118.189572979306,20,14.142135623731,2.05289216278227,2.67278205928239,0,0,0,0,0,0,0,0,0.000862316757688991,0.000689686875054412
NO,NOR,Norway,1,2020-09-19,2020-09-17,100,2,21268.5614870416,1,5851.2379318699,31,98,14,0,1008641.38289311,100,6,94,0,19,80,1,3,96,1,28,71,1,37,63,0,21,79,0,23,76,1,5,94,1,13,86,1,4,95,1,7,92,1,30,69,1,14,85,1,12,2,86,40,60,0,14,26,60,0,13,1,86,32,68,0,72,27,1,45,54,1,66,33,1,21,78,1,36,63,1,66,34,0,40,12,9,5,34,14,86,0,0,7,13,13,65,2,0,15,19,36,29,1,1,2,9,18,67,3,3,5,16,18,57,1,17,46,30,5,2,0,1,15,84,0,34,61,3,1,1,100,0,0,0,0,0,0,0,55,30,11,4,6.66089965397924,11.0647534101011,18.3431952662722,10.1945868465093,2.98060941828255,2.31666801811774,0.02,0.0274394957835608,0.0210863462948907,0.000280383569276727,0.01,0.0195013954179879,0.00580110833355521,0.00014820806083572,0.00445530324805979,0.0015648578583114
NO,NOR,Norway,2,2020-09-19,2020-09-18,100,0,0,0,0,19,97,8,0,844249.643562104,100,1,99,0,12,88,0,1,99,0,16,84,0,28,72,0,16,84,0,11,89,0,4,96,0,9,91,0,4,96,0,6,94,0,26,74,0,16,84,0,9,7,84,31,69,0,8,23,69,0,7,1,92,47,53,0,80,20,0,52,48,0,68,32,0,15,85,0,27,73,0,68,32,0,40,20,5,3,32,25,75,0,3,7,7,9,71,3,0,14,15,40,31,0,0,1,3,17,78,1,0,2,7,15,76,0,15,48,28,9,0,0,2,12,86,0,38,61,0,0,1,0,100,0,0,0,0,0,0,58,28,13,1,11.3719008264463,26.9321454197527,11.2426035502959,5.97115404466296,2.40195557444999,1.57983348541393,0,0,0,0,0,0,0,0,0.00275882096703935,0.00123878206847378
NO,NOR,Norway,3,2020-09-19,2020-09-18,100,1,9986.09956763075,1,9986.09956763075,23,98,12,0,639131.557958712,100,1,98,1,18,81,1,0,99,1,16,83,1,24,75,1,18,81,1,14,85,1,4,95,1,4,95,1,2,97,1,6,93,1,16,83,1,14,86,0,12,2,86,34,66,0,12,22,66,0,11,1,88,46,54,0,82,18,0,43,57,0,65,35,0,11,89,0,15,85,0,56,44,0,33,11,9,3,44,24,76,0,1,1,5,8,76,9,0,17,13,29,40,1,0,2,3,11,84,0,1,3,4,9,83,0,11,51,25,12,1,1,5,8,86,0,40,59,0,0,1,0,0,100,0,0,0,0,0,45,30,22,3,23.2684472612042,46.4166684108959,15.9722222222222,8.30170766579685,3.74109894781592,6.39383000900162,0.01,0.0195013954179879,0.0156244820698963,0.000304043817670203,0.01,0.0195013954179879,0.0156244820698963,0.000304043817670203,0.00330554757114113,0.00134867903064502
NO,NOR,Norway,4,2020-09-19,2020-09-19,198,6,22596.4911895693,5,17789.7973997428,38,196,15,0,827995.95180232,197,8,190,0,29,169,0,6,192,0,20,178,0,41,157,0,30,168,0,20,178,0,6,192,0,6,192,0,5,193,0,10,188,0,40,158,0,17,181,0,13,4,181,47,150,1,15,32,151,0,12,3,183,85,112,1,169,27,2,80,116,2,121,76,1,23,173,2,24,173,1,106,92,0,61,17,15,13,92,39,159,0,2,4,11,22,136,23,0,39,34,55,70,0,0,1,4,15,178,0,2,1,6,25,164,0,21,97,50,29,1,1,3,14,180,0,79,116,1,0,2,0,0,0,198,0,0,0,0,87,54,53,4,19.9595719381688,42.2618614587999,32.56,30.7010655934192,3.1787162071465,3.44189538583471,0.0303030303030303,0.0238768232849561,0.0272905817237185,0.000350939248173412,0.0252525252525253,0.021853145750397,0.0214853676047803,0.000312312265570268,0.00273066973268181,0.000867025160885297
NO,NOR,Norway,5,2020-09-19,2020-09-19,169,1,1459.24079031208,1,1459.24079031208,42,168,6,0,468259.084634683,168,1,168,0,23,146,0,3,166,0,16,153,0,34,135,0,30,139,0,10,159,0,3,166,0,6,163,0,0,169,0,6,163,0,25,144,0,12,157,0,8,4,157,33,131,5,6,27,136,0,6,0,163,52,117,0,137,32,0,61,108,0,98,70,1,9,159,1,17,151,1,85,84,0,61,9,8,7,84,35,134,0,6,2,9,7,127,18,0,38,25,64,42,0,0,1,2,15,151,0,0,0,4,21,144,0,31,67,48,21,2,3,3,13,150,0,59,109,0,0,1,0,0,0,0,169,0,0,0,69,50,47,3,37.4779614325069,61.5883987642351,58.6611570247934,108.380231271336,2.22013354623313,1.15012082124842,0.00591715976331361,0.0115630572253276,0.00311631068823901,0.000159642163522376,0.00591715976331361,0.0115630572253276,0.00311631068823901,0.000159642163522376,0.00352112676056338,0.00106301441427077
NO,NOR,Norway,6,2020-09-19,2020-09-19,190,0,0,0,0,15,187,6,0,627266.780840905,185,1,189,0,15,175,0,4,186,0,11,179,0,22,168,0,33,157,0,8,182,0,3,187,0,5,185,0,1,189,0,6,184,0,15,175,0,9,179,2,7,2,181,16,170,4,6,10,174,0,6,0,184,22,165,3,146,42,2,73,117,0,112,76,2,15,175,0,18,172,0,88,102,0,66,12,8,2,102,26,164,0,3,3,6,12,125,41,0,48,47,73,22,0,0,2,5,11,170,2,0,2,7,16,165,0,17,94,57,20,2,0,2,18,168,2,79,110,0,0,1,0,0,0,0,0,190,0,0,79,47,55,9,30.9652892561983,54.1904369427677,44.53125,29.6025570505078,2.07644004347301,2.34590705757691,0,0,0,0,0,0,0,0,0.00112977329215937,0.000571410609098407
NO,NOR,Norway,7,2020-09-19,2020-09-18,100,0,0,0,0,3,98,0,0,362203.235477812,98,0,100,0,11,89,0,2,98,0,6,94,0,17,83,0,13,87,0,5,95,0,2,98,0,2,98,0,1,99,0,4,96,0,7,93,0,4,95,1,3,1,96,6,89,5,0,6,94,0,0,0,100,5,93,2,83,17,0,48,52,0,56,44,0,9,91,0,13,87,0,45,55,0,33,9,3,0,55,22,78,0,0,2,9,3,65,21,0,28,35,27,10,0,0,0,1,8,90,1,0,1,3,12,84,0,12,40,34,12,2,0,2,5,93,0,48,48,0,0,4,0,0,0,0,0,0,100,0,40,20,32,8,51.1111111111111,86.9285756637142,22.2222222222222,19.2450089729875,2.49291115311909,4.45268338157734,0,0,0,0,0,0,0,0,0.000431158378844496,0.00048778747978168
NO,NOR,Norway,1,2020-09-20,2020-09-18,100,0,0,0,0,33,99,10,0,1012113.28727455,99,4,96,0,14,85,1,1,98,1,24,75,1,28,72,0,21,79,0,20,79,1,7,92,1,14,85,1,4,95,1,3,96,1,27,72,1,15,85,0,10,5,85,44,56,0,10,34,56,0,9,1,90,35,65,0,76,23,1,43,55,2,70,29,1,23,76,1,35,64,1,68,32,0,31,22,11,4,32,17,83,0,1,4,12,10,69,4,0,11,24,36,29,0,2,1,10,19,66,2,3,6,18,15,58,0,13,51,21,11,4,2,6,12,80,0,41,57,1,1,0,100,0,0,0,0,0,0,0,60,24,13,3,7.47110991668906,7.98370524374288,16.8367346938776,9.94772161269584,2.86959294292699,3.23699713373464,0,0,0,0,0,0,0,0,0.00469483568075117,0.00159804736145179
NO,NOR,Norway,2,2020-09-20,2020-09-19,100,2,16841.3829332878,1,4474.36812181427,20,100,7,0,705616.58696347,100,2,98,0,26,74,0,3,97,0,25,75,0,37,63,0,18,82,0,23,77,0,4,96,0,6,94,0,2,98,0,6,94,0,25,75,0,9,91,0,3,6,91,31,69,0,7,24,69,0,7,0,93,36,64,0,74,25,1,52,48,0,70,30,0,12,88,0,29,71,0,63,37,0,41,10,7,5,37,19,81,0,1,5,7,15,69,3,0,10,12,40,38,0,1,0,10,15,74,0,2,2,14,17,65,0,14,46,27,13,0,0,8,7,85,0,39,58,0,1,2,0,100,0,0,0,0,0,0,54,25,21,0,12.3194444444444,30.0494302703584,24.6913580246914,19.0659817425685,2.71400877461484,2.5999925545186,0.02,0.0274394957835608,0.0238676120210871,0.000356141469733621,0.01,0.0195013954179879,0.00634107559895826,0.000185209745339422,0.0028169014084507,0.00123279877629136
NO,NOR,Norway,3,2020-09-20,2020-09-20,126,2,10507.9035068428,1,6743.36247408436,54,125,11,0,608157.37042851,125,2,124,0,24,102,0,5,121,0,21,105,0,36,90,0,24,102,0,15,111,0,5,121,0,7,119,0,4,122,0,7,119,0,29,97,0,15,111,0,11,4,111,36,90,0,11,25,90,0,9,2,115,28,96,2,94,31,1,50,76,0,78,48,0,10,115,1,17,108,1,70,56,0,51,14,2,3,56,32,94,0,2,5,10,5,92,12,0,18,25,46,37,0,2,1,7,14,101,1,2,3,8,17,96,0,16,57,38,15,0,2,3,14,107,0,53,70,0,0,3,0,0,126,0,0,0,0,0,62,40,23,1,12.943339100346,23.8251158254016,34.7142857142857,34.7417473796154,3.040128,1.70787141134145,0.0158730158730159,0.0218231839682176,0.0172782638471337,0.000327495574447725,0.00793650793650794,0.015493419494625,0.0110881867128124,0.000263177738948114,0.00608450704225352,0.00161789874966797
NO,NOR,Norway,4,2020-09-20,2020-09-20,211,3,7255.75196032258,2,4175.09280308178,38,209,14,0,683377.152072695,210,4,207,0,32,179,0,4,206,1,21,190,0,40,171,0,37,174,0,15,196,0,6,205,0,12,199,0,2,209,0,13,198,0,45,166,0,20,191,0,16,4,191,39,172,0,14,25,172,0,11,3,197,59,151,1,165,46,0,95,115,1,140,71,0,33,178,0,25,186,0,129,82,0,86,26,9,8,82,45,166,0,3,7,10,16,157,17,1,40,27,73,71,0,1,3,10,20,176,1,1,4,14,29,163,0,26,97,68,20,0,3,4,13,190,1,96,113,0,1,1,0,0,0,211,0,0,0,0,87,57,64,3,20.7244034844085,42.4558699427116,24.7469135802469,14.9842233932218,2.7347063813743,1.39371747796558,0.014218009478673,0.015974111184163,0.0106174927539145,0.000243002624511192,0.00947867298578199,0.0130741224736064,0.00610950013534788,0.000184752350683896,0.00256081946222791,0.000813164604550191
NO,NOR,Norway,5,2020-09-20,2020-09-20,228,3,7943.07741589736,2,5679.37596324762,15,227,10,0,553783.416381453,223,4,223,1,34,194,0,5,222,1,21,206,1,42,185,1,33,194,1,10,218,0,4,223,1,5,222,1,3,224,1,6,221,1,32,195,1,11,217,0,8,3,217,40,186,2,10,30,188,0,10,0,218,62,165,1,169,58,1,99,128,1,145,82,1,30,196,2,28,199,1,125,103,0,87,17,11,10,103,50,178,0,5,4,7,12,171,29,0,48,40,72,68,0,0,0,3,17,208,0,3,0,8,24,192,1,32,112,59,21,4,0,1,20,207,0,94,129,0,0,5,0,0,0,0,228,0,0,0,88,68,65,7,33.6054421768708,60.4131526535977,34.2,22.1576172004121,2.52550111586577,3.53205588084207,0.0131578947368421,0.0147910057853002,0.0143432923069442,0.000313159350293637,0.0087719298245614,0.0121036132448819,0.0102555905345775,0.000265350544420302,0.000930694297946268,0.000470768421025836
NO,NOR,Norway,6,2020-09-20,2020-09-20,188,1,2385.8075824574,1,2385.8075824574,4,186,5,0,564187.966142078,182,1,185,2,14,172,2,4,182,2,9,177,2,13,173,2,23,163,2,7,180,1,2,184,2,7,179,2,1,185,2,5,181,2,10,176,2,4,183,1,2,2,184,31,153,4,5,26,157,0,4,1,183,14,170,4,110,77,1,60,127,1,111,77,0,17,169,2,19,168,1,88,100,0,58,19,7,3,101,33,155,0,1,5,14,15,122,31,0,51,48,71,18,0,0,1,4,9,174,0,0,1,4,15,168,0,28,94,42,20,4,0,4,14,169,1,79,107,0,0,2,0,0,0,0,0,188,0,0,79,42,60,7,41.4648760330579,87.5531155133731,83.5555555555556,36.1806168692165,1.99227552746656,1.00402616273649,0.00531914893617021,0.0103975764049423,0.00422874595991753,0.000169325268168569,0.00531914893617021,0.0103975764049423,0.00422874595991753,0.000169325268168569,0.000302892624564592,0.000296784360554616
NO,NOR,Norway,7,2020-09-20,2020-09-19,100,0,0,0,0,3,100,1,0,318283.976836083,95,0,99,1,8,91,1,4,96,0,6,92,2,16,83,1,10,88,2,4,95,1,2,98,0,3,96,1,1,99,0,5,94,1,5,94,1,2,98,0,2,0,98,14,83,3,1,13,86,0,1,0,99,5,93,2,66,33,1,30,70,0,44,56,0,8,92,0,16,83,1,38,62,0,29,5,3,1,62,14,86,0,0,1,5,8,63,23,0,31,29,27,12,1,0,0,2,10,88,0,0,2,3,13,82,0,7,48,29,16,0,0,0,6,94,0,47,53,0,0,0,0,0,0,0,0,0,100,0,42,26,24,8,43.6224489795918,69.7985787375386,75,35.3553390593274,3.46913580246914,8.05176031441872,0,0,0,0,0,0,0,0,0.000422535211267606,0.000478033792144491
NO,NOR,Norway,1,2020-09-21,2020-09-19,100,2,13202.0914756519,2,13202.0914756519,59,99,9,0,1001906.53514965,98,5,94,1,22,78,0,1,98,1,28,72,0,32,68,0,20,79,1,21,79,0,6,93,1,14,85,1,6,93,1,3,96,1,32,68,0,23,77,0,16,7,77,35,65,0,9,26,65,0,7,2,91,34,66,0,69,31,0,36,63,1,71,29,0,22,78,0,30,70,0,66,34,0,34,16,11,5,34,18,82,0,1,3,12,10,65,9,0,9,21,39,31,0,2,0,10,22,64,2,3,5,16,20,56,0,14,49,24,10,3,3,7,12,78,0,44,53,0,1,2,100,0,0,0,0,0,0,0,59,24,15,2,8.69444444444445,8.2343938260421,12.1900826446281,9.75762586732216,2.85297792586422,3.2761994278966,0.02,0.0274394957835608,0.0131769691208572,0.000223286203104636,0.02,0.0274394957835608,0.0131769691208572,0.000223286203104636,0.00839379712619149,0.00213280019076841
NO,NOR,Norway,2,2020-09-21,2020-09-21,102,3,25251.6734143443,2,18470.3920581723,14,102,8,0,733610.565549896,102,3,98,1,23,78,1,4,97,1,26,76,0,40,62,0,25,76,1,18,83,1,6,95,1,13,88,1,2,99,1,8,93,1,24,77,1,8,94,0,6,2,94,30,72,0,8,22,72,0,6,2,94,28,74,0,67,35,0,38,64,0,67,35,0,21,81,0,21,81,0,67,35,0,41,17,5,4,35,28,74,0,4,5,4,13,70,6,0,15,18,43,26,0,0,1,15,9,74,3,0,4,10,22,66,0,14,48,27,12,1,0,6,14,82,0,35,67,0,0,0,0,102,0,0,0,0,0,0,48,31,21,2,14.9076923076923,29.0075660911519,22.3125,14.8533004990233,2.7082465639317,1.4078696266372,0.0294117647058824,0.032788840416564,0.034421087427246,0.000417178080737225,0.0196078431372549,0.0269068483623884,0.0251773801053797,0.000358495220169108,0.00193316763325048,0.0010116572543186
NO,NOR,Norway,3,2020-09-21,2020-09-20,100,2,15061.139345043,2,15061.139345043,20,100,12,0,602668.167511029,99,2,98,0,15,85,0,1,99,0,18,82,0,28,72,0,19,81,0,16,84,0,6,94,0,8,92,0,2,98,0,5,95,0,18,82,0,9,91,0,7,2,91,34,66,0,12,22,66,0,11,1,88,35,65,0,62,38,0,30,69,1,55,45,0,16,84,0,16,84,0,50,50,0,32,11,3,4,50,22,78,0,2,4,6,5,74,9,0,17,19,37,27,0,0,2,0,12,85,1,1,0,5,16,78,0,10,39,33,16,2,2,1,10,87,0,58,42,0,0,0,0,0,100,0,0,0,0,0,50,22,25,3,8.88119953863899,9.49597086639083,24.6913580246914,9.25925925925926,3.19906472526305,2.0537023937792,0.02,0.0274394957835608,0.0249907663237703,0.000394096988027742,0.02,0.0274394957835608,0.0249907663237703,0.000394096988027742,0.0028169014084507,0.00123279877629136
NO,NOR,Norway,4,2020-09-21,2020-09-21,173,1,2150.9190097391,1,2150.9190097391,30,170,9,1,693689.865413846,171,2,171,0,20,153,0,2,171,0,24,149,0,29,144,0,33,140,0,17,156,0,4,169,0,3,170,0,4,169,0,11,162,0,47,126,0,15,158,0,11,4,158,36,137,0,9,27,137,1,8,0,164,70,103,0,108,65,0,58,114,1,118,55,0,24,149,0,22,151,0,100,73,0,67,20,8,5,73,43,130,0,3,3,9,15,120,23,0,26,31,71,45,0,1,1,1,19,151,0,1,3,4,22,143,0,32,82,43,14,2,1,4,19,149,0,63,106,0,2,2,0,0,0,173,0,0,0,0,74,51,43,5,17.5787487298592,35.3681728199595,36.0416666666667,17.9222683279824,3.3642214532872,7.6242572968015,0.00578034682080925,0.0112964805729032,0.0031006925673563,0.000130833939184867,0.00578034682080925,0.0112964805729032,0.0031006925673563,0.000130833939184867,0.00248550124275062,0.000888302852471496
NO,NOR,Norway,5,2020-09-21,2020-09-21,188,3,6973.15490891745,2,5011.03872772421,29,186,10,0,534075.782413899,185,7,181,0,32,156,0,7,181,0,15,173,0,34,154,0,30,157,1,12,176,0,4,184,0,6,182,0,4,184,0,5,183,0,30,158,0,16,172,0,9,7,172,35,149,4,10,24,154,0,8,2,178,66,121,1,98,89,1,48,138,2,110,78,0,16,172,0,25,163,0,91,97,0,58,18,10,5,97,36,152,0,4,4,8,12,145,15,0,33,33,74,48,0,0,0,2,11,175,0,0,2,4,20,162,0,21,95,55,14,3,1,1,13,173,0,78,105,1,0,4,0,0,0,0,188,0,0,0,71,59,53,5,42.9714285714286,74.1627668668872,27.8163265306123,22.6328576090684,2.05895720237344,1.7547024207936,0.0159574468085106,0.0179125662100079,0.0130564896191331,0.000304443012062144,0.0106382978723404,0.0146650243040798,0.00938263612155465,0.000258560425210883,0.00219597152809329,0.000798359364023084
NO,NOR,Norway,6,2020-09-21,2020-09-21,191,1,4052.40153579787,1,4052.40153579787,7,188,5,0,590460.911479609,187,1,189,1,21,169,1,2,188,1,7,183,1,22,168,1,27,163,1,6,184,1,3,187,1,6,184,1,0,190,1,4,186,1,18,172,1,4,185,2,3,1,187,31,156,4,5,25,161,0,4,1,186,22,164,5,121,70,0,67,121,3,114,77,0,20,171,0,16,175,0,98,93,0,67,19,7,5,93,21,170,0,0,3,10,13,137,28,0,37,55,72,27,0,0,0,5,13,170,3,0,0,5,17,169,0,19,89,61,15,7,1,0,4,185,1,76,113,0,0,2,0,0,0,0,0,191,0,0,80,48,54,9,38.4292,57.9044259998089,148.555555555556,73.5159342768124,1.8478903520559,0.820075270861928,0.00523560209424084,0.0102346934839247,0.00686311567287857,0.000210580295039006,0.00523560209424084,0.0102346934839247,0.00686311567287857,0.000210580295039006,0.000524423134551993,0.000388389075897232
NO,NOR,Norway,7,2020-09-21,2020-09-20,100,0,0,0,0,2,99,2,0,312080.84256897,96,1,98,1,8,91,1,3,97,0,3,96,1,18,81,1,10,89,1,1,98,1,1,99,0,1,98,1,1,99,0,4,95,1,2,97,1,1,98,1,1,0,99,16,83,1,2,14,84,0,2,0,98,4,93,3,53,46,1,32,67,1,49,50,1,12,88,0,12,87,1,47,52,1,36,6,2,3,53,15,85,0,0,2,2,8,70,18,0,27,26,39,7,1,0,0,3,2,94,1,0,1,1,9,89,0,3,47,35,15,0,0,0,4,96,0,52,48,0,0,0,0,0,0,0,0,0,100,0,35,29,31,5,43.6385255648038,69.7813558698401,200,0,2.27771996762632,3.60777878516499,0,0,0,0,0,0,0,0,0.000284535495803101,0.000394282726107941
NO,NOR,Norway,1,2020-09-22,2020-09-20,100,2,13202.0914756519,2,13202.0914756519,49,98,9,0,1030988.3726385,98,3,96,1,27,73,0,3,96,1,30,70,0,40,60,0,17,82,1,24,76,0,5,94,1,13,86,1,4,95,1,4,95,1,36,64,0,21,79,0,15,6,79,24,76,0,9,15,76,0,8,1,91,36,64,0,72,28,0,33,66,1,69,31,0,18,82,0,33,67,0,61,39,0,39,11,8,3,39,18,82,0,1,7,8,13,60,11,0,12,16,41,31,0,2,4,13,18,61,2,4,6,20,17,53,0,20,46,23,9,2,3,8,11,78,0,42,54,0,1,3,100,0,0,0,0,0,0,0,63,24,12,1,8.98760330578512,12.4105091843547,13.5734072022161,11.2767297410402,2.60177532904806,1.59444091082657,0.02,0.0274394957835608,0.0128052767868421,0.000217028668055143,0.02,0.0274394957835608,0.0128052767868421,0.000217028668055143,0.00704225352112676,0.00196483954707162
NO,NOR,Norway,2,2020-09-22,2020-09-22,106,3,16337.4694246832,2,8444.47638358439,26,106,6,1,703448.77492475,104,4,102,0,13,93,0,3,103,0,22,84,0,28,78,0,23,83,0,16,90,0,5,101,0,10,96,0,4,102,0,7,99,0,41,65,0,13,93,0,8,4,94,27,79,0,6,21,79,1,5,0,100,48,58,0,81,25,0,34,71,1,64,42,0,11,95,0,19,87,0,66,40,0,42,12,7,5,40,20,86,0,2,10,7,13,64,10,0,11,16,48,30,1,0,1,7,19,77,2,0,11,10,17,68,0,13,53,27,10,3,1,5,14,86,0,41,63,1,0,1,0,106,0,0,0,0,0,0,57,21,22,6,13.392333984375,28.6025581017384,16.3076923076923,11.5312798162729,2.36917949220665,1.34936680654932,0.0283018867924528,0.0315695602813257,0.0232248175091795,0.000351969730505786,0.0188679245283019,0.0259012641269205,0.0120043941856146,0.000254495133810219,0.00345469040659049,0.00132562008529038
NO,NOR,Norway,3,2020-09-22,2020-09-22,125,2,5431.97615609588,2,5431.97615609588,34,123,14,0,578725.760759845,123,3,122,0,24,101,0,3,122,0,23,102,0,36,89,0,22,103,0,14,111,0,3,122,0,10,115,0,3,122,0,7,118,0,34,91,0,17,108,0,9,8,108,42,82,1,14,28,83,0,13,1,111,60,63,2,98,26,1,40,83,2,74,50,1,18,106,1,14,110,1,74,51,0,40,17,9,8,51,32,93,0,2,4,11,10,86,12,0,16,23,55,31,0,2,0,6,11,104,2,1,2,7,17,98,0,15,55,40,13,2,0,3,10,112,0,53,69,1,0,2,0,0,125,0,0,0,0,0,60,30,34,1,12.780612244898,16.4385707323914,18.8888888888889,10.6656745570364,2.89412070759625,1.52619716160622,0.016,0.0219963501832478,0.00938609705046463,0.00024843135803821,0.016,0.0219963501832478,0.00938609705046463,0.00024843135803821,0.00389327836940341,0.00130610179022154
NO,NOR,Norway,4,2020-09-22,2020-09-22,216,3,7846.6565021938,2,5037.48029017926,50,215,12,0,690961.014404144,214,4,211,1,27,189,0,4,211,1,22,193,1,38,177,1,35,181,0,14,202,0,6,209,1,14,202,0,3,212,1,8,206,2,47,168,1,22,194,0,13,9,194,57,157,2,12,45,159,0,11,1,204,99,117,0,172,44,0,76,139,1,140,76,0,23,193,0,26,190,0,118,98,0,69,29,10,10,98,48,168,0,3,6,11,21,159,16,0,39,35,78,64,0,0,2,6,13,195,0,1,1,8,28,178,0,26,105,64,20,1,0,3,26,187,0,95,119,0,0,2,0,0,0,216,0,0,0,0,105,56,49,6,22.8809416025351,41.7550478398114,24.4897959183674,19.911875824086,2.52244897959184,1.39061378081945,0.0138888888888889,0.0156069447657257,0.011356149389934,0.000249837026355862,0.00925925925925926,0.0127728951982853,0.00729054199175532,0.000200591398675387,0.00327546675401245,0.000906408268413889
NO,NOR,Norway,5,2020-09-22,2020-09-22,216,1,1999.98489506207,0,0,36,214,11,0,566133.648335507,213,3,212,1,29,185,2,4,211,1,15,200,1,47,169,0,50,165,1,18,197,1,6,209,1,11,204,1,3,212,1,7,207,2,44,172,0,13,203,0,9,4,203,35,180,1,11,24,181,0,9,2,205,68,147,1,168,48,0,67,148,1,136,80,0,15,201,0,26,190,0,102,114,0,66,25,3,8,114,61,155,0,3,3,9,12,159,30,0,43,41,79,53,0,0,1,4,18,193,0,0,0,7,22,187,0,46,95,52,22,1,0,6,22,188,0,85,127,0,0,4,0,0,0,0,216,0,0,0,77,72,60,7,21.6020360071637,37.145205139467,64.2644628099174,80.5286813496275,2.07650322319804,2.57608157214641,0.00462962962962963,0.00905287855360063,0.0035327080468406,0.000154551777680962,0,0,0,0,0.00236935632486508,0.000773058054893564
NO,NOR,Norway,6,2020-09-22,2020-09-22,189,2,9278.93279682376,2,9278.93279682376,7,187,5,0,583278.852905986,185,2,185,2,22,166,1,3,184,2,6,181,2,26,162,1,27,161,1,13,175,1,2,185,2,1,186,2,2,185,2,6,181,2,20,168,1,6,182,1,3,3,183,26,156,7,5,21,163,0,5,0,184,34,154,1,128,61,0,61,126,2,97,90,2,11,177,1,22,166,1,84,104,1,62,15,1,6,105,33,156,0,4,4,4,9,128,40,0,47,49,74,18,1,0,0,4,8,173,4,0,1,0,16,172,0,22,91,54,21,1,1,8,13,167,0,80,109,0,0,0,0,0,0,0,0,189,0,0,78,51,51,9,37.8112366230678,62.4931200854779,45.36,31.6257490029881,2.03504884366905,1.64501069159505,0.0105820105820106,0.0145878465349369,0.0159082276866282,0.000321098794400907,0.0105820105820106,0.0145878465349369,0.0159082276866282,0.000321098794400907,0.000527227536341041,0.000390465475027695
NO,NOR,Norway,7,2020-09-22,2020-09-21,100,0,0,0,0,0,100,2,0,314488.532332865,97,2,98,0,7,93,0,3,96,1,2,97,1,11,89,0,12,88,0,1,98,1,0,100,0,1,99,0,0,99,1,1,98,1,3,96,1,0,100,0,0,0,100,13,86,1,2,10,88,0,2,0,98,6,92,2,61,39,0,35,65,0,48,50,2,7,93,0,14,86,0,40,58,2,30,7,2,1,60,17,83,0,0,4,0,7,62,27,0,28,27,39,6,0,0,0,3,4,92,1,0,0,0,12,87,1,5,48,32,15,0,0,1,5,93,1,60,38,0,0,2,0,0,0,0,0,0,100,0,41,28,28,3,60.7988165680473,103.974389374888,0,0,1.71745152354571,0.615177701276623,0,0,0,0,0,0,0,0,0,0
NO,NOR,Norway,1,2020-09-23,2020-09-21,100,1,7848.92439711954,1,7848.92439711954,35,97,10,0,1060177.22009875,97,2,98,0,21,79,0,3,97,0,29,71,0,40,60,0,20,80,0,22,78,0,6,94,0,9,91,0,3,97,0,2,98,0,35,65,0,18,82,0,13,5,82,23,77,0,10,13,77,0,8,2,90,38,61,1,79,21,0,34,66,0,57,43,0,12,88,0,29,71,0,57,43,0,42,9,5,1,43,21,79,0,0,12,12,13,55,8,0,13,20,41,26,0,1,6,18,14,60,1,4,6,23,17,50,0,21,50,24,4,1,4,11,13,72,0,42,54,0,2,2,100,0,0,0,0,0,0,0,59,25,13,3,11.9375573921029,25.3216437707302,15.1111111111111,15.006171569897,2.59326177064513,1.52558599539649,0.01,0.0195013954179879,0.00740340789098306,0.000163177804477959,0.01,0.0195013954179879,0.00740340789098306,0.000163177804477959,0.00508203862349354,0.00167936719694177
NO,NOR,Norway,2,2020-09-23,2020-09-22,100,0,0,0,0,32,99,9,0,757458.122081589,99,2,98,0,12,88,0,7,93,0,24,76,0,27,73,0,25,75,0,15,85,0,4,96,0,11,89,0,4,96,0,11,89,0,27,73,0,20,80,0,15,5,80,30,70,0,9,21,70,0,9,0,91,47,52,1,76,23,1,28,70,2,59,40,1,8,91,1,24,75,1,65,35,0,36,13,8,8,35,24,76,0,1,5,10,10,67,7,0,15,13,45,26,1,0,1,8,10,79,2,0,5,7,23,65,0,14,57,15,13,1,0,4,12,84,0,34,64,0,0,2,0,100,0,0,0,0,0,0,52,20,27,1,9.10808767951625,14.3040909446085,8.86426592797784,6.33832033304913,2.39483548521449,1.3276390909632,0,0,0,0,0,0,0,0,0.00455256793284962,0.00157376072270914
NO,NOR,Norway,3,2020-09-23,2020-09-23,124,0,0,0,0,17,124,9,0,753889.932750314,121,1,123,0,15,109,0,2,122,0,24,100,0,25,99,0,28,96,0,11,113,0,7,117,0,10,114,0,3,121,0,5,119,0,28,96,0,7,117,0,4,3,117,35,89,0,9,26,89,0,7,2,115,60,64,0,94,30,0,45,78,1,79,44,1,19,105,0,22,102,0,75,49,0,50,11,5,9,49,30,94,0,2,8,10,7,87,10,0,19,25,42,38,0,0,1,6,14,103,0,0,4,5,19,96,0,13,67,30,14,0,0,6,13,105,0,62,58,0,0,4,0,0,124,0,0,0,0,0,72,23,28,1,18.5839100346021,33.0964644004492,43.0204081632653,20.0861119942046,4.05682671948637,9.21402357854265,0,0,0,0,0,0,0,0,0.00193094048159927,0.000917007344606337
NO,NOR,Norway,4,2020-09-23,2020-09-23,187,2,8182.92481278653,2,8182.92481278653,91,186,15,0,733624.462450765,184,2,185,0,32,155,0,5,182,0,25,162,0,42,145,0,35,152,0,21,166,0,8,179,0,8,179,0,5,182,0,11,176,0,46,141,0,25,162,0,14,11,162,40,147,0,15,24,148,0,13,2,172,77,110,0,145,42,0,72,115,0,118,69,0,24,163,0,21,166,0,100,87,0,54,24,13,9,87,45,142,0,4,3,9,15,135,21,0,37,31,73,46,0,1,0,3,21,161,1,0,3,7,29,148,0,27,70,62,28,0,1,1,17,168,0,83,100,0,1,3,0,0,0,187,0,0,0,0,78,59,46,4,21.4067925347222,42.5609713352297,29.21875,47.6586662391347,2.84530853761623,3.00510441708104,0.0106951871657754,0.0147430230063315,0.0111541057197717,0.000240321637452483,0.0106951871657754,0.0147430230063315,0.0111541057197717,0.000240321637452483,0.00689080720884447,0.00141089922606686
NO,NOR,Norway,5,2020-09-23,2020-09-23,208,2,4871.79796406533,1,3032.16662414696,16,208,6,0,536619.078125882,204,2,206,0,29,179,0,3,205,0,20,188,0,34,174,0,36,172,0,22,186,0,7,201,0,8,200,0,0,208,0,7,201,0,28,180,0,10,198,0,7,3,198,27,181,0,6,20,182,0,5,1,202,71,137,0,147,60,1,81,127,0,126,82,0,26,182,0,32,176,0,107,101,0,63,27,12,5,101,43,165,0,3,3,11,22,142,27,0,51,39,65,53,0,1,2,4,19,182,0,0,2,5,31,170,0,31,94,58,23,2,1,1,15,191,0,72,132,0,0,4,0,0,0,0,208,0,0,0,88,57,56,7,42.6723555555556,71.9261066654664,33.28,14.5434826946261,2.21350717617048,2.54096714675812,0.00961538461538462,0.013261776258648,0.00907868945151907,0.000253773460096955,0.00480769230769231,0.00940022527018195,0.00565050097498708,0.00020055248302989,0.00108342361863489,0.000530580162830589
NO,NOR,Norway,6,2020-09-23,2020-09-23,214,1,6992.90538955258,1,6992.90538955258,17,212,9,0,572934.277540638,209,2,212,0,16,198,0,3,211,0,8,206,0,24,190,0,21,193,0,10,204,0,2,212,0,4,210,0,1,213,0,9,205,0,23,191,0,13,200,1,7,6,201,32,181,1,9,23,182,0,9,0,205,23,187,4,157,57,0,93,120,1,116,98,0,19,194,1,26,188,0,91,123,0,64,19,4,4,123,37,177,0,1,3,11,14,141,44,0,63,48,80,23,0,0,2,4,9,197,2,0,1,3,21,189,0,19,109,59,24,3,1,2,17,193,1,90,117,0,1,6,0,0,0,0,0,214,0,0,88,65,52,9,46.2665816326531,79.4625905157825,23.7777777777778,13.8832311708805,1.84332070988342,1.68927065197121,0.00467289719626168,0.00913728629526227,0.0122054233158647,0.000284318703423776,0.00467289719626168,0.00913728629526227,0.0122054233158647,0.000284318703423776,0.0011294180175392,0.000536578112522264
NO,NOR,Norway,7,2020-09-23,2020-09-22,100,0,0,0,0,3,98,3,0,324160.237802247,96,0,99,1,9,91,0,2,98,0,0,99,1,10,89,1,13,86,1,7,93,0,2,97,1,0,99,1,1,98,1,2,97,1,8,92,0,3,96,1,1,2,97,8,90,2,3,5,92,0,2,1,97,8,92,0,69,31,0,30,70,0,45,54,1,9,91,0,10,90,0,39,60,1,30,6,2,1,61,15,85,0,0,4,4,3,65,24,0,36,24,33,7,0,0,0,1,5,93,1,0,0,2,13,84,1,7,49,33,10,1,0,1,5,94,0,60,38,0,1,1,0,0,0,0,0,0,100,0,44,28,25,3,29.4896030245747,29.1058394705542,75,35.3553390593274,1.7428700769579,0.677350728032655,0,0,0,0,0,0,0,0,0.000431158378844496,0.00048778747978168
NO,NOR,Norway,1,2020-09-24,2020-09-22,100,2,18187.7149322065,2,18187.7149322065,28,98,10,0,929457.483785967,98,2,98,0,21,79,0,4,96,0,31,69,0,41,59,0,26,74,0,21,79,0,12,88,0,7,93,0,3,97,0,6,94,0,34,66,0,15,85,0,8,7,85,34,66,0,10,24,66,0,8,2,90,41,57,2,79,21,0,29,70,1,60,40,0,14,85,1,30,69,1,58,42,0,43,12,2,1,42,24,76,0,1,13,12,14,54,6,0,12,24,38,26,0,1,8,15,18,56,2,4,14,11,30,41,0,19,47,27,6,1,5,9,16,70,0,41,53,0,2,4,100,0,0,0,0,0,0,0,58,21,17,4,14.1643709825528,30.548241474134,15.9763313609467,13.1226720341913,2.46310763888889,1.48179584462031,0.02,0.0274394957835608,0.0195680977876711,0.000281589430103985,0.02,0.0274394957835608,0.0195680977876711,0.000281589430103985,0.00402414486921529,0.0014875346383211
NO,NOR,Norway,2,2020-09-24,2020-09-23,100,1,6656.14105451353,0,0,28,100,3,0,753938.739399695,100,1,99,0,19,81,0,4,96,0,26,74,0,28,72,0,23,77,0,16,84,0,2,98,0,11,89,0,2,98,0,8,92,0,30,70,0,9,91,0,6,3,91,25,75,0,3,22,75,0,2,1,97,50,49,1,78,21,1,37,61,2,74,25,1,11,88,1,26,73,1,68,32,0,40,13,7,8,32,18,82,0,2,6,9,7,71,5,0,17,14,39,30,0,0,2,12,19,67,0,0,3,13,22,62,0,20,47,26,6,1,1,10,8,81,0,41,57,0,1,1,0,100,0,0,0,0,0,0,52,23,24,1,9.11111111111111,19.7142168310211,34.5679012345679,31.6444583159909,2.9362765514369,4.0902111254356,0.01,0.0195013954179879,0.00882849057446407,0.000211153213536573,0,0,0,0,0.00394366197183099,0.00145784284472626
NO,NOR,Norway,3,2020-09-24,2020-09-23,100,0,0,0,0,82,100,9,0,676053.713053061,100,1,98,1,18,82,0,3,96,1,17,82,1,23,76,1,16,83,1,15,84,1,2,97,1,8,92,0,5,94,1,4,95,1,24,76,0,16,84,0,12,4,84,31,69,0,9,22,69,0,9,0,91,47,53,0,85,15,0,44,56,0,62,38,0,11,89,0,14,86,0,63,37,0,39,14,4,6,37,20,80,0,2,0,7,8,77,6,0,14,15,40,31,0,0,2,0,7,91,0,1,1,5,18,75,0,11,47,28,14,0,2,1,8,89,0,46,51,0,0,3,0,0,100,0,0,0,0,0,47,24,28,1,11.0082644628099,25.0482685100116,32.03125,75.2383365822681,2.95710120783007,1.43927489097847,0,0,0,0,0,0,0,0,0.0115492957746479,0.00248527342575519
NO,NOR,Norway,4,2020-09-24,2020-09-24,196,4,11773.5109705875,1,1927.03288848567,74,194,8,0,682056.38516988,195,5,190,1,27,168,1,3,191,2,30,165,1,33,162,1,32,163,1,23,173,0,6,188,2,11,183,2,1,193,2,10,185,1,47,149,0,26,170,0,13,13,170,46,150,0,8,38,150,0,7,1,188,94,101,1,146,50,0,74,121,1,123,72,1,15,180,1,19,174,3,108,88,0,58,32,10,8,88,53,143,0,3,12,16,12,129,24,0,37,33,72,54,0,0,0,8,14,172,2,2,4,11,26,153,0,25,89,62,19,1,2,4,15,175,0,75,118,1,0,2,0,0,0,196,0,0,0,0,96,51,47,2,27.4106404958678,47.3721612438473,25.1805555555556,40.2191735906597,2.53081597222222,1.34571374789064,0.0204081632653061,0.019794502636901,0.017261785427982,0.000309100516367518,0.00510204081632653,0.00997427389112943,0.00282532783269187,0.00012596735053339,0.00537244083055031,0.00122077075440923
NO,NOR,Norway,5,2020-09-24,2020-09-24,224,5,11632.4297176756,3,6903.487205223,30,222,7,0,548271.818471336,221,6,217,1,23,200,1,6,217,1,21,203,0,36,187,1,29,194,1,20,203,1,8,215,1,6,217,1,0,223,1,6,217,1,37,187,0,17,206,1,8,9,207,40,182,2,7,33,184,0,6,1,217,83,141,0,153,71,0,74,150,0,136,88,0,24,200,0,25,199,0,96,128,0,56,18,16,6,128,44,180,0,3,6,13,14,158,30,0,41,43,86,53,1,1,0,7,12,204,0,2,0,7,24,191,0,29,99,73,23,0,2,5,15,202,0,81,139,0,1,3,0,0,0,0,224,0,0,0,96,65,56,7,29.435,59.5887915295265,26.25,12.390856844195,2.12317550729797,1.11265711318343,0.0223214285714286,0.0193456409493772,0.0212165377204843,0.000381443920640948,0.0133928571428571,0.0150533385044265,0.012591358834512,0.00029514463382728,0.00190331176246669,0.000680430390416753
NO,NOR,Norway,6,2020-09-24,2020-09-24,189,0,0,0,0,12,189,2,0,539933.439001035,186,0,187,2,18,171,0,4,184,1,7,180,2,18,169,2,25,162,2,4,183,2,3,184,2,0,186,3,1,186,2,5,182,2,10,177,2,10,179,0,8,1,180,17,168,4,2,15,172,0,2,0,187,23,163,3,132,57,0,60,127,2,103,84,2,15,171,3,13,174,2,73,116,0,58,9,4,2,116,32,157,0,2,0,5,10,142,30,0,56,45,76,12,0,0,0,2,12,175,0,0,1,3,15,170,0,15,93,58,22,1,0,0,13,176,0,82,105,0,0,2,0,0,0,0,0,189,0,0,87,56,45,1,63.0933333333333,103.529201853215,18.9,12.6,1.98855359001041,3.65352719888961,0,0,0,0,0,0,0,0,0.000894254415381176,0.000505736489220285
NO,NOR,Norway,7,2020-09-24,2020-09-23,100,0,0,0,0,0,98,3,0,287989.251646841,94,0,99,1,13,87,0,4,96,0,4,95,1,21,78,1,13,86,1,12,88,0,1,98,1,2,97,1,0,99,1,5,94,1,8,92,0,1,98,1,0,1,99,11,85,4,3,7,90,0,1,2,97,6,92,2,71,29,0,36,64,0,52,48,0,10,90,0,8,92,0,48,52,0,36,6,5,1,52,20,80,0,0,7,4,8,63,18,0,32,24,36,8,0,0,0,1,8,89,2,0,0,3,14,83,0,10,49,32,9,0,0,2,11,87,0,54,44,0,0,2,0,0,0,0,0,0,100,0,48,27,19,6,48.92578125,80.5358243980077,0,0,1.57243611978263,0.664339008050615,0,0,0,0,0,0,0,0,0,0
NO,NOR,Norway,1,2020-09-25,2020-09-23,100,3,27923.272758508,2,19140.7860518076,16,99,13,0,1019041.99514937,99,4,96,0,21,79,0,6,94,0,33,67,0,46,54,0,24,76,0,25,75,0,11,89,0,9,91,0,2,98,0,7,93,0,32,68,0,9,91,0,6,3,91,43,57,0,13,30,57,0,12,1,87,39,59,2,81,19,0,39,60,1,59,41,0,14,85,1,35,64,1,60,40,0,39,14,2,5,40,24,76,0,2,12,14,15,52,5,0,11,25,38,26,0,1,6,12,24,52,5,3,13,11,33,40,0,21,44,27,7,1,8,8,19,65,0,37,58,0,1,4,100,0,0,0,0,0,0,0,55,25,15,5,16.9187145557656,35.310498033065,25,17.6776695296637,2.65957446808511,1.61940065042159,0.03,0.0334344809563718,0.0274014936493516,0.000316961101622607,0.02,0.0274394957835608,0.0187831180097755,0.000263583608650176,0.00227628396642481,0.00111408848846795
NO,NOR,Norway,2,2020-09-25,2020-09-24,100,4,30488.3770485274,3,22634.7262566811,28,100,5,0,869075.555852698,99,6,94,0,18,82,0,3,97,0,19,81,0,33,67,0,18,82,0,12,88,0,5,95,0,7,92,1,3,97,0,5,95,0,25,75,0,7,93,0,5,2,93,34,66,0,5,29,66,0,4,1,95,44,55,1,74,26,0,42,57,1,64,35,1,11,88,1,22,77,1,61,39,0,30,19,9,3,39,28,72,0,3,8,9,9,65,6,0,24,15,30,31,0,0,5,3,13,79,0,0,4,8,15,73,0,23,43,23,9,2,1,7,20,71,1,43,54,0,2,1,0,100,0,0,0,0,0,0,52,25,23,0,12.2770919067215,27.1410754405878,57.1428571428571,45.1753951452626,2.94867870625446,3.39236340689338,0.04,0.0384072934108425,0.0350813883133712,0.00038681477221086,0.03,0.0334344809563718,0.0260446011905984,0.000334848003679283,0.00394366197183099,0.00145784284472626
NO,NOR,Norway,3,2020-09-25,2020-09-24,100,1,8959.48014204371,0,0,23,100,6,0,563849.98732247,100,2,98,0,18,82,0,3,97,0,21,79,0,25,75,0,15,85,0,15,85,0,1,99,0,8,92,0,1,99,0,6,94,0,28,72,0,10,90,0,7,3,90,29,71,0,6,23,71,0,5,1,94,44,55,1,74,24,2,27,71,2,64,35,1,5,93,2,8,90,2,55,45,0,35,9,7,4,45,21,79,0,0,3,7,3,76,11,0,13,15,42,30,0,1,1,1,11,84,2,0,1,7,12,80,0,12,54,21,11,2,0,4,6,90,0,45,54,1,0,0,0,0,100,0,0,0,0,0,51,30,18,1,14.7740784780024,24.9477666759894,22,22.0100986922922,3.08131823283338,1.68512505827234,0.01,0.0195013954179879,0.0158898294643744,0.00032639822001954,0,0,0,0,0.00323943661971831,0.00132174928380468
NO,NOR,Norway,4,2020-09-25,2020-09-25,176,5,21750.8745631131,3,17409.3087602952,23,176,8,0,642595.567831596,176,5,171,0,22,154,0,5,171,0,13,163,0,35,141,0,35,141,0,20,156,0,3,173,0,13,163,0,1,175,0,7,169,0,32,144,0,12,164,0,8,4,164,50,126,0,8,42,126,0,7,1,168,79,97,0,141,35,0,75,101,0,115,61,0,13,162,1,20,156,0,90,85,1,48,21,16,5,86,51,125,0,2,6,9,14,128,17,0,36,22,59,59,0,1,3,4,14,153,1,2,1,7,21,145,0,24,89,40,22,1,1,4,20,151,0,71,104,0,1,0,0,0,0,176,0,0,0,0,72,52,51,1,28.3474122546104,52.5741303537469,28.1111111111111,17.0793355755926,2.51710926146122,1.23398419660321,0.0284090909090909,0.0245449497128006,0.0338484665191673,0.000442151752721676,0.0170454545454545,0.0191232969206503,0.0270921706152471,0.000396951071226707,0.00184058898847631,0.000751520696608823
NO,NOR,Norway,5,2020-09-25,2020-09-25,190,1,2775.77123230903,0,0,37,190,6,0,575706.182978817,183,1,188,1,23,166,1,2,188,0,12,178,0,29,160,1,30,159,1,16,173,1,0,189,1,7,182,1,1,188,1,6,183,1,28,162,0,9,181,0,6,3,181,29,161,0,6,23,161,0,5,1,184,73,116,1,143,47,0,70,119,1,123,67,0,22,167,1,20,169,1,94,96,0,48,23,13,10,96,39,151,0,4,3,10,5,137,31,0,33,36,68,53,0,0,0,6,10,174,0,0,2,5,16,167,0,29,83,59,18,1,1,2,17,170,0,62,121,0,2,5,0,0,0,0,190,0,0,0,94,51,37,8,25.4211300147028,49.3174580659774,86.7901234567901,134.53445614511,1.99505509599829,1.59238850675443,0.00526315789473684,0.0102884177899129,0.00482150672404914,0.000178932620999961,0,0,0,0,0.00274277242401779,0.000882552601883998
NO,NOR,Norway,6,2020-09-25,2020-09-25,185,0,0,0,0,11,183,4,0,576885.489165019,181,1,184,0,10,175,0,2,183,0,8,177,0,28,157,0,28,157,0,9,176,0,1,184,0,5,180,0,0,185,0,4,181,0,16,169,0,9,175,1,6,3,176,24,158,3,4,19,162,0,3,1,181,23,159,3,131,53,1,68,116,1,106,79,0,19,166,0,18,166,1,85,100,0,66,10,6,3,100,37,148,0,5,7,11,12,110,40,0,56,50,62,17,0,0,1,3,15,163,3,0,0,8,16,161,0,24,84,50,24,3,1,2,19,163,0,72,110,0,0,3,0,0,0,0,0,185,0,0,83,48,48,6,35.1892890120037,57.5999815855286,28.90625,26.9398097286207,2.18677551020408,3.95317390223903,0,0,0,0,0,0,0,0,0.000846609712922343,0.000500093348589276
NO,NOR,Norway,7,2020-09-25,2020-09-24,100,0,0,0,0,1,99,1,0,306527.683390435,95,1,99,0,15,85,0,3,97,0,8,92,0,17,83,0,11,89,0,7,93,0,1,99,0,2,98,0,0,100,0,3,97,0,5,95,0,2,98,0,1,1,98,10,89,1,1,9,90,0,1,0,99,9,88,3,80,19,1,42,57,1,56,43,1,13,87,0,8,92,0,44,56,0,30,7,4,2,57,22,78,0,1,7,6,2,72,12,0,26,32,35,7,0,0,0,3,5,91,1,0,0,2,11,87,0,6,46,32,13,3,0,1,7,92,0,57,42,0,0,1,0,0,0,0,0,0,100,0,44,29,19,8,55.281207133059,92.762953964852,0,0,1.65337033183027,0.817043422209409,0,0,0,0,0,0,0,0,0.000142267747901551,0.000278819826397772
NO,NOR,Norway,1,2020-09-26,2020-09-24,100,4,43084.7605268913,2,19140.7860518076,22,100,14,0,1107428.2837842,99,5,95,0,23,77,0,7,93,0,25,75,0,44,56,0,20,80,0,25,75,0,9,91,0,11,89,0,4,96,0,10,90,0,32,68,0,9,91,0,4,5,91,44,56,0,14,30,56,0,13,1,86,37,62,1,81,19,0,45,54,1,58,42,0,16,83,1,41,58,1,56,44,0,35,12,0,9,44,25,75,0,3,12,10,16,54,5,0,14,19,38,29,0,1,4,12,23,55,5,3,9,12,30,46,0,19,44,25,11,1,7,4,17,72,0,36,60,0,0,4,100,0,0,0,0,0,0,0,59,26,8,7,15.2426035502959,33.0531254698056,27.1604938271605,17.6655407669805,2.98913043478261,2.70901719721111,0.04,0.0384072934108425,0.0389052376192398,0.00036014503071143,0.02,0.0274394957835608,0.0172839960222087,0.000242731633553278,0.00309859154929577,0.00129278762877007
NO,NOR,Norway,2,2020-09-26,2020-09-25,100,0,0,0,0,27,100,7,1,673649.021798218,100,1,99,0,17,83,0,0,100,0,17,83,0,33,67,0,23,77,0,19,81,0,3,97,0,7,93,0,4,96,0,2,98,0,36,64,0,10,90,0,9,1,90,34,66,0,7,27,66,1,6,0,93,48,52,0,82,18,0,48,52,0,66,34,0,9,91,0,25,75,0,67,33,0,33,20,6,8,33,25,75,0,5,4,6,14,64,7,0,15,15,31,39,0,0,1,5,13,80,1,2,1,7,20,70,0,19,48,23,8,2,2,3,9,86,0,35,65,0,0,0,0,100,0,0,0,0,0,0,61,24,15,0,12.2130394857668,24.9473257161081,27,18.2878222991269,2.72,3.99261945356806,0,0,0,0,0,0,0,0,0.00380281690140845,0.00143167446501777
NO,NOR,Norway,3,2020-09-26,2020-09-25,100,0,0,0,0,63,97,9,0,516568.608690218,97,1,99,0,22,78,0,2,98,0,17,83,0,34,66,0,15,85,0,16,84,0,4,96,0,5,95,0,2,98,0,3,97,0,22,78,0,12,87,1,8,4,88,24,76,0,9,15,76,0,6,3,91,50,50,0,75,25,0,46,54,0,66,34,0,13,86,1,8,92,0,55,45,0,32,11,6,6,45,23,77,0,1,2,9,5,79,4,0,21,19,27,33,0,2,0,4,12,81,1,1,2,9,12,76,0,14,43,32,10,1,0,3,6,91,0,52,45,0,0,3,0,0,100,0,0,0,0,0,44,26,27,3,16.4115343538626,27.871878212653,63,106.045063796273,3.63481772770751,6.14443076813208,0,0,0,0,0,0,0,0,0.00914766952228837,0.00224849926711711
NO,NOR,Norway,4,2020-09-26,2020-09-26,220,3,10681.4271360404,2,6787.03645217968,47,219,9,0,701251.640986236,217,4,216,0,28,192,0,7,213,0,23,197,0,37,183,0,34,186,0,25,195,0,5,215,0,10,210,0,1,219,0,9,211,0,48,172,0,15,205,0,12,3,205,44,174,2,9,35,176,0,7,2,211,110,108,2,179,40,1,93,126,1,138,80,2,21,197,2,15,203,2,107,113,0,63,22,13,9,113,51,169,0,4,6,10,16,165,19,0,40,33,68,78,1,0,1,7,12,199,1,1,1,8,24,186,0,29,104,59,27,1,1,8,18,193,0,80,137,0,0,3,0,0,0,220,0,0,0,0,78,67,70,5,18.1818181818182,40.6373916074373,52.7551020408163,64.8230638202948,2.90319091400757,2.68851228301743,0.0136363636363636,0.0153251440031813,0.0152319460115888,0.000286652555198539,0.00909090909090909,0.0125417261715745,0.00967846070582371,0.000229140788818151,0.00302270242459322,0.000862853750039371
NO,NOR,Norway,5,2020-09-26,2020-09-26,198,1,3436.11990092274,0,0,24,198,11,1,556384.158424469,196,4,194,0,23,175,0,7,191,0,13,185,0,26,172,0,25,173,0,13,185,0,5,193,0,7,190,1,0,198,0,5,193,0,36,162,0,11,187,0,9,2,187,44,152,2,11,33,154,1,10,0,187,74,123,1,159,37,2,81,114,3,121,76,1,13,183,2,25,172,1,107,91,0,71,22,8,6,91,44,154,0,3,3,8,19,142,23,0,35,36,66,60,1,1,1,9,18,169,0,0,1,5,23,168,1,30,102,48,17,1,0,1,13,184,0,78,119,0,0,1,0,0,0,0,198,0,0,0,74,69,52,3,30.2439992065067,42.3867610694069,39.2727272727273,27.6734201322891,2.38669494483073,2.44487806808,0.00505050505050505,0.00987377937101159,0.006175804700574,0.000205855404165301,0,0,0,0,0.00170721297481861,0.000682431617076461
NO,NOR,Norway,6,2020-09-26,2020-09-26,180,1,3159.40121673629,0,0,11,178,4,0,596181.306630439,175,1,179,0,18,162,0,2,178,0,4,176,0,20,160,0,23,157,0,8,172,0,1,179,0,1,179,0,0,180,0,3,177,0,17,163,0,4,175,1,2,2,176,27,151,2,4,23,153,0,4,0,176,13,167,0,142,38,0,78,102,0,98,82,0,19,161,0,10,169,1,78,102,0,57,12,6,2,103,37,143,0,1,1,9,17,134,18,0,54,42,62,21,1,0,0,3,13,162,2,0,2,1,16,161,0,25,87,56,11,1,0,2,12,166,0,72,105,0,1,2,0,0,0,0,0,180,0,0,70,55,46,9,35.6101624323199,45.9869126041729,220,138.56406460551,2.08925619834711,0.981715150588527,0.00555555555555556,0.010858400319286,0.00529939664595143,0.000184297022027881,0,0,0,0,0.000870390884633645,0.00051413479590771
NO,NOR,Norway,7,2020-09-26,2020-09-25,100,0,0,0,0,1,99,2,0,332890.317463725,97,1,99,0,11,89,0,2,98,0,5,95,0,13,87,0,13,87,0,4,96,0,1,99,0,0,100,0,0,100,0,2,98,0,4,96,0,1,98,1,0,1,99,12,88,0,2,10,88,0,2,0,98,9,89,2,73,26,1,42,56,2,59,39,2,15,85,0,5,95,0,47,53,0,30,9,3,4,54,15,85,0,0,5,5,3,63,24,0,24,33,34,9,0,0,0,1,4,94,1,0,0,3,6,91,0,8,46,32,11,3,0,2,8,90,0,52,44,1,1,2,0,0,0,0,0,0,100,0,37,29,25,9,59.6153846153846,83.6819139473608,0,0,1.80367672563302,0.926627679019143,0,0,0,0,0,0,0,0,0.000142267747901551,0.000278819826397772
NO,NOR,Norway,1,2020-09-27,2020-09-25,100,3,32745.9699918043,1,8801.99551672061,27,100,10,0,1065759.99864015,98,3,97,0,25,75,0,6,94,0,22,78,0,42,58,0,18,82,0,23,77,0,5,95,0,15,85,0,4,96,0,7,93,0,27,73,0,10,90,0,6,4,90,39,61,0,10,29,61,0,10,0,90,38,62,0,75,25,0,44,56,0,56,44,0,19,81,0,32,68,0,62,38,0,38,12,4,8,38,22,78,0,3,7,8,19,55,8,0,13,19,35,33,0,2,4,14,18,60,2,2,5,19,23,51,0,25,43,21,11,0,7,3,11,79,0,42,54,0,1,3,100,0,0,0,0,0,0,0,59,28,8,5,13.1020408163265,26.372944007129,27,28.6937856222098,3.88484217828651,7.19922692587228,0.03,0.0334344809563718,0.0307254635505052,0.000327635541096721,0.01,0.0195013954179879,0.00825889086468951,0.000171821855495505,0.00380281690140845,0.00143167446501777
NO,NOR,Norway,2,2020-09-27,2020-09-26,100,2,9129.61973378835,1,4385.06807198725,19,100,7,0,666779.829573055,99,3,95,2,18,80,2,1,97,2,19,79,2,25,75,0,20,78,2,13,85,2,3,95,2,10,88,2,4,94,2,2,96,2,23,75,2,10,90,0,5,5,90,42,58,0,7,35,58,0,7,0,93,28,69,3,80,19,1,54,44,2,76,23,1,14,85,1,19,80,1,68,32,0,45,15,4,4,32,24,76,0,3,6,7,11,71,2,0,16,10,40,34,0,0,0,6,13,79,2,0,8,9,17,66,0,14,50,24,9,3,2,4,9,84,1,39,60,0,0,1,0,100,0,0,0,0,0,0,52,23,21,4,18.877354863514,24.4806439379067,19,9.94428926011753,2.61495844875346,1.43923220966137,0.02,0.0274394957835608,0.0136921054430128,0.000278931932867598,0.01,0.0195013954179879,0.00657648578661272,0.000194008619244966,0.00267605633802817,0.0012016684687081
NO,NOR,Norway,3,2020-09-27,2020-09-27,151,2,8511.00817179046,1,3695.81720816984,24,150,7,0,774145.097762891,149,3,146,2,24,125,2,5,144,2,24,125,2,40,109,2,34,115,2,13,136,2,3,146,2,10,139,2,2,147,2,6,143,2,40,110,1,11,140,0,9,2,140,47,103,1,7,40,104,0,7,0,144,39,110,2,117,33,1,67,83,1,99,51,1,23,127,1,24,126,1,88,63,0,58,18,6,6,63,39,112,0,4,4,10,12,115,6,0,20,22,61,48,0,0,5,7,14,125,0,0,4,8,21,118,0,14,78,41,18,0,3,3,21,124,0,65,82,0,0,4,0,0,151,0,0,0,0,0,77,46,23,5,15.6730681298583,25.3245896089678,36.24,42.2320362863181,3.49537037037037,3.97610634591242,0.0132450331125828,0.0182343716434986,0.0109940735869612,0.000232282062602845,0.00662251655629139,0.0129368427609194,0.00477406266454433,0.000153547166888957,0.00225352112676056,0.000900563220164912
NO,NOR,Norway,4,2020-09-27,2020-09-27,227,1,4777.00448861056,1,4777.00448861056,55,224,10,0,731308.822614846,223,3,223,1,31,195,1,4,222,1,16,210,1,45,181,1,37,189,1,26,200,1,2,224,1,4,222,1,3,223,1,7,219,1,49,177,1,27,199,1,17,9,201,47,178,2,10,37,180,0,10,0,217,62,163,2,173,53,1,79,146,2,127,100,0,22,204,1,29,198,0,115,111,1,82,22,6,5,112,42,185,0,7,6,12,22,154,26,0,44,26,76,81,0,0,2,3,21,200,1,3,4,8,25,187,0,25,110,59,32,1,4,7,17,199,0,98,124,0,0,5,0,0,0,227,0,0,0,0,87,71,62,7,16.8051853394419,23.6788469177808,19.976,17.5833443917817,2.767058123978,1.57504978819619,0.00440528634361234,0.00861516351645047,0.0065321302586369,0.000184629892072158,0.00440528634361234,0.00861516351645047,0.0065321302586369,0.000184629892072158,0.00345824949698189,0.000912369624502443
NO,NOR,Norway,5,2020-09-27,2020-09-27,212,2,10343.3377470032,0,0,23,211,5,0,533152.427283542,208,2,210,0,26,186,0,3,209,0,12,199,1,31,181,0,22,190,0,10,202,0,9,202,1,10,202,0,2,210,0,4,207,1,41,171,0,11,200,1,6,5,201,41,169,2,5,34,173,0,5,0,207,42,169,1,143,69,0,81,130,1,127,85,0,22,189,1,18,194,0,107,105,0,68,28,4,7,105,44,168,0,0,6,17,17,152,20,0,41,37,71,63,0,0,1,8,10,191,2,1,3,6,27,175,0,35,99,55,23,0,0,1,13,198,0,72,136,1,0,3,0,0,0,0,212,0,0,0,97,67,41,7,17.15875,33.7447368376241,36.7933884297521,37.0262603015191,2.24968140378394,1.27109258353339,0.00943396226415094,0.0130127457630409,0.0194003388481291,0.000370231121650234,0,0,0,0,0.00153527801882384,0.000626956728294834
NO,NOR,Norway,6,2020-09-27,2020-09-27,183,0,0,0,0,7,182,4,0,670255.446310345,177,0,182,1,21,160,2,8,174,1,9,173,1,13,169,1,22,160,1,8,173,2,4,178,1,7,175,1,0,182,1,5,177,1,14,168,1,5,177,1,3,2,178,19,162,2,4,15,164,0,4,0,179,12,168,3,109,73,1,66,115,2,104,78,1,20,162,1,17,164,2,91,92,0,58,20,6,7,92,32,151,0,3,1,12,9,120,38,0,48,44,68,23,0,0,0,4,9,167,3,0,0,6,18,159,0,28,86,46,20,3,0,2,21,158,2,81,99,0,0,3,0,0,0,0,0,183,0,0,79,45,50,9,45.8964,71.12091132425,51.24,20.0466456046891,1.92377636560303,1.07530586128651,0,0,0,0,0,0,0,0,0.000541711809317443,0.000401189641483077
NO,NOR,Norway,7,2020-09-27,2020-09-25,100,0,0,0,0,4,99,2,0,331465.892191116,97,0,100,0,14,86,0,3,97,0,3,97,0,10,90,0,14,86,0,2,98,0,1,99,0,0,100,0,0,100,0,2,98,0,6,94,0,2,97,1,2,0,98,13,87,0,2,11,87,0,2,0,98,6,92,2,64,36,0,38,61,1,52,47,1,13,87,0,5,95,0,41,59,0,28,9,2,2,59,17,83,0,0,2,3,3,61,31,0,36,31,27,6,0,0,0,1,3,96,0,0,0,2,7,91,0,11,44,38,7,0,0,2,7,91,0,52,42,1,1,4,0,0,0,0,0,0,100,0,37,25,31,7,55.0535077288942,90.7403198053284,100,70.7106781186548,1.93526482571299,0.824965399453096,0,0,0,0,0,0,0,0,0.000569070991606203,0.000557520621952935
NO,NOR,Norway,1,2020-09-28,2020-09-27,100,1,14588.0538472775,1,14588.0538472775,40,98,5,0,808907.957775711,98,2,98,0,25,75,0,4,96,0,25,75,0,38,62,0,20,80,0,20,80,0,4,96,0,18,82,0,4,96,0,7,93,0,29,71,0,14,84,2,10,4,86,30,70,0,5,25,70,0,5,0,95,34,66,0,68,32,0,37,63,0,66,34,0,19,81,0,25,75,0,66,34,0,42,14,7,3,34,18,82,0,4,5,10,13,58,10,0,9,22,36,33,0,2,3,13,18,62,2,1,7,20,19,53,0,22,46,22,10,0,3,4,15,78,0,42,54,0,1,3,100,0,0,0,0,0,0,0,54,35,6,5,10.996434603115,22.6913219712168,20.4081632653061,17.0088957372457,5.91896785875962,15.6735661945451,0.01,0.0195013954179879,0.018034256811357,0.000289998552807014,0.01,0.0195013954179879,0.018034256811357,0.000289998552807014,0.00574877838459327,0.00177640394471899
NO,NOR,Norway,2,2020-09-28,2020-09-27,100,1,8449.30651340545,1,8449.30651340545,32,99,7,0,678563.787005772,99,1,99,0,15,85,0,1,99,0,24,76,0,31,69,0,23,77,0,16,84,0,6,94,0,11,89,0,4,96,0,5,95,0,35,65,0,15,85,0,11,4,85,29,71,0,7,22,71,0,6,1,93,34,66,0,56,44,0,28,72,0,68,32,0,9,91,0,13,87,0,60,40,0,39,15,5,1,40,24,76,0,2,7,9,4,65,12,1,15,16,44,24,1,1,2,12,9,76,0,1,2,16,15,66,0,19,49,19,11,2,0,6,14,78,2,30,68,1,0,1,0,100,0,0,0,0,0,0,53,26,20,1,10.0781053162006,15.1073896218597,16.3265306122449,11.6962375803789,2.39483548521449,1.1639243597256,0.01,0.0195013954179879,0.0124517498210284,0.000263843929637557,0.01,0.0195013954179879,0.0124517498210284,0.000263843929637557,0.00455256793284962,0.00157376072270914
NO,NOR,Norway,3,2020-09-28,2020-09-28,106,1,4796.75346800453,0,0,41,104,10,0,620445.082633121,106,2,103,1,13,91,2,3,102,1,19,87,0,21,84,1,16,89,1,17,88,1,0,105,1,4,101,1,2,103,1,2,103,1,18,87,1,20,86,0,16,4,86,36,69,1,10,26,70,0,8,2,96,36,70,0,73,33,0,36,70,0,69,37,0,14,92,0,9,97,0,62,44,0,35,14,7,6,44,16,90,0,0,5,12,3,73,13,0,20,18,35,33,0,1,1,5,6,92,1,1,1,11,14,79,0,10,41,36,19,0,0,2,10,94,0,55,50,0,0,1,0,0,106,0,0,0,0,0,51,36,18,1,12.4282480760525,33.1024641674655,13.4135802469136,7.77206191050201,3.07729289940828,1.77379914133927,0.00943396226415094,0.0184028015418055,0.0077311491415928,0.000217938080933192,0,0,0,0,0.00555254604550379,0.00169488115719488
NO,NOR,Norway,4,2020-09-28,2020-09-28,180,1,3463.22437741697,1,3463.22437741697,25,178,5,0,645789.421253982,177,2,177,1,16,163,1,5,174,1,20,159,1,30,150,0,26,153,1,16,163,1,3,176,1,7,171,2,0,179,1,7,172,1,34,145,1,15,164,1,10,5,165,37,143,0,5,32,143,0,4,1,175,71,109,0,107,73,0,52,127,1,113,67,0,19,161,0,21,159,0,109,71,0,69,19,13,8,71,34,146,0,0,2,14,15,124,25,0,35,24,72,49,0,3,1,12,8,153,3,1,3,12,26,138,0,29,90,52,8,1,0,5,15,160,0,70,109,0,0,1,0,0,0,180,0,0,0,0,93,45,39,3,21.376,42.8093568958684,22.0408163265306,15.4849832124813,2.42897727272727,1.2543681057593,0.00555555555555556,0.010858400319286,0.00536277656994155,0.000178127032783911,0.00555555555555556,0.010858400319286,0.00536277656994155,0.000178127032783911,0.0019781611014401,0.000774657565531064
NO,NOR,Norway,5,2020-09-28,2020-09-28,224,2,12265.9258736574,0,0,19,219,6,0,599949.137023629,221,2,222,0,28,196,0,5,219,0,14,210,0,23,201,0,31,193,0,14,210,0,4,220,0,11,213,0,3,221,0,5,219,0,31,193,0,17,206,1,11,6,207,40,182,2,6,34,184,0,5,1,218,73,150,1,133,91,0,65,158,1,144,80,0,17,206,1,30,194,0,134,90,0,84,31,13,6,90,53,171,0,2,8,10,22,155,27,0,53,35,85,51,0,0,4,4,18,197,1,0,1,9,22,192,0,24,110,66,24,0,4,2,20,198,0,77,145,1,0,1,0,0,0,0,224,0,0,0,112,52,56,4,26.5652489475976,53.3360543408663,25.1834319526627,15.112384332675,2.16816766265466,1.37283331417873,0.00892857142857143,0.0123187757257126,0.0204449429405118,0.00035809499536314,0,0,0,0,0.0012219435333462,0.000549106929074154
NO,NOR,Norway,6,2020-09-28,2020-09-28,207,0,0,0,0,5,206,5,0,595497.735337914,205,0,207,0,21,186,0,4,203,0,6,201,0,26,181,0,24,183,0,5,202,0,4,203,0,5,202,0,1,206,0,3,204,0,17,190,0,5,202,0,5,0,202,18,185,4,5,13,189,0,5,0,202,16,187,4,125,82,0,59,147,1,121,86,0,17,190,0,12,195,0,99,108,0,84,11,1,3,108,17,190,0,4,4,7,11,143,38,0,42,60,83,21,1,0,0,6,9,191,1,0,2,3,16,186,0,15,111,55,24,2,1,2,10,193,1,75,130,0,2,0,0,0,0,0,0,207,0,0,89,53,63,2,46.467825443787,87.1598335956927,64.6875,25.875,1.95401489965784,0.966781361983799,0,0,0,0,0,0,0,0,0.000341856967044988,0.000299594114966935
NO,NOR,Norway,7,2020-09-28,2020-09-27,100,0,0,0,0,5,100,1,0,308008.405293461,99,0,99,1,11,88,1,4,95,1,4,95,1,17,83,0,14,85,1,5,94,1,2,97,1,0,99,1,0,99,1,3,96,1,10,90,0,3,97,0,2,1,97,11,88,1,1,10,89,0,1,0,99,3,95,2,50,49,1,26,73,1,46,54,0,12,87,1,3,97,0,35,65,0,27,7,0,1,65,15,85,0,0,0,2,6,64,28,0,35,27,35,3,0,0,0,1,5,94,0,0,1,2,10,87,0,12,35,35,17,1,0,0,7,93,0,51,46,0,0,3,0,0,0,0,0,0,100,0,53,19,26,2,55.6640625,82.0733618864904,55.5555555555556,38.4900179459751,1.8359375,0.715528791191097,0,0,0,0,0,0,0,0,0.000704225352112676,0.00061705200811476
NO,NOR,Norway,1,2020-09-29,2020-09-27,100,2,25683.9575437054,2,25683.9575437054,45,98,4,0,929728.630735225,97,3,97,0,25,75,0,3,97,0,21,79,0,37,63,0,22,78,0,16,84,0,4,96,0,19,81,0,3,97,0,7,93,0,34,66,0,16,82,2,11,5,84,32,68,0,4,28,68,0,4,0,96,36,64,0,70,30,0,39,61,0,66,34,0,13,87,0,30,70,0,64,36,0,42,14,5,3,36,20,80,0,3,7,8,10,62,10,0,10,19,38,33,0,2,3,11,15,66,3,1,7,15,20,57,0,19,46,22,13,0,1,5,18,76,0,41,56,0,1,2,100,0,0,0,0,0,0,0,59,33,4,4,11.0612244897959,23.4128686889839,17.578125,14.2921070145961,5.14322916666667,13.9417226544581,0.02,0.0274394957835608,0.0276252195475519,0.000333149910375245,0.02,0.0274394957835608,0.0276252195475519,0.000333149910375245,0.00646737568266743,0.00188347989932194
NO,NOR,Norway,2,2020-09-29,2020-09-28,100,1,6692.80349304534,1,6692.80349304534,9,100,6,0,667391.043307524,100,1,99,0,17,83,0,3,96,1,19,81,0,26,74,0,13,86,1,15,85,0,4,95,1,9,90,1,2,97,1,4,96,0,24,75,1,5,95,0,4,1,95,23,77,0,6,17,77,0,6,0,94,50,50,0,75,25,0,40,60,0,61,39,0,7,93,0,23,77,0,63,37,0,32,21,5,5,37,19,81,0,5,6,8,5,67,9,0,12,17,40,31,0,1,0,8,18,72,1,0,3,9,24,64,0,19,49,24,8,0,2,3,17,78,0,40,58,0,0,2,0,100,0,0,0,0,0,0,54,25,19,2,15.4835390946502,32.6609413072469,36,16.7332005306815,2.29071220324865,1.39050315537259,0.01,0.0195013954179879,0.0100283088305718,0.000239046914261434,0.01,0.0195013954179879,0.0100283088305718,0.000239046914261434,0.00126760563380282,0.00082762874363293
NO,NOR,Norway,3,2020-09-29,2020-09-29,112,0,0,0,0,13,112,7,0,622329.831288993,112,2,108,2,18,93,1,4,107,1,18,92,2,31,80,1,23,88,1,12,98,2,1,109,2,8,102,2,0,110,2,5,105,2,31,80,1,9,103,0,5,4,103,29,83,0,7,22,83,0,4,3,105,58,54,0,88,24,0,41,71,0,71,41,0,17,95,0,19,93,0,68,44,0,37,11,14,6,44,28,84,0,0,5,6,4,89,8,0,19,15,44,33,1,0,0,9,6,97,0,2,1,11,13,85,0,12,51,27,19,3,3,8,11,90,0,46,65,0,0,1,0,0,112,0,0,0,0,0,50,34,28,0,16.374269005848,38.7351470092718,16.5925925925926,10.777205024873,3.07142857142857,4.18429988270027,0,0,0,0,0,0,0,0,0.00163480885311871,0.000887949181125174
NO,NOR,Norway,4,2020-09-29,2020-09-29,194,2,5287.91390195791,2,5287.91390195791,24,193,17,0,819594.699563844,194,6,187,1,16,177,1,5,188,1,23,170,1,38,155,1,37,156,1,16,177,1,5,188,1,12,181,1,1,192,1,8,186,0,37,157,0,14,180,0,11,3,180,48,143,3,17,31,146,0,14,3,177,68,126,0,139,54,1,69,125,0,118,76,0,24,170,0,20,174,0,90,104,0,46,22,12,9,105,45,149,0,11,5,7,14,128,29,0,41,34,78,39,2,1,4,5,16,168,0,2,1,7,31,153,0,38,96,45,13,2,1,5,20,168,0,64,126,0,0,4,0,0,0,194,0,0,0,0,85,49,57,3,16.5320035349072,30.5448119397856,27.5502958579882,13.4116234345343,3.29961218836565,7.52659317722667,0.0103092783505155,0.014213829718938,0.00645186444564848,0.000173334732250058,0.0103092783505155,0.014213829718938,0.00645186444564848,0.000173334732250058,0.00175144129022842,0.000700095683630382
NO,NOR,Norway,5,2020-09-29,2020-09-29,200,2,6559.64703641686,0,0,16,200,8,0,583834.11493183,195,3,197,0,20,180,0,4,196,0,10,190,0,24,176,0,29,171,0,14,186,0,2,198,0,10,190,0,1,199,0,4,196,0,28,172,0,7,193,0,6,1,193,47,151,2,8,38,154,0,7,1,192,75,124,1,147,53,0,68,132,0,130,70,0,11,189,0,12,187,1,101,99,0,61,30,8,2,99,51,149,0,8,4,9,16,124,39,0,37,35,89,38,1,0,1,10,14,174,1,0,2,4,35,159,0,26,92,61,21,0,0,4,18,178,0,70,125,0,2,3,0,0,0,0,200,0,0,0,89,51,51,9,17.3913043478261,21.2999108068102,65.3061224489796,45.8162128992728,2.84251765849753,8.1399613473405,0.01,0.0137895689426595,0.0112354637535746,0.000270361781200718,0,0,0,0,0.00112676056338028,0.000551791399509663
NO,NOR,Norway,6,2020-09-29,2020-09-29,174,1,2827.57653621329,0,0,7,173,5,0,609856.901501687,171,3,171,0,19,155,0,2,172,0,7,167,0,15,159,0,16,158,0,8,166,0,2,172,0,3,171,0,0,174,0,2,172,0,15,159,0,6,168,0,3,3,168,34,137,3,5,28,141,0,5,0,169,26,147,1,117,56,1,58,115,1,91,83,0,17,157,0,10,164,0,72,102,0,49,15,6,2,102,32,142,0,3,4,11,13,109,34,0,40,41,73,20,0,0,0,1,14,157,2,0,0,6,14,154,0,23,76,55,17,3,1,1,11,159,2,75,95,1,1,2,0,0,0,0,0,174,0,0,69,45,54,6,57.1374182034503,87.2176034050861,48.72,31.1260662467971,1.9796252230815,1.18998145527852,0.00574712643678161,0.0112317459121736,0.00463645902711075,0.000170497571389449,0,0,0,0,0.000569893348530489,0.000422054828474736
NO,NOR,Norway,7,2020-09-29,2020-09-28,100,0,0,0,0,1,99,1,0,309920.584364373,99,0,100,0,9,91,0,4,96,0,6,94,0,18,82,0,18,82,0,3,97,0,3,97,0,1,99,0,2,98,0,5,95,0,3,97,0,2,98,0,1,1,98,15,84,1,1,14,85,0,1,0,99,4,91,5,60,39,1,28,68,4,62,37,1,12,86,2,7,92,1,41,59,0,29,10,0,2,59,20,80,0,1,0,4,9,63,23,0,30,22,38,10,0,0,0,3,6,91,0,0,1,2,16,81,0,10,38,36,15,1,1,1,10,88,0,40,59,0,0,1,0,0,0,0,0,0,100,0,50,29,21,0,68.5744016649324,83.8997789303911,100,0,1.7876501222234,1.10543543576427,0,0,0,0,0,0,0,0,0.000142267747901551,0.000278819826397772
NO,NOR,Norway,1,2020-09-30,2020-09-28,100,4,43344.2492986959,4,43344.2492986959,28,98,4,0,975087.581455084,98,6,94,0,23,77,0,4,96,0,22,78,0,42,58,0,20,80,0,15,85,0,5,95,0,18,82,0,6,94,0,10,90,0,34,66,0,14,84,2,10,4,86,24,76,0,4,20,76,0,3,1,96,37,63,0,76,24,0,48,52,0,73,27,0,17,83,0,32,68,0,64,36,0,43,14,3,4,36,20,80,0,3,6,11,9,60,11,0,16,16,41,27,0,1,2,14,18,61,4,1,8,17,22,52,0,22,45,20,12,1,3,5,14,78,0,42,56,0,0,2,100,0,0,0,0,0,0,0,60,30,7,3,8.03489439853076,13.0256122552935,14.2857142857143,9.2920519369713,4.32564565841216,9.58776647822035,0.04,0.0384072934108425,0.0444516473422982,0.000409068974929229,0.04,0.0384072934108425,0.0444516473422982,0.000409068974929229,0.00402414486921529,0.0014875346383211
NO,NOR,Norway,2,2020-09-30,2020-09-29,100,2,15388.9669182172,1,6692.80349304534,14,100,6,0,732652.973402915,99,3,97,0,15,85,0,4,95,1,16,84,0,28,72,0,14,85,1,19,81,0,3,96,1,6,93,1,3,96,1,4,96,0,23,76,1,6,94,0,4,2,94,35,65,0,6,29,65,0,5,1,94,36,64,0,72,28,0,39,60,1,69,31,0,11,89,0,12,87,1,65,35,0,45,10,6,4,35,20,80,0,4,6,9,6,65,10,0,11,17,37,35,0,1,0,6,23,69,1,1,3,5,19,72,0,14,57,20,8,1,1,4,17,78,0,42,56,0,1,1,0,100,0,0,0,0,0,0,45,32,21,2,14.5454545454545,32.9714051845055,38.8888888888889,20.1843356939833,2.60388989265597,1.5398830918648,0.02,0.0274394957835608,0.0210044420440155,0.000328355933229911,0.01,0.0195013954179879,0.00913502536126978,0.000217851748531799,0.00197183098591549,0.00103187041240234
NO,NOR,Norway,3,2020-09-30,2020-09-30,112,0,0,0,0,42,110,12,1,681734.207876799,111,0,112,0,15,97,0,3,109,0,13,99,0,24,88,0,21,91,0,17,95,0,4,108,0,8,104,0,4,108,0,3,109,0,26,86,0,15,97,0,10,5,97,32,80,0,12,20,80,1,10,1,100,44,68,0,90,22,0,39,73,0,73,38,1,13,98,1,19,93,0,64,48,0,35,12,14,3,48,21,91,0,3,4,8,10,73,13,1,20,16,41,35,0,2,3,3,17,86,1,2,4,5,20,80,1,22,49,26,14,1,2,3,7,100,0,53,58,0,0,1,0,0,112,0,0,0,0,0,52,27,32,1,20.7485822306238,37.9622756987399,27.1715976331361,45.1583904785978,2.89067445824203,2.82943662033146,0,0,0,0,0,0,0,0,0.00537772087067862,0.00162199979076934
NO,NOR,Norway,4,2020-09-30,2020-09-30,174,0,0,0,0,38,174,9,0,652660.196397242,171,1,172,1,28,145,1,7,166,1,26,148,0,28,146,0,29,144,1,16,156,2,7,166,1,13,160,1,1,172,1,6,167,1,37,136,1,17,157,0,13,4,157,32,142,0,9,23,142,0,7,2,165,65,109,0,134,40,0,72,101,1,110,64,0,15,159,0,12,162,0,93,81,0,55,22,4,12,81,43,131,0,2,6,10,11,126,19,0,49,21,51,53,0,1,1,3,15,154,0,1,4,6,23,140,0,27,92,36,17,2,3,8,8,155,0,70,102,0,1,1,0,0,0,174,0,0,0,0,72,53,45,4,21.8389333333333,43.3950023144817,22.878892733564,21.871404505187,2.64477040816327,1.89916858151102,0,0,0,0,0,0,0,0,0.00307592682531973,0.000976479958019801
NO,NOR,Norway,5,2020-09-30,2020-09-30,221,3,6190.87226329739,2,3567.00609112301,22,218,7,0,562648.342737857,217,3,217,1,28,192,1,3,217,1,19,201,1,25,196,0,38,183,0,18,203,0,5,215,1,8,212,1,3,217,1,2,218,1,27,193,1,12,209,0,9,3,209,45,175,1,7,38,176,0,6,1,214,79,140,2,169,52,0,93,127,1,154,67,0,22,198,1,27,193,1,107,113,1,61,26,10,10,114,44,177,0,3,8,17,20,147,26,0,44,37,88,52,0,0,0,2,18,201,0,0,2,7,20,192,0,25,120,56,20,0,2,0,12,207,0,84,136,0,0,1,0,0,0,0,221,0,0,0,84,76,56,5,31.3107524863952,55.3788003528107,60.0246913580247,30.3514789934841,2.8954493842257,8.08022488274333,0.0135746606334842,0.0152562766239173,0.0110030933943082,0.000272574004896998,0.00904977375565611,0.0124852354193911,0.00633967226094703,0.000207387199900482,0.00142137227031916,0.000593520498011942
NO,NOR,Norway,6,2020-09-30,2020-09-30,163,0,0,0,0,3,161,6,0,558564.081244671,161,1,161,1,14,148,1,2,160,1,7,156,0,16,146,1,27,136,0,7,155,1,1,161,1,6,156,1,0,162,1,6,156,1,17,146,0,4,159,0,2,2,159,22,137,4,6,16,141,0,5,1,157,16,145,2,127,36,0,72,91,0,105,58,0,21,142,0,12,151,0,76,87,0,50,21,3,2,87,31,132,0,2,4,4,9,117,27,0,38,31,69,25,0,0,0,3,11,148,1,0,0,4,17,142,0,23,77,40,21,2,0,1,13,149,0,69,92,0,0,2,0,0,0,0,0,163,0,0,62,56,40,5,29.8550347222222,53.3580240799476,81.5,115.258405333407,1.98927514792899,0.947873722768401,0,0,0,0,0,0,0,0,0.000262444230600997,0.000296939174680789
NO,NOR,Norway,7,2020-09-30,2020-09-29,100,1,2360.01087516206,0,0,2,98,2,0,312734.851570401,96,1,99,0,8,92,0,0,100,0,4,96,0,10,90,0,17,83,0,5,95,0,1,99,0,2,98,0,0,100,0,3,97,0,4,96,0,3,96,1,2,0,98,14,85,1,2,12,86,0,2,0,98,6,89,5,69,31,0,38,57,5,64,35,1,9,90,1,9,90,1,45,55,0,35,8,1,1,55,13,87,0,1,0,2,6,72,19,0,31,23,38,7,1,0,0,1,3,96,0,0,0,0,8,91,1,11,43,33,13,0,1,2,5,92,0,45,55,0,0,0,0,0,0,0,0,0,100,0,43,28,27,2,39.9234693877551,67.3999746792363,25,35.3553390593274,1.90243383994048,1.2390824659779,0.01,0.0195013954179879,0.00754636351948381,0.000303308041362974,0,0,0,0,0.000287438919229664,0.000398305440840986
NO,NOR,Norway,1,2020-10-01,2020-09-29,100,5,63836.3052326689,4,48557.3686538747,33,100,4,0,1520896.27560076,96,8,92,0,17,83,0,3,97,0,27,73,0,44,56,0,24,76,0,19,81,0,4,96,0,19,81,0,5,95,0,10,90,0,35,65,0,16,84,0,12,4,84,26,74,0,4,22,74,0,3,1,96,39,60,1,74,26,0,42,57,1,76,24,0,12,88,0,30,70,0,70,30,0,50,13,3,4,30,20,80,0,5,5,10,12,56,12,0,14,18,39,28,1,2,2,13,21,61,1,2,7,15,23,53,0,27,47,17,8,1,5,5,10,80,0,43,56,0,0,1,100,0,0,0,0,0,0,0,52,26,14,8,9.94082840236686,18.3974788500554,12.890625,10.5743276973054,4.60168805642271,10.1271600564689,0.05,0.042716424707947,0.041972819748969,0.000318692087756719,0.04,0.0384072934108425,0.0319268114682538,0.000279402419619622,0.00464788732394366,0.00158210420029557
NO,NOR,Norway,2,2020-10-01,2020-09-30,100,4,49792.3495304598,2,26716.0573755601,27,100,6,1,887561.241234103,98,5,95,0,19,81,0,5,95,0,26,74,0,36,64,0,27,73,0,24,76,0,6,94,0,13,87,0,2,98,0,7,93,0,41,59,0,13,87,0,7,6,87,32,68,0,6,26,68,1,4,1,94,32,68,0,74,26,0,44,56,0,61,39,0,10,90,0,18,82,0,54,46,0,35,14,4,1,46,19,81,0,1,10,8,8,63,10,0,25,16,38,21,0,1,1,12,18,67,1,2,8,9,22,59,0,16,51,21,11,1,2,8,9,81,0,43,55,0,1,1,0,100,0,0,0,0,0,0,50,26,21,3,16.0770031217482,33.5044353486656,15.9763313609467,10.1573121811311,2.63671875,1.6690849027127,0.04,0.0384072934108425,0.0561001846601891,0.00047873372453324,0.02,0.0274394957835608,0.0301005227970669,0.000355467016045417,0.00380281690140845,0.00143167446501777
NO,NOR,Norway,3,2020-10-01,2020-09-30,100,0,0,0,0,48,99,5,0,624564.407278025,100,1,99,0,15,84,1,2,98,0,9,91,0,22,78,0,15,85,0,12,88,0,2,98,0,3,97,0,1,99,0,6,94,0,21,79,0,15,85,0,11,4,85,22,78,0,5,17,78,0,4,1,95,37,61,2,76,23,1,33,66,1,65,34,1,13,85,2,13,86,1,58,42,0,37,11,6,4,42,22,78,0,3,2,10,10,65,10,0,22,17,38,23,0,2,0,3,14,80,1,0,2,10,16,72,0,15,43,29,13,0,2,1,14,83,0,40,58,0,0,2,0,0,100,0,0,0,0,0,45,25,29,1,18.6,33.076904822747,24.4897959183673,35.4068399446887,3.10287380258226,2.01391041026552,0,0,0,0,0,0,0,0,0.00682885189927444,0.00192525036206088
NO,NOR,Norway,4,2020-10-01,2020-10-01,171,1,3319.17274516537,1,3319.17274516537,33,169,7,0,643721.191846564,169,1,170,0,23,148,0,3,168,0,20,151,0,25,146,0,27,144,0,15,156,0,5,166,0,11,160,0,0,171,0,12,159,0,31,140,0,15,156,0,6,9,156,34,136,1,7,27,137,0,6,1,164,67,104,0,128,43,0,55,116,0,103,68,0,18,153,0,19,152,0,84,87,0,44,20,12,8,87,43,128,0,3,7,12,12,115,22,0,28,29,63,51,0,0,0,5,14,152,0,0,1,4,26,140,0,24,68,52,26,1,0,3,12,156,0,65,104,0,1,1,0,0,0,171,0,0,0,0,69,53,46,3,23.0391435986159,35.1753341738196,33.3905325443787,19.0733676778491,2.62494556539411,1.41904971532562,0.00584795321637427,0.0114282145766987,0.0051562272412441,0.000174961565135814,0.00584795321637427,0.0114282145766987,0.0051562272412441,0.000174961565135814,0.00275022918576548,0.00093704830671204
NO,NOR,Norway,5,2020-10-01,2020-10-01,184,3,6895.36868232615,3,6895.36868232615,24,184,9,0,594598.821963979,179,4,179,1,31,153,0,8,176,0,20,163,1,30,154,0,31,153,0,16,167,1,6,177,1,3,180,1,3,180,1,7,176,1,35,149,0,13,171,0,11,1,172,44,138,2,9,35,140,0,9,0,175,78,106,0,139,45,0,75,109,0,119,65,0,11,173,0,17,167,0,95,89,0,54,25,10,6,89,56,128,0,2,6,4,16,132,24,0,38,29,71,46,0,0,1,4,13,164,2,0,1,4,30,148,1,26,86,53,16,3,2,3,10,169,0,73,109,0,0,2,0,0,0,0,184,0,0,0,81,54,40,9,26.9884587289993,45.4655491756277,26.1301775147929,9.74828081820768,2.28911020408163,2.06552725747664,0.016304347826087,0.0182987435747807,0.0115966739717891,0.000272125908329344,0.016304347826087,0.0182987435747807,0.0115966739717891,0.000272125908329344,0.00183710961420698,0.000734307983561897
NO,NOR,Norway,6,2020-10-01,2020-10-01,197,2,4408.34207267495,1,2018.5803113136,9,195,5,0,629280.483121045,194,3,192,2,18,177,2,4,191,2,10,185,2,31,165,1,28,168,1,14,181,2,2,193,2,5,190,2,3,192,2,6,189,2,21,175,1,7,189,1,3,4,190,18,179,0,5,12,180,0,4,1,192,28,167,2,144,53,0,81,113,3,115,82,0,24,171,2,13,182,2,83,114,0,62,19,2,0,114,25,172,0,2,5,11,17,121,41,0,46,46,79,26,0,0,2,4,8,181,2,0,1,5,20,169,2,19,97,53,26,2,0,3,15,178,1,85,109,0,0,3,0,0,0,0,0,197,0,0,90,56,42,9,28.2889273356401,48.6167086546222,49.25,17.983557304753,1.81442288849696,1.08123342566101,0.0101522842639594,0.0139984856131613,0.00700536913334874,0.000206070071670897,0.0050761421319797,0.00992377222200197,0.00320775928295446,0.000139710539381512,0.000650054171180932,0.00042455619492888
NO,NOR,Norway,7,2020-10-01,2020-09-30,100,1,2360.01087516206,0,0,5,100,3,0,332883.027706612,93,1,99,0,7,93,0,0,100,0,4,96,0,11,89,0,10,90,0,2,98,0,1,99,0,3,97,0,0,100,0,3,97,0,3,97,0,4,96,0,2,1,97,13,86,1,3,10,87,0,3,0,97,5,92,3,73,26,1,41,57,2,59,39,2,9,90,1,10,88,2,41,58,1,31,7,2,1,59,17,83,0,1,0,3,7,72,17,0,34,21,37,8,0,0,1,0,5,93,1,0,0,1,8,91,0,10,45,24,21,0,0,0,4,96,0,53,46,0,0,1,0,0,0,0,0,0,100,0,44,20,29,7,67.75,143.558854609676,25,20.4124145231932,1.91929702855822,0.806053546225855,0.01,0.0195013954179879,0.00708961009944331,0.000285015492762639,0,0,0,0,0.000704225352112676,0.00061705200811476
NO,NOR,Norway,1,2020-10-02,2020-09-30,100,4,52740.401536241,3,37461.4649574468,34,99,5,0,1558011.00110753,97,7,92,1,16,84,0,6,93,1,25,74,1,38,61,1,20,80,0,19,81,0,7,93,0,14,86,0,5,94,1,10,90,0,33,66,1,16,84,0,9,7,84,24,76,0,5,19,76,0,4,1,95,40,58,2,76,23,1,45,54,1,75,25,0,17,82,1,30,69,1,71,29,0,50,13,4,4,29,19,81,0,4,9,9,12,56,10,0,17,15,37,30,1,3,1,9,22,64,1,4,6,10,23,57,0,28,43,16,9,4,4,7,12,77,0,42,54,0,0,4,100,0,0,0,0,0,0,0,49,28,14,9,13.5833333333333,28.9697956219994,15.1111111111111,11.9434292665676,4.37044745057232,10.136389677951,0.04,0.0384072934108425,0.0338511098437367,0.000283969251529465,0.03,0.0334344809563718,0.0240444162016937,0.000240538709199456,0.00483710342865272,0.0016219635641611
NO,NOR,Norway,2,2020-10-02,2020-10-01,100,1,17624.4118194247,1,17624.4118194247,29,99,8,0,857328.312256516,100,3,97,0,18,82,0,1,99,0,18,82,0,32,68,0,18,82,0,16,84,0,3,97,0,11,89,0,1,99,0,5,95,0,28,72,0,13,87,0,8,5,87,39,61,0,8,31,61,0,8,0,92,47,53,0,77,23,0,43,57,0,63,37,0,7,93,0,27,73,0,61,39,0,38,15,5,3,39,25,75,0,3,14,5,11,58,9,0,20,15,33,32,0,0,2,10,17,71,0,1,9,5,17,68,0,16,52,24,8,0,1,6,10,83,0,42,58,0,0,0,0,100,0,0,0,0,0,0,61,23,13,3,10.2222222222222,15.7202074264846,19.4444444444444,12.4789384854604,2.52821180555556,1.59053641774926,0.01,0.0195013954179879,0.0205573659092591,0.000300363905969569,0.01,0.0195013954179879,0.0205573659092591,0.000300363905969569,0.00412576468914497,0.00149849671423455
NO,NOR,Norway,3,2020-10-02,2020-10-02,113,1,8615.25256947589,1,8615.25256947589,32,111,8,0,757878.201921167,113,2,110,1,18,95,0,1,111,1,22,91,0,28,85,0,23,90,0,16,97,0,7,105,1,8,104,1,4,108,1,5,107,1,25,88,0,15,98,0,13,2,98,31,81,1,8,23,82,0,7,0,106,47,64,2,90,23,0,47,66,0,75,38,0,11,102,0,18,95,0,74,39,0,36,25,8,5,39,21,92,0,2,6,12,13,73,7,0,22,17,35,39,0,1,1,7,13,91,0,1,1,4,24,83,0,10,55,32,16,0,0,1,10,102,0,54,58,1,0,0,0,0,113,0,0,0,0,0,56,29,27,1,12.2730555555556,15.6325768346191,21.396449704142,12.6040382900407,2.88265306122449,1.82632940289277,0.00884955752212389,0.0172678965081244,0.011367595146076,0.0002386712472467,0.00884955752212389,0.0172678965081244,0.011367595146076,0.0002386712472467,0.00406039842659561,0.00140397137575074
NO,NOR,Norway,4,2020-10-02,2020-10-02,186,0,0,0,0,20,186,6,0,635245.927353694,185,1,185,0,27,159,0,5,181,0,21,165,0,32,154,0,30,156,0,11,175,0,5,181,0,10,176,0,4,182,0,7,179,0,41,145,0,11,175,0,8,3,175,47,138,1,6,41,139,0,6,0,180,79,106,1,150,36,0,74,112,0,114,72,0,16,170,0,20,166,0,102,84,0,68,14,14,6,84,42,144,0,0,5,10,15,126,29,1,39,26,73,48,0,1,1,1,21,162,0,1,1,5,25,153,1,26,89,47,24,0,2,6,9,169,0,66,119,0,1,0,0,0,0,186,0,0,0,0,82,65,35,4,15.0253125,21.9914682441628,30.7438016528926,18.2401708244601,2.67977167974116,1.86543482764435,0,0,0,0,0,0,0,0,0.00151446312282296,0.000663227743870394
NO,NOR,Norway,5,2020-10-02,2020-10-02,176,0,0,0,0,36,174,8,0,516359.186918126,173,1,175,0,22,154,0,5,171,0,12,164,0,27,149,0,26,150,0,14,162,0,1,175,0,5,171,0,3,173,0,4,172,0,30,146,0,15,159,2,10,5,161,40,135,1,8,32,136,0,7,1,168,53,123,0,127,49,0,62,114,0,108,68,0,9,167,0,17,159,0,89,87,0,51,21,10,7,87,43,133,0,2,11,8,15,118,22,0,33,28,66,49,0,1,2,3,20,150,0,2,0,6,23,145,0,28,83,43,22,0,0,3,17,156,0,61,114,0,0,1,0,0,0,0,176,0,0,0,68,55,45,8,30.8140364045787,47.4567907003772,28.16,19.2287615264548,2.16294947655894,1.96809903105396,0,0,0,0,0,0,0,0,0.00291403593977659,0.000950512966659746
NO,NOR,Norway,6,2020-10-02,2020-10-02,160,0,0,0,0,9,159,5,0,641320.773061607,157,0,160,0,8,152,0,2,158,0,6,154,0,21,139,0,23,137,0,8,152,0,2,158,0,2,158,0,0,160,0,5,155,0,11,149,0,7,152,1,3,4,153,23,133,4,5,18,137,0,5,0,155,15,142,3,121,37,2,56,102,2,94,66,0,15,144,1,19,140,1,63,97,0,39,16,6,1,98,27,133,0,5,0,10,7,107,30,1,38,35,58,28,1,0,1,1,9,149,0,0,1,2,12,144,1,20,86,38,14,2,1,0,14,144,1,76,83,0,0,1,0,0,0,0,0,160,0,0,61,44,49,6,36.5432098765432,59.4546046512384,29.3877551020408,11.1531436908404,2.04903293715188,1.29294030058771,0,0,0,0,0,0,0,0,0.000797236247674728,0.000520643781981405
NO,NOR,Norway,7,2020-10-02,2020-10-01,100,0,0,0,0,6,99,4,0,342244.729393424,93,0,100,0,8,92,0,2,98,0,2,98,0,9,91,0,7,93,0,3,97,0,1,99,0,2,98,0,0,100,0,3,97,0,4,96,0,5,95,0,4,1,95,13,84,3,4,9,87,0,4,0,96,6,91,3,75,23,2,34,65,1,51,47,2,9,90,1,11,87,2,37,62,1,26,5,3,3,63,16,84,0,0,1,6,8,58,27,0,32,20,37,11,0,0,1,0,8,90,1,0,0,4,13,83,0,7,50,25,18,0,0,2,5,93,0,51,47,0,0,2,0,0,0,0,0,0,100,0,43,21,28,8,88.671875,197.671586196862,37.5,14.4337567297406,1.82345127400072,0.985882723479821,0,0,0,0,0,0,0,0,0.000853606487409304,0.000682723316861988
NO,NOR,Norway,1,2020-10-03,2020-09-30,100,2,35080.1097812505,1,19801.1732024563,38,99,6,0,1703557.01726625,97,3,96,1,19,81,0,5,94,1,23,76,1,39,60,1,21,79,0,20,80,0,7,93,0,9,91,0,2,97,1,9,91,0,28,71,1,18,82,0,11,7,82,29,71,0,6,23,71,0,5,1,94,42,56,2,76,23,1,44,55,1,72,28,0,20,79,1,33,66,1,70,30,0,44,17,5,4,30,17,83,0,5,7,12,12,57,7,0,14,18,34,33,1,2,1,6,21,68,2,3,6,7,19,65,0,25,47,15,9,4,3,12,14,71,0,41,53,1,0,5,100,0,0,0,0,0,0,0,55,24,13,8,12.1945074326027,25.89881730788,13.1487889273356,10.5081554595572,4.30058850158443,10.5127745553722,0.02,0.0274394957835608,0.0205922721844348,0.000213257175241909,0.01,0.0195013954179879,0.0116234285097378,0.000160952638210393,0.00540617442025893,0.00171423052964889
NO,NOR,Norway,2,2020-10-03,2020-10-02,100,0,0,0,0,27,99,9,0,733598.314430974,100,1,99,0,20,80,0,4,96,0,21,79,0,29,71,0,19,81,0,13,87,0,4,96,0,9,91,0,1,99,0,7,93,0,29,71,0,10,90,0,6,4,90,38,62,0,9,29,62,0,9,0,91,35,64,1,85,14,1,46,53,1,66,34,0,13,87,0,25,75,0,62,38,0,36,16,6,4,38,24,76,0,1,5,15,13,60,6,0,12,21,35,32,0,0,0,7,16,76,1,1,4,11,18,66,0,17,44,29,8,2,2,7,12,79,0,41,58,0,0,1,0,100,0,0,0,0,0,0,55,22,18,5,19.8793450158001,37.4869579905266,33.3333333333333,31.4269680527355,3.05989583333333,4.29839071485749,0,0,0,0,0,0,0,0,0.00384122919334187,0.00144610794226052
NO,NOR,Norway,3,2020-10-03,2020-10-03,112,1,3933.69384485345,0,0,9,110,9,0,609692.911498824,112,1,110,1,13,98,1,2,109,1,17,94,1,25,86,1,17,94,1,17,94,1,4,107,1,9,102,1,0,111,1,6,105,1,37,75,0,10,102,0,8,2,102,48,64,0,9,39,64,0,9,0,103,46,65,1,88,24,0,52,59,1,76,36,0,9,101,2,16,95,1,61,51,0,40,11,7,3,51,25,87,0,5,6,13,8,72,8,0,16,20,39,37,0,0,0,4,10,98,0,0,0,6,16,90,0,17,58,26,11,0,0,3,9,100,0,42,64,1,3,2,0,0,112,0,0,0,0,0,52,35,25,0,17.0463733650416,35.7388084570231,15.75,4.94974746830583,3.13610908205503,1.58286908582931,0.00892857142857143,0.0174213797031353,0.00645192648735762,0.000200970200661307,0,0,0,0,0.00115236875800256,0.000752433172232448
NO,NOR,Norway,4,2020-10-03,2020-10-03,187,1,1582.82460326885,1,1582.82460326885,24,186,6,0,720167.786458575,184,2,185,0,21,166,0,1,186,0,19,168,0,25,162,0,31,156,0,15,172,0,3,184,0,10,177,0,2,185,0,7,180,0,33,154,0,15,172,0,12,3,172,43,143,1,6,37,144,0,6,0,181,73,113,1,157,29,1,78,108,1,118,69,0,12,174,1,18,168,1,101,86,0,66,22,8,5,86,55,132,0,3,9,10,16,130,19,0,27,24,65,71,0,0,5,2,13,166,1,0,3,5,18,161,0,16,78,66,27,0,0,2,10,175,0,76,109,0,0,2,0,0,0,187,0,0,0,0,86,49,48,4,22.591350922436,45.6289291491021,22.8979591836735,9.70093273791995,2.78768518518518,1.63056178401762,0.0053475935828877,0.0104530289532322,0.00219785532348286,0.000108156596540376,0.0053475935828877,0.0104530289532322,0.00219785532348286,0.000108156596540376,0.00181735574738755,0.000726419386686783
NO,NOR,Norway,5,2020-10-03,2020-10-03,191,1,5766.80890643919,1,5766.80890643919,12,191,7,0,508385.351237443,189,2,189,0,31,160,0,4,187,0,9,182,0,32,158,1,21,170,0,11,180,0,6,185,0,6,185,0,0,191,0,9,182,0,22,168,1,8,183,0,7,1,183,38,152,1,7,31,153,0,6,1,184,55,136,0,149,42,0,75,116,0,122,69,0,14,177,0,11,180,0,98,93,0,55,31,9,3,93,37,154,0,3,6,12,8,130,32,0,38,26,58,69,0,0,0,5,18,168,0,0,3,7,17,164,0,24,95,49,22,1,2,1,18,170,0,92,95,0,0,4,0,0,0,0,191,0,0,0,82,45,60,4,33.3341262975779,61.3540855927089,35.8125,25.5234486026365,2.18074343854781,2.54479923499107,0.00523560209424084,0.0102346934839247,0.0113433813393765,0.000291102263374443,0.00523560209424084,0.0102346934839247,0.0113433813393765,0.000291102263374443,0.000884890494801268,0.000500443164311794
NO,NOR,Norway,6,2020-10-03,2020-10-03,170,0,0,0,0,18,166,4,0,612989.416454105,167,0,170,0,13,157,0,1,169,0,3,167,0,22,148,0,17,153,0,9,161,0,1,169,0,5,165,0,1,169,0,7,163,0,15,155,0,14,155,1,8,6,156,18,147,5,4,14,152,0,3,1,166,21,148,1,128,42,0,57,112,1,102,68,0,13,157,0,16,154,0,82,88,0,65,10,5,2,88,30,140,0,6,5,9,7,118,25,0,40,42,67,21,0,0,0,3,5,156,6,0,1,3,17,149,0,9,95,48,15,3,1,1,10,157,1,54,114,0,0,2,0,0,0,0,0,170,0,0,77,44,44,5,51.041975308642,79.7111201536157,22.4793388429752,12.6758109531821,2.01455570797135,1.0394177254863,0,0,0,0,0,0,0,0,0.00152723570337689,0.000704994969830868
NO,NOR,Norway,7,2020-10-03,2020-10-01,100,1,4978.07850506756,1,4978.07850506756,7,99,5,0,357375.726504539,94,1,99,0,11,89,0,2,98,0,4,96,0,13,87,0,13,87,0,6,94,0,2,98,0,3,97,0,2,98,0,4,96,0,6,94,0,5,95,0,4,0,96,19,78,3,5,14,81,0,5,0,95,5,93,2,76,22,2,39,60,1,54,45,1,10,89,1,13,86,1,37,63,0,26,5,3,3,63,15,85,0,0,2,8,4,61,25,0,32,23,33,11,1,0,0,1,10,89,0,0,0,5,13,82,0,13,49,28,10,0,0,2,6,92,0,53,45,0,0,2,0,0,0,0,0,0,100,0,43,22,28,7,44.4234404536862,83.6727448939059,43.75,12.5,1.71604938271605,1.0555537303501,0.01,0.0195013954179879,0.0139295372793159,0.00038424469954228,0.01,0.0195013954179879,0.0139295372793159,0.00038424469954228,0.000995874235310855,0.000737372961609233
NO,NOR,Norway,1,2020-10-04,2020-10-01,100,1,19801.1732024563,1,19801.1732024563,29,99,7,0,1513231.29874259,100,2,97,1,18,82,0,5,94,1,20,79,1,32,67,1,17,83,0,14,86,0,8,92,0,4,96,0,3,96,1,7,93,0,26,73,1,16,84,0,9,7,84,33,67,0,7,26,67,0,6,1,93,38,60,2,76,22,2,49,50,1,74,25,1,20,78,2,34,64,2,73,27,0,41,23,6,3,27,20,80,0,4,7,14,10,60,5,0,9,18,39,33,1,2,1,6,23,66,2,4,7,7,24,58,0,28,43,18,7,4,1,13,17,69,0,36,56,2,0,6,100,0,0,0,0,0,0,0,56,26,15,3,14.8038049940547,33.3401663148399,12.8888888888889,9.2467640557465,4.19616826322366,10.0417154328362,0.01,0.0195013954179879,0.0130853579481933,0.0001810623001019,0.01,0.0195013954179879,0.0130853579481933,0.0001810623001019,0.00412576468914497,0.00149849671423455
NO,NOR,Norway,2,2020-10-04,2020-10-03,100,1,6632.54862798291,0,0,15,100,9,0,665180.092309449,98,1,99,0,14,86,0,3,97,0,12,88,0,29,71,0,12,88,0,15,85,0,2,98,0,8,92,0,4,96,0,2,98,0,18,82,0,4,96,0,4,0,96,31,69,0,9,22,69,0,8,1,91,26,72,2,79,19,2,40,59,1,69,31,0,10,90,0,22,78,0,69,31,0,46,13,3,6,32,22,78,0,2,9,10,13,56,10,0,11,21,37,31,0,2,1,6,6,83,2,4,0,6,14,76,0,16,42,23,15,4,5,3,10,82,0,43,53,0,1,3,0,100,0,0,0,0,0,0,48,28,16,8,13.2656201908279,24.8285187380841,93.75,37.5,2.98913043478261,2.52547316505438,0.01,0.0195013954179879,0.00997105701849143,0.000238766291989481,0,0,0,0,0.00211267605633803,0.00106801198126762
NO,NOR,Norway,3,2020-10-04,2020-10-04,116,1,7532.95193091595,0,0,20,116,6,0,640270.245806921,116,1,115,0,11,105,0,0,116,0,11,105,0,27,89,0,15,101,0,7,109,0,3,113,0,5,111,0,1,115,0,6,110,0,25,91,0,7,109,0,4,3,109,39,77,0,6,33,77,0,6,0,110,29,86,1,87,28,1,57,58,1,78,37,1,8,107,1,12,103,1,65,51,0,35,18,8,4,51,17,99,0,0,5,9,13,78,11,0,16,13,50,37,0,3,0,8,8,96,1,1,2,10,13,90,0,13,53,35,15,0,2,2,10,101,1,54,59,0,0,3,0,0,116,0,0,0,0,0,61,28,27,0,13.5578623606305,21.3898790375242,47.3469387755102,37.5804676020603,3.14011342155009,1.46213702473234,0.00862068965517241,0.0168232549815172,0.0117652694003019,0.000264117650555466,0,0,0,0,0.00242836328314716,0.00106296458974345
NO,NOR,Norway,4,2020-10-04,2020-10-04,196,2,7924.89494819224,2,7924.89494819224,34,195,12,0,690826.117228382,194,3,192,1,25,170,1,6,189,1,20,175,1,40,155,1,34,161,1,20,175,1,6,189,1,9,187,0,2,193,1,8,187,1,43,153,0,16,179,1,10,6,180,46,149,1,12,34,150,0,11,1,184,42,151,3,148,48,0,68,127,1,114,81,1,17,178,1,15,179,2,100,95,1,76,14,8,2,96,39,157,0,2,3,11,14,151,15,0,32,40,66,58,0,0,1,4,17,172,2,1,2,3,25,165,0,25,95,56,20,0,1,4,23,168,0,85,110,0,0,1,0,0,0,196,0,0,0,0,90,58,44,4,20.9550617283951,35.0830876295506,26.03125,19.4334065893416,2.91138524219104,1.83435245374086,0.0102040816326531,0.0140695383238897,0.0114716203550427,0.000251113852525795,0.0102040816326531,0.0140695383238897,0.0114716203550427,0.000251113852525795,0.00245576020223908,0.000824443070440866
NO,NOR,Norway,5,2020-10-04,2020-10-04,219,3,5618.17944187497,2,3600.51348637562,6,217,8,0,545260.234840321,216,4,215,0,27,192,0,4,215,0,20,199,0,38,181,0,31,188,0,16,203,0,9,210,0,11,208,0,3,216,0,10,209,0,28,191,0,5,213,1,4,1,214,43,174,2,8,35,176,0,6,2,211,61,158,0,145,73,1,85,134,0,139,80,0,26,193,0,18,201,0,113,106,0,80,19,10,4,106,51,168,0,3,5,13,17,145,36,0,40,28,82,69,0,0,2,3,16,197,1,1,3,8,13,194,0,29,102,64,24,0,0,0,14,204,1,98,115,0,0,6,0,0,0,0,219,0,0,0,90,58,64,7,41.30203125,68.8833259125941,82.125,31.609927238132,2.40353741496599,2.34690835652188,0.0136986301369863,0.0153946358955596,0.0103036661815624,0.000268035950891366,0.0091324200913242,0.0125987304273477,0.00660329372346404,0.000214974943554809,0.00038943337444019,0.000311545191647175
NO,NOR,Norway,6,2020-10-04,2020-10-04,173,1,2318.97347097146,0,0,13,169,2,0,551982.146741282,169,1,171,1,21,152,0,2,170,1,7,165,1,14,158,1,27,145,1,11,162,0,2,171,0,2,170,1,1,171,1,4,167,2,10,162,1,11,161,1,5,6,162,17,155,1,2,15,156,0,2,0,171,14,156,3,120,53,0,73,100,0,107,66,0,13,160,0,14,159,0,80,91,2,56,18,1,5,93,29,144,0,1,2,5,10,129,26,0,40,28,78,27,0,0,0,0,15,156,2,0,0,5,18,150,0,22,88,43,19,1,0,3,7,163,0,78,91,1,1,2,0,0,0,0,0,173,0,0,71,54,43,5,54.5079221367134,86.8801490849172,29.734375,25.6847680594522,1.99121517444154,1.04211284429298,0.00578034682080925,0.0112964805729032,0.00420117477469499,0.000170630535915921,0,0,0,0,0.00108342361863489,0.000588625840870684
NO,NOR,Norway,7,2020-10-04,2020-10-03,100,0,0,0,0,2,100,4,0,371191.936016435,97,0,100,0,10,90,0,2,98,0,6,94,0,11,89,0,13,87,0,7,93,0,2,98,0,3,97,0,1,99,0,3,97,0,5,95,0,1,99,0,0,0,100,16,82,2,4,10,86,0,4,0,96,4,94,2,62,37,1,34,65,1,52,47,1,13,86,1,12,87,1,38,62,0,31,4,2,1,62,16,84,0,0,2,7,5,66,20,0,32,26,33,8,1,0,1,2,9,86,2,0,0,4,12,84,0,14,45,30,10,1,0,0,9,90,1,48,46,0,0,6,0,0,0,0,0,0,100,0,50,20,26,4,45.8161865569273,64.0524818133659,200,0,1.99411498415573,2.3858416722342,0,0,0,0,0,0,0,0,0.00028169014084507,0.000390340454332305
NO,NOR,Norway,1,2020-10-05,2020-10-03,100,4,28991.7397708256,4,28991.7397708256,28,100,10,1,969645.419238769,99,5,95,0,22,78,0,1,99,0,24,75,1,35,65,0,17,83,0,13,87,0,5,94,1,10,90,0,5,95,0,6,94,0,34,66,0,10,90,0,7,3,90,36,64,0,10,26,64,1,6,3,90,32,67,1,69,30,1,36,63,1,70,29,1,11,88,1,37,62,1,62,38,0,44,12,4,2,38,20,80,0,4,5,14,9,61,7,0,6,23,49,22,0,1,1,13,20,64,1,2,8,14,21,55,0,27,41,20,10,2,5,10,19,66,0,37,58,2,0,3,100,0,0,0,0,0,0,0,51,27,18,4,10.7331821617536,23.9282146345385,28,18.7379590967403,3.19148936170213,2.9764347190121,0.04,0.0384072934108425,0.0298993211287337,0.00033898515832576,0.04,0.0384072934108425,0.0298993211287337,0.00033898515832576,0.00394366197183099,0.00145784284472626
NO,NOR,Norway,2,2020-10-05,2020-10-04,100,1,6632.54862798291,0,0,17,99,7,0,694365.749824662,98,2,98,0,10,90,0,3,97,0,16,84,0,32,68,0,17,83,0,12,88,0,3,97,0,11,89,0,2,98,0,5,95,0,32,68,0,9,91,0,5,4,91,31,68,1,7,24,69,0,5,2,93,30,70,0,71,29,0,33,67,0,64,36,0,9,91,0,22,78,0,64,36,0,43,17,3,1,36,24,76,0,1,15,12,13,52,7,0,11,16,42,31,0,1,3,5,16,75,0,3,4,10,19,64,0,18,51,23,6,2,3,3,11,83,0,39,59,0,2,0,0,100,0,0,0,0,0,0,54,24,17,5,7.81807372175981,11.5329755359938,26.5625,12.3878901120639,2.54640108646446,1.56177591160576,0.01,0.0195013954179879,0.00955195245395922,0.000228778849560788,0,0,0,0,0.00241855171432636,0.00114829425082753
NO,NOR,Norway,3,2020-10-05,2020-10-05,102,0,0,0,0,22,101,7,0,614216.488245299,102,2,100,0,17,85,0,2,100,0,13,89,0,28,74,0,19,83,0,10,92,0,4,98,0,11,91,0,0,102,0,7,95,0,20,82,0,9,93,0,6,3,93,27,75,0,7,20,75,0,6,1,95,37,65,0,57,45,0,31,71,0,66,36,0,14,88,0,17,85,0,65,37,0,42,15,7,1,37,18,84,0,3,8,9,7,66,9,0,11,23,42,26,0,1,2,0,10,89,0,1,1,7,18,75,0,9,60,23,10,0,1,3,8,90,0,45,55,1,0,1,0,0,102,0,0,0,0,0,43,34,24,1,14.258875739645,21.1838866848155,35.0625,27.0468343803854,2.81372549019608,1.61509213884768,0,0,0,0,0,0,0,0,0.00306791242504532,0.00128000744658584
NO,NOR,Norway,4,2020-10-05,2020-10-05,172,2,4977.8741184412,2,4977.8741184412,6,170,7,0,630720.520244632,171,5,166,1,15,156,1,3,168,1,24,147,1,26,145,1,36,136,0,14,157,1,6,165,1,12,159,1,1,170,1,14,157,1,38,134,0,7,165,0,4,3,165,36,136,0,7,29,136,0,6,1,165,76,96,0,109,63,0,54,116,2,114,58,0,16,155,1,24,147,1,94,78,0,53,24,8,9,78,38,134,0,5,5,11,13,116,22,0,31,30,75,36,0,1,1,6,11,152,1,2,2,12,17,138,1,27,76,49,20,0,3,1,13,155,0,79,91,0,0,2,0,0,0,172,0,0,0,0,77,58,33,4,21.7588782197836,36.5726996192445,41.28,15.3841476851986,2.72594929900678,1.82666092485366,0.0116279069767442,0.0160211939953208,0.00789236113090229,0.000218379809051761,0.0116279069767442,0.0160211939953208,0.00789236113090229,0.000218379809051761,0.000497100248550124,0.000397656856738301
NO,NOR,Norway,5,2020-10-05,2020-10-05,195,1,1395.00453743022,1,1395.00453743022,15,195,5,1,560691.385809434,192,1,194,0,26,169,0,4,191,0,13,182,0,26,169,0,28,167,0,12,183,0,3,192,0,5,190,0,4,191,0,7,188,0,21,174,0,10,185,0,6,4,185,29,164,2,5,24,166,1,3,1,190,55,139,1,122,73,0,68,127,0,124,71,0,15,180,0,14,181,0,106,89,0,77,19,8,2,89,35,160,0,4,7,8,13,125,37,1,33,40,78,44,0,0,1,3,12,179,0,0,3,6,10,176,0,28,88,59,19,1,1,1,14,178,1,70,122,0,0,3,0,0,0,0,195,0,0,0,74,55,62,4,32.2720025510204,53.6068711751371,29.25,10.2774023955472,2.3418997228521,2.52191122525809,0.00512820512820513,0.0100252921860356,0.00248800779312196,0.000130398044930873,0.00512820512820513,0.0100252921860356,0.00248800779312196,0.000130398044930873,0.00108342361863489,0.000547980835858904
NO,NOR,Norway,6,2020-10-05,2020-10-05,192,0,0,0,0,5,192,5,0,613817.643313129,189,1,191,0,12,179,1,3,188,1,8,184,0,18,174,0,34,158,0,11,181,0,4,187,1,4,188,0,0,191,1,6,185,1,22,170,0,5,187,0,3,2,187,26,162,4,5,21,166,0,5,0,187,16,174,2,105,86,1,54,138,0,109,83,0,13,178,1,16,176,0,87,105,0,54,23,8,2,105,25,167,0,3,4,8,16,120,41,0,54,48,70,20,0,0,0,4,11,175,2,0,0,2,18,172,0,27,96,56,13,0,0,0,17,175,0,86,103,0,0,3,0,0,0,0,0,192,0,0,79,50,56,7,43.7739331026528,85.1221921405721,38.4,0,2.25634138152071,2.3133583069223,0,0,0,0,0,0,0,0,0.000366784037558685,0.000321435511515469
NO,NOR,Norway,7,2020-10-05,2020-10-04,100,1,3992.37724674723,1,3992.37724674723,0,100,2,0,330416.391357978,97,1,98,1,10,90,0,4,96,0,11,89,0,14,85,1,16,83,1,7,93,0,2,98,0,3,97,0,1,99,0,3,96,1,5,95,0,0,100,0,0,0,100,12,87,1,2,8,90,0,2,0,98,6,92,2,54,45,1,29,70,1,51,49,0,19,81,0,10,90,0,39,61,0,29,5,4,1,61,16,84,0,1,2,5,5,65,22,0,28,28,35,9,0,0,0,6,9,82,3,0,1,1,12,84,2,9,51,22,17,1,1,0,11,87,1,55,39,0,1,5,0,0,0,0,0,0,100,0,47,30,21,2,45.8888888888889,57.473521028492,0,0,1.97229916897507,2.30437022320899,0.01,0.0195013954179879,0.0120828668043343,0.000372531114640213,0.01,0.0195013954179879,0.0120828668043343,0.000372531114640213,0,0
NO,NOR,Norway,1,2020-10-06,2020-10-04,100,6,47344.2281724538,6,47344.2281724538,51,100,7,1,900544.115858354,98,8,92,0,24,76,0,4,96,0,31,68,1,40,60,0,19,81,0,16,84,0,4,95,1,14,86,0,6,94,0,8,92,0,40,60,0,15,85,0,10,5,85,30,70,0,7,23,70,1,3,3,93,37,63,0,66,34,0,34,66,0,71,29,0,10,90,0,45,55,0,59,41,0,44,9,4,2,41,20,80,0,3,6,15,12,56,8,0,8,18,51,23,0,2,4,14,21,58,1,4,10,21,14,51,0,23,46,22,7,2,6,9,16,69,0,36,62,0,0,2,100,0,0,0,0,0,0,0,52,28,15,5,8.863684099979,20.5958779110859,22.6666666666667,27.2321005724366,3.33293080545828,2.75310999269971,0.06,0.046546565661405,0.0525729137959306,0.00046094543356152,0.06,0.046546565661405,0.0525729137959306,0.00046094543356152,0.0071830985915493,0.00196430721246706
NO,NOR,Norway,2,2020-10-06,2020-10-05,100,1,5663.90591869502,0,0,25,99,2,0,677394.601598294,99,2,98,0,11,89,0,1,99,0,16,84,0,27,73,0,18,82,0,8,92,0,4,96,0,13,87,0,1,99,0,7,93,0,20,80,0,17,83,0,9,8,83,29,71,0,2,27,71,0,2,0,98,44,56,0,77,23,0,30,70,0,57,43,0,9,91,0,20,80,0,52,48,0,39,5,4,4,48,24,76,0,1,6,11,7,67,8,0,16,20,34,30,0,0,5,5,20,69,1,2,7,7,21,63,0,17,53,20,9,1,1,3,17,79,0,32,68,0,0,0,0,100,0,0,0,0,0,0,47,28,24,1,9.11356354574582,12.6230604772336,9.765625,4.54649017558233,3.11403974917632,6.71420094487785,0.01,0.0195013954179879,0.00836130950162755,0.000216840852860816,0,0,0,0,0.00355669369753877,0.00139171673355419
NO,NOR,Norway,3,2020-10-06,2020-10-06,102,1,8998.59075409277,0,0,21,101,7,0,581508.774830871,101,2,100,0,12,90,0,2,100,0,12,90,0,21,81,0,22,80,0,11,91,0,1,101,0,7,95,0,1,101,0,5,97,0,18,84,0,13,89,0,11,2,89,34,68,0,7,27,68,0,5,2,95,39,63,0,75,27,0,33,69,0,58,44,0,10,92,0,17,85,0,54,48,0,32,10,6,6,48,17,85,0,7,10,6,6,64,9,0,12,21,48,21,0,0,1,4,11,85,1,0,1,8,14,79,0,12,42,38,10,0,0,3,7,92,0,48,50,0,1,3,0,0,102,0,0,0,0,0,58,26,16,2,13.1057892544773,20.6726298060798,14.875,10.9484847436446,2.9886,1.66726111823063,0.00980392156862745,0.0191209083686488,0.0154745571237682,0.000317243360053925,0,0,0,0,0.00292846186027053,0.00125066551633786
NO,NOR,Norway,4,2020-10-06,2020-10-06,193,2,5770.29806284119,0,0,29,193,13,1,690716.795768829,189,2,191,0,22,171,0,4,189,0,20,173,0,40,153,0,42,151,0,24,169,0,7,186,0,14,179,0,3,190,0,6,187,0,45,148,0,15,178,0,13,2,178,53,138,2,13,40,140,1,10,2,180,87,106,0,148,44,1,71,120,2,122,71,0,16,177,0,24,169,0,107,86,0,67,22,14,4,86,47,146,0,7,5,17,15,122,27,0,31,47,73,42,0,0,1,6,20,164,2,1,1,17,12,162,0,30,93,47,22,1,0,5,13,174,1,74,117,0,0,2,0,0,0,193,0,0,0,0,96,50,42,5,16.9311666006077,35.5829983840509,24.8755555555556,17.1708661838198,2.77062541107838,1.89097361992865,0.0103626943005181,0.0142870909353872,0.00835407231761078,0.00021464734168449,0,0,0,0,0.00211632489235934,0.000769434031926926
NO,NOR,Norway,5,2020-10-06,2020-10-06,195,4,18227.8015042797,1,2850.51982377806,26,193,9,0,590894.567063506,191,6,189,0,24,171,0,2,193,0,19,176,0,28,167,0,34,161,0,16,179,0,4,191,0,6,189,0,4,191,0,7,188,0,28,167,0,16,179,0,13,3,179,46,146,3,9,37,149,0,8,1,186,66,126,3,152,42,1,71,121,3,122,71,2,15,178,2,19,174,2,90,104,1,51,20,12,6,106,32,163,0,2,9,12,16,122,34,0,37,31,83,43,1,0,2,6,16,170,1,0,1,12,21,161,0,31,106,42,14,2,1,3,12,179,0,70,124,0,1,0,0,0,0,0,195,0,0,0,81,59,51,4,27.7000457247371,51.2799300689709,23.8775510204082,18.4691058722429,2.50378907031943,4.06386799941659,0.0205128205128205,0.0198949500572427,0.0308478069021079,0.000440860542603338,0.00512820512820513,0.0100252921860356,0.00482407519490986,0.000176664812761707,0.00189739473108079,0.000728629418373325
NO,NOR,Norway,6,2020-10-06,2020-10-06,166,0,0,0,0,12,164,1,1,553768.312637754,160,0,165,1,20,145,1,1,164,1,9,157,0,16,149,1,27,138,1,8,157,1,2,163,1,4,161,1,1,164,1,2,163,1,14,151,1,8,157,1,5,3,158,18,145,3,1,17,148,1,0,0,165,11,150,5,116,50,0,52,113,1,90,76,0,13,153,0,12,154,0,68,98,0,55,9,0,4,98,28,138,0,0,7,9,7,110,33,0,45,42,64,15,0,1,1,2,15,147,0,2,2,3,19,140,0,24,84,41,15,2,1,3,13,147,2,69,96,0,1,0,0,0,0,0,0,166,0,0,70,34,55,7,65.1319444444444,87.9692505736709,33.8775510204082,33.1354084991309,1.89686287738236,0.930902605589952,0,0,0,0,0,0,0,0,0.00103057368601855,0.000582790703810674
NO,NOR,Norway,7,2020-10-06,2020-10-05,100,0,0,0,0,1,100,3,0,339625.980612007,96,1,97,2,10,89,1,4,95,1,7,92,1,12,86,2,15,83,2,4,96,0,2,97,1,4,95,1,3,96,1,1,96,3,6,93,1,1,99,0,1,0,99,12,88,0,3,9,88,0,2,1,97,5,94,1,66,33,1,27,72,1,53,47,0,13,87,0,10,90,0,40,60,0,31,6,3,0,60,18,82,0,2,3,5,2,64,24,0,30,33,31,6,0,1,0,5,6,87,1,0,1,1,14,82,2,8,50,26,16,0,1,2,8,89,0,51,44,0,1,4,0,0,0,0,0,0,100,0,48,28,21,3,65.9438775510204,95.2900758089374,100,0,1.79945676776822,0.748618470614771,0,0,0,0,0,0,0,0,0.000140845070422535,0.000276031824513654
NO,NOR,Norway,1,2020-10-07,2020-10-05,100,5,40422.6997192157,5,40422.6997192157,41,99,7,0,914010.905154555,96,7,93,0,23,77,0,5,95,0,33,67,0,43,57,0,17,83,0,17,83,0,6,94,0,13,87,0,5,95,0,8,92,0,32,68,0,15,85,0,7,8,85,33,66,1,7,25,68,0,4,3,93,47,53,0,70,30,0,36,63,1,69,31,0,14,86,0,40,60,0,67,33,0,44,12,7,4,33,15,85,0,4,5,16,16,46,13,0,8,18,49,25,0,1,4,13,19,61,2,3,10,19,12,56,0,19,42,25,11,3,1,4,14,81,0,42,56,0,0,2,100,0,0,0,0,0,0,0,52,31,13,4,12.9650256181778,30.901026822832,20.9183673469388,29.578977339085,3.19148936170213,2.51554646669475,0.05,0.042716424707947,0.0442256208227411,0.000421489794570768,0.05,0.042716424707947,0.0442256208227411,0.000421489794570768,0.00583297766396358,0.00178023015238154
NO,NOR,Norway,2,2020-10-07,2020-10-06,100,3,31072.0560406692,2,17618.1190458394,48,96,7,0,712083.446888035,98,4,95,1,18,82,0,2,97,1,24,75,1,26,74,0,26,73,1,11,88,1,6,93,1,11,88,1,2,98,0,4,95,1,26,73,1,20,79,1,13,7,80,36,64,0,7,29,64,0,6,1,93,44,56,0,76,24,0,39,61,0,68,32,0,8,92,0,23,77,0,59,41,0,36,13,5,5,41,30,70,0,2,5,12,5,61,15,0,13,19,41,27,0,0,2,11,15,70,2,3,5,9,27,56,0,18,40,31,10,1,1,6,15,78,0,38,62,0,0,0,0,100,0,0,0,0,0,0,52,25,21,2,12.6975007181844,26.5974404018994,16.6089965397924,15.0310080477325,2.5390625,1.98111342390884,0.03,0.0334344809563718,0.0436354140465715,0.00047447566095079,0.02,0.0274394957835608,0.0247416494834061,0.000360791925623505,0.00704225352112676,0.00198520112247839
NO,NOR,Norway,3,2020-10-07,2020-10-07,129,3,17100.316328907,1,6901.00578851376,26,128,9,0,831977.044609962,125,5,124,0,21,108,0,3,126,0,19,110,0,28,101,0,25,104,0,15,114,0,3,126,0,5,124,0,4,125,0,8,121,0,27,102,0,14,115,0,8,6,115,39,89,1,9,30,90,0,9,0,120,58,71,0,95,34,0,43,86,0,77,52,0,12,117,0,23,106,0,75,54,0,42,19,9,5,54,28,101,0,3,5,12,14,82,13,0,23,15,53,38,0,0,1,7,15,106,0,1,0,7,17,104,0,15,67,29,17,1,0,5,17,107,0,57,70,0,0,2,0,0,129,0,0,0,0,0,57,32,36,4,18.8510959939531,31.7474876046835,19.8461538461538,13.4359096692056,3.12096774193548,1.6674737688576,0.0232558139534884,0.0260081478581565,0.0205538319112204,0.00030488011894475,0.00775193798449612,0.0151345150788071,0.00829470696724452,0.000194887623064063,0.00286091549295775,0.00109810613112936
NO,NOR,Norway,4,2020-10-07,2020-10-07,184,2,4192.16759270055,2,4192.16759270055,91,184,8,0,688965.307014446,184,4,179,1,22,162,0,7,177,0,21,162,1,31,153,0,37,146,1,22,162,0,5,178,1,10,174,0,3,180,1,10,173,1,50,133,1,24,160,0,18,6,160,33,151,0,8,25,151,0,6,2,176,76,106,2,132,51,1,59,124,1,114,68,2,12,170,2,20,162,2,90,94,0,49,21,12,8,94,45,139,0,7,12,10,11,122,22,0,38,33,72,41,0,2,0,6,18,157,1,1,5,11,29,138,0,31,81,45,24,3,2,7,13,162,0,70,112,0,0,2,0,0,0,184,0,0,0,0,81,55,48,0,13.5264739300593,19.8155939066813,29.0694444444444,32.6037517722981,2.6385702209878,3.19287637213426,0.0108695652173913,0.0149820778122195,0.00608472959381197,0.000183630466401872,0.0108695652173913,0.0149820778122195,0.00608472959381197,0.000183630466401872,0.00696570728720147,0.0014261813030363
NO,NOR,Norway,5,2020-10-07,2020-10-07,192,1,1266.61938336822,1,1266.61938336822,18,191,7,0,542611.822022084,190,1,191,0,18,174,0,2,190,0,18,174,0,18,174,0,27,165,0,11,181,0,4,188,0,4,188,0,1,191,0,2,190,0,27,165,0,10,182,0,5,5,182,40,149,3,7,31,154,0,5,2,185,62,129,1,143,49,0,65,127,0,108,84,0,17,174,1,14,178,0,101,91,0,64,21,8,8,91,52,140,0,2,8,11,13,122,36,0,37,37,70,48,0,1,0,6,17,167,1,1,5,4,18,164,0,21,102,54,14,1,1,1,9,181,0,66,125,0,0,1,0,0,0,0,192,0,0,0,69,57,64,2,34.8456198347107,47.9049503858952,40.2962962962963,34.4723900971828,2.00995925758262,0.949999236817576,0.00520833333333333,0.0101815273352697,0.00233430111907269,0.000128402779458584,0.00520833333333333,0.0101815273352697,0.00233430111907269,0.000128402779458584,0.0013273357422019,0.000612779473088472
NO,NOR,Norway,6,2020-10-07,2020-10-07,197,0,0,0,0,9,196,4,0,603032.042225413,194,0,197,0,13,184,0,6,191,0,7,190,0,18,179,0,17,179,1,6,191,0,1,196,0,0,197,0,1,196,0,3,194,0,10,187,0,7,190,0,2,5,190,31,163,3,4,24,169,0,4,0,193,19,174,4,146,50,1,63,134,0,112,85,0,13,184,0,25,172,0,83,113,1,61,14,4,4,114,32,165,0,1,8,19,15,114,40,0,56,41,67,33,0,0,0,1,11,183,2,0,0,4,21,172,0,21,101,51,23,1,0,0,14,183,0,68,123,0,1,5,0,0,0,0,0,197,0,0,95,52,46,4,58.976875,105.602909522415,49.25,27.4703375378688,1.75585921769712,0.732549722283157,0,0,0,0,0,0,0,0,0.000646737568266743,0.000422390792798679
NO,NOR,Norway,7,2020-10-07,2020-10-06,100,0,0,0,0,2,100,5,0,342841.42451108,98,1,98,1,11,88,1,5,94,1,5,94,1,9,90,1,8,91,1,4,96,0,1,98,1,5,93,2,3,96,1,2,96,2,4,95,1,2,98,0,1,1,98,20,79,1,5,15,80,0,4,1,95,6,93,1,70,30,0,35,64,1,58,42,0,5,95,0,12,88,0,43,57,0,29,11,2,1,57,13,87,0,1,3,8,4,57,27,0,25,24,40,9,2,1,0,2,5,90,2,1,0,1,12,86,0,10,47,32,10,1,0,3,7,90,0,49,47,0,0,4,0,0,0,0,0,0,100,0,52,23,23,2,89.5833333333333,128.648446183054,50,0,2.43767313019391,6.36091226771598,0,0,0,0,0,0,0,0,0.00028169014084507,0.000390340454332305
NO,NOR,Norway,1,2020-10-08,2020-10-06,100,3,23614.2819685347,3,23614.2819685347,33,99,7,0,1075352.90073291,96,6,94,0,22,78,0,7,93,0,33,67,0,43,57,0,22,78,0,18,82,0,7,93,0,16,84,0,5,95,0,8,92,0,27,73,0,12,88,0,6,6,88,39,60,1,7,30,63,0,5,2,93,51,49,0,73,26,1,37,61,2,69,31,0,18,81,1,46,54,0,66,34,0,41,12,9,4,34,20,80,0,6,4,17,20,43,10,0,9,23,42,26,0,2,3,13,14,66,2,5,9,15,16,55,0,16,39,29,12,4,3,2,10,85,0,44,53,0,0,3,100,0,0,0,0,0,0,0,52,30,13,5,12.2076186233014,26.6207304482636,27.2727272727273,42.8335235977809,3.24807605251245,2.10099408690039,0.03,0.0334344809563718,0.0219595650436617,0.000276989213726214,0.03,0.0334344809563718,0.0219595650436617,0.000276989213726214,0.00469483568075117,0.00159804736145179
NO,NOR,Norway,2,2020-10-08,2020-10-07,100,3,26890.5532689251,3,26890.5532689251,28,98,8,0,801164.771995719,99,5,95,0,14,86,0,4,96,0,21,79,0,25,75,0,21,79,0,12,88,0,4,96,0,9,91,0,2,98,0,8,92,0,32,68,0,14,85,1,9,5,86,36,64,0,8,28,64,0,7,1,92,50,50,0,77,23,0,39,61,0,73,27,0,6,94,0,27,72,1,71,29,0,49,11,6,5,29,29,71,0,4,8,10,12,59,7,0,10,24,41,25,0,1,2,9,17,70,1,2,6,8,27,57,0,19,35,32,11,3,2,4,13,81,0,37,59,0,0,4,0,100,0,0,0,0,0,0,59,20,17,4,16.6942148760331,31.6064933274481,16.5680473372781,8.7964903830287,2.57161458333333,2.17953921646048,0.03,0.0334344809563718,0.033564323106644,0.000394377920092457,0.03,0.0334344809563718,0.033564323106644,0.000394377920092457,0.00402414486921529,0.0014875346383211
NO,NOR,Norway,3,2020-10-08,2020-10-08,100,3,10103.425648499,2,7468.27101841178,22,100,7,0,660120.722956654,100,3,97,0,15,85,0,3,97,0,18,82,0,24,76,0,19,81,0,12,88,0,3,97,0,6,94,0,4,96,0,3,97,0,18,82,0,11,89,0,6,5,89,34,65,1,7,27,66,0,5,2,93,46,54,0,76,24,0,40,60,0,61,39,0,10,90,0,15,85,0,53,47,0,31,18,2,2,47,24,76,0,0,3,8,6,69,14,0,17,14,44,25,0,0,1,7,11,80,1,2,7,2,15,74,0,21,44,29,6,0,1,2,10,87,0,40,57,0,2,1,0,0,100,0,0,0,0,0,47,24,28,1,16.6838842975207,22.2245843641254,18.1818181818182,12.8564869306645,4.33152852977926,9.53189009041376,0.03,0.0334344809563718,0.0153054211103178,0.000296148694695609,0.02,0.0274394957835608,0.0113134927577515,0.000255131488567417,0.00309859154929577,0.00129278762877007
NO,NOR,Norway,4,2020-10-08,2020-10-08,187,0,0,0,0,27,182,10,0,695114.242357427,184,2,185,0,23,164,0,3,184,0,20,167,0,36,151,0,29,158,0,18,169,0,2,185,0,10,177,0,3,184,0,9,178,0,35,152,0,19,168,0,13,6,168,56,131,0,10,46,131,0,8,2,177,85,101,1,141,46,0,67,119,1,112,75,0,13,174,0,12,174,1,111,76,0,74,22,10,5,76,40,147,0,5,3,7,15,141,16,0,31,33,66,57,0,1,0,4,18,164,0,1,2,8,26,149,1,23,90,50,22,2,0,8,6,171,2,76,108,0,0,3,0,0,0,187,0,0,0,0,87,51,42,7,20.59921875,36.0037894313464,25.7602040816327,19.2242122147298,2.94533133909221,4.58364170433184,0,0,0,0,0,0,0,0,0.00208945983593871,0.000787310496035106
NO,NOR,Norway,5,2020-10-08,2020-10-08,171,2,13311.774766079,0,0,17,168,10,0,573060.167638971,169,4,167,0,24,147,0,8,163,0,19,152,0,31,140,0,31,140,0,14,157,0,9,162,0,10,161,0,5,166,0,7,164,0,35,136,0,13,157,1,7,6,158,36,131,4,10,24,137,0,10,0,161,53,116,2,135,35,1,67,102,2,107,62,2,15,154,2,18,152,1,92,78,1,59,22,6,5,79,33,138,0,2,1,8,11,122,27,0,42,29,59,41,0,0,5,5,18,143,0,0,5,9,16,141,0,22,85,49,14,1,1,5,9,155,1,80,90,0,0,1,0,0,0,0,171,0,0,0,78,43,47,3,38.9028925619835,63.6776683565069,22.6115702479339,14.5225439401768,2.00363636363636,1.06831027203298,0.0116959064327485,0.0161143308311251,0.0232292794331247,0.000389997807347629,0,0,0,0,0.00142521797451375,0.000677010210044399
NO,NOR,Norway,6,2020-10-08,2020-10-08,188,1,2143.53540757218,0,0,9,188,3,0,624110.102704061,186,2,186,0,20,167,1,4,184,0,7,181,0,27,161,0,18,170,0,13,175,0,3,185,0,6,182,0,1,187,0,6,182,0,15,173,0,5,183,0,2,3,183,24,160,4,3,20,165,0,3,0,185,33,150,5,139,47,2,68,117,3,114,72,2,16,170,2,20,167,1,90,98,0,57,21,7,5,98,39,149,0,3,4,16,11,112,42,0,57,46,69,16,0,0,1,1,15,170,1,0,0,6,19,163,0,22,100,46,16,4,1,1,12,173,1,83,105,0,0,0,0,0,0,0,0,188,0,0,83,53,49,3,55.515201999167,86.7698214711487,60.16,57.0232233392677,2.52987654320988,7.70593755512874,0.00531914893617021,0.0103975764049423,0.00343454688248909,0.000145146017124925,0,0,0,0,0.000674258315852562,0.000440358805539537
NO,NOR,Norway,7,2020-10-08,2020-10-07,100,0,0,0,0,3,100,3,0,317247.105542428,98,0,100,0,11,89,0,3,97,0,6,94,0,11,89,0,11,89,0,2,98,0,1,99,0,4,95,1,1,99,0,3,97,0,4,96,0,3,97,0,1,2,97,12,86,2,3,9,88,0,2,1,97,8,90,2,68,32,0,32,67,1,52,48,0,9,91,0,8,92,0,38,62,0,23,11,2,1,63,12,88,0,1,4,9,7,59,20,0,26,23,39,10,2,0,0,1,5,92,2,1,0,1,10,88,0,7,54,29,8,2,0,0,8,92,0,47,50,0,0,3,0,0,0,0,0,0,100,0,41,27,30,2,66.1458333333334,89.139340422002,33.3333333333333,0,2.5390625,6.3691359123304,0,0,0,0,0,0,0,0,0.000422535211267606,0.000478033792144491
NO,NOR,Norway,1,2020-10-09,2020-10-07,100,5,56857.5727197091,4,38489.4875863554,18,99,9,0,1261944.40617116,97,8,92,0,30,70,0,7,92,1,30,70,0,38,62,0,21,79,0,20,80,0,4,96,0,15,85,0,7,93,0,12,88,0,24,76,0,10,90,0,7,3,90,45,54,1,9,33,58,0,8,1,91,49,50,1,77,22,1,39,59,2,73,27,0,15,84,1,49,51,0,67,33,0,47,11,7,2,33,23,77,0,6,7,12,21,45,9,0,10,21,40,29,0,1,4,12,13,68,2,3,10,9,19,59,0,18,37,30,11,4,3,0,11,86,0,45,54,0,0,1,100,0,0,0,0,0,0,0,53,30,14,3,14.5562130177515,29.4941034663005,22.2222222222222,12.4225998749988,2.82708045488362,2.05259060158329,0.05,0.042716424707947,0.0450555289453832,0.00036190208499529,0.04,0.0384072934108425,0.0305001451713198,0.000300021796337894,0.00256081946222791,0.00118150077856617
NO,NOR,Norway,2,2020-10-09,2020-10-08,100,3,22711.9053621943,1,6718.16996956358,21,100,9,0,851424.9300457,98,4,96,0,15,85,0,5,95,0,18,82,0,32,68,0,12,88,0,17,83,0,4,96,0,7,93,0,1,99,0,6,94,0,32,68,0,10,90,0,5,5,90,44,56,0,9,35,56,0,7,2,91,43,56,1,73,26,1,35,65,0,59,40,1,6,93,1,27,71,2,55,45,0,36,6,7,6,45,30,70,0,3,10,15,12,48,12,0,11,22,33,34,0,2,0,7,16,74,1,1,3,8,23,65,0,18,41,32,7,2,3,1,16,80,0,45,52,1,0,2,0,100,0,0,0,0,0,0,57,24,14,5,14.5555555555556,28.4003306701172,21,9.94428926011753,2.73879583521956,1.93907657261418,0.03,0.0334344809563718,0.0266751707176054,0.00034226099987185,0.01,0.0195013954179879,0.00789050183109271,0.000187934722082559,0.00295774647887324,0.00126315362128419
NO,NOR,Norway,3,2020-10-09,2020-10-08,100,1,3514.19090975093,0,0,10,100,2,0,604769.625069349,99,1,99,0,10,90,0,6,94,0,10,90,0,22,78,0,18,82,0,10,90,0,0,100,0,4,96,0,1,99,0,2,98,0,26,74,0,6,94,0,4,2,94,30,70,0,2,28,70,0,2,0,98,41,58,1,74,25,1,47,52,1,64,35,1,7,92,1,19,80,1,56,44,0,29,17,4,6,44,24,76,0,3,4,6,10,70,7,0,16,17,43,24,0,0,0,7,7,85,1,1,2,7,14,76,0,17,56,18,6,3,1,2,7,90,0,44,54,1,0,1,0,0,100,0,0,0,0,0,48,34,14,4,11.1111111111111,15.1536977258864,27.7777777777778,8.6066296582387,3.30193905817175,2.44518151188361,0.01,0.0195013954179879,0.00581079267886174,0.000191560216105031,0,0,0,0,0.00140845070422535,0.000872335779060366
NO,NOR,Norway,4,2020-10-09,2020-10-09,162,4,12920.493394209,3,10639.17530817,17,161,11,0,913582.758391844,161,5,155,2,23,138,1,3,157,2,24,137,1,31,129,2,32,128,2,17,144,1,4,156,2,14,146,2,3,157,2,6,154,2,39,121,2,15,147,0,10,5,147,35,127,0,11,24,127,0,9,2,151,63,99,0,123,39,0,64,98,0,102,59,1,15,147,0,18,144,0,94,68,0,57,23,9,4,69,42,120,0,1,3,17,12,110,19,0,34,24,62,42,0,0,3,6,12,141,0,1,4,10,15,132,0,21,72,52,17,0,1,4,11,145,1,60,102,0,0,0,0,0,0,162,0,0,0,0,69,53,38,2,23.2751020408163,41.8613980896364,14.0510204081633,4.92729148624742,2.7874688501246,1.63506948095563,0.0246913580246914,0.0238964896372133,0.0141426633499001,0.000242128985196799,0.0185185185185185,0.0207603541918514,0.0116455517690569,0.000219993849631395,0.00148718397340565,0.000706423517190038
NO,NOR,Norway,5,2020-10-09,2020-10-09,181,0,0,0,0,9,180,7,0,542453.272519306,176,0,181,0,21,160,0,0,181,0,5,176,0,20,161,0,19,162,0,12,169,0,2,179,0,1,180,0,1,180,0,2,179,0,20,161,0,5,176,0,1,4,176,40,139,2,7,33,141,0,6,1,174,53,128,0,141,40,0,69,112,0,109,72,0,12,169,0,30,151,0,104,77,0,66,25,8,4,78,51,130,0,6,9,19,8,116,23,0,42,30,56,53,0,0,1,5,13,162,0,0,1,9,19,152,0,29,92,42,16,2,2,3,19,157,0,69,109,0,1,2,0,0,0,0,181,0,0,0,84,46,47,4,26.8863163371488,43.957943152188,101.8125,43.3235766259743,2.25383141762452,1.27565166832168,0,0,0,0,0,0,0,0,0.000704225352112676,0.000459923411932452
NO,NOR,Norway,6,2020-10-09,2020-10-09,173,1,5094.48222222119,1,5094.48222222119,14,172,3,0,582566.18902807,171,1,171,1,13,159,1,3,169,1,5,167,1,27,146,0,22,150,1,7,165,1,3,169,1,5,167,1,2,170,1,5,167,1,16,156,1,5,167,1,3,2,168,24,147,2,3,20,150,0,3,0,170,18,153,2,131,42,0,70,102,1,92,81,0,13,160,0,16,156,1,80,93,0,58,14,5,3,93,31,142,0,3,11,11,13,106,29,0,52,39,62,20,0,1,0,3,12,155,2,0,0,1,18,154,0,21,86,44,17,5,0,1,15,156,1,65,106,1,1,0,0,0,0,0,0,173,0,0,72,57,40,4,44.8531861724282,75.4585933435444,96.88,86.153305218082,2.04704363727635,1.05418982757821,0.00578034682080925,0.0112964805729032,0.00874489855087645,0.000239081272570754,0.00578034682080925,0.0112964805729032,0.00874489855087645,0.000239081272570754,0.00114641336390436,0.000600172690471341
NO,NOR,Norway,7,2020-10-09,2020-10-08,100,0,0,0,0,2,98,1,0,345231.581452875,98,0,100,0,10,90,0,5,95,0,5,95,0,14,86,0,17,83,0,3,97,0,3,97,0,5,95,0,0,100,0,3,97,0,5,95,0,4,96,0,1,2,97,11,87,2,1,10,89,0,0,1,99,6,94,0,75,25,0,38,61,1,50,49,1,13,86,1,9,89,2,37,63,0,26,9,1,0,64,13,87,0,4,4,6,6,65,15,0,31,26,38,5,0,1,0,2,10,86,1,0,0,2,15,83,0,14,48,23,11,4,1,0,6,93,0,51,48,0,0,1,0,0,0,0,0,0,100,0,38,32,28,2,78.8751714677641,107.925925998348,50,0,1.87054947390796,1.3501637165157,0,0,0,0,0,0,0,0,0.000287438919229664,0.000398305440840986
NO,NOR,Norway,1,2020-10-10,2020-10-07,100,3,40910.9187720017,2,22542.833638648,22,100,6,0,1369069.94288077,99,5,95,0,26,74,0,10,89,1,24,76,0,37,63,0,26,74,0,23,77,0,5,95,0,12,88,0,5,95,0,12,88,0,32,68,0,11,89,0,9,2,89,35,65,0,6,27,67,0,6,0,94,45,54,1,81,18,1,41,58,1,72,28,0,12,87,1,49,51,0,62,38,0,43,13,3,3,38,20,80,0,5,11,11,18,52,3,0,10,21,35,34,0,1,4,13,11,70,1,4,8,9,22,57,0,16,48,25,8,3,5,2,11,82,0,44,53,1,1,1,100,0,0,0,0,0,0,0,58,22,18,2,9.19117647058824,14.9332186747055,18.1818181818182,11.4991914915214,2.84256559766764,1.71656096193635,0.03,0.0334344809563718,0.0298822707961273,0.000285203133241849,0.02,0.0274394957835608,0.016465801295158,0.000213167720392511,0.00309859154929577,0.00129278762877007
NO,NOR,Norway,2,2020-10-10,2020-10-09,100,3,19093.1143384024,2,9628.49072066647,29,100,10,0,785281.086544874,100,6,93,1,11,88,1,3,96,1,23,76,1,20,80,0,21,79,0,11,88,1,2,97,1,10,89,1,2,97,1,4,95,1,33,67,0,14,86,0,10,4,86,44,56,0,10,34,56,0,10,0,90,37,62,1,77,22,1,50,50,0,69,30,1,13,86,1,31,68,1,59,41,0,38,13,1,7,41,24,76,0,7,11,15,9,53,5,0,10,15,42,33,0,3,2,8,19,67,1,2,5,9,27,57,0,15,46,29,9,1,5,2,5,88,0,37,58,1,0,4,0,100,0,0,0,0,0,0,60,21,18,1,15.4266015512784,27.8052596542077,14.7959183673469,11.3680698399541,2.73142735678606,1.9289260671927,0.03,0.0334344809563718,0.0243137325800235,0.000340656308793156,0.02,0.0274394957835608,0.0122612028809079,0.000243401425744292,0.00408450704225352,0.00148354247666013
NO,NOR,Norway,3,2020-10-10,2020-10-10,106,2,11307.4422856984,2,11307.4422856984,49,104,8,0,702046.059095818,106,4,102,0,13,93,0,4,102,0,17,89,0,22,84,0,26,80,0,12,94,0,2,104,0,5,101,0,2,104,0,2,104,0,32,74,0,12,94,0,10,2,94,37,68,1,8,29,69,0,8,0,98,47,59,0,89,17,0,45,61,0,66,40,0,13,93,0,21,85,0,63,43,0,38,17,5,3,43,18,88,0,4,7,8,11,66,10,0,14,22,43,27,0,0,0,4,14,88,0,0,2,10,18,76,0,13,52,29,11,1,1,7,9,89,0,47,58,0,0,1,0,0,106,0,0,0,0,0,55,31,18,2,23.9470606340412,46.4195366868331,51.94,70.5694331059056,3.00744650768216,1.64741722399062,0.0188679245283019,0.0259012641269205,0.0161064108817327,0.000294468429755791,0.0188679245283019,0.0259012641269205,0.0161064108817327,0.000294468429755791,0.00663596966413868,0.00185186216200477
NO,NOR,Norway,4,2020-10-10,2020-10-10,160,3,8380.00221294129,2,5783.84831145914,21,159,15,1,670295.419953788,159,8,152,0,29,131,0,3,157,0,18,142,0,38,122,0,27,133,0,17,143,0,1,159,0,6,154,0,2,158,0,7,153,0,35,125,0,13,147,0,8,5,147,55,104,1,15,40,105,1,12,2,145,59,101,0,127,33,0,61,98,1,98,62,0,16,144,0,21,139,0,87,73,0,50,22,6,9,73,37,123,0,0,12,11,12,109,16,0,28,20,66,46,0,0,2,10,11,136,1,0,4,9,25,122,0,28,71,44,16,1,3,9,7,141,0,66,92,0,1,1,0,0,0,160,0,0,0,0,56,58,44,2,17.8086194302411,32.8757668997418,21.1111111111111,28.6861573393096,3.21743310366928,4.88873535403049,0.01875,0.0210173797161665,0.0125019535617878,0.000265994115095648,0.0125,0.0172151835812792,0.00862880476172416,0.000221415711275797,0.00186021791124103,0.000794873371050944
NO,NOR,Norway,5,2020-10-10,2020-10-10,188,4,14014.1234116044,4,14014.1234116044,17,186,11,0,617764.003881469,187,4,184,0,17,171,0,7,180,1,17,171,0,33,155,0,29,158,1,12,176,0,2,185,1,9,178,1,1,186,1,5,182,1,30,158,0,14,174,0,10,4,174,34,154,0,11,23,154,0,10,1,177,67,120,1,151,37,0,85,103,0,117,71,0,15,173,0,24,163,1,108,80,0,77,20,7,4,80,41,147,0,5,9,8,13,138,15,0,43,37,57,50,1,1,2,3,20,159,3,0,3,13,13,159,0,24,101,44,19,0,1,1,20,166,0,82,103,0,1,2,0,0,0,0,188,0,0,0,78,45,61,4,30.6150519031142,58.3974139786077,22.1944444444444,8.06721552519618,2.51246913580247,3.26701262341579,0.0212765957446809,0.0206276723423319,0.0226852379283227,0.000371300633458708,0.0212765957446809,0.0206276723423319,0.0226852379283227,0.000371300633458708,0.00128729365439952,0.000611535321556819
NO,NOR,Norway,6,2020-10-10,2020-10-10,163,0,0,0,0,0,163,8,0,599225.675340469,161,0,163,0,14,149,0,4,159,0,5,158,0,22,141,0,20,143,0,12,151,0,6,157,0,2,161,0,0,163,0,4,159,0,9,154,0,0,163,0,0,0,163,30,133,0,8,22,133,0,7,1,155,16,146,1,134,29,0,66,96,1,89,74,0,18,145,0,13,150,0,75,88,0,55,13,4,3,88,35,128,0,2,5,5,15,109,27,0,51,36,56,20,0,0,0,2,15,143,3,0,0,3,21,139,0,14,92,39,18,0,0,1,7,154,1,73,87,0,0,3,0,0,0,0,0,163,0,0,78,38,43,4,72.0907118055556,103.505059696193,0,0,2.29730212178993,3.04107732150867,0,0,0,0,0,0,0,0,0,0
NO,NOR,Norway,7,2020-10-10,2020-10-08,100,0,0,0,0,3,98,2,0,383292.057721725,99,0,100,0,5,95,0,3,97,0,2,98,0,13,87,0,11,89,0,3,97,0,2,98,0,2,98,0,0,100,0,1,98,1,4,96,0,4,96,0,1,2,97,10,88,2,2,8,90,0,1,1,98,3,97,0,82,18,0,43,56,1,59,40,1,10,89,1,15,83,2,42,58,0,31,9,2,0,58,22,78,0,6,2,9,6,63,14,0,34,28,32,6,0,1,0,3,8,86,2,0,0,1,14,85,0,14,46,20,15,5,1,0,5,94,0,54,45,0,0,1,0,0,0,0,0,0,100,0,43,28,28,1,90.249433106576,152.332404397919,75,35.3553390593274,1.73611111111111,0.794987648095102,0,0,0,0,0,0,0,0,0.000431158378844496,0.00048778747978168
NO,NOR,Norway,1,2020-10-11,2020-10-08,100,3,40910.9187720017,2,22542.833638648,37,100,5,0,1314799.38173508,100,5,95,0,29,71,0,7,92,1,24,76,0,38,62,0,23,77,0,23,77,0,4,96,0,11,89,0,3,97,0,9,91,0,42,58,0,16,84,0,12,4,84,35,65,0,5,28,67,0,5,0,95,40,59,1,81,19,0,43,57,0,69,31,0,10,90,0,45,55,0,65,35,0,41,15,5,4,35,14,86,0,4,12,8,9,63,4,0,8,15,34,43,0,0,4,18,15,60,3,3,9,14,24,50,0,25,47,21,5,2,5,4,13,78,0,39,59,1,1,0,100,0,0,0,0,0,0,0,60,20,19,1,9.7881665449233,23.1457998179269,14.453125,10.6357176336782,2.63238445056627,1.7184334664896,0.03,0.0334344809563718,0.0311157119027646,0.000296786520991458,0.02,0.0274394957835608,0.0171454550038648,0.000221889871168699,0.0052112676056338,0.00167477331753456
NO,NOR,Norway,2,2020-10-11,2020-10-10,100,0,0,0,0,13,99,5,0,792094.988909794,99,2,98,0,10,90,0,4,96,0,19,81,0,20,80,0,18,82,0,11,89,0,1,99,0,9,91,0,1,99,0,7,93,0,26,74,0,11,89,0,5,6,89,36,64,0,5,31,64,0,5,0,95,23,77,0,78,22,0,44,56,0,67,33,0,14,86,0,22,78,0,60,40,0,48,6,5,1,40,20,80,0,6,13,9,10,53,9,0,13,24,31,32,0,1,7,4,14,72,2,0,5,13,28,54,0,25,43,22,8,2,2,7,14,77,0,39,58,0,0,3,0,100,0,0,0,0,0,0,51,28,18,3,15.3018069973087,30.16300610019,13,6.74948557710553,2.63711911357341,1.70890135037701,0,0,0,0,0,0,0,0,0.00184948072272016,0.00100444056201917
NO,NOR,Norway,3,2020-10-11,2020-10-10,100,1,6917.6638740315,1,6917.6638740315,18,100,5,0,614690.272908916,100,4,96,0,9,91,0,1,99,0,13,87,0,17,83,0,14,86,0,10,90,0,5,95,0,6,94,0,1,99,0,2,98,0,19,81,0,8,92,0,7,1,92,34,66,0,5,29,66,0,5,0,95,19,80,1,69,31,0,43,56,1,60,40,0,7,93,0,11,89,0,53,47,0,36,13,3,1,47,11,89,0,6,8,9,4,67,6,0,11,24,38,27,0,0,0,9,7,84,0,0,3,6,22,69,0,8,52,25,15,0,4,0,9,87,0,40,58,0,1,1,0,0,100,0,0,0,0,0,53,24,23,0,26.1880165289256,48.2703140294423,28.125,16.0217486115414,4.21936443830375,8.31837296666521,0.01,0.0195013954179879,0.0112539016459376,0.000263702270837706,0.01,0.0195013954179879,0.0112539016459376,0.000263702270837706,0.00253521126760563,0.00116970078590584
NO,NOR,Norway,4,2020-10-11,2020-10-11,207,1,2859.04595354374,1,2859.04595354374,32,205,6,0,713486.00029822,204,1,206,0,23,184,0,7,200,0,18,189,0,38,169,0,38,169,0,16,191,0,7,200,0,9,198,0,4,203,0,10,197,0,39,168,0,18,189,0,11,7,189,48,157,2,6,42,159,0,6,0,201,45,159,3,151,54,2,92,114,1,147,59,1,30,176,1,28,178,1,128,79,0,88,26,11,3,79,39,168,0,5,5,9,14,152,22,0,32,27,76,72,0,0,0,5,16,185,1,0,1,12,18,176,0,31,105,50,18,3,2,7,13,185,0,80,123,1,0,3,0,0,0,207,0,0,0,0,94,57,54,2,23.675625,43.2660229017799,25.875,15.6680905824545,2.82525951557093,1.5513677320469,0.00483091787439614,0.00944552676577995,0.00400715073925589,0.000146588976697367,0.00483091787439614,0.00944552676577995,0.00400715073925589,0.000146588976697367,0.00219855719683957,0.000760909373626618
NO,NOR,Norway,5,2020-10-11,2020-10-11,206,1,2244.65030901055,0,0,19,204,11,0,596453.076825,203,1,203,2,22,183,1,2,202,2,11,194,1,28,176,2,26,178,2,12,192,2,3,201,2,11,192,3,2,201,3,5,199,2,25,179,2,9,197,0,5,4,197,49,155,2,11,35,160,0,10,1,195,27,178,1,147,58,1,78,128,0,134,72,0,14,192,0,26,180,0,113,93,0,86,19,5,3,93,46,160,0,4,5,20,18,134,25,0,31,43,77,55,0,1,3,5,16,179,2,1,3,17,16,167,2,29,99,54,24,0,2,3,13,188,0,77,127,0,0,2,0,0,0,0,206,0,0,0,90,61,47,8,30.0765721087086,52.3179296154293,79.8775510204082,108.413149934485,2.33798417326114,3.91821533623523,0.00485436893203884,0.00949126700511386,0.00376333092446958,0.000155391556013453,0,0,0,0,0.00131179232256283,0.000589455923427614
NO,NOR,Norway,6,2020-10-11,2020-10-11,166,0,0,0,0,3,163,6,0,571676.788432892,161,1,165,0,16,150,0,2,164,0,6,160,0,23,143,0,19,147,0,13,153,0,2,164,0,2,164,0,1,165,0,2,164,0,14,152,0,6,160,0,5,1,160,32,132,2,6,25,135,0,6,0,160,17,146,3,105,60,1,62,104,0,95,71,0,16,149,1,14,150,2,82,84,0,56,17,3,6,84,37,129,0,4,7,7,12,106,30,0,52,37,53,24,0,0,2,3,5,153,3,0,2,5,13,145,1,20,84,49,13,0,0,0,13,152,1,65,99,1,0,1,0,0,0,0,0,166,0,0,69,47,43,7,35.5451183431953,57.2281751270865,55.3333333333333,0,2.2675052074988,2.06250382761626,0,0,0,0,0,0,0,0,0.000259224055992396,0.000293296221579932
NO,NOR,Norway,7,2020-10-11,2020-10-10,100,0,0,0,0,2,99,2,0,361199.259504308,99,0,100,0,5,95,0,2,98,0,2,98,0,9,91,0,9,91,0,3,97,0,0,100,0,0,100,0,0,100,0,2,97,1,2,98,0,2,98,0,0,2,98,11,87,2,2,9,89,0,1,1,98,6,92,2,75,25,0,29,69,2,55,45,0,9,91,0,13,87,0,37,63,0,26,8,1,2,63,21,79,0,5,3,11,12,48,21,0,36,27,31,6,0,0,0,1,4,91,4,0,0,1,9,90,0,13,42,31,11,3,0,0,5,95,0,52,48,0,0,0,0,0,0,0,0,0,100,0,43,21,33,3,60.1851851851852,131.582320409313,200,0,1.69760072430964,0.87307317736227,0,0,0,0,0,0,0,0,0.000284535495803101,0.000394282726107941
NO,NOR,Norway,1,2020-10-12,2020-10-10,100,0,0,0,0,21,100,4,0,1103614.50864858,99,0,100,0,17,83,0,5,95,0,21,79,0,39,61,0,21,79,0,14,86,0,8,92,0,14,86,0,0,100,0,9,91,0,43,57,0,8,92,0,5,3,92,28,72,0,4,23,73,0,3,1,96,44,56,0,81,19,0,44,56,0,70,30,0,21,79,0,40,60,0,67,33,0,37,19,7,4,33,12,88,0,4,13,10,6,63,4,0,8,16,34,42,0,0,2,17,16,63,2,3,8,15,21,53,0,27,43,20,7,3,5,7,13,75,0,38,58,2,2,0,100,0,0,0,0,0,0,0,61,18,17,4,9.64506172839506,24.0561357268032,32.8125,26.6738736540887,2.82118055555556,1.80052295711644,0,0,0,0,0,0,0,0,0.00295774647887324,0.00126315362128419
NO,NOR,Norway,2,2020-10-12,2020-10-11,100,1,8974.97628144767,1,8974.97628144767,25,100,5,0,842136.829086474,97,2,98,0,13,87,0,2,98,0,18,82,0,24,76,0,16,84,0,11,89,0,3,97,0,9,90,1,0,100,0,7,93,0,26,74,0,12,88,0,8,4,88,31,69,0,5,26,69,0,5,0,95,31,69,0,60,39,1,34,66,0,56,44,0,15,85,0,19,81,0,49,51,0,34,9,6,0,51,20,80,0,7,6,13,7,54,13,0,13,17,42,28,0,1,5,7,11,73,3,1,4,12,20,63,0,23,49,24,4,0,2,6,15,77,0,38,57,0,0,5,0,100,0,0,0,0,0,0,46,27,22,5,14.1868512110727,31.9712198416223,17.3611111111111,12.0281306081172,2.41551246537396,1.37223762896381,0.01,0.0195013954179879,0.0106573848470485,0.000219308489279556,0.01,0.0195013954179879,0.0106573848470485,0.000219308489279556,0.00352112676056338,0.00137782415551176
NO,NOR,Norway,3,2020-10-12,2020-10-11,100,1,6917.6638740315,1,6917.6638740315,35,100,3,0,712345.01676912,100,2,98,0,9,91,0,2,98,0,15,85,0,19,81,0,19,81,0,10,90,0,1,99,0,5,95,0,2,98,0,3,97,0,27,73,0,12,88,0,9,3,88,29,71,0,3,26,71,0,2,1,97,34,64,2,63,35,2,35,62,3,61,38,1,9,89,2,17,82,1,63,37,0,40,17,2,4,37,24,76,0,1,7,10,6,65,11,0,16,20,37,27,0,0,1,9,9,81,0,2,5,7,15,71,0,11,46,34,9,0,4,4,13,79,0,38,61,0,0,1,0,0,100,0,0,0,0,0,54,24,22,0,15.84427342689,30.7650032883233,24.3055555555556,16.4602111829877,3.12466787118716,1.67990110024835,0.01,0.0195013954179879,0.00971111429319313,0.000227729021948966,0.01,0.0195013954179879,0.00971111429319313,0.000227729021948966,0.00492957746478873,0.00162911098911644
NO,NOR,Norway,4,2020-10-12,2020-10-12,158,2,16638.5868824672,2,16638.5868824672,38,158,6,0,669365.292489955,156,4,154,0,16,142,0,3,155,0,19,139,0,32,126,0,30,127,1,11,147,0,4,154,0,9,148,1,1,157,0,6,152,0,33,125,0,16,142,0,9,7,142,44,114,0,6,38,114,0,3,3,152,60,96,2,99,56,3,49,106,3,108,48,2,20,136,2,11,145,2,90,68,0,55,19,12,4,68,43,115,0,7,4,6,10,111,20,0,31,31,59,36,1,0,1,7,13,137,0,0,0,11,17,130,0,22,75,39,19,3,1,5,18,134,0,56,101,0,1,0,0,0,0,158,0,0,0,0,68,34,51,5,20.2162269390994,35.1391211859748,23.453125,26.4667194715048,2.80384349030471,1.56454550412429,0.0126582278481013,0.0174317005825738,0.0248572596594809,0.000372972847772438,0.0126582278481013,0.0174317005825738,0.0248572596594809,0.000372972847772438,0.00338741308611161,0.00107519599397315
NO,NOR,Norway,5,2020-10-12,2020-10-12,182,1,2234.64461953354,1,2234.64461953354,14,179,5,0,573162.12867748,175,2,180,0,18,164,0,4,178,0,16,166,0,24,158,0,33,149,0,14,168,0,4,178,0,9,173,0,0,182,0,8,174,0,26,156,0,12,170,0,6,6,170,43,138,1,5,38,139,0,5,0,177,59,121,2,104,78,0,56,126,0,112,70,0,16,166,0,24,158,0,100,82,0,59,24,11,6,82,39,143,0,3,9,13,14,113,29,1,38,37,61,46,0,1,1,4,15,157,4,0,4,6,22,150,0,27,90,40,23,2,1,2,20,159,0,64,116,0,0,2,0,0,0,0,182,0,0,0,82,48,46,6,22.0553846153846,31.4085081564755,29.2098765432099,17.8343236523613,2.13445153530021,0.965447235188817,0.0054945054945055,0.0107394068758001,0.003898800195836,0.000161334247866181,0.0054945054945055,0.0107394068758001,0.003898800195836,0.000161334247866181,0.00110158155637737,0.000576715192055808
NO,NOR,Norway,6,2020-10-12,2020-10-12,157,1,2765.06772566582,0,0,9,157,1,0,560889.974710932,155,1,156,0,20,136,1,4,153,0,8,149,0,17,139,1,23,134,0,5,152,0,5,152,0,2,155,0,3,154,0,2,154,1,15,142,0,6,151,0,5,1,151,27,125,5,1,25,131,0,1,0,156,15,139,3,100,56,1,59,97,1,100,57,0,13,143,1,18,137,2,79,78,0,55,18,4,2,78,23,134,0,2,5,6,8,106,30,0,38,45,49,25,0,0,0,3,6,143,5,0,0,2,12,141,2,16,85,35,19,2,0,0,8,149,0,70,86,0,0,1,0,0,0,0,0,157,0,0,64,41,48,4,43.4743104380746,66.4500830689324,39.25,14.3320735880518,2.0096,1.06076147286358,0.00636942675159236,0.0124440260501474,0.00492978632233687,0.000183294807932387,0,0,0,0,0.000807392123441285,0.000527273507228593
NO,NOR,Norway,7,2020-10-12,2020-10-11,100,0,0,0,0,1,97,4,0,357091.085464463,97,0,100,0,6,94,0,3,97,0,5,95,0,15,85,0,13,87,0,3,97,0,0,100,0,1,99,0,1,99,0,2,98,0,6,94,0,4,96,0,3,1,96,19,79,2,4,14,82,0,4,0,96,7,89,4,61,39,0,28,70,2,57,43,0,13,87,0,9,91,0,40,60,0,26,9,2,3,60,18,82,0,2,5,6,12,54,21,0,29,32,34,5,0,0,0,0,7,91,2,0,0,2,10,88,0,14,37,36,12,1,0,1,7,92,0,54,44,0,0,2,0,0,0,0,0,0,100,0,44,20,30,6,50.3472222222222,87.959599266138,100,0,1.83340878225441,1.29968683352275,0,0,0,0,0,0,0,0,0.000145201103528387,0.000284568271367451
NO,NOR,Norway,1,2020-10-13,2020-10-11,100,1,10676.0090708609,1,10676.0090708609,23,100,8,0,1049507.45087064,99,1,99,0,17,83,0,3,97,0,21,79,0,36,64,0,17,83,0,9,91,0,5,95,0,13,87,0,0,100,0,8,92,0,41,59,0,7,93,0,2,5,93,30,70,0,8,21,71,0,7,1,92,41,59,0,75,25,0,41,58,1,68,32,0,24,76,0,41,59,0,62,38,0,33,18,8,3,38,17,83,0,5,12,9,8,58,8,0,8,17,43,32,0,0,2,19,21,56,2,2,12,16,18,52,0,28,35,24,9,4,4,8,13,75,0,34,63,1,2,0,100,0,0,0,0,0,0,0,58,16,20,6,12.6938775510204,29.3874593300703,46.9387755102041,38.4338690934028,2.80009451795841,1.5889669740054,0.01,0.0195013954179879,0.010172399502266,0.000191975943951716,0.01,0.0195013954179879,0.010172399502266,0.000191975943951716,0.00323943661971831,0.00132174928380468
NO,NOR,Norway,2,2020-10-13,2020-10-12,100,4,38301.4568872073,4,38301.4568872073,31,100,4,0,825110.709057464,98,5,95,0,20,80,0,3,97,0,27,73,0,32,68,0,18,82,0,15,85,0,2,98,0,9,90,1,2,98,0,5,95,0,34,66,0,17,83,0,13,4,83,39,61,0,4,35,61,0,4,0,96,44,56,0,71,29,0,33,67,0,57,43,0,7,93,0,25,75,0,57,43,0,34,13,8,2,43,18,82,0,5,9,12,10,52,12,0,15,20,38,27,0,1,2,10,20,67,0,2,3,10,19,66,0,18,48,31,2,1,3,5,12,80,0,35,60,0,0,5,0,100,0,0,0,0,0,0,49,19,29,3,11.1944444444444,25.1756385150217,10.7266435986159,6.65359326056381,2.30470914127424,1.31450989824294,0.04,0.0384072934108425,0.0464197791481335,0.000453964749661334,0.04,0.0384072934108425,0.0464197791481335,0.000453964749661334,0.00436619718309859,0.00153362933015919
NO,NOR,Norway,3,2020-10-13,2020-10-12,100,0,0,0,0,24,99,4,0,647667.419898134,99,0,100,0,12,88,0,0,100,0,11,89,0,19,81,0,15,85,0,11,89,0,2,98,0,6,94,0,1,99,0,3,97,0,22,78,0,13,87,0,10,3,87,31,69,0,4,26,70,0,4,0,96,50,50,0,76,24,0,35,65,0,63,37,0,12,88,0,17,83,0,60,40,0,38,11,8,3,40,27,73,0,3,3,7,15,63,9,0,11,15,40,34,0,0,1,2,10,85,2,0,1,3,18,78,0,12,54,21,11,2,1,1,4,94,0,44,53,0,0,3,0,0,100,0,0,0,0,0,41,32,24,3,16.5798611111111,35.9869047889973,16.6666666666667,8.70388279778489,3.39626736111111,3.25653299070936,0,0,0,0,0,0,0,0,0.00341442594963722,0.00136369568626246
NO,NOR,Norway,4,2020-10-13,2020-10-13,158,2,5971.03031249803,2,5971.03031249803,20,157,5,0,631465.833317084,156,5,153,0,27,131,0,2,156,0,15,143,0,37,121,0,27,131,0,16,142,0,2,156,0,6,152,0,3,155,0,9,149,0,21,137,0,17,140,1,10,7,141,46,112,0,5,41,112,0,5,0,153,65,92,1,111,47,0,60,97,1,98,60,0,18,140,0,19,139,0,89,69,0,48,23,14,4,69,42,116,0,2,5,12,13,116,10,0,23,30,62,43,0,0,0,3,10,144,1,1,0,9,16,132,0,20,71,47,18,2,2,5,12,138,1,73,84,0,0,1,0,0,0,158,0,0,0,0,72,48,35,3,22.236817414149,40.2036799905,10.3875432525952,5.57874809316514,2.51879292403746,1.4383507731159,0.0126582278481013,0.0174317005825738,0.00945582484032788,0.000238704054650586,0.0126582278481013,0.0174317005825738,0.00945582484032788,0.000238704054650586,0.00179420471875841,0.000785624703607395
NO,NOR,Norway,5,2020-10-13,2020-10-13,205,1,3973.19580765605,1,3973.19580765605,15,204,4,0,641169.445701096,203,2,203,0,22,183,0,7,198,0,17,188,0,34,171,0,36,169,0,15,190,0,2,203,0,7,198,0,0,205,0,6,199,0,29,176,0,9,196,0,5,4,196,34,168,3,4,29,172,0,4,0,201,66,138,1,138,67,0,63,139,3,126,79,0,14,191,0,27,178,0,107,98,0,71,16,13,7,98,41,164,0,7,12,10,18,132,26,0,48,42,64,51,0,1,3,5,14,180,2,0,2,8,21,173,1,25,105,49,24,2,0,2,18,184,1,76,126,0,0,3,0,0,0,0,205,0,0,0,86,72,44,3,24.3827908587258,44.0928375170277,48.046875,16.4222923268299,1.92922262523282,1.07139019466227,0.00487804878048781,0.00953745239297216,0.00619679530004974,0.000192085885245143,0.00487804878048781,0.00953745239297216,0.00619679530004974,0.000192085885245143,0.00103562551781276,0.0005238177426222
NO,NOR,Norway,6,2020-10-13,2020-10-13,177,0,0,0,0,8,177,3,0,657162.182702855,169,0,175,2,18,158,1,6,170,1,7,168,2,23,152,2,25,150,2,11,165,1,3,172,2,7,168,2,0,175,2,3,172,2,19,156,2,5,172,0,3,2,172,29,145,3,3,26,148,0,3,0,174,29,145,3,125,52,0,64,113,0,97,80,0,15,162,0,18,159,0,77,100,0,53,17,4,3,100,42,135,0,3,8,9,16,106,35,0,55,38,63,21,0,1,0,1,17,158,0,0,1,2,19,155,0,22,94,47,13,1,0,0,13,164,0,77,97,0,0,3,0,0,0,0,0,177,0,0,83,47,38,9,14.9815327793167,18.3158151067902,49.56,53.686758143885,2.25597796143251,2.37996744998889,0,0,0,0,0,0,0,0,0.000636587888915413,0.000440984365187796
NO,NOR,Norway,7,2020-10-13,2020-10-12,100,0,0,0,0,4,97,6,0,366843.821135428,96,0,100,0,8,92,0,2,98,0,6,94,0,13,87,0,14,86,0,2,98,0,0,100,0,1,99,0,2,98,0,1,99,0,5,95,0,6,94,0,4,2,94,18,81,1,6,10,84,0,6,0,94,5,93,2,60,39,1,28,70,2,55,45,0,13,86,1,9,91,0,42,58,0,26,11,4,1,58,20,80,0,1,3,4,11,61,20,0,32,32,29,7,0,0,0,1,8,91,0,0,0,2,18,80,0,11,50,25,13,1,0,2,9,89,0,56,41,0,0,3,0,0,0,0,0,0,100,0,47,23,25,5,77.9513888888889,108.343639188355,44.4444444444444,19.2450089729875,1.94242108914325,1.31939037300726,0,0,0,0,0,0,0,0,0.000580804414113547,0.000569012552346139
NO,NOR,Norway,1,2020-10-14,2020-10-12,100,2,28123.3099019864,2,28123.3099019864,40,100,13,0,1001184.63699025,99,2,98,0,19,81,0,2,98,0,20,80,0,35,65,0,15,85,0,12,88,0,3,97,0,11,89,0,0,100,0,7,93,0,27,73,0,9,91,0,2,7,91,37,63,0,13,24,63,0,11,2,87,41,58,1,74,26,0,32,67,1,67,33,0,21,79,0,32,68,0,64,36,0,38,18,2,6,36,18,82,0,4,12,7,10,58,9,0,12,16,52,20,0,0,2,12,25,61,0,0,10,10,21,59,0,20,45,24,8,3,2,9,10,79,0,38,59,0,1,2,100,0,0,0,0,0,0,0,59,20,16,5,17.7467300832342,35.5109983128826,49.3827160493827,49.1002725317143,2.81190926275992,1.4694109715252,0.02,0.0274394957835608,0.0280900334093522,0.000323653381112,0.02,0.0274394957835608,0.0280900334093522,0.000323653381112,0.00563380281690141,0.00174097652066936
NO,NOR,Norway,2,2020-10-14,2020-10-13,100,1,4932.80034573667,1,4932.80034573667,16,100,9,0,788590.847634867,100,5,95,0,15,85,0,2,98,0,18,82,0,28,72,0,19,81,0,16,84,0,3,97,0,8,92,0,1,99,0,5,95,0,26,74,0,12,88,0,11,1,88,33,66,1,9,24,67,0,9,0,91,46,54,0,83,17,0,38,62,0,63,37,0,7,93,0,27,73,0,60,40,0,38,12,5,5,40,28,72,0,3,8,10,10,62,7,0,18,14,42,26,0,0,0,12,16,71,1,2,4,7,17,70,0,19,55,18,8,0,2,6,15,77,0,36,62,0,1,1,0,100,0,0,0,0,0,0,54,23,22,1,10.0475624256837,13.9888482305892,11.1111111111111,4.10304969931109,2.32755872037411,1.19299880547399,0.01,0.0195013954179879,0.00625520871885728,0.000174012545578705,0.01,0.0195013954179879,0.00625520871885728,0.000174012545578705,0.00225352112676056,0.00110296018526087
NO,NOR,Norway,3,2020-10-14,2020-10-13,100,0,0,0,0,18,99,5,0,768295.492698241,100,0,100,0,12,88,0,2,98,0,11,89,0,30,70,0,19,81,0,10,90,0,3,97,0,4,96,0,2,98,0,3,97,0,28,72,0,11,89,0,7,4,89,39,61,0,5,33,62,0,4,1,95,52,46,2,80,19,1,32,67,1,67,32,1,9,90,1,21,78,1,67,33,0,39,19,4,5,33,20,80,0,2,5,8,10,66,9,0,21,16,38,25,0,0,1,6,15,78,0,1,2,7,11,79,0,9,55,28,8,0,1,4,6,89,0,44,55,0,1,0,0,0,100,0,0,0,0,0,48,36,16,0,17.1900826446281,27.1530892892764,18,10.3279555898864,2.88746046321804,1.63263418412329,0,0,0,0,0,0,0,0,0.00256081946222791,0.00118150077856617
NO,NOR,Norway,4,2020-10-14,2020-10-14,162,4,14733.8645639978,1,3838.24725949879,39,161,7,0,606234.780038518,161,6,156,0,21,141,0,6,156,0,26,136,0,36,126,0,28,134,0,19,143,0,9,153,0,7,155,0,1,161,0,6,156,0,39,123,0,20,142,0,15,5,142,41,120,1,7,34,121,0,6,1,155,77,85,0,128,34,0,51,110,1,106,56,0,15,147,0,18,144,0,89,73,0,51,23,5,10,73,37,125,0,6,6,7,17,109,17,0,21,20,74,47,0,0,2,2,17,141,0,1,2,5,20,134,0,23,73,47,19,0,3,4,12,143,0,56,105,1,0,0,0,0,0,162,0,0,0,0,73,50,39,0,23.9095417575878,39.9595711792451,17.5013850415513,18.3031764766513,2.71903541099183,1.19665022642678,0.0246913580246914,0.0238964896372133,0.0243038919064685,0.00038763489513167,0.00617283950617284,0.0120611441281663,0.00633128844777748,0.000199661589561542,0.00341177499781297,0.00106894176420899
NO,NOR,Norway,5,2020-10-14,2020-10-14,204,0,0,0,0,13,204,3,0,588940.383612404,202,0,203,1,29,175,0,7,196,1,15,188,1,36,167,1,26,177,1,14,190,0,2,201,1,4,199,1,3,200,1,5,198,1,34,169,1,6,198,0,5,1,198,40,163,1,3,36,165,0,0,3,201,82,121,1,149,55,0,69,134,1,128,75,1,13,190,1,22,180,2,105,99,0,61,22,12,10,99,39,165,0,7,6,15,7,133,36,0,50,26,71,57,0,1,1,3,13,183,3,0,2,8,21,172,1,33,92,61,16,2,0,4,14,186,0,89,112,0,1,2,0,0,0,0,204,0,0,0,95,60,48,1,24.3587962962963,46.7180272340371,73.6666666666667,33.4285307285059,2.3811303356063,4.05270827337518,0,0,0,0,0,0,0,0,0.000897542115437724,0.000487681481582111
NO,NOR,Norway,6,2020-10-14,2020-10-14,187,0,0,0,0,2,187,5,0,614716.295156304,186,1,184,2,19,166,2,10,175,2,15,170,2,27,158,2,27,159,1,7,178,2,3,182,2,6,179,2,3,182,2,5,181,1,20,165,2,2,185,0,2,0,185,32,152,3,5,26,156,0,5,0,182,29,154,4,134,51,2,62,122,3,106,81,0,22,165,0,20,167,0,83,104,0,61,16,5,1,104,34,153,0,5,5,12,13,113,39,0,61,41,62,23,0,0,1,5,15,164,2,0,1,9,15,161,1,26,99,46,13,3,0,4,14,168,1,71,113,0,1,2,0,0,0,0,0,187,0,0,73,64,47,3,56.4100765306122,78.1646533477956,93.5,0,1.71586404918698,0.763674648068335,0,0,0,0,0,0,0,0,0.000150636438954583,0.000208751892236192
NO,NOR,Norway,7,2020-10-14,2020-10-13,100,0,0,0,0,6,97,3,0,338557.646567348,97,0,100,0,9,91,0,2,98,0,7,93,0,12,88,0,15,85,0,3,97,0,0,100,0,1,99,0,2,98,0,1,99,0,5,95,0,6,92,2,3,3,94,12,86,2,3,8,89,0,3,0,97,4,94,2,67,31,2,26,71,3,52,48,0,10,88,2,11,88,1,34,66,0,23,8,3,0,66,19,81,0,2,2,7,8,58,23,0,36,25,29,9,1,0,0,3,7,88,2,0,0,3,14,83,0,16,52,23,9,0,0,1,11,88,0,53,45,0,0,2,0,0,0,0,0,0,100,0,53,23,20,4,79.8611111111111,113.376661226149,20,14.142135623731,2.06960342236097,3.23839121892094,0,0,0,0,0,0,0,0,0.000871206621170321,0.000696793949128744
NO,NOR,Norway,1,2020-10-15,2020-10-13,100,1,17447.3008311255,1,17447.3008311255,50,100,13,0,974511.434880926,100,2,98,0,21,79,0,2,98,0,20,80,0,44,56,0,14,86,0,18,82,0,6,94,0,12,88,0,1,99,0,5,95,0,24,76,0,15,85,0,8,7,85,45,55,0,13,32,55,0,10,3,87,39,60,1,70,30,0,22,77,1,66,34,0,19,81,0,29,71,0,60,40,0,33,14,5,8,40,21,79,0,5,17,7,9,57,5,0,15,19,47,19,0,0,3,11,24,60,2,0,6,12,25,57,0,24,43,25,7,1,3,8,7,82,0,43,53,0,0,4,100,0,0,0,0,0,0,0,57,26,14,3,15.6347554630593,30.0990737527513,22.2222222222222,24.3866560788681,3.92243767313019,10.6182348432652,0.01,0.0195013954179879,0.0179036388970206,0.000263270578150032,0.01,0.0195013954179879,0.0179036388970206,0.000263270578150032,0.00704225352112676,0.00194509191474899
NO,NOR,Norway,2,2020-10-15,2020-10-14,100,1,12736.0664601084,1,12736.0664601084,28,99,7,0,742431.772875681,99,1,99,0,16,84,0,3,97,0,22,78,0,37,63,0,17,83,0,15,85,0,7,93,0,5,95,0,1,99,0,11,89,0,26,74,0,10,90,0,7,3,90,38,61,1,7,31,62,0,5,2,93,54,46,0,76,24,0,40,59,1,72,28,0,10,89,1,25,75,0,66,34,0,44,11,5,6,34,30,70,0,7,9,11,13,55,5,0,17,10,41,32,0,2,1,9,12,76,0,3,7,8,16,66,0,11,57,24,6,2,0,4,15,81,0,32,65,1,1,1,0,100,0,0,0,0,0,0,56,23,20,1,11.2068965517241,15.6669194343311,34.5679012345679,28.0236036118918,2.39771451892664,1.32713666105911,0.01,0.0195013954179879,0.0171545277632414,0.000295360095972665,0.01,0.0195013954179879,0.0171545277632414,0.000295360095972665,0.00398349694124342,0.00147253908374592
NO,NOR,Norway,3,2020-10-15,2020-10-14,100,0,0,0,0,38,100,8,0,727546.364182519,100,0,99,1,15,84,1,3,96,1,22,77,1,27,73,0,20,79,1,17,82,1,6,93,1,11,88,1,0,99,1,5,94,1,22,77,1,13,87,0,7,6,87,32,68,0,8,24,68,0,7,1,92,50,50,0,81,19,0,43,57,0,62,38,0,11,89,0,15,85,0,55,45,0,30,11,5,9,45,21,79,0,2,4,9,9,68,8,0,18,21,42,19,0,1,1,7,13,78,0,1,2,11,14,72,0,15,61,17,6,1,3,4,9,84,0,45,52,0,0,3,0,0,100,0,0,0,0,0,47,19,31,3,20.099173553719,40.2994882347485,22.4852071005917,21.8614830791848,3.135295993198,1.73478387662622,0,0,0,0,0,0,0,0,0.00535211267605634,0.00169713434685005
NO,NOR,Norway,4,2020-10-15,2020-10-15,163,1,2250.26113522827,1,2250.26113522827,23,162,8,0,700277.187793528,162,2,161,0,23,140,0,3,160,0,17,146,0,30,133,0,22,141,0,13,150,0,5,158,0,9,154,0,0,163,0,5,158,0,33,130,0,14,149,0,10,4,149,48,115,0,8,40,115,0,8,0,155,70,93,0,128,35,0,49,114,0,101,62,0,18,145,0,18,145,0,93,70,0,51,23,11,8,70,34,129,0,0,4,19,8,119,13,0,28,27,63,45,0,1,1,7,17,136,1,2,3,10,19,128,1,29,80,35,18,1,0,2,9,152,0,62,97,0,0,4,0,0,0,163,0,0,0,0,76,49,38,0,40.1179591836735,65.5871524147787,21.2189349112426,11.8780724730237,2.47760503067011,1.18663405611326,0.00613496932515337,0.0119873777642962,0.00321338631966367,0.000132554864538705,0.00613496932515337,0.0119873777642962,0.00321338631966367,0.000132554864538705,0.00199965223439402,0.00081640187237823
NO,NOR,Norway,5,2020-10-15,2020-10-15,168,1,2626.77084825852,1,2626.77084825852,8,167,4,0,538121.300645557,166,1,167,0,21,147,0,2,166,0,15,153,0,27,141,0,26,142,0,9,159,0,4,164,0,3,165,0,2,166,0,8,160,0,26,142,0,7,161,0,3,4,161,31,136,1,4,25,139,0,4,0,164,51,116,1,116,51,1,67,99,2,109,58,1,12,155,1,19,148,1,92,76,0,47,25,12,8,76,48,120,0,5,9,9,4,116,24,1,36,23,64,45,0,0,2,4,8,151,3,0,2,6,17,143,0,21,82,47,17,1,1,6,9,152,0,61,103,0,1,3,0,0,0,0,168,0,0,0,68,49,48,3,24.9674818597151,38.1912745585102,37.3333333333333,22.8619042659763,1.91591704618164,0.93652318944971,0.00595238095238095,0.0116316788813602,0.00488137311254418,0.000186215758140086,0.00595238095238095,0.0116316788813602,0.00488137311254418,0.000186215758140086,0.000674706924179809,0.000467381700601085
NO,NOR,Norway,6,2020-10-15,2020-10-15,180,1,3270.21116273955,1,3270.21116273955,4,179,1,0,635786.190878714,176,1,178,1,19,160,1,4,175,1,7,172,1,24,156,0,24,156,0,6,172,2,2,177,1,4,175,1,0,179,1,4,175,1,15,165,0,3,176,1,2,1,177,28,150,2,1,26,153,0,1,0,179,24,153,3,128,52,0,67,113,0,106,74,0,17,163,0,18,162,0,84,96,0,62,12,6,4,96,40,140,0,3,4,8,19,109,37,0,45,45,68,22,0,0,0,2,3,170,5,0,0,0,18,162,0,25,90,51,14,0,0,1,12,167,0,68,112,0,0,0,0,0,0,0,0,180,0,0,76,41,57,6,48.3949704142012,73.741587966115,60,60,1.96195005945303,2.30666356217422,0.00555555555555556,0.010858400319286,0.00514357060542605,0.000175834910181488,0.00555555555555556,0.010858400319286,0.00514357060542605,0.000175834910181488,0.000314737587536392,0.000308388625871267
NO,NOR,Norway,7,2020-10-15,2020-10-13,100,0,0,0,0,5,98,1,0,335132.965123139,99,0,100,0,9,91,0,2,98,0,8,92,0,16,84,0,14,86,0,7,93,0,0,100,0,2,98,0,1,99,0,2,98,0,9,91,0,5,93,2,3,2,95,10,88,2,1,8,91,0,1,0,99,5,93,2,69,30,1,37,62,1,51,49,0,11,88,1,15,84,1,35,65,0,26,6,1,2,65,16,84,0,2,2,9,14,54,19,0,31,24,37,7,1,0,0,2,6,89,3,0,0,4,3,93,0,15,45,30,9,1,0,0,10,90,0,49,47,0,0,4,0,0,0,0,0,0,100,0,43,33,20,4,52.3413111342352,91.4245742487524,16,8.94427190999916,1.94227430555556,3.10711178310925,0,0,0,0,0,0,0,0,0.000718597298074159,0.000629640378423396
NO,NOR,Norway,1,2020-10-16,2020-10-14,100,3,38277.2816316756,3,38277.2816316756,32,100,15,0,1005245.90220024,100,4,96,0,23,77,0,3,97,0,21,79,0,43,57,0,18,82,0,25,75,0,8,92,0,10,90,0,3,97,0,8,92,0,33,67,0,16,84,0,10,6,84,45,55,0,15,30,55,0,11,4,85,45,55,0,70,30,0,26,74,0,64,36,0,20,80,0,26,74,0,61,39,0,32,13,8,8,39,22,78,0,5,14,9,11,56,5,0,16,19,39,26,0,0,3,9,20,66,2,0,3,11,22,64,0,27,38,27,7,1,1,5,6,88,0,49,48,0,0,3,100,0,0,0,0,0,0,0,58,29,11,2,11.301775147929,22.2607775394096,12.109375,8.97587913521567,3.78361143585928,10.2993096664592,0.03,0.0334344809563718,0.0380775306299641,0.000374124679769646,0.03,0.0334344809563718,0.0380775306299641,0.000374124679769646,0.00450704225352113,0.00155805874230045
NO,NOR,Norway,2,2020-10-16,2020-10-15,100,1,4726.40963422527,0,0,22,100,5,0,881106.822870237,100,1,98,1,13,86,1,1,98,1,24,75,1,45,55,0,15,84,1,19,80,1,5,94,1,8,91,1,1,98,1,11,88,1,28,72,0,11,89,0,9,2,89,47,53,0,5,42,53,0,4,1,95,48,52,0,73,27,0,40,58,2,64,36,0,6,92,2,26,73,1,61,39,0,40,14,2,5,39,27,73,0,7,7,12,13,57,4,0,16,18,39,27,0,0,1,9,19,69,2,2,2,8,17,71,0,8,50,30,8,4,1,3,13,83,0,37,61,0,0,2,0,100,0,0,0,0,0,0,56,30,12,2,14.4628099173554,32.0522876414714,18.1818181818182,12.8564869306645,2.6221814100602,1.69464649357796,0.01,0.0195013954179879,0.0053641732325132,0.000152516649284231,0,0,0,0,0.00309859154929577,0.00129278762877007
NO,NOR,Norway,3,2020-10-16,2020-10-15,100,0,0,0,0,21,99,7,0,787551.790489259,100,1,99,0,21,79,0,4,96,0,22,78,0,32,68,0,23,77,0,21,79,0,10,90,0,8,92,0,1,99,0,5,95,0,32,68,0,10,90,0,8,2,90,30,70,0,7,23,70,0,7,0,93,46,54,0,82,18,0,41,59,0,67,33,0,10,90,0,12,88,0,60,40,0,34,13,7,6,40,19,81,0,2,2,11,9,65,11,0,19,25,31,24,1,0,0,5,16,78,1,0,2,7,18,73,0,11,59,20,9,1,1,2,7,90,0,44,55,0,0,1,0,0,100,0,0,0,0,0,42,29,26,3,15.7285318559557,31.2830501667006,25.9259259259259,19.2450089729875,3.00916284881299,1.46794679576504,0,0,0,0,0,0,0,0,0.00298762270593257,0.00127589363235813
NO,NOR,Norway,4,2020-10-16,2020-10-16,160,2,8884.27101033173,2,8884.27101033173,44,160,9,0,669201.023534641,158,2,158,0,24,136,0,3,157,0,17,143,0,34,126,0,28,132,0,17,143,0,13,147,0,8,152,0,4,156,0,6,154,0,36,124,0,17,143,0,11,6,143,35,125,0,9,26,125,0,7,2,151,72,87,1,123,36,1,65,95,0,101,59,0,21,139,0,25,135,0,80,80,0,38,16,12,14,80,34,126,0,3,4,9,12,117,15,0,25,24,54,56,1,2,2,5,11,140,0,1,1,8,22,128,0,17,72,52,19,0,0,8,16,136,0,76,82,0,2,0,0,0,0,160,0,0,0,0,67,49,41,3,17.744417339088,26.4938778902533,24.3598615916955,26.8397935273102,2.70216962524655,1.31854901166351,0.0125,0.0172151835812792,0.013275937570158,0.000274220711317901,0.0125,0.0172151835812792,0.013275937570158,0.000274220711317901,0.00387323943661972,0.00114222957688619
NO,NOR,Norway,5,2020-10-16,2020-10-16,166,2,5921.9285821419,0,0,17,164,7,0,561819.937667676,166,2,164,0,15,150,1,0,166,0,13,153,0,26,140,0,26,140,0,7,159,0,5,161,0,5,161,0,0,166,0,4,162,0,24,142,0,13,153,0,6,7,153,34,130,2,7,24,135,0,7,0,159,51,115,0,129,37,0,57,108,1,97,69,0,7,159,0,20,146,0,84,82,0,46,18,15,5,82,44,122,0,2,13,8,14,105,24,0,43,33,51,38,1,0,1,1,10,153,1,0,0,5,20,141,0,23,87,34,18,4,0,2,15,148,1,54,111,0,0,1,0,0,0,0,166,0,0,0,73,43,47,3,19.1226659006033,36.2192126329088,23.3223140495868,18.3137199003652,2.05403870339568,0.988979134861004,0.0120481927710843,0.0165967434511956,0.0105406166372914,0.000267043193061422,0,0,0,0,0.00145997938852628,0.000693510582968741
NO,NOR,Norway,6,2020-10-16,2020-10-16,154,2,4825.84592396847,1,2813.04800644483,6,152,4,0,629894.876728568,150,4,149,1,13,140,1,2,151,1,6,147,1,16,137,1,28,126,0,4,149,1,2,152,0,7,146,1,2,151,1,4,149,1,14,140,0,6,148,0,5,1,148,21,130,3,4,17,133,0,2,2,150,15,138,1,104,49,1,53,100,1,88,65,1,12,140,2,21,132,1,72,81,1,52,16,3,1,82,37,117,0,6,8,6,16,89,29,0,38,39,56,21,0,0,3,3,11,137,0,0,3,3,15,133,0,18,76,43,17,0,0,1,8,145,0,72,79,0,1,2,0,0,0,0,0,154,0,0,69,35,43,7,69.78125,109.212243776534,57.75,38.5,1.86767079074771,0.964509196102477,0.012987012987013,0.0178814940107662,0.00766135128615756,0.00021532610970948,0.00649350649350649,0.0126856500067797,0.00446590075641625,0.000164663240148419,0.00055596738324685,0.000444734703081701
NO,NOR,Norway,7,2020-10-16,2020-10-15,100,0,0,0,0,6,100,0,0,347388.366159542,98,0,100,0,4,96,0,2,98,0,9,91,0,16,84,0,14,86,0,4,96,0,1,99,0,3,97,0,0,100,0,4,96,0,9,91,0,4,96,0,2,2,96,14,85,1,0,13,87,0,0,0,100,8,90,2,73,27,0,45,54,1,51,48,1,13,85,2,14,84,2,36,64,0,29,4,0,2,65,26,74,0,2,4,9,15,61,8,1,32,23,37,8,0,0,0,0,6,93,1,0,0,2,7,91,0,7,43,33,15,2,0,0,8,90,2,47,49,0,0,4,0,0,0,0,0,0,100,0,39,35,22,4,51.2222222222222,78.082790002076,31.25,31.4576434802948,1.82291666666667,1.43384833669101,0,0,0,0,0,0,0,0,0.000845070422535211,0.000675898970898153
NO,NOR,Norway,1,2020-10-17,2020-10-15,100,3,31290.2739355416,3,31290.2739355416,26,100,11,0,1121846.30450147,100,5,95,0,22,78,0,4,96,0,24,76,0,41,59,0,16,84,0,24,76,0,7,93,0,11,89,0,3,97,0,8,92,0,32,68,0,16,84,0,11,5,84,37,63,0,11,26,63,0,8,3,89,37,63,0,68,32,0,27,73,0,65,35,0,23,77,0,28,72,0,61,39,0,32,17,7,5,39,20,80,0,4,10,8,14,57,7,0,14,15,44,27,0,0,2,7,18,69,4,0,3,13,20,64,0,26,39,28,7,0,0,4,6,90,0,44,53,0,0,3,100,0,0,0,0,0,0,0,60,24,13,3,9.62244897959184,16.0682520111569,9.765625,7.55836663902989,3.77298331384844,10.3306121593082,0.03,0.0334344809563718,0.0278917653960151,0.000304702994970202,0.03,0.0334344809563718,0.0278917653960151,0.000304702994970202,0.00366197183098592,0.00140501114644972
NO,NOR,Norway,2,2020-10-17,2020-10-16,100,3,26359.0045966623,2,21632.5949624371,17,100,10,0,979414.438076127,99,3,97,0,21,79,0,2,98,0,20,80,0,43,57,0,17,83,0,20,80,0,4,96,0,6,94,0,1,99,0,9,91,0,21,79,0,8,92,0,6,2,92,38,62,0,10,28,62,0,9,1,90,43,57,0,79,21,0,51,48,1,66,34,0,7,91,2,19,80,1,67,33,0,42,17,5,3,33,26,74,0,4,7,8,9,67,5,0,16,10,38,36,0,1,3,7,10,77,2,0,2,10,20,68,0,15,48,20,14,3,2,2,14,82,0,37,60,0,1,2,0,100,0,0,0,0,0,0,52,32,14,2,15.4786680541103,27.0134507420363,26.5625,14.074895330745,2.66765862472101,1.61470376465489,0.03,0.0334344809563718,0.0269130243254731,0.000320495489554615,0.02,0.0274394957835608,0.0220872739071829,0.000291062293716435,0.0023943661971831,0.00113682508874931
NO,NOR,Norway,3,2020-10-17,2020-10-17,105,0,0,0,0,23,104,10,0,731505.509954691,103,0,105,0,19,86,0,2,103,0,15,90,0,34,71,0,22,83,0,13,92,0,5,100,0,3,102,0,2,103,0,5,100,0,25,80,0,11,94,0,9,2,94,35,70,0,10,25,70,0,9,1,95,46,58,1,76,29,0,49,56,0,66,39,0,11,94,0,17,88,0,57,48,0,34,11,6,5,49,20,85,0,3,6,6,6,78,6,0,16,23,24,42,0,2,3,5,2,93,0,0,5,9,10,81,0,15,48,34,8,0,3,3,10,89,0,46,57,0,1,1,0,0,105,0,0,0,0,0,46,34,24,1,15.8058029301925,28.438278631238,24.15,16.4537229829604,3.64219059289283,4.98308068481849,0,0,0,0,0,0,0,0,0.0031148429035753,0.00127099220159199
NO,NOR,Norway,4,2020-10-17,2020-10-17,158,1,4777.27920492808,0,0,28,156,4,0,574151.557793774,157,4,153,1,21,137,0,2,155,1,13,144,1,26,131,1,20,137,1,16,142,0,5,152,1,13,144,1,0,157,1,5,153,0,36,121,1,10,147,1,8,2,148,37,119,2,4,33,121,0,4,0,154,71,86,1,124,34,0,75,83,0,104,54,0,13,145,0,24,134,0,94,64,0,51,22,12,9,64,38,120,0,3,5,11,8,121,10,0,25,21,51,61,0,0,0,6,14,137,1,0,2,8,16,131,1,26,72,42,17,1,0,5,10,142,1,63,93,0,0,2,0,0,0,158,0,0,0,0,66,45,43,4,26.4058769513315,51.2015017413453,54.6172839506173,52.2587080318462,2.459604578564,1.4358972557802,0.00632911392405063,0.0123655172261724,0.00832058911985744,0.000234961931611943,0,0,0,0,0.0025279884434814,0.000935178511072812
NO,NOR,Norway,5,2020-10-17,2020-10-17,192,1,3360.47386015763,1,3360.47386015763,29,190,9,0,635855.568179331,187,2,188,2,19,173,0,7,183,2,17,175,0,25,166,1,29,162,1,8,182,2,5,185,2,6,184,2,1,189,2,10,180,2,25,166,1,15,176,1,8,7,177,57,133,2,9,46,137,0,8,1,183,57,133,2,149,42,1,75,116,1,113,78,1,15,176,1,22,169,1,93,99,0,58,14,11,10,99,38,154,0,5,3,19,17,119,29,0,35,33,69,54,1,0,1,6,13,170,2,1,2,6,17,166,0,25,102,40,24,1,0,5,11,176,0,74,115,0,0,3,0,0,0,0,192,0,0,0,92,50,47,3,25.7091846855783,46.1665619119022,28.4081632653061,19.7382285841076,2.01957633308985,1.1178365134134,0.00520833333333333,0.0101815273352697,0.0052849641150109,0.00017821293159383,0.00520833333333333,0.0101815273352697,0.0052849641150109,0.00017821293159383,0.00214974054855448,0.000781569903967216
NO,NOR,Norway,6,2020-10-17,2020-10-17,159,1,2525.59783512415,1,2525.59783512415,3,159,3,0,618680.38446187,156,1,158,0,14,145,0,1,158,0,7,152,0,19,140,0,18,141,0,7,152,0,4,155,0,1,158,0,1,158,0,5,154,0,12,147,0,3,156,0,2,1,156,21,137,1,3,17,139,0,3,0,156,19,136,4,121,37,1,72,85,2,76,83,0,15,143,1,14,144,1,60,98,1,43,11,5,1,99,35,124,0,4,8,11,14,102,20,0,43,31,60,25,0,0,0,2,10,145,2,0,0,3,16,139,1,24,72,42,18,3,0,0,8,151,0,63,94,0,0,2,0,0,0,0,0,159,0,0,80,45,29,5,44.741617357002,66.0138748172195,53,0,2.1973115214245,1.99691513948526,0.00628930817610063,0.0122879927943053,0.00408223357092681,0.000158882323581499,0.00628930817610063,0.0122879927943053,0.00408223357092681,0.000158882323581499,0.000265745415891576,0.000300673762217625
NO,NOR,Norway,7,2020-10-17,2020-10-16,100,0,0,0,0,5,99,1,0,360804.359623754,96,0,100,0,5,94,1,0,100,0,7,93,0,12,87,1,19,81,0,2,98,0,1,99,0,4,96,0,0,100,0,4,95,1,8,92,0,3,96,1,2,1,97,14,86,0,1,13,86,0,1,0,99,7,92,1,72,28,0,43,56,1,55,44,1,12,86,2,14,84,2,38,62,0,31,3,3,0,63,23,77,0,1,3,10,9,68,8,1,32,26,34,8,0,0,0,1,6,91,2,0,1,2,13,84,0,5,45,35,13,2,0,0,6,91,3,47,50,1,0,2,0,0,0,0,0,0,100,0,42,30,24,4,46.56,61.5345973145731,44.4444444444444,50.9175077217316,2.06094182825485,1.6953424767879,0,0,0,0,0,0,0,0,0.000711338739507754,0.000623282638282056
NO,NOR,Norway,1,2020-10-18,2020-10-15,100,3,31290.2739355416,3,31290.2739355416,24,100,11,0,1197201.64866724,100,6,94,0,21,79,0,3,97,0,26,74,0,48,52,0,18,82,0,20,80,0,5,95,0,13,87,0,2,98,0,10,90,0,34,66,0,14,86,0,9,5,86,38,62,0,11,27,62,0,10,1,89,35,64,1,68,31,1,33,67,0,67,32,1,20,79,1,37,62,1,65,35,0,36,19,6,4,35,22,78,0,4,11,11,16,53,5,0,12,14,44,30,0,0,4,7,19,67,3,1,5,14,20,60,0,28,40,26,6,0,1,6,6,87,0,39,60,0,0,1,100,0,0,0,0,0,0,0,65,25,9,1,9.80902777777778,15.980060971962,11.734693877551,9.12461386342114,2.72421181512091,1.71622893259098,0.03,0.0334344809563718,0.0261361767838983,0.000285781810957682,0.03,0.0334344809563718,0.0261361767838983,0.000285781810957682,0.00338028169014085,0.00135008185654615
NO,NOR,Norway,2,2020-10-18,2020-10-17,100,1,9930.71671044457,1,9930.71671044457,27,100,9,0,777981.451433617,99,1,99,0,15,85,0,1,99,0,14,86,0,31,69,0,23,77,0,18,82,0,1,99,0,5,95,0,2,98,0,4,96,0,25,75,0,10,90,0,6,4,90,38,62,0,9,29,62,0,8,1,91,34,66,0,68,31,1,38,62,0,67,33,0,11,88,1,19,81,0,62,38,0,47,11,3,1,38,18,82,0,4,7,16,8,60,5,0,16,15,39,30,0,1,6,2,6,82,3,1,4,11,17,67,0,18,52,23,5,2,1,3,9,87,0,34,64,0,2,0,0,100,0,0,0,0,0,0,60,23,13,4,10.4378698224852,18.0492675270014,27,28.6937856222098,2.70182291666667,1.47761474214564,0.01,0.0195013954179879,0.0127647216937433,0.000249447685101851,0.01,0.0195013954179879,0.0127647216937433,0.000249447685101851,0.00380281690140845,0.00143167446501777
NO,NOR,Norway,3,2020-10-18,2020-10-17,100,1,7015.87047000316,1,7015.87047000316,16,99,4,0,654485.601045009,99,4,96,0,20,80,0,5,95,0,20,80,0,28,72,0,25,75,0,10,90,0,5,95,0,6,94,0,0,100,0,9,91,0,31,69,0,8,92,0,5,3,92,33,66,1,4,29,67,0,4,0,96,25,75,0,69,31,0,33,67,0,66,34,0,13,87,0,11,89,0,57,43,0,35,13,8,1,43,14,86,0,4,9,3,9,67,8,0,15,15,35,35,0,1,0,6,9,83,1,1,1,7,12,78,1,15,51,23,11,0,2,2,8,88,0,51,47,0,0,2,0,0,100,0,0,0,0,0,36,29,33,2,18.1841563786008,35.181784825332,32.6530612244898,15.8956754361196,3.458830731558,2.77975757895055,0.01,0.0195013954179879,0.0107196712331043,0.00024948731123401,0.01,0.0195013954179879,0.0107196712331043,0.00024948731123401,0.00227628396642481,0.00111408848846795
NO,NOR,Norway,4,2020-10-18,2020-10-18,185,3,13552.5123282189,1,3414.35157271202,50,183,9,1,683046.52122659,184,5,179,1,23,162,0,5,179,1,15,170,0,39,146,0,26,158,1,16,168,1,6,178,1,8,176,1,5,179,1,6,178,1,39,146,0,13,172,0,9,3,173,57,128,0,9,46,130,1,8,0,176,41,143,1,130,55,0,73,111,1,116,69,0,21,164,0,10,175,0,99,86,0,67,21,6,5,86,40,145,0,0,5,14,12,129,25,0,36,26,52,71,0,0,1,6,14,162,2,0,0,11,22,152,0,24,97,41,20,3,0,4,10,170,1,82,98,0,1,4,0,0,0,185,0,0,0,0,75,57,52,1,23.81875,42.2454982247004,76.4462809917355,143.372141642819,2.72932098765432,1.39686142031305,0.0162162162162162,0.0182006467119675,0.0198412727494487,0.000330716542023131,0.00540540540540541,0.0105657276042753,0.0049987101414127,0.00016724908407935,0.00384822596782883,0.0010645998756289
NO,NOR,Norway,5,2020-10-18,2020-10-18,188,1,3654.0784411167,0,0,10,188,10,0,577514.986711375,187,1,185,2,26,161,1,4,182,2,10,176,2,36,151,1,33,153,2,21,165,2,7,179,2,5,181,2,3,183,2,5,181,2,27,159,2,5,183,0,2,3,183,46,141,1,10,36,142,0,9,1,178,42,145,1,119,68,1,70,118,0,114,73,1,12,175,1,22,166,0,91,97,0,57,26,4,4,97,40,148,0,4,7,14,12,112,39,0,40,38,57,52,1,2,1,4,17,161,3,1,1,6,27,152,1,23,95,47,22,1,1,1,17,169,0,86,99,0,0,3,0,0,0,0,188,0,0,0,75,54,52,7,35.1728279226872,64.4610888289209,75.2,26.5872149726142,2.25311319871415,2.31155768475399,0.00531914893617021,0.0103975764049423,0.00632724435763067,0.000204501009641492,0,0,0,0,0.000749175906502847,0.000464161538097136
NO,NOR,Norway,6,2020-10-18,2020-10-18,159,2,6157.93213106798,1,2408.61987820643,3,159,4,0,635153.945989981,158,2,155,2,17,140,2,1,156,2,3,155,1,21,136,2,18,139,2,8,149,2,0,157,2,2,155,2,1,156,2,4,153,2,12,146,1,3,156,0,3,0,156,25,133,1,4,21,134,0,4,0,155,17,141,1,95,64,0,46,113,0,96,63,0,21,138,0,19,140,0,76,83,0,55,14,4,3,83,29,130,0,7,4,13,11,96,28,0,43,40,54,22,0,1,0,2,6,149,1,1,0,4,11,143,0,19,75,45,17,3,0,2,11,146,0,64,92,0,0,3,0,0,0,0,0,159,0,0,67,35,54,3,54.4133333333333,87.3819187084589,53,0,2.39344746162928,3.27922499086919,0.0125786163522013,0.0173227655893146,0.0096951804675793,0.000240974443403413,0.00628930817610063,0.0122879927943053,0.00379218281396684,0.000151156976439899,0.000265745415891576,0.000300673762217625
NO,NOR,Norway,7,2020-10-18,2020-10-16,100,0,0,0,0,1,99,3,0,397637.710018766,96,0,100,0,9,90,1,1,99,0,9,91,0,9,90,1,22,78,0,1,99,0,0,100,0,4,96,0,0,100,0,2,97,1,7,93,0,1,98,1,1,0,99,16,82,2,3,13,84,0,3,0,97,4,93,3,68,30,2,42,57,1,57,43,0,12,87,1,11,88,1,42,58,0,35,3,4,0,58,22,78,0,0,0,6,5,75,14,0,32,27,29,11,1,0,0,1,7,89,3,0,1,3,11,85,0,9,46,31,10,4,0,0,6,93,1,53,44,1,1,1,0,0,0,0,0,0,100,0,41,26,25,8,67.5584,108.850334239266,100,0,2.15028355387524,1.36712161201747,0,0,0,0,0,0,0,0,0.000142267747901551,0.000278819826397772
NO,NOR,Norway,1,2020-10-19,2020-10-16,100,2,17749.53263204,2,17749.53263204,20,100,9,0,1197765.77440123,100,5,95,0,22,78,0,4,96,0,25,75,0,51,49,0,20,80,0,18,82,0,5,95,0,18,82,0,3,97,0,7,93,0,34,66,0,12,88,0,9,3,88,38,62,0,9,29,62,0,9,0,91,32,67,1,73,26,1,41,59,0,72,27,1,22,77,1,46,53,1,73,27,0,42,23,7,1,27,25,75,0,2,9,12,18,50,9,0,11,21,38,30,0,0,5,11,17,64,3,2,7,23,14,54,0,21,46,25,5,3,2,6,12,80,0,37,62,0,0,1,100,0,0,0,0,0,0,0,67,18,12,3,9.81867283950617,16.1270332877823,13.8888888888889,8.20609939862218,3.28776041666667,4.27311429515085,0.02,0.0274394957835608,0.0148188677714664,0.000216385271032644,0.02,0.0274394957835608,0.0148188677714664,0.000216385271032644,0.0028169014084507,0.00123279877629136
NO,NOR,Norway,2,2020-10-19,2020-10-18,100,2,8974.05819985177,1,2386.21255946884,25,100,5,0,741317.15753046,100,4,96,0,15,85,0,2,98,0,23,77,0,41,59,0,22,78,0,11,89,0,3,97,0,9,91,0,3,97,0,7,93,0,31,69,0,8,92,0,7,1,92,35,65,0,5,30,65,0,3,2,95,37,63,0,63,37,0,24,76,0,70,30,0,14,86,0,16,84,0,65,35,0,43,14,6,2,35,18,82,0,4,9,2,16,64,5,0,9,23,41,27,0,0,3,11,16,69,1,2,3,16,20,59,0,15,54,22,9,0,1,3,11,85,0,36,62,0,0,2,0,100,0,0,0,0,0,0,46,36,18,0,8.21301775147929,12.0073846948381,39.0625,38.6360652203907,2.37,1.34581281061376,0.02,0.0274394957835608,0.0121055584761412,0.000248939464495715,0.01,0.0195013954179879,0.00321888214137387,0.000128943217842438,0.00352112676056338,0.00137782415551176
NO,NOR,Norway,3,2020-10-19,2020-10-18,100,1,6191.98827709185,1,6191.98827709185,15,99,4,0,620753.908724455,100,3,97,0,16,84,0,2,98,0,19,81,0,26,74,0,25,75,0,10,90,0,7,93,0,10,90,0,1,99,0,6,94,0,21,79,0,10,90,0,6,4,90,39,61,0,4,35,61,0,4,0,96,38,62,0,68,32,0,33,67,0,63,37,0,9,91,0,11,89,0,55,45,0,33,12,6,4,45,24,76,0,1,3,12,7,68,9,0,22,17,36,25,0,2,0,3,7,87,1,1,3,7,17,72,0,15,52,25,8,0,0,2,6,92,0,40,58,0,0,2,0,0,100,0,0,0,0,0,45,36,18,1,13.5991456034176,24.7377417841061,18.5185185185185,7.85674201318386,3.05027101711128,1.50956672934886,0.01,0.0195013954179879,0.0099749485102967,0.000247210425951346,0.01,0.0195013954179879,0.0099749485102967,0.000247210425951346,0.00213401621852326,0.0010787884457632
NO,NOR,Norway,4,2020-10-19,2020-10-19,192,4,18002.4957398176,2,8015.19184093499,30,191,10,0,717443.691940943,190,5,187,0,30,162,0,4,188,0,23,169,0,48,144,0,32,160,0,20,172,0,8,184,0,12,180,0,4,188,0,11,181,0,37,155,0,19,173,0,16,3,173,52,139,1,10,42,140,0,6,4,182,62,130,0,111,80,1,56,135,1,128,64,0,22,169,1,31,160,1,110,82,0,74,22,7,7,82,41,151,0,6,8,17,17,122,22,0,34,24,75,59,0,0,0,5,15,169,3,0,0,7,19,166,0,25,92,56,17,2,1,5,18,166,2,77,111,0,0,4,0,0,0,192,0,0,0,0,85,58,46,3,18.7190082644628,33.4764354023367,17.7777777777778,10.3481866682169,2.66183793571752,1.39494102032197,0.0208333333333333,0.020202502457207,0.0250925556138272,0.000361916448332598,0.0104166666666667,0.0143611112416148,0.0111718758293784,0.000243207876238988,0.00221222623700317,0.000790744339000235
NO,NOR,Norway,5,2020-10-19,2020-10-19,167,2,3580.32658668853,1,2184.36830960747,10,166,11,0,532034.184262527,165,3,164,0,25,142,0,6,161,0,19,148,0,33,134,0,26,140,1,12,155,0,6,161,0,5,162,0,3,164,0,7,160,0,30,137,0,6,160,1,4,2,161,43,123,1,11,31,125,0,10,1,156,62,105,0,95,72,0,51,116,0,104,63,0,14,153,0,22,145,0,96,71,0,55,22,15,4,71,39,128,0,5,11,8,18,102,23,0,33,28,59,47,0,1,0,5,18,140,3,1,1,5,16,144,0,32,83,37,13,2,0,1,20,146,0,56,108,0,1,2,0,0,0,0,167,0,0,0,65,58,42,2,25.2811418685121,44.6013288004253,46.3888888888889,22.7258215024884,1.98622454740487,1.00340903222883,0.0119760479041916,0.0164979641001875,0.00672950478107222,0.000219686638099512,0.00598802395209581,0.0117011198672655,0.00410569165331981,0.000171821739843813,0.000848464279653827,0.000525650805646464
NO,NOR,Norway,6,2020-10-19,2020-10-19,183,1,4809.32582712221,1,4809.32582712221,7,181,4,0,596879.602105462,180,1,182,0,18,165,0,1,182,0,9,174,0,16,167,0,22,161,0,15,168,0,1,182,0,4,179,0,2,181,0,6,177,0,15,168,0,6,176,1,6,0,177,28,150,5,4,24,155,0,3,1,179,14,167,2,102,81,0,53,126,4,110,71,2,19,162,2,16,164,3,68,115,0,53,11,2,2,115,38,145,0,5,8,13,19,104,34,0,51,40,80,12,0,0,0,2,13,168,0,0,0,5,20,158,0,18,105,46,13,1,0,1,15,167,0,69,110,0,1,3,0,0,0,0,0,183,0,0,75,48,55,5,33.2925089179548,55.6692861827171,51.24,20.0466456046891,1.9141270661157,2.32838186521358,0.00546448087431694,0.0106808828192826,0.00805744711355115,0.000226801913710294,0.00546448087431694,0.0106808828192826,0.00805744711355115,0.000226801913710294,0.000544704692241849,0.000403405554837988
NO,NOR,Norway,7,2020-10-19,2020-10-17,100,0,0,0,0,0,98,5,0,368861.736991467,97,0,100,0,11,89,0,1,99,0,7,93,0,13,87,0,17,83,0,2,98,0,0,100,0,1,99,0,0,100,0,0,100,0,6,94,0,1,98,1,0,1,99,15,81,4,5,9,86,0,5,0,95,2,94,4,67,31,2,43,56,1,60,40,0,14,86,0,5,95,0,38,62,0,25,9,4,0,62,19,81,0,0,3,2,3,76,16,0,35,27,28,9,1,0,0,1,8,90,1,1,1,1,7,90,0,9,45,31,12,3,0,1,9,90,0,58,40,0,1,1,0,0,0,0,0,0,100,0,48,23,22,7,53.1584,104.494723617989,0,0,1.99469763918697,1.15821053169098,0,0,0,0,0,0,0,0,0,0
NO,NOR,Norway,1,2020-10-20,2020-10-18,100,1,7289.23949704846,1,7289.23949704846,21,99,11,0,1178776.44680554,100,3,97,0,17,83,0,5,95,0,26,74,0,50,50,0,20,80,0,20,80,0,4,96,0,18,82,0,3,97,0,10,90,0,37,63,0,12,88,0,8,4,88,42,58,0,11,31,58,0,11,0,89,35,64,1,70,29,1,36,63,1,69,30,1,18,80,2,50,49,1,71,29,0,43,21,7,0,29,27,73,0,4,12,16,16,43,9,0,11,23,37,29,0,0,4,12,19,63,2,2,6,18,15,59,0,24,49,22,2,3,2,3,15,80,0,37,61,0,0,2,100,0,0,0,0,0,0,0,64,20,13,3,8.91836734693878,10.7633403308422,17.3553719008264,9.49514487031079,3.49030470914127,4.2447188309181,0.01,0.0195013954179879,0.00618373357968102,0.000141517713058122,0.01,0.0195013954179879,0.00618373357968102,0.000141517713058122,0.00298762270593257,0.00127589363235813
NO,NOR,Norway,2,2020-10-20,2020-10-19,100,0,0,0,0,17,99,6,0,922991.813944897,98,3,97,0,21,79,0,1,99,0,24,76,0,42,58,0,22,78,0,13,87,0,5,95,0,9,91,0,1,99,0,6,94,0,31,69,0,10,90,0,8,2,90,31,67,2,6,25,69,0,5,1,94,39,61,0,74,26,0,26,73,1,67,33,0,12,87,1,16,84,0,61,39,0,30,21,5,5,39,14,86,0,4,6,9,11,64,6,0,11,19,44,26,0,1,1,9,11,78,0,1,3,13,31,52,0,16,47,24,11,2,0,4,17,79,0,39,57,1,0,3,0,100,0,0,0,0,0,0,44,33,19,4,9.73469387755102,21.2118688728537,20.9876543209877,17.0732304764683,2.40885416666667,1.46779901090153,0,0,0,0,0,0,0,0,0.00241855171432636,0.00114829425082753
NO,NOR,Norway,3,2020-10-20,2020-10-19,100,0,0,0,0,20,99,6,0,717488.17588597,99,1,99,0,12,88,0,3,97,0,19,81,0,29,71,0,20,80,0,11,89,0,4,96,0,9,91,0,4,96,0,6,94,0,23,77,0,11,89,0,9,2,89,32,68,0,6,26,68,0,5,1,94,52,48,0,83,17,0,28,72,0,56,44,0,10,90,0,18,82,0,62,38,0,31,15,9,7,38,24,76,0,3,12,8,4,67,6,0,14,18,41,27,0,1,1,8,10,79,1,1,5,4,21,69,0,15,56,20,9,0,1,3,6,90,0,44,56,0,0,0,0,0,100,0,0,0,0,0,48,26,23,3,16.6963332146671,34.5961570170475,20,14.142135623731,3.32660218939313,3.0874279039494,0,0,0,0,0,0,0,0,0.00284535495803101,0.00124523352310187
NO,NOR,Norway,4,2020-10-20,2020-10-20,153,1,3883.83531021065,0,0,37,152,10,1,1134654.25263103,153,2,151,0,26,127,0,0,153,0,16,137,0,43,110,0,30,123,0,17,136,0,3,150,0,6,147,0,6,147,0,12,141,0,33,120,0,18,135,0,12,6,135,41,111,1,10,31,112,1,6,3,143,69,84,0,109,44,0,45,108,0,92,61,0,23,130,0,21,132,0,93,60,0,40,34,9,10,60,36,117,0,6,11,10,9,96,21,0,23,21,61,48,0,1,0,3,12,136,1,0,1,7,16,129,0,16,75,41,21,0,2,1,16,134,0,67,85,0,0,1,0,0,0,153,0,0,0,0,66,50,35,2,20.1290625,37.6767661244607,19.0588235294118,13.4558100287352,3.4289285557651,8.39210041362372,0.0065359477124183,0.0127682900213672,0.00342292403276579,0.000107465829500601,0,0,0,0,0.00342846553002224,0.00110281142175346
NO,NOR,Norway,5,2020-10-20,2020-10-20,161,2,11632.2688880655,1,6895.69155506252,36,159,6,0,547312.502608556,158,2,158,1,21,139,1,4,156,1,17,143,1,27,134,0,19,141,1,11,149,1,9,151,1,5,155,1,1,159,1,2,158,1,23,137,1,13,148,0,12,1,148,36,123,2,6,29,126,0,4,2,155,65,95,1,116,45,0,57,103,1,101,60,0,13,147,1,26,134,1,86,75,0,51,20,10,5,75,31,130,0,3,12,7,14,101,24,0,32,22,58,49,0,0,1,4,12,143,1,0,2,7,12,140,0,21,74,46,19,1,1,3,6,151,0,66,93,0,0,2,0,0,0,0,161,0,0,0,68,48,44,1,22.3058984910837,23.7443094125466,47.900826446281,82.3003414686735,2.08311969235699,1.00490285572956,0.0124223602484472,0.0171089295092166,0.0212534316914463,0.000382102662959841,0.0062111801242236,0.0121358239675658,0.0125991851496117,0.000295493802128695,0.00318894499069891,0.00104004059550595
NO,NOR,Norway,6,2020-10-20,2020-10-20,194,0,0,0,0,5,194,3,0,623115.296085911,189,1,192,1,13,181,0,3,190,1,8,185,1,30,163,1,25,168,1,11,182,1,2,192,0,3,190,1,0,193,1,6,188,0,9,184,1,3,191,0,3,0,191,28,163,3,3,23,168,0,3,0,191,18,174,2,144,50,0,64,129,1,108,86,0,17,177,0,21,173,0,75,119,0,53,13,6,3,119,43,151,0,7,6,10,16,128,27,0,53,49,80,12,0,0,0,4,8,182,0,0,1,4,15,174,0,14,114,50,16,0,0,3,18,172,1,83,109,0,0,2,0,0,0,0,0,194,0,0,83,39,63,9,55.1822222222222,88.9116678957832,107.777777777778,37.3353174075958,1.73623582230624,0.697279013222665,0,0,0,0,0,0,0,0,0.000363002758820967,0.000318122345029124
NO,NOR,Norway,7,2020-10-20,2020-10-19,100,0,0,0,0,0,99,5,0,298162.169339297,98,0,100,0,6,94,0,2,98,0,4,96,0,12,88,0,15,85,0,6,94,0,0,100,0,1,99,0,0,100,0,3,97,0,5,95,0,1,99,0,0,1,99,17,80,3,5,12,83,0,5,0,95,7,90,3,64,36,0,42,58,0,52,48,0,10,90,0,11,89,0,41,59,0,32,7,2,0,59,22,78,0,2,4,2,7,66,19,0,38,23,31,8,0,0,0,0,6,94,0,1,0,1,9,89,0,11,44,27,18,0,0,1,10,89,0,61,36,0,0,3,0,0,0,0,0,0,100,0,45,24,28,3,41.76,76.2634031935808,0,0,1.79945676776822,0.764701233282939,0,0,0,0,0,0,0,0,0,0
NO,NOR,Norway,1,2020-10-21,2020-10-19,100,0,0,0,0,17,99,7,0,1118428.31016251,99,1,99,0,18,82,0,5,95,0,23,77,0,40,60,0,17,83,0,16,84,0,2,98,0,10,90,0,2,98,0,11,89,0,35,65,0,10,90,0,5,5,90,35,65,0,7,28,65,0,7,0,93,40,60,0,69,31,0,36,63,1,69,31,0,20,79,1,48,52,0,68,32,0,41,22,4,1,32,25,75,0,3,12,17,13,44,11,0,12,23,33,32,0,1,2,15,18,63,1,2,4,19,14,61,0,26,46,25,2,1,4,1,18,77,0,37,60,0,0,3,100,0,0,0,0,0,0,0,61,20,17,2,15.3931833370461,26.4251140120164,20.9876543209877,11.7121394821051,3.11226799456768,2.86068439054744,0,0,0,0,0,0,0,0,0.00241855171432636,0.00114829425082753
NO,NOR,Norway,2,2020-10-21,2020-10-20,100,1,9295.57085580538,1,9295.57085580538,25,100,4,0,881953.384410198,99,2,98,0,14,86,0,4,96,0,21,79,0,33,67,0,14,86,0,17,83,0,3,97,0,10,90,0,2,98,0,9,91,0,21,79,0,13,87,0,11,2,87,30,69,1,4,26,70,0,1,3,96,48,52,0,78,22,0,48,51,1,67,32,1,12,86,2,19,80,1,62,38,0,33,15,11,3,38,16,84,0,3,6,9,12,63,7,0,16,15,41,28,0,1,3,11,14,71,0,0,7,9,23,61,0,19,45,21,15,0,1,5,10,83,1,42,52,1,1,4,0,100,0,0,0,0,0,0,55,23,19,3,7.52080856123662,9.6871945207582,14.792899408284,9.65966137119202,2.76143051154369,1.93171863711279,0.01,0.0195013954179879,0.0105397530301692,0.000213127586996458,0.01,0.0195013954179879,0.0105397530301692,0.000213127586996458,0.00352112676056338,0.00137782415551176
NO,NOR,Norway,3,2020-10-21,2020-10-20,100,1,6485.53074479246,1,6485.53074479246,30,100,10,0,681725.075591895,100,2,98,0,17,83,0,3,97,0,17,83,0,28,72,0,25,75,0,12,88,0,5,95,0,5,95,0,1,99,0,7,93,0,28,72,0,13,87,0,9,4,87,40,60,0,10,30,60,0,9,1,90,50,50,0,75,25,0,31,67,2,57,43,0,10,90,0,15,85,0,58,42,0,37,9,8,4,42,27,73,0,1,5,6,22,57,9,0,17,22,44,17,0,1,0,10,8,81,0,2,5,3,17,73,0,14,49,26,10,1,0,3,5,92,0,44,56,0,0,0,0,0,100,0,0,0,0,0,47,32,20,1,13.7851239669422,29.5081420110674,17.1597633136095,10.0068251628922,3.92544773011245,8.1479343215293,0.01,0.0195013954179879,0.00951341087044733,0.000230428335836026,0.01,0.0195013954179879,0.00951341087044733,0.000230428335836026,0.00422535211267606,0.0015087973138198
NO,NOR,Norway,4,2020-10-21,2020-10-21,155,3,14389.5338746991,1,4548.18134756796,10,151,5,0,702879.419738461,153,5,150,0,27,128,0,4,151,0,19,136,0,37,118,0,21,134,0,17,138,0,2,153,0,7,148,0,3,152,0,7,148,0,37,118,0,9,146,0,6,3,146,43,112,0,5,37,113,0,3,2,150,75,80,0,113,42,0,56,98,1,101,54,0,17,137,1,26,129,0,88,67,0,52,22,9,4,68,39,116,0,8,10,13,19,90,15,0,32,31,49,43,0,0,0,7,9,139,0,1,0,9,17,128,0,15,82,43,14,1,0,5,8,141,1,69,85,0,0,1,0,0,0,155,0,0,0,0,64,53,34,4,25.4263810123924,48.221742560287,62,21.920310216783,2.77622222222222,1.49114381206426,0.0193548387096774,0.0216886722083548,0.0204722651860448,0.000331054118597395,0.00645161290322581,0.0126040728356257,0.00647078463224933,0.000187446126874954,0.000932748810745266,0.000577843399243706
NO,NOR,Norway,5,2020-10-21,2020-10-21,176,3,10937.2069033479,0,0,17,173,8,0,545744.19113019,174,4,172,0,27,149,0,7,169,0,17,158,1,40,136,0,32,144,0,15,161,0,6,170,0,9,167,0,0,176,0,5,171,0,37,139,0,12,164,0,11,1,164,53,122,1,8,44,124,0,8,0,168,67,108,1,126,50,0,64,111,1,96,80,0,11,163,2,27,148,1,75,101,0,35,22,11,7,101,44,132,0,7,5,16,11,111,26,0,46,26,63,41,0,1,1,9,20,145,0,0,2,8,25,141,0,31,81,45,16,3,0,4,17,155,0,79,93,1,0,3,0,0,0,0,176,0,0,0,80,50,45,1,33.0650887573965,58.4813380677724,36.9382716049383,22.8148148148148,2.03970449213963,1.13261223476698,0.0170454545454545,0.0191232969206503,0.0200409039273472,0.000371805797520327,0,0,0,0,0.00138402670357405,0.000657457000619249
NO,NOR,Norway,6,2020-10-21,2020-10-21,147,0,0,0,0,5,145,3,0,525110.198353356,144,0,147,0,16,131,0,3,144,0,5,142,0,26,121,0,23,124,0,6,141,0,4,143,0,1,146,0,2,145,0,5,142,0,14,133,0,4,141,2,3,0,144,25,120,2,3,21,123,0,2,1,144,21,123,3,104,41,2,50,93,4,82,64,1,16,130,1,18,127,2,66,81,0,47,14,3,2,81,32,115,0,2,5,10,10,94,26,0,35,29,65,18,0,0,2,2,11,130,2,0,0,4,19,123,1,17,71,42,16,1,0,1,4,141,1,64,79,0,1,3,0,0,0,0,0,147,0,0,61,36,43,7,29.7427983539095,51.4602901282703,36.75,30.0062493490939,1.88752730566359,0.86825430469619,0,0,0,0,0,0,0,0,0.000485672656629432,0.000425599642161644
NO,NOR,Norway,7,2020-10-21,2020-10-20,100,0,0,0,0,4,99,3,0,349505.036484421,98,0,99,1,5,94,1,2,97,1,0,99,1,15,85,0,11,88,1,5,94,1,1,98,1,0,99,1,1,98,1,4,95,1,6,93,1,3,97,0,1,1,98,14,83,3,3,11,86,0,3,0,97,2,95,3,72,28,0,41,59,0,50,50,0,8,92,0,9,91,0,36,64,0,31,4,0,1,64,25,75,0,2,4,4,9,59,22,0,31,24,38,7,0,0,0,1,5,92,2,0,0,1,8,89,2,10,49,25,15,1,0,0,8,91,1,55,44,0,0,1,0,0,0,0,0,0,100,0,42,27,27,4,33.5459183673469,49.1551764669987,75,106.066017177982,1.71803415243648,0.680924802563925,0,0,0,0,0,0,0,0,0.000569070991606203,0.000557520621952935
NO,NOR,Norway,1,2020-10-22,2020-10-20,100,0,0,0,0,15,99,9,1,1109304.74093751,98,1,99,0,21,79,0,4,96,0,24,76,0,47,53,0,21,79,0,16,84,0,2,98,0,8,92,0,3,97,0,12,88,0,31,69,0,8,92,0,5,3,92,33,67,0,9,24,67,1,7,1,91,43,57,0,67,33,0,35,64,1,68,32,0,15,84,1,49,51,0,64,36,0,41,16,3,4,36,21,79,0,2,10,13,14,52,9,0,14,14,39,33,0,1,2,14,15,66,2,2,3,15,13,67,0,22,40,30,6,2,5,1,16,78,0,35,61,0,1,3,100,0,0,0,0,0,0,0,61,18,18,3,15.7508430866891,25.9850674196564,30.6122448979592,17.356939894113,3.98370303304663,8.92785421334723,0,0,0,0,0,0,0,0,0.00213401621852326,0.0010787884457632
NO,NOR,Norway,2,2020-10-22,2020-10-21,100,1,8484.46797959975,1,8484.46797959975,12,99,5,0,853212.622462348,100,3,96,1,15,85,0,1,98,1,17,82,1,34,66,0,21,78,1,10,90,0,3,96,1,6,93,1,2,97,1,4,95,1,28,72,0,9,91,0,6,3,91,32,68,0,5,27,68,0,5,0,95,48,52,0,81,19,0,40,60,0,60,40,0,10,90,0,24,76,0,56,44,0,40,8,5,3,44,19,81,0,6,8,11,9,63,3,0,11,18,37,34,0,0,2,13,15,70,0,2,2,11,25,60,0,24,51,17,8,0,0,4,14,82,0,39,56,1,2,2,0,100,0,0,0,0,0,0,55,30,14,1,10.4810534802472,16.8416294022078,18.75,9.44911182523068,2.24906289046231,1.26857304505157,0.01,0.0195013954179879,0.00994414259263278,0.000210539203433655,0.01,0.0195013954179879,0.00994414259263278,0.000210539203433655,0.00170721297481861,0.000965104048261734
NO,NOR,Norway,3,2020-10-22,2020-10-21,100,3,15249.2633427299,2,9442.28392446422,30,97,9,1,698303.648983059,99,4,95,1,18,82,0,3,96,1,25,74,1,31,69,0,28,72,0,9,91,0,4,95,1,7,92,1,3,97,0,8,91,1,24,76,0,16,83,1,10,6,84,34,66,0,9,24,67,1,7,1,91,41,57,2,76,23,1,32,66,2,61,38,1,8,91,1,11,88,1,56,44,0,33,14,3,6,44,24,76,0,7,3,2,10,70,8,0,18,17,30,35,0,0,0,7,5,87,1,1,2,4,19,74,0,8,54,30,7,1,2,3,7,88,0,47,51,0,0,2,0,0,100,0,0,0,0,0,54,28,16,2,12.5130072840791,17.44177974628,15.3061224489796,16.7765682020166,3.08204914618909,1.87628132314965,0.03,0.0334344809563718,0.0218375822107438,0.000342794383879696,0.02,0.0274394957835608,0.0135217450720973,0.000270885691352328,0.00435603310585161,0.00155535907905087
NO,NOR,Norway,4,2020-10-22,2020-10-22,173,2,6431.51388811093,2,6431.51388811093,38,172,8,0,769453.633186067,170,2,171,0,28,145,0,5,168,0,25,148,0,43,130,0,34,139,0,18,155,0,8,165,0,7,166,0,4,169,0,11,162,0,42,131,0,14,159,0,9,5,159,41,129,3,8,33,132,0,8,0,165,72,100,1,130,41,2,51,121,1,89,83,1,21,151,1,26,145,2,90,83,0,42,24,12,12,83,43,130,0,5,7,14,13,117,17,0,41,24,57,51,0,0,0,8,13,152,0,1,1,9,16,146,0,29,74,50,18,2,2,1,12,158,0,85,86,0,0,2,0,0,0,173,0,0,0,0,82,44,42,5,15.7908092412574,26.1379930837913,38.8994082840237,33.2521652483494,2.80664156385195,1.47489236855886,0.0115606936416185,0.015929127532755,0.00835854639022242,0.000203422777092313,0.0115606936416185,0.015929127532755,0.00835854639022242,0.000203422777092313,0.00311169341631182,0.000987816655737159
NO,NOR,Norway,5,2020-10-22,2020-10-22,169,1,1822.32539414701,1,1822.32539414701,15,168,11,0,582021.035542733,168,3,166,0,17,151,1,4,165,0,14,154,1,28,141,0,25,144,0,11,158,0,6,163,0,4,164,1,1,167,1,9,160,0,25,143,1,12,157,0,10,2,157,44,123,2,11,33,125,0,11,0,158,79,90,0,123,46,0,65,104,0,116,53,0,14,155,0,29,140,0,102,67,0,71,18,8,5,67,49,120,0,4,10,11,14,105,25,0,28,24,73,44,0,0,0,6,13,149,1,0,1,4,23,140,1,22,80,45,21,1,0,2,16,151,0,61,105,0,0,3,0,0,0,0,169,0,0,0,66,45,52,6,30,49.1313515576597,19.5537190082645,9.93519951140035,2.01699137418203,0.957410057054085,0.00591715976331361,0.0115630572253276,0.00313103012238672,0.0001435295793709,0.00591715976331361,0.0115630572253276,0.00313103012238672,0.0001435295793709,0.00125754527162978,0.000635993747035836
NO,NOR,Norway,6,2020-10-22,2020-10-22,167,0,0,0,0,13,165,4,0,605307.302971946,167,0,167,0,13,154,0,2,165,0,5,162,0,16,151,0,17,150,0,8,159,0,3,164,0,1,166,0,2,165,0,3,164,0,7,160,0,8,157,2,5,3,159,24,139,4,4,17,146,0,4,0,163,23,140,4,117,49,1,58,107,2,97,70,0,18,149,0,17,150,0,81,86,0,55,17,5,3,87,30,137,0,2,1,10,15,102,37,0,52,37,62,15,1,0,0,1,9,156,1,1,1,3,10,152,0,17,92,43,14,1,1,1,8,156,1,70,93,0,1,3,0,0,0,0,0,167,0,0,70,51,42,4,40.2037037037037,59.3239090963853,31.3125,31.5600334962705,2.0081484118508,1.74628795786229,0,0,0,0,0,0,0,0,0.0011096884336321,0.000602887632115596
NO,NOR,Norway,7,2020-10-22,2020-10-21,100,0,0,0,0,21,100,2,0,348488.360294331,99,0,100,0,10,90,0,3,97,0,3,97,0,22,78,0,12,88,0,4,96,0,2,98,0,1,99,0,3,97,0,5,95,0,8,92,0,2,98,0,1,1,98,16,81,3,2,13,85,0,2,0,98,8,91,1,79,21,0,42,58,0,58,42,0,12,88,0,15,85,0,46,54,0,34,8,2,2,54,24,76,0,1,8,8,6,58,19,0,34,22,37,7,0,0,0,2,9,86,3,0,0,2,10,86,2,10,56,18,14,2,0,1,5,91,3,58,39,0,0,3,0,0,0,0,0,0,100,0,53,28,17,2,29.6712802768166,65.7083568133541,525,671.75144212722,1.66597251145356,0.708593760435004,0,0,0,0,0,0,0,0,0.00295774647887324,0.00126315362128419
NO,NOR,Norway,1,2020-10-23,2020-10-21,100,1,16732.7242641059,0,0,84,100,8,1,1127084.78105489,98,2,98,0,24,76,0,4,96,0,28,72,0,55,45,0,20,80,0,19,81,0,4,96,0,7,93,0,3,97,0,11,89,0,32,68,0,7,93,0,6,1,93,38,62,0,8,30,62,1,5,2,92,49,51,0,77,23,0,46,54,0,74,26,0,18,82,0,49,51,0,71,29,0,45,17,1,8,29,21,79,0,4,9,9,15,55,8,0,10,15,40,35,0,0,5,14,19,60,2,2,9,15,13,61,0,25,35,28,9,3,4,1,15,80,0,38,56,0,1,5,100,0,0,0,0,0,0,0,59,24,14,3,15.1753104455807,25.922976783576,171.428571428571,359.515925489083,4.28808864265928,9.38020586364062,0.01,0.0195013954179879,0.0148460209430252,0.000223268210015648,0,0,0,0,0.011830985915493,0.00251504060543769
NO,NOR,Norway,2,2020-10-23,2020-10-22,100,1,8484.46797959975,1,8484.46797959975,10,99,11,0,824608.175581232,100,1,99,0,17,83,0,5,95,0,28,72,0,45,55,0,25,75,0,16,84,0,3,97,0,11,89,0,1,99,0,9,91,0,26,74,0,9,91,0,4,5,91,40,60,0,11,29,60,0,10,1,89,48,52,0,69,30,1,40,59,1,59,41,0,8,92,0,27,73,0,56,44,0,33,10,6,7,44,23,77,0,6,10,9,7,63,5,0,17,18,33,32,0,3,2,5,22,68,0,2,5,10,19,64,0,26,48,22,4,0,0,3,17,80,0,33,64,0,0,3,0,100,0,0,0,0,0,0,49,31,18,2,11.8921642731167,25.66561711399,15.625,8.83883476483184,2.71267361111111,1.4455830989112,0.01,0.0195013954179879,0.0102890902986978,0.000217804546460234,0.01,0.0195013954179879,0.0102890902986978,0.000217804546460234,0.00142267747901551,0.00088114097477148
NO,NOR,Norway,3,2020-10-23,2020-10-22,100,1,3859.5620442346,1,3859.5620442346,24,98,9,0,706216.59894082,97,2,98,0,12,88,0,1,99,0,17,83,0,23,77,0,23,77,0,13,87,0,3,97,0,5,95,0,2,98,0,7,93,0,28,72,0,15,84,1,8,7,85,34,66,0,9,25,66,0,9,0,91,50,50,0,75,25,0,31,68,1,66,33,1,7,92,1,16,84,0,65,35,0,34,17,3,10,36,21,79,0,5,1,6,4,76,8,0,10,11,39,40,0,0,0,6,6,87,1,1,0,5,18,76,0,13,45,30,12,0,2,1,6,91,0,40,57,1,0,2,0,0,100,0,0,0,0,0,52,23,23,2,16.9586776859504,30.3878702168352,11.734693877551,7.20148622870448,3.21740941274469,1.96225848823577,0.01,0.0195013954179879,0.00546512507639038,0.00017194485763219,0.01,0.0195013954179879,0.00546512507639038,0.00017194485763219,0.00344926703075596,0.00137758686720668
NO,NOR,Norway,4,2020-10-23,2020-10-23,158,0,0,0,0,30,157,9,0,950432.331372727,156,0,157,1,28,130,0,7,150,1,14,143,1,38,119,1,27,130,1,12,145,1,3,154,1,13,144,1,1,156,1,6,152,0,39,118,1,17,141,0,11,6,141,42,116,0,9,32,117,0,9,0,149,78,80,0,128,30,0,60,98,0,102,56,0,19,139,0,22,136,0,94,64,0,50,22,11,11,64,34,124,0,4,13,8,15,101,17,0,34,26,50,48,0,1,3,8,17,129,0,1,3,7,22,124,1,30,70,49,9,0,1,3,16,138,0,72,85,0,1,0,0,0,0,158,0,0,0,0,73,40,41,4,16.7136426592798,30.6246956657327,16.6640625,16.4130105118622,3.25519390581718,7.50117568856361,0,0,0,0,0,0,0,0,0.00269130707813762,0.000961757362257371
NO,NOR,Norway,5,2020-10-23,2020-10-23,172,2,5664.93095752616,0,0,19,169,6,0,559980.724526845,169,2,169,1,23,148,1,2,169,1,6,166,0,29,143,0,24,147,1,14,158,0,6,165,1,5,166,1,2,169,1,3,168,1,23,148,1,9,161,2,6,3,163,40,130,2,6,34,132,0,5,1,166,62,110,0,139,33,0,77,94,1,101,71,0,16,156,0,33,139,0,83,89,0,52,21,6,4,89,37,135,0,3,6,17,20,105,21,0,40,38,54,40,0,0,0,8,16,143,5,0,1,8,19,144,0,33,81,43,13,2,1,1,16,154,0,68,102,0,0,2,0,0,0,0,172,0,0,0,69,57,42,4,34.4351020408163,58.4954285842167,51.0625,66.9490411219075,2.09071677005271,1.33966242788135,0.0116279069767442,0.0160211939953208,0.0101162963462943,0.000262098424745997,0,0,0,0,0.00158346528877406,0.000711435808338189
NO,NOR,Norway,6,2020-10-23,2020-10-23,175,1,2702.62064516555,1,2702.62064516555,6,173,5,0,633638.450176344,170,1,173,1,16,158,1,4,171,0,9,166,0,31,143,1,22,153,0,12,163,0,2,172,1,3,172,0,4,170,1,8,166,1,13,161,1,7,168,0,4,3,168,33,141,1,5,27,143,0,5,0,170,15,159,1,136,39,0,70,104,1,92,82,1,22,152,1,19,155,1,75,100,0,56,10,4,5,100,49,126,0,4,6,12,20,106,27,0,42,37,76,20,0,0,0,2,9,161,3,0,1,3,16,155,0,21,95,38,17,4,0,1,11,162,1,77,96,0,0,2,0,0,0,0,0,175,0,0,64,53,49,9,45.99,65.7267449368976,42,15.6524758424985,1.90043438500229,0.94653973763361,0.00571428571428571,0.0111677489408554,0.00426524091840292,0.00016046153663146,0.00571428571428571,0.0111677489408554,0.00426524091840292,0.00016046153663146,0.000488480013026134,0.000390762758155695
NO,NOR,Norway,7,2020-10-23,2020-10-22,100,0,0,0,0,25,100,2,0,368194.895847192,99,0,100,0,14,86,0,4,96,0,6,94,0,17,83,0,11,89,0,5,95,0,3,97,0,0,100,0,2,98,0,2,98,0,6,94,0,5,95,0,4,1,95,13,84,3,2,10,88,0,2,0,98,14,86,0,75,25,0,43,57,0,54,46,0,9,91,0,18,82,0,45,55,0,35,7,2,1,55,23,77,0,1,7,12,9,56,15,0,36,19,37,8,0,0,0,2,11,86,1,0,1,3,12,84,0,7,65,17,8,3,0,1,10,87,2,57,40,0,0,3,0,0,0,0,0,0,100,0,57,21,20,2,50.1111111111111,75.8375119896249,100,167.928556237467,1.72175576575619,2.06036054836348,0,0,0,0,0,0,0,0,0.00352112676056338,0.00137782415551176
NO,NOR,Norway,1,2020-10-24,2020-10-21,100,2,25104.3948172252,1,8371.67055311925,110,100,8,1,1152273.73243828,99,3,97,0,23,77,0,6,94,0,29,71,0,56,44,0,21,79,0,20,80,0,7,93,0,11,89,0,3,97,0,10,90,0,30,70,0,8,92,0,7,1,92,41,59,0,8,32,60,1,5,2,92,48,51,1,79,20,1,43,56,1,74,25,1,19,80,1,41,58,1,72,28,0,47,15,2,8,28,22,78,0,4,8,6,17,58,7,0,9,14,40,37,0,0,7,12,20,58,3,3,10,12,13,62,0,22,39,26,9,4,2,3,14,81,0,36,59,0,1,4,100,0,0,0,0,0,0,0,61,22,13,4,14.5775623268698,25.1153967906306,171.875,295.860578892926,4.39112720688094,9.58048317948494,0.02,0.0274394957835608,0.021786832512534,0.000266553297670167,0.01,0.0195013954179879,0.00726534877732941,0.000155065464555592,0.0154929577464789,0.00287273455507888
NO,NOR,Norway,2,2020-10-24,2020-10-23,100,1,12394.673737503,1,12394.673737503,15,99,8,0,968291.817209977,99,2,98,0,15,85,0,4,96,0,23,77,0,40,60,0,17,83,0,15,85,0,5,95,0,5,95,0,2,98,0,5,95,0,25,75,0,10,90,0,7,3,90,41,59,0,8,32,60,0,8,0,92,44,55,1,75,23,2,43,55,2,66,33,1,9,90,1,21,78,1,65,35,0,35,16,6,8,35,22,78,0,6,8,11,8,62,5,0,14,16,35,35,0,3,0,4,19,74,0,2,3,11,19,65,0,18,56,21,4,1,0,3,17,80,0,39,59,0,0,2,0,100,0,0,0,0,0,0,48,33,14,5,13.0555555555556,22.0408084678372,18.5185185185185,7.85674201318386,2.83656509695291,1.52056052215586,0.01,0.0195013954179879,0.0128005561104677,0.000223903988532735,0.01,0.0195013954179879,0.0128005561104677,0.000223903988532735,0.00213401621852326,0.0010787884457632
NO,NOR,Norway,3,2020-10-24,2020-10-23,100,1,10468.0496131516,1,10468.0496131516,16,99,6,0,611484.036886263,100,3,97,0,19,81,0,2,98,0,20,80,0,29,71,0,23,77,0,17,83,0,5,95,0,3,97,0,2,98,0,2,98,0,21,79,0,9,91,0,6,3,91,41,59,0,6,35,59,0,4,2,94,40,60,0,80,20,0,36,64,0,62,38,0,14,85,1,11,89,0,53,47,0,37,10,2,4,47,15,85,0,6,4,9,9,68,4,0,13,19,39,29,0,0,2,7,17,72,2,0,5,8,19,68,0,17,46,24,11,2,1,4,11,84,0,46,49,1,1,3,0,0,100,0,0,0,0,0,46,25,28,1,18.6776859504132,38.2466253682668,25,21.1288563682129,2.95888174676054,1.78052886107143,0.01,0.0195013954179879,0.0171190889404995,0.000325121959239009,0.01,0.0195013954179879,0.0171190889404995,0.000325121959239009,0.00227628396642481,0.00111408848846795
NO,NOR,Norway,4,2020-10-24,2020-10-24,166,1,4140.5589049281,0,0,42,166,8,0,665571.074975057,164,6,160,0,30,136,0,5,161,0,18,148,0,42,124,0,34,132,0,20,146,0,7,159,0,12,154,0,2,164,0,7,159,0,37,129,0,16,150,0,9,7,150,47,118,1,8,38,120,0,7,1,158,76,89,1,135,31,0,62,103,1,88,78,0,19,147,0,19,147,0,86,80,0,47,22,9,8,80,39,127,0,2,8,17,13,102,24,0,34,23,55,54,0,0,1,6,14,145,0,0,3,5,21,136,1,23,89,41,12,1,1,2,11,152,0,72,93,0,0,1,0,0,0,166,0,0,0,0,76,44,41,5,17.6980643194635,38.4419802869472,26.5859375,35.7335544560361,2.8790625,1.93993813422558,0.00602409638554217,0.0117713949449363,0.00622106197310824,0.000188898291135837,0,0,0,0,0.00356354997454607,0.00107579891606331
NO,NOR,Norway,5,2020-10-24,2020-10-24,171,0,0,0,0,4,171,10,0,557092.544422744,170,0,171,0,36,135,0,4,167,0,15,156,0,37,134,0,31,140,0,17,154,0,8,162,1,6,165,0,1,170,0,9,162,0,31,140,0,3,168,0,1,2,168,44,124,3,10,34,127,0,10,0,161,64,106,1,135,35,1,65,106,0,103,68,0,12,159,0,25,146,0,85,86,0,58,16,2,9,86,35,136,0,5,5,9,17,107,28,0,35,33,51,52,0,1,1,5,14,149,1,0,4,6,20,141,0,23,87,44,14,3,1,1,12,157,0,77,88,1,0,5,0,0,0,0,171,0,0,0,64,48,56,3,28.8335647688951,42.3718617321328,76,32.9089653438087,2.16066115702479,1.15815868935315,0,0,0,0,0,0,0,0,0.00032946215303517,0.000322813786502834
NO,NOR,Norway,6,2020-10-24,2020-10-24,143,1,3475.6932328233,0,0,11,141,0,0,587080.942232186,139,1,142,0,11,132,0,4,139,0,2,141,0,24,119,0,22,121,0,11,132,0,5,138,0,3,140,0,0,143,0,7,136,0,8,135,0,8,135,0,2,6,135,22,117,4,0,22,121,0,0,0,143,12,127,4,110,32,1,61,80,2,74,68,1,14,128,1,13,128,2,62,81,0,36,19,4,3,81,33,110,0,3,7,9,20,83,20,1,46,41,46,10,0,0,1,3,17,121,1,0,1,6,15,120,1,18,73,34,16,2,1,1,11,129,1,62,80,0,0,1,0,0,0,0,0,143,0,0,63,41,32,7,53.178125,92.3883874771337,43.6944444444444,38.1829538271067,1.91930274003119,0.835686203572456,0.00699300699300699,0.0136580345505899,0.00592029647497685,0.000196237241770055,0,0,0,0,0.00109879132953751,0.000648975410087656
NO,NOR,Norway,7,2020-10-24,2020-10-23,100,0,0,0,0,6,99,2,0,416114.10791073,98,0,100,0,13,87,0,1,99,0,3,97,0,15,85,0,10,90,0,3,97,0,2,98,0,0,100,0,2,98,0,1,99,0,5,95,0,5,95,0,5,0,95,13,86,1,2,10,88,0,2,0,98,13,87,0,76,24,0,39,61,0,55,45,0,7,93,0,20,80,0,44,56,0,35,6,3,0,56,22,78,0,2,5,11,11,49,22,0,36,19,38,7,0,0,0,1,10,88,1,0,1,1,9,89,0,10,57,22,11,0,0,0,11,89,0,51,49,0,0,0,0,0,0,0,0,0,100,0,55,17,25,3,46.56,58.9110063287555,37.5,25,1.61837935717519,0.775794182164193,0,0,0,0,0,0,0,0,0.000853606487409304,0.000682723316861988
NO,NOR,Norway,1,2020-10-25,2020-10-22,100,5,63204.6080966376,3,34521.3601012212,113,100,7,1,1199564.02301156,100,6,94,0,24,76,0,6,94,0,31,69,0,54,46,0,24,76,0,20,80,0,6,94,0,13,87,0,4,96,0,13,87,0,32,68,0,10,90,0,9,1,90,46,54,0,7,38,55,1,4,2,93,40,58,2,83,16,1,44,55,1,69,30,1,18,81,1,36,63,1,70,30,0,50,10,1,9,30,24,76,0,5,10,8,14,58,5,0,7,16,36,41,0,1,8,14,17,57,3,4,9,13,22,52,0,26,45,16,11,2,0,6,13,81,0,39,58,0,0,3,100,0,0,0,0,0,0,0,55,27,14,4,11.221617564271,19.7401563616583,113,215.047798304367,4.02216066481994,9.29149050351673,0.05,0.042716424707947,0.0526896496428425,0.000399802192650096,0.03,0.0334344809563718,0.0287782556320369,0.000299176726927888,0.0159154929577465,0.00291101981275805
NO,NOR,Norway,2,2020-10-25,2020-10-24,100,1,12394.673737503,1,12394.673737503,28,99,6,0,836746.795719184,99,2,98,0,15,85,0,2,98,0,16,84,0,28,72,0,14,86,0,14,86,0,4,96,0,7,93,0,3,97,0,4,96,0,24,76,0,13,87,0,9,4,87,39,61,0,6,33,61,0,6,0,94,31,68,1,82,17,1,52,47,1,73,26,1,17,82,1,24,75,1,67,33,0,39,12,10,6,33,28,72,0,6,12,8,14,59,1,0,8,16,47,29,0,1,2,12,5,80,0,2,5,8,15,70,0,21,48,24,7,0,1,4,14,81,0,33,63,0,1,3,0,100,0,0,0,0,0,0,51,32,16,1,14.7443291041907,29.7205754022693,19.4444444444444,9.62250448649376,2.61349437734277,1.6645986178924,0.01,0.0195013954179879,0.0148129324198365,0.000258839727502317,0.01,0.0195013954179879,0.0148129324198365,0.000258839727502317,0.00398349694124342,0.00147253908374592
NO,NOR,Norway,3,2020-10-25,2020-10-24,100,1,5396.66517167524,0,0,38,100,2,0,642924.804455201,94,2,98,0,12,88,0,3,97,0,8,91,1,25,74,1,13,87,0,10,90,0,1,99,0,2,98,0,1,98,1,3,96,1,28,72,0,14,86,0,11,3,86,37,63,0,2,35,63,0,2,0,98,25,72,3,74,24,2,37,61,2,67,31,2,11,87,2,14,84,2,61,39,0,40,12,3,6,39,17,83,0,3,3,5,7,75,7,0,11,12,30,47,0,0,0,3,9,87,1,0,3,3,17,77,0,12,52,23,12,1,0,1,11,88,0,39,57,0,0,4,0,0,100,0,0,0,0,0,42,31,22,5,9.46502057613169,14.1795427828579,19.3877551020408,13.5608899014092,3.39520144861928,1.794267433687,0.01,0.0195013954179879,0.00839392901670397,0.000223007893246683,0,0,0,0,0.00535211267605634,0.00169713434685005
NO,NOR,Norway,4,2020-10-25,2020-10-25,175,1,2132.59329123262,1,2132.59329123262,32,172,7,1,712013.370101309,175,2,172,1,22,153,0,5,169,1,17,157,1,35,140,0,34,140,1,16,159,0,8,166,1,9,165,1,2,172,1,5,169,1,35,139,1,17,158,0,10,7,158,47,127,1,7,39,129,1,6,0,168,44,131,0,137,38,0,74,101,0,114,61,0,24,151,0,20,155,0,99,76,0,56,22,11,10,76,34,141,0,5,5,9,21,123,12,0,26,23,54,72,0,0,1,2,16,155,1,1,0,6,23,145,0,26,88,52,9,0,1,1,16,157,0,70,103,0,0,2,0,0,0,175,0,0,0,0,88,47,37,3,22.2688711911357,37.848031789262,28.5714285714286,19.8725333668756,3.18136182724372,3.77808357866062,0.00571428571428571,0.0111677489408554,0.00299515905288293,0.000126929507522132,0.00571428571428571,0.0111677489408554,0.00299515905288293,0.000126929507522132,0.00262037340320996,0.000906706086154278
NO,NOR,Norway,5,2020-10-25,2020-10-25,162,1,4836.11488072221,0,0,7,161,7,0,530012.645963212,158,1,160,1,20,141,1,3,158,1,10,152,0,28,133,1,23,138,1,14,147,1,2,159,1,4,157,1,3,158,1,4,157,1,19,143,0,4,158,0,1,3,158,36,124,2,7,29,126,0,7,0,155,42,119,1,113,48,1,71,90,1,106,56,0,16,146,0,11,150,1,74,88,0,54,13,6,1,88,41,121,0,4,2,12,12,102,30,0,27,24,56,55,0,0,0,4,14,144,0,0,0,3,18,141,0,25,83,41,12,1,0,3,9,150,0,71,90,0,0,1,0,0,0,0,162,0,0,0,76,36,48,2,36.0249307479224,71.5747221395466,126,124.707658144959,2.246484375,1.4921836257729,0.00617283950617284,0.0120611441281663,0.00912452734393414,0.000255988056278545,0,0,0,0,0.000612369871402327,0.000453502693810103
NO,NOR,Norway,6,2020-10-25,2020-10-25,162,0,0,0,0,2,161,3,0,574548.384830863,160,0,162,0,16,146,0,4,158,0,6,156,0,16,146,0,21,141,0,5,157,0,2,160,0,2,160,0,1,161,0,5,157,0,16,146,0,3,159,0,2,1,159,22,138,2,3,19,140,0,3,0,159,15,145,2,103,59,0,65,96,1,87,75,0,19,143,0,16,146,0,73,89,0,51,14,6,2,89,39,123,0,3,7,9,20,98,25,0,45,46,54,17,0,0,0,4,11,144,3,0,1,6,25,129,1,36,82,28,14,2,0,2,22,138,0,70,91,0,0,1,0,0,0,0,0,162,0,0,73,40,45,4,52.8,68.0113359535145,81,0,2.11017060655234,1.27193000377462,0,0,0,0,0,0,0,0,0.000174962820400665,0.000242460428348368
NO,NOR,Norway,7,2020-10-25,2020-10-24,100,0,0,0,0,4,100,2,0,420071.188151349,95,0,100,0,10,90,0,1,99,0,4,96,0,18,82,0,15,85,0,1,99,0,1,99,0,0,100,0,1,99,0,1,99,0,8,92,0,2,98,0,2,0,98,20,79,1,2,17,81,0,2,0,98,7,92,1,73,27,0,31,68,1,49,51,0,8,92,0,15,85,0,38,62,0,30,6,2,0,62,24,76,0,2,5,7,7,54,25,0,30,31,30,9,0,0,0,1,8,88,3,0,0,2,7,91,0,9,48,30,13,0,0,1,8,91,0,57,42,0,0,1,0,0,0,0,0,0,100,0,40,18,34,8,42.96875,63.7278582674394,100,70.7106781186548,1.96944830198207,1.0202877545459,0,0,0,0,0,0,0,0,0.000563380281690141,0.000551946987106018
NO,NOR,Norway,1,2020-10-26,2020-10-22,100,5,63204.6080966376,3,34521.3601012212,112,100,5,1,1433444.24879635,99,6,94,0,24,76,0,5,95,0,32,68,0,54,46,0,23,77,0,21,79,0,5,95,0,12,88,0,4,96,0,14,86,0,34,66,0,9,91,0,8,1,91,43,57,0,5,37,58,1,3,1,95,38,60,2,80,19,1,43,56,1,64,35,1,17,82,1,32,67,1,69,31,0,51,9,1,8,31,23,77,0,6,9,8,12,58,7,0,7,16,36,41,0,1,9,10,19,58,3,6,9,12,24,49,0,28,42,15,13,2,1,5,15,79,0,36,60,1,0,3,100,0,0,0,0,0,0,0,53,30,13,4,11.296678551323,19.7970099790741,138.271604938272,249.821609879307,4.01108033240997,9.29062244383088,0.05,0.042716424707947,0.0440928261770276,0.000336085299243676,0.03,0.0334344809563718,0.0240828062411275,0.000250967635103754,0.0157746478873239,0.00289831795601547
NO,NOR,Norway,2,2020-10-26,2020-10-24,100,0,0,0,0,25,100,5,0,1344234.97489021,100,1,99,0,15,85,0,1,99,0,16,84,0,26,74,0,16,84,0,14,86,0,2,98,0,10,90,0,3,97,0,5,95,0,28,72,0,11,89,0,7,4,89,38,62,0,5,33,62,0,5,0,95,31,69,0,82,18,0,49,51,0,74,26,0,18,82,0,25,75,0,69,31,0,43,13,9,4,31,32,68,0,5,12,6,17,58,2,0,8,16,49,27,0,1,3,11,7,78,0,4,5,7,17,67,0,23,45,24,7,1,1,4,16,79,0,34,63,0,1,2,0,100,0,0,0,0,0,0,54,30,14,2,13.2727272727273,26.7037162275438,20.6611570247934,10.8261308388845,2.52949303858008,1.63695722546948,0,0,0,0,0,0,0,0,0.00352112676056338,0.00137782415551176
NO,NOR,Norway,3,2020-10-26,2020-10-25,100,1,5396.66517167524,0,0,36,100,2,0,1145099.34518831,93,2,98,0,14,86,0,4,96,0,7,92,1,30,69,1,15,85,0,10,90,0,1,99,0,3,97,0,1,98,1,2,97,1,28,72,0,13,87,0,10,3,87,36,64,0,2,34,64,0,2,0,98,25,73,2,74,25,1,37,61,2,66,33,1,11,88,1,16,83,1,57,43,0,37,11,4,5,43,15,85,0,3,3,6,8,75,5,0,10,12,32,46,0,0,0,5,7,87,1,0,3,2,16,79,0,9,52,27,11,1,1,2,10,86,1,42,54,0,0,4,0,0,100,0,0,0,0,0,45,28,22,5,8.80270852570022,13.0929526350971,21.301775147929,15.1109787256094,3.27071072883658,1.75284318698614,0.01,0.0195013954179879,0.00471283578525475,0.000125441680408402,0,0,0,0,0.00507042253521127,0.00165210316657072
NO,NOR,Norway,4,2020-10-26,2020-10-25,100,1,2132.59329123262,1,2132.59329123262,25,99,6,1,997733.889601195,100,2,98,0,11,89,0,4,96,0,8,92,0,20,80,0,18,82,0,11,89,0,5,95,0,5,95,0,2,98,0,2,98,0,16,84,0,12,88,0,7,5,88,26,74,0,6,20,74,1,5,0,94,33,67,0,70,30,0,42,58,0,63,37,0,14,86,0,16,84,0,54,46,0,30,14,5,5,46,20,80,0,3,2,6,18,62,9,0,13,17,36,34,0,0,0,2,7,91,0,0,0,5,8,87,0,12,46,33,8,1,1,0,12,87,0,50,50,0,0,0,0,0,0,100,0,0,0,0,51,26,22,1,30.75,58.9958712158132,20.6611570247934,15.2613101757185,3.0290147730896,2.66938002269251,0.01,0.0195013954179879,0.002137436959353,9.06197273361627e-05,0.01,0.0195013954179879,0.002137436959353,9.06197273361627e-05,0.00355669369753877,0.00139171673355419
NO,NOR,Norway,5,2020-10-26,2020-10-25,100,0,0,0,0,7,100,3,0,826142.288949962,97,0,100,0,12,88,0,1,99,0,4,96,0,13,87,0,17,83,0,6,94,0,1,99,0,1,99,0,0,100,0,1,99,0,8,92,0,3,97,0,1,2,97,23,75,2,3,20,77,0,3,0,97,26,74,0,64,36,0,40,60,0,68,32,0,10,90,0,9,91,0,48,52,0,37,6,3,2,52,23,77,0,4,0,9,5,61,21,0,17,15,35,33,0,1,0,2,7,90,0,1,0,1,10,88,0,14,47,30,8,1,0,2,8,90,0,43,56,0,0,1,0,0,0,0,100,0,0,0,51,21,27,1,30.0408163265306,54.7234515374675,77.7777777777778,76.9800358919501,2.16576426488963,1.65942510451342,0,0,0,0,0,0,0,0,0.000985915492957746,0.000730002870544757
NO,NOR,Norway,6,2020-10-26,2020-10-25,100,0,0,0,0,2,100,2,0,878117.082476745,97,1,99,0,5,95,0,2,98,0,3,97,0,11,89,0,17,83,0,4,96,0,2,98,0,1,99,0,1,99,0,2,98,0,12,88,0,2,98,0,1,1,98,10,90,0,2,8,90,0,2,0,98,5,92,3,67,33,0,39,60,1,55,45,0,13,87,0,9,91,0,45,55,0,31,10,3,1,55,22,78,0,3,4,7,9,64,13,0,26,27,36,11,0,0,0,3,3,93,1,0,1,5,9,85,0,23,51,17,7,2,0,1,7,92,0,38,62,0,0,0,0,0,0,0,0,100,0,0,45,27,24,4,44.2222222222222,63.8240717349064,50,0,2.04081632653061,0.99065700187958,0,0,0,0,0,0,0,0,0.00028169014084507,0.000390340454332305
NO,NOR,Norway,7,2020-10-26,2020-10-24,100,0,0,0,0,4,100,2,0,598351.716161318,95,0,100,0,9,91,0,1,99,0,4,96,0,16,84,0,13,87,0,1,99,0,1,99,0,0,100,0,1,99,0,0,100,0,8,92,0,2,98,0,2,0,98,18,80,2,2,15,83,0,2,0,98,7,91,2,70,30,0,29,70,1,50,50,0,7,93,0,13,87,0,42,58,0,33,7,2,0,58,21,79,0,3,6,6,6,57,22,0,26,32,33,9,0,0,1,1,7,88,3,0,0,2,10,88,0,8,49,30,13,0,0,1,8,91,0,60,39,0,0,1,0,0,0,0,0,0,100,0,40,21,31,8,55.2295918367347,76.5769102839788,100,70.7106781186548,1.99469763918697,1.1204348931527,0,0,0,0,0,0,0,0,0.000563380281690141,0.000551946987106018
NO,NOR,Norway,1,2020-10-27,2020-10-24,100,4,46471.8838325317,3,34521.3601012212,56,100,7,1,1196544.40395629,99,5,95,0,19,81,0,4,96,0,31,69,0,43,57,0,23,77,0,16,84,0,7,93,0,15,85,0,6,94,0,13,87,0,32,68,0,11,89,0,9,2,89,43,57,0,7,36,57,1,5,1,93,36,63,1,77,23,0,37,63,0,52,48,0,12,88,0,27,73,0,57,43,0,42,6,2,7,43,28,72,0,4,13,7,12,59,5,0,11,16,35,38,0,1,7,10,23,58,1,4,8,13,26,49,0,28,44,18,9,1,3,7,16,74,0,29,70,1,0,0,100,0,0,0,0,0,0,0,54,29,14,3,10.7960512497375,17.9136811837355,46.2809917355372,63.5654859121574,3.37974279944734,4.63856016359812,0.04,0.0384072934108425,0.0388384114111232,0.000346188481052538,0.03,0.0334344809563718,0.0288508809092907,0.000299920519973357,0.00788732394366197,0.00205761565302812
NO,NOR,Norway,2,2020-10-27,2020-10-27,126,1,2823.0139746205,0,0,23,126,6,0,754118.265637375,125,1,125,0,18,108,0,3,123,0,32,94,0,37,89,0,21,105,0,14,112,0,6,120,0,6,120,0,2,124,0,12,114,0,31,95,0,11,115,0,8,3,115,51,75,0,6,45,75,0,4,2,120,55,71,0,91,34,1,44,81,1,75,51,0,12,114,0,25,101,0,83,43,0,53,16,7,7,43,29,97,0,5,12,13,4,77,15,0,23,24,54,25,0,1,2,11,23,88,1,2,6,11,28,79,0,25,59,31,10,1,0,6,15,105,0,56,70,0,0,0,0,126,0,0,0,0,0,0,54,41,28,3,14.3320637119114,30.2321748240355,23.9504132231405,17.3373129184905,2.8525,2.10961036268619,0.00793650793650794,0.015493419494625,0.00374346319835459,0.000137832215488897,0,0,0,0,0.00257098144422088,0.00104935905580915
NO,NOR,Norway,3,2020-10-27,2020-10-27,167,4,8858.99462035551,4,8858.99462035551,27,167,12,0,652770.4181199,165,4,163,0,29,138,0,4,163,0,23,144,0,43,124,0,29,138,0,24,143,0,6,161,0,13,154,0,1,166,0,4,163,0,48,119,0,16,151,0,14,2,151,60,107,0,12,48,107,0,9,3,155,83,83,1,128,38,1,62,103,2,107,59,1,16,150,1,29,137,1,106,61,0,70,20,11,5,61,36,131,0,7,6,18,17,108,11,0,29,25,64,49,0,4,6,6,22,127,2,2,2,14,23,126,0,23,83,39,21,1,2,7,18,140,0,73,90,0,0,4,0,0,167,0,0,0,0,0,85,41,36,5,12.9464689904934,24.8540797337091,17.61328125,8.27902780719401,3.05296875,1.62014543827265,0.0239520958083832,0.0231898095619933,0.0135713788101352,0.00028068078166677,0.0239520958083832,0.0231898095619933,0.0135713788101352,0.00028068078166677,0.00227713586910686,0.000857946319722282
NO,NOR,Norway,4,2020-10-27,2020-10-27,242,2,4544.52849800873,2,4544.52849800873,37,238,18,0,617672.688368195,242,3,239,0,32,210,0,11,231,0,28,214,0,49,193,0,42,200,0,29,213,0,8,234,0,13,229,0,2,240,0,10,232,0,63,179,0,24,217,1,16,8,218,75,166,1,18,56,168,0,14,4,224,105,137,0,178,64,0,72,170,0,156,86,0,19,222,1,16,226,0,131,111,0,82,29,9,11,111,56,186,0,5,8,15,18,167,29,0,41,33,98,70,0,0,1,6,12,220,3,0,5,8,22,207,0,30,132,57,19,4,0,4,24,214,0,91,146,1,2,2,0,0,0,242,0,0,0,0,101,65,68,8,16.5831310204401,32.1631053362109,20.3038548752834,13.0909471427909,3.59241230677765,8.442267399277,0.00826446280991736,0.0114063228719609,0.00735750274148391,0.000213123107667101,0.00826446280991736,0.0114063228719609,0.00735750274148391,0.000213123107667101,0.00218960823766126,0.000704754177031027
NO,NOR,Norway,5,2020-10-27,2020-10-27,214,2,4755.83997549173,0,0,28,214,9,0,531753.541026635,213,4,210,0,25,189,0,5,209,0,13,201,0,38,176,0,31,182,1,12,202,0,4,210,0,7,207,0,1,213,0,5,209,0,25,189,0,8,206,0,6,2,206,42,167,5,9,32,173,0,9,0,205,76,138,0,155,59,0,71,143,0,120,94,0,16,198,0,17,197,0,103,111,0,62,24,14,3,111,47,167,0,2,5,15,12,143,37,0,47,35,85,47,0,0,1,4,20,189,0,0,2,7,28,177,0,33,124,44,13,0,0,4,24,186,0,92,121,0,1,0,0,0,0,0,214,0,0,0,74,69,68,3,33.5316110060912,65.6092589316518,93.625,127.88946119878,2.11573696145125,2.18263459395015,0.00934579439252336,0.0128917050080003,0.00894369215917175,0.000253046585763618,0,0,0,0,0.00184283269711728,0.000681953008124647
NO,NOR,Norway,6,2020-10-27,2020-10-27,194,1,2728.14743323823,0,0,7,192,5,0,602671.692575435,192,2,192,0,18,176,0,5,189,0,15,179,0,24,170,0,32,162,0,8,185,1,6,188,0,2,192,0,1,192,1,7,187,0,18,176,0,5,188,1,2,3,189,30,161,3,5,24,165,0,5,0,189,23,169,2,133,60,1,63,131,0,111,83,0,13,181,0,21,173,0,90,104,0,62,19,5,4,104,47,147,0,6,10,9,10,121,38,0,51,46,79,18,0,1,1,4,18,169,1,1,0,4,31,158,0,28,109,39,16,2,0,4,15,174,1,69,125,0,0,0,0,0,0,0,0,194,0,0,87,50,54,3,54.3367189904586,86.3473330761839,84.875,24.25,2.02598337950139,4.39199767632133,0.00515463917525773,0.0100768350749225,0.00452675555671093,0.000169479046536277,0,0,0,0,0.00051349765258216,0.00038029971536789
NO,NOR,Norway,7,2020-10-27,2020-10-25,100,0,0,0,0,2,99,2,0,560058.299119608,95,0,100,0,11,89,0,3,97,0,6,94,0,13,87,0,16,84,0,2,98,0,2,98,0,1,99,0,1,99,0,0,100,0,5,95,0,3,97,0,2,1,97,13,84,3,2,11,87,0,2,0,98,8,87,5,63,37,0,30,70,0,50,50,0,12,88,0,10,90,0,44,56,0,33,8,2,1,56,19,81,0,3,2,6,4,61,24,0,32,24,34,10,0,0,1,2,3,91,3,0,0,1,11,88,0,7,50,34,9,0,0,0,8,91,1,61,37,0,0,2,0,0,0,0,0,0,100,0,41,24,29,6,57.8875171467764,74.6144686243031,50,0,1.84760294650405,0.910300569813793,0,0,0,0,0,0,0,0,0.000284535495803101,0.000394282726107941
NO,NOR,Norway,1,2020-10-28,2020-10-27,100,3,31464.6957535069,2,9159.57720795854,33,100,7,0,637090.684476205,99,4,96,0,16,84,0,1,99,0,33,67,0,42,58,0,22,78,0,11,89,0,4,96,0,12,88,0,5,95,0,11,89,0,28,72,0,12,88,0,8,4,88,41,59,0,7,34,59,0,5,2,93,44,56,0,72,28,0,30,70,0,59,41,0,8,92,0,34,66,0,64,36,0,38,13,7,6,36,16,84,0,1,11,16,14,53,5,0,9,23,35,33,0,0,4,9,30,56,1,0,9,15,23,53,0,26,41,26,5,2,2,6,12,80,0,35,63,0,0,2,100,0,0,0,0,0,0,0,54,32,12,2,10.670027305188,17.3965802854293,22.9166666666667,20.4510378586259,3.61356148368583,5.70343939601777,0.03,0.0334344809563718,0.0493880957926362,0.000532059532788978,0.02,0.0274394957835608,0.0143771953210856,0.000292307475165086,0.00464788732394366,0.00158210420029557
NO,NOR,Norway,2,2020-10-28,2020-10-28,147,3,15593.3255008389,1,6738.27633487332,23,145,11,1,667822.612649081,146,5,141,1,15,131,1,4,142,1,30,116,1,47,99,1,28,118,1,20,126,1,3,143,1,15,132,0,3,143,1,5,141,1,36,111,0,15,132,0,9,6,132,58,88,1,11,47,89,1,10,0,136,66,81,0,113,34,0,40,107,0,75,72,0,8,139,0,29,118,0,73,74,0,49,12,5,7,74,32,115,0,6,9,15,18,92,7,0,18,33,63,32,1,0,0,10,19,118,0,0,6,12,30,99,0,37,63,33,13,1,0,6,17,124,0,56,88,0,0,3,0,147,0,0,0,0,0,0,71,47,25,4,11.6709661913155,15.6271400284265,20.0059171597633,13.1819485955455,2.4297520661157,1.17362585740103,0.0204081632653061,0.0228567228517791,0.0233495021065312,0.000362181223022898,0.00680272108843537,0.0132876602992285,0.0100899193996207,0.000239695153428853,0.00223409422049539,0.000912010814072637
NO,NOR,Norway,3,2020-10-28,2020-10-28,148,0,0,0,0,27,147,13,0,610630.183211471,147,0,147,1,27,121,0,4,143,1,22,125,1,35,112,1,23,124,1,20,128,0,4,143,1,11,136,1,4,143,1,8,139,1,29,118,1,14,133,1,10,4,134,58,90,0,13,45,90,0,10,3,135,75,73,0,121,27,0,42,105,1,84,64,0,13,135,0,27,121,0,79,69,0,49,17,7,6,69,30,118,0,7,18,12,6,89,16,0,34,21,55,38,0,0,0,7,18,123,0,0,3,11,25,109,0,22,68,43,14,1,0,7,12,129,0,74,71,0,0,3,0,0,148,0,0,0,0,0,69,48,25,6,12.6538385241024,16.6250715489282,20.3877551020408,14.638976014346,2.95244897959184,1.46512979743145,0,0,0,0,0,0,0,0,0.00258695027306697,0.000974522369838163
NO,NOR,Norway,4,2020-10-28,2020-10-28,207,3,5580.0678872079,3,5580.0678872079,20,206,11,0,569162.350589202,206,8,199,0,28,179,0,1,206,0,16,191,0,32,175,0,32,175,0,16,191,0,4,203,0,9,198,0,2,205,0,9,198,0,41,166,0,15,192,0,11,4,192,57,149,1,11,46,150,0,7,4,196,95,112,0,141,66,0,62,145,0,124,82,1,25,182,0,20,187,0,106,101,0,58,24,15,9,101,42,165,0,2,9,18,24,131,23,0,42,36,87,42,0,1,0,11,20,175,0,1,2,10,33,161,0,37,106,51,13,0,3,5,23,176,0,85,119,0,0,3,0,0,0,207,0,0,0,0,80,68,57,2,26.16609375,55.0325588393997,20.0663265306122,11.0145637956698,2.39749134948097,1.23591482363708,0.0144927536231884,0.0162805204409245,0.00980400035496263,0.000255971876226466,0.0144927536231884,0.0162805204409245,0.00980400035496263,0.000255971876226466,0.00136742786817995,0.000598880790981922
NO,NOR,Norway,5,2020-10-28,2020-10-28,286,0,0,0,0,74,283,13,0,673090.536094034,282,0,286,0,27,259,0,7,279,0,14,272,0,47,239,0,35,251,0,14,272,0,9,277,0,4,282,0,1,285,0,8,278,0,44,242,0,19,266,1,13,6,267,67,217,2,13,54,219,0,12,1,273,106,179,1,205,80,1,90,195,1,165,121,0,28,256,2,26,258,2,125,161,0,76,30,10,9,161,69,217,0,5,13,19,22,183,44,0,77,54,92,62,1,0,0,6,16,259,5,0,0,10,35,241,0,38,156,74,16,2,1,4,24,257,0,134,149,1,1,1,0,0,0,0,286,0,0,0,121,83,76,6,33.5466579861111,52.2792393446443,73.2318339100346,198.252033320348,2.1199881810357,2.58051364664793,0,0,0,0,0,0,0,0,0.00368287463295675,0.00083756392669167
NO,NOR,Norway,6,2020-10-28,2020-10-28,266,1,1852.83913489837,1,1852.83913489837,8,265,6,0,598739.724335232,262,1,265,0,25,241,0,6,260,0,12,254,0,25,241,0,33,233,0,16,250,0,3,263,0,5,260,1,2,264,0,4,262,0,22,244,0,7,259,0,4,2,260,39,223,4,6,32,228,0,6,0,260,24,241,1,182,84,0,85,179,2,163,103,0,18,247,1,20,246,0,122,144,0,97,19,5,1,144,64,202,0,5,12,18,19,160,52,0,64,76,100,26,0,0,1,7,18,240,0,0,1,8,28,229,0,44,126,73,20,3,0,4,20,242,0,112,150,0,1,3,0,0,0,0,0,266,0,0,113,72,73,8,55.8057142857143,92.4750618725015,51.7222222222222,33.3729209367693,1.79427318069828,0.926637463280127,0.0037593984962406,0.00735442245356335,0.00309456523359217,0.000140687611759427,0.0037593984962406,0.00735442245356335,0.00309456523359217,0.000140687611759427,0.000425192665426521,0.000294575424916924
NO,NOR,Norway,7,2020-10-28,2020-10-27,100,0,0,0,0,1,99,1,0,265615.37283266,99,0,100,0,9,91,0,2,98,0,2,98,0,12,88,0,18,82,0,2,98,0,1,99,0,1,99,0,1,99,0,2,98,0,5,95,0,1,98,1,1,0,99,15,84,1,1,13,86,0,1,0,99,7,88,5,70,30,0,35,64,1,45,55,0,13,87,0,11,89,0,38,61,1,24,10,3,1,62,24,76,0,1,6,10,6,52,25,0,31,27,32,10,0,0,0,1,4,93,2,0,0,2,10,88,0,13,53,24,9,1,0,1,5,93,1,51,46,1,0,2,0,0,0,0,0,0,100,0,48,23,27,2,27.36,33.934839521255,100,0,1.73430454387791,0.760862876075091,0,0,0,0,0,0,0,0,0.000142267747901551,0.000278819826397772
NO,NOR,Norway,1,2020-10-29,2020-10-28,100,4,40623.6978337873,3,18318.5792882389,24,100,9,0,699711.920253401,97,5,95,0,17,83,0,1,99,0,31,69,0,41,59,0,23,77,0,12,88,0,5,95,0,12,88,0,3,97,0,13,87,0,30,70,0,12,88,0,8,4,88,42,58,0,9,33,58,0,6,3,91,38,62,0,71,29,0,27,73,0,64,36,0,7,93,0,30,70,0,63,37,0,33,15,9,6,37,17,83,0,2,9,18,10,55,6,0,11,19,36,34,0,0,5,8,24,60,3,2,5,16,25,52,0,31,37,21,7,4,0,7,15,78,0,42,55,0,0,3,100,0,0,0,0,0,0,0,53,31,14,2,10.9378480730675,20.7323669371233,16.6666666666667,10.0503781525921,3.23350694444444,4.25745166812073,0.04,0.0384072934108425,0.0580577472784448,0.000547937071493767,0.03,0.0334344809563718,0.0261801732370156,0.000374122664686375,0.00338028169014085,0.00135008185654615
NO,NOR,Norway,2,2020-10-29,2020-10-28,100,2,12900.1191643231,0,0,22,100,5,0,688558.055078876,99,3,97,0,14,86,0,2,98,0,11,89,0,33,67,0,21,79,0,18,82,0,2,98,0,7,93,0,1,99,0,7,93,0,26,74,0,8,92,0,4,4,92,39,61,0,5,34,61,0,5,0,95,43,57,0,76,24,0,33,67,0,62,38,0,7,93,0,24,75,1,67,33,0,47,8,6,6,33,24,76,0,6,11,8,14,56,5,0,14,18,42,26,0,0,1,8,13,77,1,0,3,12,19,66,0,14,42,31,11,2,1,2,11,86,0,43,55,0,1,1,0,100,0,0,0,0,0,0,54,24,21,1,6.0791015625,7.09840170875715,34.375,18.6005952285711,2.33649627589022,1.20424902493892,0.02,0.0274394957835608,0.0187349767665493,0.00032025620151021,0,0,0,0,0.00309859154929577,0.00129278762877007
NO,NOR,Norway,3,2020-10-29,2020-10-28,100,1,5654.9068279957,1,5654.9068279957,20,100,4,0,607716.794084214,98,1,99,0,7,93,0,4,96,0,21,79,0,22,78,0,17,83,0,11,89,0,3,96,1,4,96,0,3,97,0,9,91,0,23,77,0,9,91,0,5,4,91,31,69,0,4,27,69,0,1,3,96,38,61,1,77,22,1,43,56,1,57,43,0,10,90,0,14,86,0,54,46,0,35,10,4,5,46,26,74,0,4,8,7,8,63,10,0,17,15,36,32,0,2,1,6,15,76,0,3,2,11,17,66,1,20,37,31,12,0,2,5,10,82,1,49,48,0,0,3,0,0,100,0,0,0,0,0,50,27,17,6,25.2066115702479,51.8743857638845,24.6913580246914,14.4634253257531,3.03103489916677,1.69720569390662,0.01,0.0195013954179879,0.00930516793849221,0.000241395699344384,0.01,0.0195013954179879,0.00930516793849221,0.000241395699344384,0.0028169014084507,0.00123279877629136
NO,NOR,Norway,4,2020-10-29,2020-10-29,163,3,21544.5177602583,2,17163.4913609177,23,159,9,0,617001.134732068,161,4,159,0,21,142,0,1,162,0,15,148,0,35,128,0,31,132,0,19,144,0,5,158,0,6,157,0,2,161,0,10,153,0,44,119,0,15,147,1,9,6,148,46,117,0,9,37,117,0,9,0,154,79,84,0,125,38,0,65,98,0,105,58,0,11,152,0,24,139,0,87,76,0,47,21,12,7,76,39,124,0,8,9,13,18,100,15,0,31,32,56,44,0,1,0,8,11,142,1,0,4,8,18,133,0,29,74,40,18,2,2,3,17,141,0,61,99,0,0,3,0,0,0,163,0,0,0,0,63,51,44,5,22.4125,43.9907479574334,26.0347222222222,10.7710598465915,3.38243754109139,8.56878077652211,0.0184049079754601,0.0206341841981406,0.0349181169166147,0.000458049695230482,0.0122699386503067,0.0169003080298815,0.0278176009649819,0.000410335246596538,0.00203738152183542,0.000831789957983749
NO,NOR,Norway,5,2020-10-29,2020-10-29,161,0,0,0,0,18,160,7,0,583304.783806881,160,0,161,0,25,136,0,1,160,0,14,147,0,22,139,0,35,126,0,18,143,0,2,159,0,10,151,0,2,159,0,11,150,0,34,126,1,9,152,0,6,3,152,37,122,2,7,29,125,0,6,1,154,50,109,2,112,48,1,53,106,2,91,70,0,13,148,0,17,144,0,76,84,1,49,15,6,6,85,32,129,0,8,6,18,11,94,24,0,37,23,62,39,0,0,2,4,14,141,0,0,1,12,17,131,0,23,76,47,13,2,1,1,11,148,0,63,97,0,0,1,0,0,0,0,161,0,0,0,65,44,47,5,30.619873046875,55.8218582773358,45.28125,25.7950152645816,1.94339229968783,0.867511193653907,0,0,0,0,0,0,0,0,0.00158450704225352,0.000731411303808729
NO,NOR,Norway,6,2020-10-29,2020-10-29,169,0,0,0,0,4,168,7,0,578057.46292552,165,1,168,0,15,154,0,3,166,0,8,161,0,20,149,0,25,144,0,8,161,0,0,169,0,2,167,0,0,169,0,2,167,0,14,155,0,3,165,1,0,3,166,22,145,2,7,15,147,0,4,3,162,27,141,1,122,47,0,61,107,1,101,68,0,18,151,0,18,151,0,67,102,0,52,8,5,1,103,31,138,0,4,12,10,18,96,29,0,53,35,62,19,0,0,2,4,10,153,0,0,1,3,21,144,0,32,74,46,15,2,2,1,8,158,0,66,97,1,0,5,0,0,0,0,0,169,0,0,75,45,42,7,28.9735243055556,57.2309223009076,75.1111111111111,32.5240651643489,1.81250723351723,0.854285171521061,0,0,0,0,0,0,0,0,0.000335345405767941,0.000328577351530054
NO,NOR,Norway,7,2020-10-29,2020-10-28,100,0,0,0,0,8,99,3,0,302392.12926333,97,1,99,0,10,89,1,1,99,0,3,97,0,17,83,0,17,83,0,3,97,0,0,100,0,1,99,0,1,99,0,3,96,1,9,91,0,2,97,1,2,0,98,19,80,1,3,14,83,0,3,0,97,6,88,6,80,20,0,32,66,2,44,55,1,13,86,1,10,89,1,38,61,1,23,10,5,0,62,23,77,0,3,7,9,10,52,18,1,28,24,41,6,1,0,0,2,7,91,0,0,0,3,8,88,1,16,49,27,8,0,0,1,11,88,0,51,47,0,0,2,0,0,0,0,0,0,100,0,43,31,23,3,31.9857312722949,31.7500503474378,200,212.132034355964,1.83836281651058,0.664745704757241,0,0,0,0,0,0,0,0,0.00113814198321241,0.000788228722237302
NO,NOR,Norway,1,2020-10-30,2020-10-28,100,4,40623.6978337873,3,18318.5792882389,24,99,8,0,883391.774596766,97,5,95,0,20,80,0,1,99,0,31,69,0,38,62,0,24,76,0,14,86,0,6,94,0,12,88,0,3,97,0,17,83,0,32,68,0,13,87,0,10,3,87,40,60,0,8,32,60,0,5,3,92,39,61,0,75,25,0,32,68,0,67,33,0,9,91,0,26,74,0,61,39,0,31,15,11,4,39,18,82,0,4,10,17,13,49,6,1,8,18,40,34,0,1,6,7,19,64,3,2,8,16,21,53,0,31,37,22,6,4,0,8,13,79,0,41,56,0,0,3,100,0,0,0,0,0,0,0,56,29,10,5,9.71074380165289,18.6004206859592,16.6666666666667,10.6600358177805,2.89723856948846,1.82871388048378,0.04,0.0384072934108425,0.0459860494539135,0.0004367790799783,0.03,0.0334344809563718,0.0207366423539551,0.000297160025050489,0.00341442594963722,0.00136369568626246
NO,NOR,Norway,2,2020-10-30,2020-10-29,100,2,16134.8375932863,1,8320.07782058133,10,100,7,0,814907.386666001,100,2,98,0,21,79,0,2,98,0,10,90,0,37,63,0,18,82,0,14,86,0,2,98,0,6,94,0,4,96,0,4,96,0,27,73,0,4,96,0,3,1,96,28,72,0,7,21,72,0,5,2,93,40,60,0,72,28,0,37,63,0,60,40,0,9,91,0,24,76,0,59,41,0,37,14,2,6,41,29,71,0,6,10,17,12,47,8,0,12,15,44,29,0,0,1,8,16,73,2,0,5,5,25,65,0,17,50,27,3,3,0,2,17,80,1,35,62,0,2,1,0,100,0,0,0,0,0,0,53,28,17,2,10.7583774250441,21.8300640998428,62.5,43.3012701892219,2.41566014160766,1.39302161458869,0.02,0.0274394957835608,0.0197995966870519,0.000302468097160857,0.01,0.0195013954179879,0.0102098446482623,0.000218260474856183,0.00140845070422535,0.000872335779060366
NO,NOR,Norway,3,2020-10-30,2020-10-29,100,1,4942.20626233912,0,0,7,100,7,0,644224.388102039,96,1,98,1,11,89,0,0,99,1,15,84,1,21,78,1,22,77,1,9,90,1,3,96,1,7,92,1,0,99,1,5,95,0,22,77,1,5,95,0,4,1,95,32,68,0,7,25,68,0,6,1,93,48,52,0,79,21,0,41,59,0,63,37,0,12,88,0,18,82,0,62,38,0,40,15,5,2,38,21,79,0,5,8,7,7,61,12,0,21,13,32,34,0,0,1,5,12,82,0,0,2,6,17,75,0,16,44,27,12,1,0,3,11,86,0,44,52,0,1,3,0,0,100,0,0,0,0,0,49,26,20,5,10.7871720116618,13.2522175093729,28,10.9544511501033,3.08963331824355,1.59150010438443,0.01,0.0195013954179879,0.00767156033459,0.000213058606288502,0,0,0,0,0.000985915492957746,0.000730002870544757
NO,NOR,Norway,4,2020-10-30,2020-10-30,174,4,12102.0665580265,4,12102.0665580265,38,174,8,0,735268.95608631,173,6,168,0,22,151,1,3,170,1,17,157,0,30,144,0,34,140,0,22,152,0,7,167,0,6,168,0,3,171,0,6,168,0,42,132,0,20,154,0,12,8,154,60,113,1,8,51,115,0,4,4,166,68,106,0,147,27,0,74,100,0,109,65,0,12,162,0,28,146,0,99,75,0,66,17,7,9,75,41,133,0,6,12,16,16,105,19,0,35,37,56,46,0,1,2,4,23,143,1,3,0,10,24,137,0,27,95,38,13,1,1,0,11,161,1,69,105,0,0,0,0,0,0,174,0,0,0,0,85,49,36,4,25.9523891966759,47.1280944849619,16.53,12.5916889883346,2.4906462585034,1.25825660099463,0.0229885057471264,0.0222678698831807,0.0164593737541204,0.000290822351341499,0.0229885057471264,0.0222678698831807,0.0164593737541204,0.000290822351341499,0.00307592682531973,0.000976479958019801
NO,NOR,Norway,5,2020-10-30,2020-10-30,160,1,2670.28190893193,1,2670.28190893193,10,159,11,0,475988.654790619,158,1,159,0,19,141,0,3,157,0,11,149,0,30,130,0,34,126,0,13,147,0,3,157,0,10,150,0,1,159,0,8,152,0,27,133,0,8,152,0,6,2,152,41,117,2,11,29,120,0,10,1,149,64,96,0,123,37,0,65,95,0,85,75,0,11,149,0,16,144,0,67,93,0,34,21,8,4,93,36,124,0,4,14,20,13,91,18,0,38,40,43,39,0,0,0,4,15,140,1,1,1,4,25,128,1,18,90,38,13,1,0,0,12,148,0,61,93,0,0,6,0,0,0,0,160,0,0,0,64,54,39,3,24.1959183673469,42.905853418547,32.6530612244898,12.2176567731394,2.03682344397454,0.935278309395774,0.00625,0.0122114343557982,0.0056099696538073,0.00021218194545427,0.00625,0.0122114343557982,0.0056099696538073,0.00021218194545427,0.00088581805297192,0.00054878240647634
NO,NOR,Norway,6,2020-10-30,2020-10-30,169,1,2803.2504956205,1,2803.2504956205,13,168,5,1,607182.124141986,163,1,167,1,24,145,0,4,164,1,7,161,1,23,145,1,21,147,1,6,162,1,3,165,1,7,161,1,1,167,1,3,165,1,17,151,1,6,162,1,3,3,163,27,138,4,5,22,142,1,1,3,164,25,144,0,133,36,0,62,107,0,90,78,1,18,151,0,21,148,0,68,101,0,48,13,5,2,101,47,122,0,7,11,11,24,91,25,0,54,35,61,19,0,0,3,3,13,148,2,0,1,2,24,142,0,27,80,48,9,5,0,5,11,153,0,78,89,0,0,2,0,0,0,0,0,169,0,0,77,47,39,6,29.3163265306122,58.9714425630503,61.0277777777778,51.6815480360971,1.92543057460753,0.86675789789731,0.00591715976331361,0.0115630572253276,0.00461681987028488,0.000170512105280104,0.00591715976331361,0.0115630572253276,0.00461681987028488,0.000170512105280104,0.00108987256874581,0.000592127654733029
NO,NOR,Norway,7,2020-10-30,2020-10-29,100,0,0,0,0,9,100,3,0,344884.077883376,97,1,98,1,10,88,2,1,98,1,3,96,1,15,85,0,14,85,1,7,92,1,3,96,1,0,99,1,0,99,1,1,97,2,7,92,1,3,97,0,3,0,97,16,84,0,3,12,85,0,3,0,97,6,89,5,83,17,0,40,58,2,58,41,1,8,91,1,14,85,1,35,65,0,24,7,3,0,66,22,78,0,6,3,8,13,51,18,1,32,23,37,6,2,0,0,1,8,88,3,0,0,3,8,88,1,12,51,24,11,2,0,1,8,90,1,49,47,0,0,4,0,0,0,0,0,0,100,0,38,36,21,5,50.8928571428571,60.8551509349347,100,115.470053837925,1.85491493383743,0.76500554048276,0,0,0,0,0,0,0,0,0.00126760563380282,0.00082762874363293
NO,NOR,Norway,1,2020-10-31,2020-10-28,100,2,14649.6799918419,2,14649.6799918419,15,99,9,0,1081295.74173758,98,3,96,1,19,81,0,2,97,1,30,69,1,36,64,0,24,75,1,17,82,1,8,91,1,11,88,1,3,96,1,15,84,1,33,66,1,10,90,0,8,2,90,39,61,0,9,30,61,0,7,2,91,35,65,0,77,23,0,33,67,0,64,36,0,11,88,1,31,69,0,60,40,0,36,14,9,1,40,24,76,0,4,12,14,10,53,6,1,13,16,37,34,0,1,4,10,14,69,2,2,10,12,23,53,0,23,43,25,6,3,0,6,16,78,0,40,58,0,0,2,100,0,0,0,0,0,0,0,55,27,15,3,8.75865051903114,18.30855921041,18.5185185185185,9.62250448649376,3.97491763205442,10.335008366795,0.02,0.0274394957835608,0.0135482638341854,0.000217899176084803,0.02,0.0274394957835608,0.0135482638341854,0.000217899176084803,0.00213401621852326,0.0010787884457632
NO,NOR,Norway,2,2020-10-31,2020-10-30,100,2,12178.6380474359,2,12178.6380474359,42,99,11,1,916646.786108885,100,2,98,0,19,81,0,1,99,0,19,81,0,37,63,0,16,84,0,10,90,0,4,96,0,7,93,0,2,98,0,10,90,0,31,69,0,15,85,0,12,3,85,40,60,0,11,29,60,1,7,3,89,33,67,0,73,27,0,29,71,0,48,52,0,5,95,0,15,85,0,57,43,0,37,13,3,4,43,25,75,0,6,15,12,5,56,6,0,17,15,39,29,0,0,2,9,19,70,0,1,7,6,25,61,0,24,45,22,6,3,1,4,14,80,1,40,58,0,0,2,0,100,0,0,0,0,0,0,50,26,23,1,13.8429752066116,23.7253813004638,21.4285714285714,17.939371117928,2.49974492398735,1.38665932507883,0.02,0.0274394957835608,0.0132860751076579,0.000234391069776422,0.02,0.0274394957835608,0.0132860751076579,0.000234391069776422,0.00597524541186513,0.00180168056126737
NO,NOR,Norway,3,2020-10-31,2020-10-30,100,0,0,0,0,20,100,3,1,663243.590187721,99,0,100,0,12,88,0,2,98,0,14,86,0,23,77,0,21,79,0,11,89,0,2,98,0,8,92,0,1,99,0,5,95,0,25,75,0,12,88,0,8,4,88,32,68,0,3,29,68,1,2,0,97,51,48,1,78,21,1,38,61,1,71,29,0,8,91,1,9,90,1,62,38,0,36,16,5,5,38,18,82,0,6,7,8,12,56,11,0,12,20,31,37,0,0,1,5,15,78,1,0,1,9,22,68,0,11,47,29,12,1,1,2,10,87,0,39,57,0,1,3,0,0,100,0,0,0,0,0,54,21,22,3,16.156462585034,27.1853881298587,13.8888888888889,5.42782456065775,2.89196675900277,1.42362937594384,0,0,0,0,0,0,0,0,0.0028169014084507,0.00123279877629136
NO,NOR,Norway,4,2020-10-31,2020-10-31,152,1,6981.86802173301,1,6981.86802173301,36,151,5,0,686085.868045532,149,1,150,1,24,127,1,4,147,1,19,132,1,33,118,1,19,132,1,15,136,1,3,148,1,9,142,1,1,150,1,4,147,1,38,113,1,11,140,1,5,6,141,45,107,0,5,40,107,0,4,1,147,69,83,0,121,29,2,53,99,0,93,59,0,13,138,1,16,136,0,84,67,1,55,17,7,5,68,36,116,0,8,7,24,13,85,15,0,36,25,39,52,0,0,2,4,22,123,1,0,2,9,15,126,0,35,67,38,11,1,2,2,14,134,0,61,90,0,0,1,0,0,0,152,0,0,0,0,65,40,44,3,16.7144168962351,32.0044365702347,43.9669421487603,44.4843230390598,2.72023374726077,2.12906471769947,0.00657894736842105,0.0128520137864186,0.0101763763792751,0.00023748399279111,0.00657894736842105,0.0128520137864186,0.0101763763792751,0.00023748399279111,0.00335789571868296,0.00109504927158935
NO,NOR,Norway,5,2020-10-31,2020-10-31,174,3,6774.13731359505,1,2258.04577119835,22,171,8,0,556902.808157009,173,4,169,1,26,147,1,7,166,1,16,157,1,36,137,1,16,157,1,18,155,1,5,168,1,9,165,0,0,173,1,6,167,1,23,150,1,12,162,0,5,7,162,53,121,0,8,45,121,0,8,0,166,51,121,2,144,30,0,78,96,0,99,74,1,5,167,2,17,157,0,85,87,2,66,13,4,2,89,33,141,0,7,16,16,15,101,19,0,40,25,60,48,1,0,0,4,19,151,0,1,1,6,25,141,0,19,104,35,14,2,0,3,15,156,0,73,99,0,1,1,0,0,0,0,174,0,0,0,81,56,34,3,32.6758743595456,53.2078924286285,47.2592592592593,33.6409876398229,2.13029650148764,1.8476411173659,0.0172413793103448,0.0193411770790395,0.0121639489231758,0.000287897647999686,0.00574712643678161,0.0112317459121736,0.00405464964105861,0.000166898643888444,0.00181204184169344,0.000756503837675405
NO,NOR,Norway,6,2020-10-31,2020-10-31,160,0,0,0,0,5,159,4,0,590823.339882097,160,1,157,2,13,145,2,1,157,2,9,149,2,21,139,0,20,139,1,6,153,1,3,155,2,4,154,2,0,158,2,5,154,1,12,146,2,3,156,1,2,1,157,26,131,3,4,21,135,0,4,0,156,24,134,2,130,30,0,70,90,0,85,75,0,8,152,0,11,148,1,64,96,0,53,10,1,0,96,36,124,0,7,11,14,17,83,28,0,49,37,56,18,0,0,0,1,9,150,0,0,0,6,10,144,0,21,84,34,19,2,0,0,17,143,0,81,76,0,0,3,0,0,0,0,0,160,0,0,71,40,46,3,49.0972222222222,71.1962611687786,88.8888888888889,30.79201435678,2.00371057513915,1.70535604788229,0,0,0,0,0,0,0,0,0.00044290902648596,0.000388133762603418
NO,NOR,Norway,7,2020-10-31,2020-10-30,100,1,3263.96476055318,1,3263.96476055318,1,100,1,0,354487.234900978,99,1,98,1,8,91,1,2,97,1,3,96,1,11,89,0,12,87,1,4,95,1,3,96,1,0,99,1,0,99,1,0,99,1,3,96,1,1,99,0,1,0,99,11,87,2,1,10,89,0,1,0,99,4,94,2,79,21,0,46,54,0,55,45,0,8,92,0,11,89,0,27,73,0,19,7,0,0,74,21,79,0,5,3,6,9,55,22,0,38,21,32,8,1,0,0,2,7,87,4,0,0,4,9,87,0,13,47,26,11,3,0,0,9,90,1,47,47,0,0,6,0,0,0,0,0,0,100,0,32,36,27,5,76,96.0902353693305,100,0,1.86672967863894,0.857629609103161,0.01,0.0195013954179879,0.00920756642045216,0.000314421012198873,0.01,0.0195013954179879,0.00920756642045216,0.000314421012198873,0.000140845070422535,0.000276031824513654
NO,NOR,Norway,1,2020-11-01,2020-10-29,100,2,19120.9407966332,1,8078.47861052426,15,99,8,0,1233635.00647198,98,3,96,1,17,83,0,3,96,1,28,71,1,36,64,0,17,82,1,17,82,1,10,89,1,13,86,1,2,97,1,12,87,1,27,72,1,10,90,0,7,3,90,38,62,0,8,30,62,0,7,1,92,30,70,0,77,23,0,41,59,0,65,35,0,15,84,1,29,71,0,69,31,0,42,19,7,1,31,21,79,0,4,14,12,12,53,4,1,9,21,39,31,0,1,3,12,21,62,1,2,10,16,26,46,0,23,44,25,7,1,0,5,14,81,0,35,63,0,0,2,100,0,0,0,0,0,0,0,51,27,18,4,14.84375,27.7867668986973,18.5185185185185,9.62250448649376,3.78689236111111,10.495447477623,0.02,0.0274394957835608,0.0154996742928982,0.000217983673331619,0.01,0.0195013954179879,0.00654851602633061,0.000142331008772205,0.00213401621852326,0.0010787884457632
NO,NOR,Norway,2,2020-11-01,2020-10-31,100,1,20432.1636488267,1,20432.1636488267,27,99,2,0,971268.036466588,99,2,98,0,17,83,0,1,99,0,20,80,0,36,64,0,14,86,0,16,84,0,3,97,0,11,89,0,3,97,0,4,96,0,25,75,0,13,87,0,9,4,87,40,60,0,2,38,60,0,2,0,98,31,69,0,76,24,0,32,68,0,63,37,0,8,92,0,13,87,0,57,43,0,43,10,2,2,43,18,82,0,6,11,11,6,58,8,0,11,16,37,36,0,2,3,10,16,69,0,2,7,9,26,56,0,17,52,26,5,0,1,5,7,87,0,37,62,0,0,1,0,100,0,0,0,0,0,0,45,37,17,1,13.3297500671862,29.277292401859,18.75,12.8732162636109,2.69679300291545,1.84321040920373,0.01,0.0195013954179879,0.021036586072736,0.000285397000386939,0.01,0.0195013954179879,0.021036586072736,0.000285397000386939,0.00384122919334187,0.00144610794226052
NO,NOR,Norway,3,2020-11-01,2020-11-01,120,1,2604.23317833428,1,2604.23317833428,23,120,9,0,619645.883597105,118,1,118,1,20,99,1,1,118,1,17,102,1,26,94,0,22,97,1,15,105,0,3,116,1,3,116,1,1,118,1,8,112,0,26,94,0,10,110,0,10,0,110,51,69,0,9,42,69,0,7,2,111,33,85,2,92,28,0,45,73,2,82,37,1,12,107,1,16,103,1,69,51,0,48,12,5,4,51,24,96,0,7,20,13,11,61,8,0,19,15,37,49,0,0,0,10,16,94,0,0,3,10,22,85,0,24,65,22,8,1,1,5,12,102,0,64,54,0,0,2,0,0,120,0,0,0,0,0,57,35,25,3,13.1577532921258,25.1991246021064,27.6,9.87927122818278,3.40665873959572,1.62003889605784,0.00833333333333333,0.0162648365258355,0.00420277653297146,0.000161075656973401,0.00833333333333333,0.0162648365258355,0.00420277653297146,0.000161075656973401,0.00269953051643193,0.00110175600434719
NO,NOR,Norway,4,2020-11-01,2020-11-01,161,3,19233.1366266852,3,19233.1366266852,30,160,10,2,649609.44396598,159,4,157,0,20,141,0,5,156,0,20,141,0,37,124,0,31,130,0,21,140,0,10,151,0,7,154,0,4,157,0,5,156,0,37,124,0,15,146,0,9,6,146,58,102,1,10,48,103,2,7,1,151,36,123,2,114,46,1,53,105,3,92,67,2,21,138,2,16,143,2,84,77,0,61,15,3,5,77,44,117,0,12,15,13,12,99,10,0,22,19,63,57,0,0,1,6,11,141,2,0,2,7,19,133,0,25,90,34,10,2,0,6,9,146,0,60,97,0,1,3,0,0,0,161,0,0,0,0,75,45,37,4,14.9851754550572,22.2650251051259,24.6428571428571,18.5196658171259,3.49818213296399,8.47284195046811,0.0186335403726708,0.0208880764250516,0.029607230629628,0.000412187289354585,0.0186335403726708,0.0208880764250516,0.029607230629628,0.000412187289354585,0.00264084507042254,0.000943748286783266
NO,NOR,Norway,5,2020-11-01,2020-11-01,178,1,2489.8111117699,0,0,12,176,3,0,540973.358745502,176,1,177,0,20,158,0,2,176,0,10,167,1,30,148,0,20,158,0,9,169,0,3,175,0,3,175,0,2,176,0,3,175,0,19,159,0,9,169,0,5,4,169,36,140,2,3,33,142,0,3,0,175,26,150,2,117,61,0,57,121,0,95,83,0,7,171,0,10,168,0,78,100,0,58,15,2,3,100,27,151,0,15,12,15,17,100,19,0,46,28,58,45,1,0,0,9,14,152,3,0,1,7,23,147,0,26,93,42,13,4,1,3,16,158,0,73,102,0,0,3,0,0,0,0,178,0,0,0,76,51,46,5,42.5413973530317,72.3200530578701,39.9591836734694,24.8157447121198,2.64064953723813,7.0260301008598,0.00561797752808989,0.0109800601880064,0.00460246529985078,0.0001803655929417,0,0,0,0,0.000960307298335467,0.000543074072608095
NO,NOR,Norway,6,2020-11-01,2020-11-01,163,0,0,0,0,4,163,2,0,627959.295770867,160,1,162,0,15,148,0,4,159,0,5,158,0,23,140,0,22,141,0,3,160,0,3,160,0,2,161,0,1,162,0,4,159,0,15,148,0,3,160,0,2,1,160,31,129,3,2,29,132,0,2,0,161,15,147,1,107,55,1,53,108,2,93,70,0,17,146,0,14,149,0,73,90,0,51,18,2,2,90,33,130,0,16,16,13,21,83,14,0,49,41,60,13,0,0,0,1,22,138,2,0,0,3,20,138,2,23,92,37,9,2,0,3,17,143,0,73,87,0,0,3,0,0,0,0,0,163,0,0,69,49,41,4,51.1538942107455,82.5766491353561,72.4444444444444,31.3693646259697,2.16499409681228,1.66516929843533,0,0,0,0,0,0,0,0,0.000345632074656528,0.000338654668980963
NO,NOR,Norway,7,2020-11-01,2020-10-31,100,1,3263.96476055318,1,3263.96476055318,4,98,2,0,358845.328889413,98,1,98,1,9,91,0,1,98,1,3,96,1,13,86,1,11,88,1,4,96,0,1,98,1,0,99,1,1,98,1,0,99,1,5,94,1,5,95,0,3,1,96,14,82,4,2,12,86,0,2,0,98,4,94,2,71,29,0,30,69,1,49,51,0,10,90,0,10,90,0,32,68,0,26,6,0,0,68,16,84,0,8,10,3,8,54,17,0,33,27,34,6,0,0,0,3,4,92,1,0,0,3,16,80,1,13,54,24,8,1,0,0,12,88,0,49,48,0,0,3,0,0,0,0,0,0,100,0,39,31,26,4,113.988657844991,144.789531589993,44.4444444444444,19.2450089729875,1.77682209144409,0.901452421441419,0.01,0.0195013954179879,0.00909574264392626,0.000310619968581934,0.01,0.0195013954179879,0.00909574264392626,0.000310619968581934,0.000574877838459327,0.000563207971721789
NO,NOR,Norway,1,2020-11-02,2020-10-31,100,2,19120.9407966332,1,8078.47861052426,19,100,8,0,1290753.8910059,100,3,96,1,18,82,0,3,96,1,23,76,1,40,60,0,15,84,1,19,80,1,7,92,1,12,87,1,4,95,1,8,91,1,27,72,1,10,90,0,8,2,90,38,62,0,8,30,62,0,7,1,92,24,76,0,66,34,0,37,63,0,62,38,0,14,85,1,33,67,0,66,34,0,44,18,1,3,34,17,83,0,1,19,14,10,52,4,0,9,24,40,27,0,0,3,13,21,62,1,1,8,16,30,45,0,24,46,19,10,1,2,3,15,80,0,36,63,0,0,1,100,0,0,0,0,0,0,0,49,29,19,3,11.2456747404844,20.2416020681832,19,9.94428926011753,4.13411458333333,11.107007434467,0.02,0.0274394957835608,0.0148137773822491,0.00020840994616556,0.01,0.0195013954179879,0.00625872884584422,0.000136052366802458,0.00267605633802817,0.0012016684687081
NO,NOR,Norway,2,2020-11-02,2020-11-01,100,1,7676.99338597851,0,0,20,98,5,0,815926.433551483,99,3,96,1,14,85,1,3,96,1,30,70,0,31,69,0,24,76,0,12,87,1,3,96,1,14,85,1,3,96,1,9,90,1,30,70,0,15,85,0,9,6,85,38,62,0,5,33,62,0,4,1,95,29,70,1,61,38,1,23,76,1,61,38,1,7,92,1,25,74,1,50,50,0,36,9,2,3,50,22,78,0,8,17,18,9,41,7,0,18,18,37,27,0,2,4,12,16,66,0,2,4,14,19,61,0,24,51,19,5,1,2,9,13,76,0,32,63,1,0,4,0,100,0,0,0,0,0,0,50,32,17,1,12.3858320338606,26.220988632508,11.2426035502959,8.07715788143719,2.56076388888889,1.5917701889117,0.01,0.0195013954179879,0.00940892839145174,0.000209478702720512,0,0,0,0,0.00287438919229664,0.00125792167371867
NO,NOR,Norway,3,2020-11-02,2020-11-01,100,3,26297.1213758837,3,26297.1213758837,15,99,5,0,697306.915267362,98,3,97,0,19,81,0,5,95,0,22,78,0,26,74,0,17,83,0,10,90,0,2,98,0,5,95,0,2,98,0,5,95,0,34,66,0,8,92,0,7,1,92,35,64,1,5,30,65,0,5,0,95,39,61,0,63,37,0,23,77,0,72,27,1,6,94,0,15,85,0,62,38,0,43,11,4,4,38,19,81,0,4,21,10,9,50,6,0,18,15,37,30,0,0,2,5,15,78,0,0,3,5,23,69,0,16,54,24,5,1,3,2,6,89,0,41,59,0,0,0,0,0,100,0,0,0,0,0,50,33,16,1,15.3055555555556,36.0378693720416,30.6122448979592,19.2169345467014,3.59225322782174,2.94589393674443,0.03,0.0334344809563718,0.0377124058289323,0.000447126765241719,0.03,0.0334344809563718,0.0377124058289323,0.000447126765241719,0.00213401621852326,0.0010787884457632
NO,NOR,Norway,4,2020-11-02,2020-11-02,148,3,20799.9365893787,2,13435.9897846856,15,148,3,0,598758.177170528,148,4,144,0,14,134,0,8,140,0,14,134,0,30,118,0,26,122,0,17,131,0,3,145,0,6,142,0,1,147,0,6,142,0,33,115,0,10,138,0,7,3,138,36,110,2,3,33,112,0,3,0,145,59,89,0,87,61,0,33,114,1,89,59,0,12,136,0,14,134,0,85,63,0,59,16,7,3,63,29,119,0,5,11,16,19,85,12,0,25,34,52,37,0,0,1,7,15,124,1,0,2,9,21,116,0,20,86,34,7,1,0,3,13,132,0,51,93,0,0,4,0,0,0,148,0,0,0,0,68,37,42,1,19.1865234375,33.0565414413986,22.2,12.5775814668622,2.61756427097016,1.40742871349317,0.0202702702702703,0.0227038833312902,0.0347384593354035,0.000463820714216824,0.0135135135135135,0.0186014561875711,0.0224397599848712,0.000375148514087335,0.00142748382185002,0.000721877425514877
NO,NOR,Norway,5,2020-11-02,2020-11-02,170,2,8799.08266746211,1,3086.91990508091,18,170,9,0,623049.497627952,164,3,165,2,28,142,0,1,167,2,9,159,2,26,142,2,20,149,1,11,156,3,4,163,3,10,158,2,1,167,2,7,162,1,35,134,1,8,162,0,4,4,162,43,126,1,9,32,129,0,7,2,161,48,122,0,96,74,0,43,127,0,85,85,0,9,161,0,9,161,0,74,96,0,55,13,5,1,96,39,131,0,14,15,10,14,94,23,0,44,39,54,33,0,0,4,3,15,147,1,1,3,6,19,140,1,26,79,47,17,1,3,3,17,147,0,62,107,0,1,0,0,0,0,0,170,0,0,0,67,34,64,5,28.815374921235,60.1739212386764,45.15625,40.058202633347,2.01550679363168,0.868184082532658,0.0117647058823529,0.0162085568146735,0.014122606150814,0.000292991953895595,0.00588235294117647,0.0114952404835718,0.00495453397656736,0.000174345075132025,0.00149130074565037,0.000688419240636966
NO,NOR,Norway,6,2020-11-02,2020-11-02,161,0,0,0,0,3,161,5,0,552748.602945112,159,0,161,0,18,143,0,1,160,0,4,157,0,18,143,0,17,144,0,10,151,0,1,160,0,3,158,0,2,159,0,3,158,0,11,150,0,2,159,0,0,2,159,29,129,3,5,24,132,0,5,0,156,19,142,0,84,77,0,38,123,0,75,86,0,9,152,0,9,152,0,59,102,0,38,17,3,1,102,29,132,0,9,16,11,17,85,23,0,47,42,58,14,0,0,2,3,9,145,2,0,0,8,13,140,0,25,83,40,10,3,0,2,13,145,1,72,89,0,0,0,0,0,0,0,0,161,0,0,71,34,53,3,53.7221074380165,88.1288420107089,120.75,56.9220958855171,1.94155844155844,1.86874662955576,0,0,0,0,0,0,0,0,0.000262444230600997,0.000296939174680789
NO,NOR,Norway,7,2020-11-02,2020-11-01,100,0,0,0,0,1,99,4,0,314753.008295813,98,0,100,0,5,95,0,3,97,0,4,96,0,13,87,0,10,90,0,4,96,0,2,98,0,1,99,0,1,99,0,3,97,0,3,97,0,2,98,0,0,2,98,15,82,3,4,11,85,0,4,0,96,1,96,3,49,51,0,17,82,1,48,52,0,8,92,0,10,90,0,33,67,0,27,6,0,0,67,16,84,0,9,13,1,10,43,24,0,29,30,37,4,0,1,0,2,9,88,0,1,0,1,16,81,1,16,48,24,10,2,0,0,7,93,0,42,57,0,0,1,0,0,0,0,0,0,100,0,47,27,23,3,64.7462277091907,91.1185828959221,100,0,1.72526041666667,0.865974295910046,0,0,0,0,0,0,0,0,0.000142267747901551,0.000278819826397772
NO,NOR,Norway,1,2020-11-03,2020-11-01,100,1,11042.4621861089,0,0,25,100,9,0,1127483.29142683,99,1,99,0,18,82,0,2,98,0,22,78,0,36,64,0,14,86,0,20,80,0,9,91,0,13,87,0,3,97,0,5,95,0,33,67,0,12,88,0,6,6,88,40,60,0,9,31,60,0,7,2,91,27,73,0,65,35,0,29,71,0,70,30,0,10,90,0,30,70,0,69,30,1,48,15,2,4,31,21,79,0,3,22,14,11,46,4,0,6,18,47,29,0,2,8,12,22,56,0,2,8,17,29,44,0,24,52,15,7,2,2,4,17,77,0,32,67,0,0,1,100,0,0,0,0,0,0,0,54,27,16,3,9.5242214532872,13.682950348048,17.3611111111111,10.9281014212626,3.33116319444444,4.20655194966744,0.01,0.0195013954179879,0.00979390317362011,0.00018177482481124,0,0,0,0,0.00352112676056338,0.00137782415551176
NO,NOR,Norway,2,2020-11-03,2020-11-02,100,1,10669.1911453371,1,10669.1911453371,23,98,8,0,885353.954887177,98,1,99,0,19,81,0,3,97,0,20,80,0,28,72,0,22,78,0,10,90,0,4,96,0,12,88,0,2,98,0,2,98,0,23,77,0,13,87,0,9,4,87,43,57,0,8,35,57,0,6,2,92,44,56,0,63,36,1,21,79,0,52,48,0,5,95,0,23,77,0,48,52,0,33,7,4,4,52,15,85,0,9,17,8,9,52,5,0,19,25,38,18,0,2,2,10,18,67,1,1,6,12,14,67,0,25,38,28,7,2,2,5,18,75,0,39,57,2,0,2,0,100,0,0,0,0,0,0,45,32,20,3,12.3333333333333,21.6573208874643,19.0082644628099,24.2079644890526,2.63577425868849,1.41923570847572,0.01,0.0195013954179879,0.0120507635239476,0.000227281570822608,0.01,0.0195013954179879,0.0120507635239476,0.000227281570822608,0.00330554757114113,0.00134867903064502
NO,NOR,Norway,3,2020-11-03,2020-11-02,100,2,16910.25597479,0,0,18,100,8,0,712342.853564685,98,4,95,1,19,80,1,1,98,1,16,83,1,25,74,1,16,84,0,11,88,1,2,97,1,9,90,1,4,95,1,1,98,1,21,78,1,7,93,0,5,2,93,35,65,0,8,27,65,0,7,1,92,45,54,1,78,21,1,26,73,1,61,38,1,10,89,1,9,90,1,59,41,0,31,15,6,7,41,29,71,0,11,9,10,7,57,6,0,11,26,34,29,0,0,2,4,18,76,0,0,3,13,15,69,0,19,61,14,6,0,2,4,7,87,0,48,49,0,0,3,0,0,100,0,0,0,0,0,42,30,26,2,11.5912208504801,26.1500376071675,36.734693877551,24.5464197995493,3.93880208333333,5.42468014904851,0.02,0.0274394957835608,0.0237389283687878,0.000353522529711539,0,0,0,0,0.00253521126760563,0.00116970078590584
NO,NOR,Norway,4,2020-11-03,2020-11-03,181,3,8287.04247980002,2,6402.06061395838,30,178,11,1,736150.840558843,181,3,177,1,24,157,0,4,176,1,21,160,0,33,147,1,29,151,1,15,165,1,5,175,1,9,171,1,3,178,0,7,174,0,35,145,1,18,163,0,13,5,163,57,121,3,11,46,124,1,6,4,170,81,100,0,124,57,0,50,130,1,95,86,0,11,169,1,18,163,0,90,91,0,47,27,8,8,91,44,137,0,19,23,14,22,85,18,0,31,32,65,53,0,0,2,7,13,159,0,1,4,10,22,144,0,27,94,46,13,1,0,3,17,161,0,80,100,0,0,1,0,0,0,181,0,0,0,0,81,49,49,2,32.9121786451492,48.5313292316732,24.1333333333333,12.0666666666667,3.84484762396694,9.03863270452572,0.0165745856353591,0.0185994823447124,0.0112572614513474,0.000241003147636111,0.0110497237569061,0.015229012461182,0.008696669569919,0.000212101847864068,0.00237379332172812,0.000848426630839181
NO,NOR,Norway,5,2020-11-03,2020-11-03,171,2,5725.25494384541,1,3003.58308056766,15,169,5,0,535724.984673907,169,3,168,0,13,158,0,1,170,0,9,162,0,19,152,0,18,153,0,13,158,0,3,168,0,7,164,0,1,170,0,6,165,0,29,142,0,7,163,1,5,2,164,43,126,2,5,38,128,0,5,0,166,60,110,1,131,38,2,51,119,1,91,79,1,12,158,1,16,154,1,76,95,0,43,18,11,2,97,33,138,0,11,16,11,15,91,27,0,35,36,66,34,0,0,1,5,15,149,1,1,2,8,20,140,0,29,84,47,10,1,0,1,17,153,0,70,100,0,0,1,0,0,0,0,171,0,0,0,64,52,52,3,34.2730509077964,67.1260961818569,71.25,43.2223900310938,2.4387792132385,4.11937700449651,0.0116959064327485,0.0161143308311251,0.0106869291290014,0.000275340742149581,0.00584795321637427,0.0114282145766987,0.00560657644592761,0.000199942508386184,0.00125010417534795,0.000632232825627449
NO,NOR,Norway,6,2020-11-03,2020-11-03,154,1,1974.17253923966,1,1974.17253923966,8,152,7,0,552054.888599234,153,1,153,0,16,138,0,0,154,0,4,150,0,18,136,0,16,138,0,11,143,0,0,154,0,0,154,0,1,153,0,6,148,0,13,141,0,8,146,0,3,5,146,26,127,1,7,19,128,0,6,1,147,16,136,2,102,52,0,52,102,0,84,70,0,12,142,0,8,146,0,67,86,1,51,9,3,3,88,31,123,0,12,9,18,12,81,22,0,38,46,57,13,0,0,0,5,10,139,0,0,0,3,22,128,1,27,78,34,15,0,0,1,16,137,0,62,89,0,0,3,0,0,0,0,0,154,0,0,69,39,44,2,26.1430511543685,50.2919016301588,34.2222222222222,20.956745577145,1.63582222222222,0.724467269281713,0.00649350649350649,0.0126856500067797,0.00357604394057421,0.000157463704488927,0.00649350649350649,0.0126856500067797,0.00357604394057421,0.000157463704488927,0.000741289844329133,0.000513487787584567
NO,NOR,Norway,7,2020-11-03,2020-11-02,100,0,0,0,0,2,99,5,0,331798.949255529,97,1,99,0,6,94,0,1,99,0,4,96,0,12,88,0,14,86,0,2,98,0,2,98,0,3,97,0,0,100,0,3,97,0,3,97,0,1,98,1,1,0,99,16,82,2,5,11,84,0,5,0,95,4,95,1,53,47,0,20,80,0,47,53,0,7,93,0,7,93,0,35,65,0,28,7,0,0,65,20,80,0,8,10,4,12,47,19,0,36,26,34,4,0,0,0,0,8,90,2,0,0,1,11,87,1,13,45,29,10,3,0,0,9,91,0,40,59,0,0,1,0,0,0,0,0,0,100,0,46,23,27,4,40.3292181069959,55.0722887083356,200,0,1.6398891966759,0.608689159139863,0,0,0,0,0,0,0,0,0.000284535495803101,0.000394282726107941
NO,NOR,Norway,1,2020-11-04,2020-11-02,100,1,5899.8446272371,1,5899.8446272371,30,100,12,0,931896.367408003,98,2,98,0,19,81,0,2,98,0,28,72,0,35,65,0,22,78,0,21,79,0,7,93,0,13,87,0,3,97,0,4,96,0,36,64,0,14,86,0,7,7,86,49,51,0,12,37,51,0,10,2,88,34,65,1,67,32,1,26,73,1,65,34,1,9,89,2,30,70,0,67,32,1,42,16,2,7,33,24,76,0,8,20,13,9,45,5,0,11,19,35,35,0,3,8,14,18,56,1,4,8,12,24,52,0,15,58,18,5,4,3,5,17,75,0,29,69,0,0,2,100,0,0,0,0,0,0,0,62,22,12,4,8.93473517159294,18.5553689230235,15.3061224489796,13.3944923125284,3.39058171745152,4.24170690881477,0.01,0.0195013954179879,0.00633100936281902,0.000161035500725847,0.01,0.0195013954179879,0.00633100936281902,0.000161035500725847,0.00422535211267606,0.0015087973138198
NO,NOR,Norway,2,2020-11-04,2020-11-03,100,4,19664.9475455145,2,11198.4608333786,19,100,5,0,733465.256288716,99,4,96,0,21,79,0,4,96,0,24,76,0,35,65,0,20,80,0,17,83,0,3,97,0,10,90,0,3,97,0,6,94,0,33,67,0,12,88,0,8,4,88,40,60,0,5,35,60,0,5,0,95,46,54,0,77,23,0,33,67,0,60,40,0,6,94,0,28,72,0,59,41,0,42,13,2,2,41,21,79,0,9,15,7,6,54,9,0,16,27,44,13,0,3,0,10,20,67,0,4,4,5,24,63,0,29,46,15,9,1,6,6,18,70,0,29,67,1,1,2,0,100,0,0,0,0,0,0,46,36,14,4,12.189349112426,18.7286519343277,12.5,7.53778361444409,2.59167043911272,1.33801854752837,0.04,0.0384072934108425,0.0268110143962617,0.000369669426056084,0.02,0.0274394957835608,0.0152678817944862,0.000280612339048252,0.00267605633802817,0.0012016684687081
NO,NOR,Norway,3,2020-11-04,2020-11-03,100,2,8689.22559343826,1,4344.61279671913,54,98,7,2,743682.817270026,100,3,97,0,16,84,0,4,96,0,18,82,0,23,77,0,23,77,0,8,92,0,4,96,0,9,91,0,4,96,0,5,95,0,22,78,0,16,84,0,11,5,84,30,70,0,7,23,70,2,4,1,93,44,55,1,76,24,0,29,71,0,55,45,0,9,91,0,12,88,0,47,53,0,32,8,4,3,53,14,86,0,10,8,10,9,55,8,0,13,17,42,28,0,1,0,3,12,83,1,1,0,7,18,74,0,20,52,23,3,2,1,6,12,81,0,47,53,0,0,0,0,0,100,0,0,0,0,0,47,32,21,0,12.5,15.8939825572412,27.5510204081633,27.4301085388241,3.05070911131517,1.58716907475076,0.02,0.0274394957835608,0.0116840478113175,0.000244229872503949,0.01,0.0195013954179879,0.00584202390565874,0.000173206259477617,0.00776085081920092,0.0020619053508508
NO,NOR,Norway,4,2020-11-04,2020-11-04,162,0,0,0,0,24,160,13,0,711318.63471876,158,2,160,0,27,135,0,0,162,0,17,145,0,38,124,0,27,135,0,11,151,0,1,161,0,9,153,0,0,162,0,8,154,0,51,111,0,12,150,0,10,2,150,59,102,1,13,45,104,0,11,2,149,62,100,0,117,45,0,49,113,0,77,85,0,7,155,0,13,149,0,79,83,0,51,13,10,5,83,36,126,0,14,19,17,13,81,18,0,36,45,47,34,0,1,2,6,15,138,0,1,1,7,25,127,1,35,84,30,11,2,0,2,17,143,0,56,102,0,0,4,0,0,0,162,0,0,0,0,68,50,42,2,14.125236294896,31.2615766578422,38.88,50.1938641668481,2.58241367034532,1.27018779870697,0,0,0,0,0,0,0,0,0.00211267605633803,0.000844337607288694
NO,NOR,Norway,5,2020-11-04,2020-11-04,143,0,0,0,0,34,142,3,0,476319.336849119,142,1,142,0,19,124,0,4,139,0,11,132,0,20,123,0,16,127,0,11,132,0,3,140,0,4,139,0,3,140,0,6,137,0,19,124,0,10,132,1,7,3,133,30,112,1,3,26,114,0,2,1,140,66,77,0,106,37,0,48,95,0,83,60,0,8,135,0,22,121,0,72,71,0,45,17,4,6,71,36,107,0,7,18,11,11,78,18,0,33,26,44,40,0,0,3,5,15,118,2,0,0,9,15,119,0,31,66,34,10,2,0,3,13,127,0,57,83,0,1,2,0,0,0,0,143,0,0,0,60,40,40,3,34.892,51.4280917437947,48.62,84.2500748433561,2.05015306122449,0.976315645127248,0,0,0,0,0,0,0,0,0.00337234675659591,0.00113163748042803
NO,NOR,Norway,6,2020-11-04,2020-11-04,161,2,5384.38249709461,0,0,9,160,6,0,592222.982283976,160,2,158,1,14,146,1,2,158,1,3,156,2,22,138,1,21,139,1,7,153,1,1,159,1,3,158,0,2,158,1,4,155,2,11,149,1,7,153,1,7,0,154,30,128,3,6,23,132,0,4,2,155,10,147,4,103,56,2,41,118,2,86,75,0,12,149,0,8,152,1,66,95,0,50,10,5,1,95,34,127,0,7,13,15,18,87,21,0,50,45,51,15,0,0,0,1,10,149,1,0,0,3,11,147,0,23,81,45,9,3,0,1,19,140,1,62,99,0,0,0,0,0,0,0,0,161,0,0,65,44,48,4,49.0374776918501,84.3771446018343,29.5714285714286,17.3863657584245,1.93027181440443,1.98479333460943,0.0124223602484472,0.0171089295092166,0.0090918161877628,0.0002417394299093,0,0,0,0,0.000792253521126761,0.000517391048376717
NO,NOR,Norway,7,2020-11-04,2020-11-03,100,0,0,0,0,6,99,2,0,348871.075809227,98,1,98,1,9,90,1,1,98,1,7,93,0,10,90,0,17,82,1,1,98,1,1,98,1,2,97,1,0,99,1,5,95,0,4,95,1,3,96,1,1,2,97,15,82,3,2,13,85,0,2,0,98,6,92,2,62,38,0,28,72,0,49,51,0,9,91,0,8,92,0,40,60,0,32,7,1,0,60,19,81,0,11,7,7,12,46,17,0,43,27,26,4,0,0,0,0,8,89,3,0,0,2,9,87,2,13,47,33,6,1,0,0,11,89,0,44,55,0,0,1,0,0,0,0,0,0,100,0,40,26,31,3,42.1597633136095,46.09587088557,55.5555555555556,50.9175077217316,1.88802083333333,2.55742035040863,0,0,0,0,0,0,0,0,0.000853606487409304,0.000682723316861988
NO,NOR,Norway,1,2020-11-05,2020-11-03,100,1,5899.8446272371,1,5899.8446272371,19,100,8,0,847220.573478928,99,2,98,0,17,83,0,2,98,0,26,74,0,35,65,0,19,81,0,23,77,0,6,94,0,10,90,0,5,95,0,4,96,0,40,60,0,12,88,0,8,4,88,40,60,0,8,32,60,0,5,3,92,34,65,1,70,29,1,29,69,2,61,38,1,9,89,2,31,69,0,57,43,0,38,13,2,4,43,17,83,0,12,18,12,11,40,7,0,15,22,32,31,0,4,4,13,23,54,2,5,5,14,18,58,0,21,51,18,7,3,4,9,12,75,0,29,69,0,0,2,100,0,0,0,0,0,0,0,65,20,12,3,9.73916306999437,21.8338880993614,13.1944444444444,14.4155207695469,2.9584487534626,2.44847769219673,0.01,0.0195013954179879,0.0069637645873148,0.000177073851196855,0.01,0.0195013954179879,0.0069637645873148,0.000177073851196855,0.00267605633802817,0.0012016684687081
NO,NOR,Norway,2,2020-11-05,2020-11-04,100,2,12207.3449766703,2,12207.3449766703,21,99,8,0,625506.043271625,99,4,96,0,18,82,0,2,98,0,25,75,0,37,63,0,16,84,0,17,83,0,3,97,0,11,89,0,2,98,0,6,94,0,28,72,0,11,89,0,9,2,89,42,58,0,8,34,58,0,7,1,92,36,64,0,70,30,0,27,73,0,45,55,0,7,93,0,23,77,0,42,58,0,30,9,2,1,58,25,75,0,17,15,12,11,40,5,0,22,24,35,19,0,2,3,11,19,65,0,1,8,10,18,63,0,27,49,15,7,2,1,6,15,78,0,24,70,2,0,4,0,100,0,0,0,0,0,0,51,31,16,2,11.6388888888889,18.6591279840437,20,14.142135623731,2.43648479800083,1.36377857154103,0.02,0.0274394957835608,0.0195159504979703,0.00034280524369721,0.02,0.0274394957835608,0.0195159504979703,0.00034280524369721,0.00298762270593257,0.00127589363235813
NO,NOR,Norway,3,2020-11-05,2020-11-05,115,2,11957.794960142,1,7457.94927866632,31,115,13,0,716965.83231534,114,5,110,0,23,92,0,4,111,0,18,97,0,34,81,0,26,89,0,18,97,0,4,111,0,7,107,1,1,114,0,3,112,0,38,77,0,14,101,0,10,4,101,53,62,0,13,40,62,0,10,3,102,54,59,2,82,33,0,32,83,0,66,49,0,5,110,0,12,103,0,61,54,0,42,13,5,1,54,37,78,0,10,20,15,7,59,4,0,16,22,56,21,0,0,6,5,15,88,1,2,3,9,25,76,0,22,68,20,5,0,2,5,21,87,0,40,71,0,0,4,0,0,115,0,0,0,0,0,52,31,29,3,14.5233627322199,27.2734083147582,18.1887755102041,12.5524521844187,4.17231404958678,8.23860861449883,0.0173913043478261,0.023892167460625,0.0166783330825208,0.000296430568612601,0.00869565217391304,0.0169689025724735,0.0104020985973375,0.000234849006392225,0.00379669320269443,0.00133397207526601
NO,NOR,Norway,4,2020-11-05,2020-11-05,176,2,4658.74619059322,2,4658.74619059322,67,176,15,0,631311.757735048,175,2,173,1,30,146,0,10,165,1,19,156,1,47,129,0,32,143,1,20,155,1,10,165,1,11,164,1,1,174,1,8,167,1,40,135,1,21,155,0,11,10,155,65,111,0,15,50,111,0,13,2,161,83,93,0,130,46,0,55,121,0,103,73,0,9,167,0,14,161,1,89,87,0,53,20,10,6,87,45,131,0,17,17,18,12,94,18,0,33,30,71,42,0,1,4,10,12,147,2,0,6,10,17,143,0,33,88,36,17,2,2,8,11,155,0,75,98,0,0,3,0,0,0,176,0,0,0,0,76,56,43,1,29.5625,53.1490866468315,25.9410430839002,37.3779917079335,2.52292244682257,1.44178161140097,0.0113636363636364,0.0156591690020439,0.00737947002176447,0.000211120480263376,0.0113636363636364,0.0156591690020439,0.00737947002176447,0.000211120480263376,0.00536171574903969,0.00128040411605285
NO,NOR,Norway,5,2020-11-05,2020-11-05,160,1,2536.94702361462,1,2536.94702361462,5,158,6,0,529666.465078364,159,1,159,0,16,144,0,1,159,0,14,146,0,15,145,0,25,135,0,13,147,0,5,155,0,7,153,0,1,159,0,6,154,0,24,136,0,4,156,0,4,0,156,40,118,2,6,33,121,0,5,1,154,54,106,0,121,38,1,49,111,0,91,69,0,8,152,0,14,146,0,79,81,0,53,18,2,6,81,33,127,0,15,17,11,16,83,18,0,35,27,63,35,0,0,3,6,16,134,1,0,2,7,18,133,0,28,79,37,15,1,1,0,12,147,0,68,91,0,0,1,0,0,0,0,160,0,0,0,64,47,48,1,30.827947060634,55.0533647085469,200,169.705627484771,1.97330520507931,1.09275934738119,0.00625,0.0122114343557982,0.00478970671333569,0.00018593397013743,0.00625,0.0122114343557982,0.00478970671333569,0.00018593397013743,0.00044571224817258,0.000390589757706133
NO,NOR,Norway,6,2020-11-05,2020-11-05,152,1,2969.35220511821,1,2969.35220511821,7,152,7,0,492989.925089796,148,3,149,0,13,139,0,1,151,0,9,143,0,24,128,0,14,138,0,9,143,0,1,151,0,3,149,0,2,150,0,4,148,0,8,144,0,4,148,0,3,1,148,27,122,3,7,19,126,0,6,1,145,25,127,0,108,44,0,46,106,0,78,74,0,10,142,0,15,137,0,54,97,1,42,6,5,1,98,38,114,0,12,8,17,14,80,21,0,48,38,53,13,0,1,1,6,16,125,3,0,0,10,11,131,0,19,74,46,10,3,0,4,14,134,0,71,76,0,0,5,0,0,0,0,0,152,0,0,61,33,52,6,46.7368421052632,87.7938876806495,66.5,36.3822300947409,1.77845422116528,0.82248784085494,0.00657894736842105,0.0128520137864186,0.00602314987385869,0.000215987709463285,0.00657894736842105,0.0128520137864186,0.00602314987385869,0.000215987709463285,0.000648628613787991,0.000480346113050117
NO,NOR,Norway,7,2020-11-05,2020-11-04,100,0,0,0,0,6,100,0,0,343089.306035968,98,1,98,1,17,82,1,3,97,0,7,92,1,15,84,1,14,84,2,8,91,1,2,97,1,1,98,1,1,99,0,4,95,1,10,89,1,3,97,0,0,3,97,10,87,3,0,9,91,0,0,0,100,8,91,1,63,37,0,26,74,0,50,50,0,9,91,0,8,92,0,38,61,1,33,3,2,0,62,24,76,0,8,9,8,11,43,21,0,41,26,24,8,1,0,0,1,6,91,2,0,0,2,7,89,2,10,56,27,5,2,1,0,15,84,0,44,56,0,0,0,0,0,0,0,0,0,100,0,38,27,30,5,40.1753104455807,63.7993127701487,55.5555555555556,50.9175077217316,2.01448619284744,2.69973379328637,0,0,0,0,0,0,0,0,0.000845070422535211,0.000675898970898153
NO,NOR,Norway,1,2020-11-06,2020-11-04,100,1,5899.8446272371,1,5899.8446272371,12,100,7,0,960011.560304399,99,2,98,0,18,82,0,2,98,0,22,78,0,31,69,0,12,88,0,23,77,0,4,96,0,9,91,0,3,97,0,2,98,0,32,68,0,10,90,0,7,3,90,38,62,0,7,31,62,0,4,3,93,32,68,0,72,28,0,30,69,1,67,33,0,9,90,1,37,63,0,57,43,0,41,9,3,4,43,14,86,0,12,18,17,10,38,5,0,13,18,38,31,0,3,2,11,25,57,2,1,7,14,23,55,0,26,42,22,8,2,3,6,15,76,0,30,69,0,0,1,100,0,0,0,0,0,0,0,62,26,9,3,13.3491124260355,27.8681751168297,12,4.21637021355784,2.94736842105263,2.42090656358628,0.01,0.0195013954179879,0.00614559748152031,0.000156333949063242,0.01,0.0195013954179879,0.00614559748152031,0.000156333949063242,0.00169014084507042,0.000955461177500561
NO,NOR,Norway,2,2020-11-06,2020-11-05,100,1,3446.73840224177,1,3446.73840224177,12,98,9,1,753043.625876577,99,2,97,1,16,84,0,1,99,0,21,79,0,31,69,0,18,82,0,15,84,1,1,99,0,11,89,0,1,99,0,5,95,0,24,76,0,8,91,1,6,2,92,42,57,1,9,33,58,1,6,2,91,35,65,0,70,30,0,20,79,1,55,45,0,3,96,1,17,83,0,51,49,0,37,11,0,3,49,24,76,0,13,18,12,7,43,7,0,17,28,32,23,0,2,6,10,25,56,1,3,7,16,21,53,0,30,46,13,9,2,0,5,17,78,0,35,62,0,0,3,0,100,0,0,0,0,0,0,48,31,18,3,21.6198979591837,44.7313131081876,24.4897959183673,6.97071480677524,2.40195557444999,1.4250942086967,0.01,0.0195013954179879,0.00457707665771636,0.000152452985839438,0.01,0.0195013954179879,0.00457707665771636,0.000152452985839438,0.00172463351537798,0.000974943542098626
NO,NOR,Norway,3,2020-11-06,2020-11-05,100,2,22158.4488501958,0,0,25,100,10,1,692578.904605712,99,4,96,0,13,87,0,1,99,0,19,81,0,25,75,0,19,81,0,13,87,0,3,97,0,8,92,0,1,99,0,9,91,0,26,74,0,12,88,0,8,4,88,39,61,0,10,29,61,1,8,1,90,45,55,0,69,31,0,27,72,1,59,40,1,6,94,0,12,88,0,59,41,0,36,11,6,6,41,22,78,0,9,12,9,13,47,10,0,24,16,31,29,0,1,1,3,20,75,0,1,0,8,21,69,1,19,47,21,13,0,1,8,10,81,0,39,59,1,0,1,0,0,100,0,0,0,0,0,50,31,16,3,14.1331434674261,32.6500711136878,17.3611111111111,9.03020557875693,3.32409972299169,2.01553341593629,0.02,0.0274394957835608,0.0319941146096713,0.0004144646626692,0,0,0,0,0.00352112676056338,0.00137782415551176
NO,NOR,Norway,4,2020-11-06,2020-11-06,159,2,8093.9596869174,1,3309.54383678238,43,157,13,0,836304.66298117,157,4,155,0,25,134,0,4,155,0,25,134,0,35,124,0,26,133,0,22,137,0,2,157,0,7,152,0,2,157,0,9,150,0,38,121,0,20,139,0,12,8,139,51,107,1,13,38,108,0,12,1,146,64,95,0,128,31,0,57,101,1,80,79,0,5,154,0,10,149,0,75,84,0,42,14,10,9,84,39,120,0,13,14,19,21,74,18,0,45,24,45,45,0,1,1,8,15,134,0,2,3,12,17,124,1,31,77,34,17,0,1,4,20,134,0,67,88,0,0,4,0,0,0,159,0,0,0,0,75,37,44,3,21.7936,35.198626533401,21.1018518518519,13.9301641588712,2.79945889698231,1.3896518696388,0.0125786163522013,0.0173227655893146,0.00967824292413355,0.000209822593825214,0.00628930817610063,0.0122879927943053,0.00395734232185777,0.0001345570976317,0.00385754014533058,0.00115076075811456
NO,NOR,Norway,5,2020-11-06,2020-11-06,155,2,8433.48297066409,1,4030.10170242383,16,152,5,0,533135.425257282,153,3,152,0,14,141,0,2,153,0,12,142,1,23,132,0,22,133,0,12,143,0,4,150,1,4,151,0,1,153,1,7,148,0,23,132,0,13,142,0,10,3,142,44,110,1,5,39,111,0,4,1,150,50,104,1,115,40,0,58,97,0,82,73,0,12,143,0,16,139,0,68,87,0,47,12,3,6,87,34,121,0,16,18,17,18,72,14,0,48,17,51,39,0,1,0,3,17,132,2,1,1,6,19,128,0,24,86,35,10,0,0,3,11,141,0,63,92,0,0,0,0,0,0,0,155,0,0,0,64,42,42,7,29.6808510638298,48.3220627557599,24.8,10.8376914310916,2.28300527003288,4.18678645446087,0.0129032258064516,0.0177668835974755,0.0158186505175383,0.000334928112138448,0.00645161290322581,0.0126040728356257,0.0075592457591408,0.00023249887084078,0.00148257968865827,0.000725911988225714
NO,NOR,Norway,6,2020-11-06,2020-11-06,174,1,3570.3822462086,1,3570.3822462086,13,172,4,0,603837.801051403,172,2,171,1,20,153,1,4,169,1,8,165,1,30,143,1,32,141,1,4,169,1,5,168,1,3,170,1,2,171,1,3,171,0,11,162,1,8,164,2,4,4,166,28,139,7,4,24,146,0,4,0,170,25,147,2,139,35,0,49,124,1,74,100,0,12,161,1,15,159,0,65,109,0,53,9,2,1,109,44,130,0,16,18,16,10,89,25,0,58,39,58,19,0,0,1,3,11,155,4,0,0,6,19,147,2,28,96,30,19,1,1,2,25,146,0,70,102,0,0,2,0,0,0,0,0,174,0,0,75,47,45,7,40.8624192059095,58.6412784683473,35.34375,23.0693587362111,2.75892133791135,7.87712552384107,0.00574712643678161,0.0112317459121736,0.00591281671997322,0.000193373691716107,0.00574712643678161,0.0112317459121736,0.00591281671997322,0.000193373691716107,0.00106452669505405,0.000578364581593048
NO,NOR,Norway,7,2020-11-06,2020-11-05,100,0,0,0,0,5,100,2,0,351635.128230871,99,1,98,1,14,85,1,3,97,0,6,93,1,18,81,1,16,83,1,6,93,1,2,97,1,1,98,1,3,97,0,4,95,1,15,84,1,3,97,0,1,2,97,12,85,3,2,9,89,0,1,1,98,10,89,1,69,31,0,20,80,0,48,52,0,6,94,0,12,88,0,34,65,1,27,4,3,0,66,24,76,0,4,13,9,15,42,17,0,41,31,22,6,0,0,0,0,12,87,1,0,0,2,11,86,1,10,46,29,11,4,1,1,14,84,0,54,42,0,0,4,0,0,0,0,0,0,100,0,49,26,20,5,49.112426035503,74.7547253217864,55.5555555555556,19.2450089729875,1.85546875,0.921874225641463,0,0,0,0,0,0,0,0,0.000704225352112676,0.00061705200811476
NO,NOR,Norway,1,2020-11-07,2020-11-05,100,0,0,0,0,27,100,8,0,1091062.77364426,100,1,99,0,20,80,0,4,96,0,24,76,0,32,68,0,21,79,0,23,77,0,9,91,0,15,85,0,4,96,0,5,95,0,34,66,0,13,87,0,9,4,87,39,61,0,8,31,61,0,4,4,92,32,68,0,72,28,0,28,71,1,61,39,0,7,93,0,31,69,0,57,43,0,42,7,4,4,43,18,82,0,12,16,14,12,39,7,0,15,18,38,29,0,7,3,11,21,56,2,4,10,17,23,46,0,34,37,21,6,2,5,6,15,74,0,32,66,1,0,1,100,0,0,0,0,0,0,0,61,28,9,2,10.8996539792388,20.4485972187833,15.9763313609467,18.7007837861507,2.8483366989053,2.43949888937973,0,0,0,0,0,0,0,0,0.00380281690140845,0.00143167446501777
NO,NOR,Norway,2,2020-11-07,2020-11-06,100,2,17013.0146537638,2,17013.0146537638,32,100,8,0,779525.747234796,96,3,97,0,18,82,0,1,99,0,16,84,0,25,75,0,17,83,0,11,89,0,3,97,0,6,94,0,2,98,0,6,94,0,31,69,0,14,86,0,6,8,86,41,59,0,8,33,59,0,7,1,92,39,59,2,67,32,1,36,62,2,59,39,2,5,93,2,10,88,2,51,49,0,30,12,8,1,49,22,78,0,16,11,11,6,44,12,0,18,21,35,26,0,0,0,6,27,65,2,1,7,8,28,56,0,15,55,19,8,3,4,5,16,75,0,39,59,0,0,2,0,100,0,0,0,0,0,0,43,24,24,9,14.311142755429,33.9449923067624,16.3265306122449,12.6629322918274,2.77777777777778,1.6425639617465,0.02,0.0274394957835608,0.0218248271004696,0.000324352001884493,0.02,0.0274394957835608,0.0218248271004696,0.000324352001884493,0.00450704225352113,0.00155805874230045
NO,NOR,Norway,3,2020-11-07,2020-11-06,100,2,16274.020410202,2,16274.020410202,20,98,14,0,587654.57043671,96,2,98,0,11,89,0,3,97,0,17,83,0,29,71,0,20,80,0,16,84,0,4,96,0,7,93,0,2,98,0,7,93,0,23,77,0,12,88,0,7,5,88,42,57,1,14,28,58,0,13,1,86,38,62,0,80,20,0,40,60,0,63,37,0,2,98,0,11,89,0,58,42,0,39,10,6,3,42,25,75,0,6,11,12,14,49,8,0,19,22,32,27,0,1,1,4,12,82,0,2,4,6,17,71,0,20,51,22,6,1,2,5,16,77,0,36,61,0,1,2,0,0,100,0,0,0,0,0,46,26,24,4,13.9792899408284,27.2366872223271,20,10.5409255338946,2.98394097222222,1.52360052015515,0.02,0.0274394957835608,0.0276931742368788,0.00041954163685732,0.02,0.0274394957835608,0.0276931742368788,0.00041954163685732,0.00287438919229664,0.00125792167371867
NO,NOR,Norway,4,2020-11-07,2020-11-07,165,0,0,0,0,26,164,10,0,1162165.56995475,164,0,165,0,18,147,0,4,161,0,10,155,0,26,139,0,23,142,0,10,155,0,4,161,0,6,159,0,2,163,0,7,158,0,27,138,0,17,148,0,12,5,148,45,119,1,10,35,120,0,8,2,155,62,103,0,129,35,1,53,112,0,96,69,0,13,152,0,15,150,0,82,82,1,59,12,4,7,83,31,134,0,18,29,15,12,78,13,0,31,36,49,49,0,0,1,5,18,139,2,0,0,5,28,132,0,34,79,37,14,1,0,9,13,142,1,62,103,0,0,0,0,0,0,165,0,0,0,0,70,46,45,4,25.9313609467456,46.3019061901467,16.7578125,11.2180535995555,2.4556640625,1.31298411199022,0,0,0,0,0,0,0,0,0.00223290965304019,0.000857328292316044
NO,NOR,Norway,5,2020-11-07,2020-11-07,154,2,6528.88574655725,2,6528.88574655725,6,151,8,1,537042.163510485,152,3,150,1,11,142,1,5,148,1,12,141,1,32,121,1,24,130,0,9,144,1,3,150,1,9,144,1,6,147,1,3,150,1,21,132,1,8,145,1,5,3,146,38,114,2,8,30,116,1,5,1,147,49,105,0,115,39,0,54,100,0,79,74,1,12,141,1,24,130,0,66,88,0,45,11,4,6,88,41,113,0,14,21,9,12,85,13,0,36,35,39,44,0,0,1,6,17,127,3,0,2,8,18,126,0,24,73,38,18,1,1,3,15,135,0,70,81,0,0,3,0,0,0,0,154,0,0,0,57,38,55,4,30.6672822406894,41.156619946215,25.6666666666667,0,1.99546485260771,1.06423012493015,0.012987012987013,0.0178814940107662,0.0121571194780683,0.000293091469706455,0.012987012987013,0.0178814940107662,0.0121571194780683,0.000293091469706455,0.00055964928644716,0.000447679141399648
NO,NOR,Norway,6,2020-11-07,2020-11-07,142,0,0,0,0,10,138,5,0,608099.04776971,140,0,141,1,16,125,1,2,140,0,3,138,1,16,125,1,11,130,1,8,134,0,1,140,1,0,141,1,1,140,1,4,138,0,8,133,1,6,134,2,4,2,136,22,117,3,5,16,121,0,5,0,137,13,127,2,112,29,1,53,88,1,59,82,1,4,136,2,14,127,1,50,91,1,39,6,3,1,93,34,108,0,11,19,17,19,59,17,0,48,39,38,16,1,0,1,5,8,127,1,0,1,5,15,121,0,23,73,37,6,3,0,3,16,123,0,69,72,0,0,1,0,0,0,0,0,142,0,0,62,40,33,7,61.1388888888889,107.174057361978,88.75,67.9773246507,1.87775034293553,0.921162261950865,0,0,0,0,0,0,0,0,0.00102061645233721,0.000632250117430115
NO,NOR,Norway,7,2020-11-07,2020-11-06,100,0,0,0,0,6,100,3,0,378132.424418624,97,0,100,0,7,93,0,3,97,0,4,96,0,8,92,0,15,85,0,2,98,0,2,98,0,1,99,0,3,97,0,3,97,0,10,90,0,2,98,0,1,1,98,12,86,2,3,8,89,0,2,1,97,4,95,1,68,32,0,24,76,0,36,64,0,3,97,0,9,90,1,27,73,0,21,5,1,0,73,20,80,0,9,11,4,17,41,18,0,42,27,28,3,0,0,0,0,12,88,0,0,0,2,17,81,0,12,50,27,9,2,0,1,10,89,0,54,41,0,0,5,0,0,0,0,0,0,100,0,53,19,23,5,66.2551440329218,95.3566545240937,150,141.42135623731,1.75418741511996,0.709919241211801,0,0,0,0,0,0,0,0,0.000845070422535211,0.000675898970898153
NO,NOR,Norway,1,2020-11-08,2020-11-06,100,2,15694.6336777392,2,15694.6336777392,32,100,8,0,1085334.43729812,99,3,97,0,23,77,0,4,96,0,23,77,0,37,63,0,27,73,0,20,80,0,7,93,0,18,82,0,1,99,0,10,90,0,29,71,0,14,86,0,9,5,86,42,58,0,8,34,58,0,6,2,92,29,71,0,61,39,0,28,72,0,65,35,0,6,94,0,22,78,0,63,37,0,48,7,5,3,37,17,83,0,15,17,11,9,41,7,0,13,22,40,25,0,4,5,12,18,61,0,3,12,14,21,50,0,26,45,21,5,3,5,4,12,79,0,35,62,1,0,2,100,0,0,0,0,0,0,0,61,28,9,2,9.92647058823529,16.4217870247862,16.3265306122449,17.5922264632823,2.97587416303539,2.30942930603481,0.02,0.0274394957835608,0.014460642856602,0.000224593449610348,0.02,0.0274394957835608,0.014460642856602,0.000224593449610348,0.00450704225352113,0.00155805874230045
NO,NOR,Norway,2,2020-11-08,2020-11-07,100,0,0,0,0,27,99,10,0,712990.404993732,100,0,99,1,18,81,1,5,94,1,13,86,1,27,72,1,13,86,1,7,92,1,4,95,1,6,93,1,0,99,1,5,94,1,28,71,1,13,87,0,6,7,87,42,58,0,10,32,58,0,10,0,90,30,68,2,73,26,1,37,60,3,57,41,2,3,95,2,10,88,2,52,48,0,37,13,1,1,48,23,77,0,19,15,9,8,45,4,0,12,19,33,36,0,1,2,6,25,65,1,1,5,12,26,55,1,17,58,17,7,1,2,4,19,74,1,36,62,0,0,2,0,100,0,0,0,0,0,0,50,29,16,5,12.495867768595,24.2324589251519,18.75,22.508415934463,2.52821180555556,1.50947900164943,0,0,0,0,0,0,0,0,0.00384122919334187,0.00144610794226052
NO,NOR,Norway,3,2020-11-08,2020-11-08,100,1,2734.5425856014,1,2734.5425856014,23,99,15,0,622931.370134109,97,2,98,0,15,85,0,1,99,0,10,90,0,30,70,0,18,82,0,16,84,0,3,97,0,6,94,0,0,100,0,8,92,0,27,73,0,14,86,0,9,5,86,46,52,2,15,31,54,0,7,8,85,22,78,0,68,32,0,28,72,0,56,44,0,8,92,0,7,93,0,52,48,0,35,12,3,2,48,26,74,0,6,11,11,8,60,4,0,14,18,33,35,0,0,2,5,10,82,1,0,3,8,19,70,0,14,58,23,5,0,2,8,11,79,0,36,60,0,2,2,0,0,100,0,0,0,0,0,47,31,21,1,14.0043090181594,32.6931857543211,13.6094674556213,10.4880161508051,2.83215326947105,1.46177790371713,0.01,0.0195013954179879,0.00438979752298024,0.000164170417922261,0.01,0.0195013954179879,0.00438979752298024,0.000164170417922261,0.00327215820173567,0.00133507837220483
NO,NOR,Norway,4,2020-11-08,2020-11-08,184,7,26653.876654071,7,26653.876654071,36,184,17,2,717323.90777214,183,9,175,0,26,158,0,5,179,0,20,164,0,47,137,0,32,152,0,19,165,0,6,178,0,10,174,0,3,181,0,7,177,0,36,148,0,17,167,0,9,8,167,59,122,3,17,42,125,2,13,2,167,49,135,0,133,51,0,50,134,0,102,82,0,9,175,0,12,172,0,77,107,0,59,12,2,4,107,35,149,0,18,18,14,21,98,15,0,37,26,58,63,0,0,1,7,16,158,2,1,2,11,28,142,0,31,92,41,16,4,2,6,15,160,1,84,97,0,0,3,0,0,0,184,0,0,0,0,77,59,45,3,27.8691650230112,53.4759413156371,22.2837370242214,14.0448526954874,2.74296296296296,1.94336403432686,0.0380434782608696,0.0276412074057702,0.0371573794840499,0.000437714194250935,0.0380434782608696,0.0276412074057702,0.0371573794840499,0.000437714194250935,0.00275566442131047,0.000898926034925144
NO,NOR,Norway,5,2020-11-08,2020-11-08,140,1,4931.8583150357,1,4931.8583150357,23,138,6,1,478329.550752312,139,2,138,0,17,123,0,1,139,0,7,133,0,18,122,0,22,118,0,10,130,0,3,137,0,7,133,0,2,138,0,3,137,0,18,122,0,14,126,0,6,8,126,39,101,0,6,33,101,1,5,0,134,31,108,1,95,45,0,44,96,0,72,68,0,7,133,0,13,127,0,62,78,0,44,12,2,4,78,37,103,0,14,13,17,11,72,13,0,28,27,39,46,0,0,0,2,10,128,0,0,0,4,16,120,0,25,68,37,8,2,0,2,13,125,0,68,71,0,0,1,0,0,0,0,140,0,0,0,51,47,40,2,22.0297520661157,39.8131965520929,22.3611111111111,10.5039274360827,2.11937716262976,0.992647355480516,0.00714285714285714,0.0139496540611004,0.0103105867226454,0.000286269867545941,0.00714285714285714,0.0139496540611004,0.0103105867226454,0.000286269867545941,0.00234741784037559,0.000958217811616191
NO,NOR,Norway,6,2020-11-08,2020-11-08,139,1,2954.64240992528,0,0,15,139,0,0,607839.120945959,135,2,137,0,20,119,0,2,137,0,5,134,0,21,118,0,23,116,0,5,134,0,5,134,0,4,135,0,1,138,0,6,133,0,14,125,0,7,132,0,2,5,132,24,114,1,0,24,115,0,0,0,139,6,133,0,88,50,1,37,102,0,66,73,0,5,134,0,10,129,0,53,86,0,40,10,2,0,87,25,114,0,21,17,15,14,54,18,0,51,39,33,15,1,0,0,4,11,124,0,0,0,5,17,117,0,22,75,37,4,1,1,6,13,119,0,64,71,0,0,4,0,0,0,0,0,139,0,0,58,32,40,9,33.2391304347826,60.2801403126275,42.5510204081633,45.0317672128137,1.98218934911243,1.38429169827329,0.00719424460431655,0.0140496476855479,0.00486089543780445,0.000174845235644239,0,0,0,0,0.00151991083189786,0.000768582118358173
NO,NOR,Norway,7,2020-11-08,2020-11-07,100,0,0,0,0,6,99,3,0,402003.140981209,95,0,98,2,7,90,3,1,96,3,7,92,1,9,90,1,11,86,3,4,93,3,2,95,3,1,96,3,1,96,3,2,95,3,5,91,4,2,97,1,1,1,98,15,83,2,3,11,86,0,3,0,97,2,96,2,61,37,2,29,70,1,40,60,0,4,95,1,6,93,1,35,64,1,30,4,1,0,65,15,85,0,10,12,8,11,40,19,0,30,32,30,7,1,0,0,3,7,90,0,0,0,0,17,81,2,13,60,20,7,0,0,1,9,90,0,45,53,0,0,2,0,0,0,0,0,0,100,0,46,16,31,7,83.2644628099174,133.832103045794,150,141.42135623731,2.20987803405386,3.3591741025551,0,0,0,0,0,0,0,0,0.000853606487409304,0.000682723316861988
NO,NOR,Norway,1,2020-11-09,2020-11-07,100,3,20626.6497881542,3,20626.6497881542,20,97,6,0,884194.477617605,99,4,95,1,20,79,1,4,95,1,26,73,1,40,59,1,23,76,1,17,82,1,4,95,1,18,81,1,1,97,2,14,85,1,33,66,1,15,84,1,8,7,85,31,68,1,6,25,69,0,5,1,94,24,75,1,58,41,1,32,67,1,67,32,1,7,92,1,26,73,1,67,32,1,52,6,5,4,33,18,82,0,8,23,10,10,44,4,1,11,19,47,22,1,0,5,11,28,54,2,1,10,15,21,52,1,23,49,16,8,4,5,8,19,68,0,32,64,1,1,2,100,0,0,0,0,0,0,0,57,28,13,2,13.7156059651334,22.1146589039399,11.8343195266272,8.66616480229397,2.91210543097035,2.37621928396443,0.03,0.0334344809563718,0.0233281821028007,0.000314621913797889,0.03,0.0334344809563718,0.0233281821028007,0.000314621913797889,0.00290402207056774,0.00127087105391151
NO,NOR,Norway,2,2020-11-09,2020-11-08,100,3,25268.1583456519,3,25268.1583456519,24,100,11,0,720388.988888932,100,3,97,0,14,86,0,2,98,0,22,78,0,33,67,0,17,83,0,14,86,0,2,98,0,13,87,0,1,99,0,7,93,0,34,66,0,10,90,0,7,3,90,44,56,0,11,33,56,0,10,1,89,37,62,1,60,40,0,24,75,1,56,44,0,5,95,0,12,88,0,62,38,0,42,14,1,5,38,28,72,0,13,20,5,12,46,4,0,7,28,32,33,0,0,4,10,21,65,0,2,2,16,22,58,0,25,47,21,6,1,2,8,10,80,0,34,66,0,0,0,0,100,0,0,0,0,0,0,61,21,16,2,13.6160714285714,24.9734610992637,24,13.4989711542111,2.63238445056627,1.52588912749262,0.03,0.0334344809563718,0.0350757142812848,0.000424829277031877,0.03,0.0334344809563718,0.0350757142812848,0.000424829277031877,0.00338028169014085,0.00135008185654615
NO,NOR,Norway,3,2020-11-09,2020-11-09,103,1,7916.44924372034,1,7916.44924372034,31,101,7,1,666446.785891436,103,1,102,0,16,87,0,2,101,0,19,84,0,32,71,0,20,83,0,15,88,0,5,98,0,4,99,0,3,100,0,7,96,0,27,76,0,15,87,1,10,5,88,44,58,1,7,37,59,1,6,0,96,29,73,1,63,40,0,20,83,0,61,42,0,1,102,0,15,88,0,60,43,0,42,11,3,4,43,29,74,0,12,25,12,8,41,5,0,17,25,37,24,0,2,1,5,14,79,2,0,4,12,20,67,0,22,51,22,7,1,4,6,12,81,0,44,56,0,1,2,0,0,103,0,0,0,0,0,57,28,16,2,17.3834990593926,35.9161845524742,16.2908163265306,10.8659761740419,2.91804725026958,1.54006781641355,0.00970873786407767,0.018936178546626,0.0118785916765002,0.000260107564951758,0.00970873786407767,0.018936178546626,0.0118785916765002,0.000260107564951758,0.00432296750801841,0.00151847784585846
NO,NOR,Norway,4,2020-11-09,2020-11-09,141,2,6393.42411766237,1,2277.92016203859,22,140,9,0,626653.688886752,139,3,138,0,16,125,0,3,138,0,13,128,0,34,107,0,18,123,0,14,127,0,4,137,0,5,135,1,1,140,0,8,133,0,35,106,0,12,129,0,9,2,130,44,96,1,9,35,97,0,8,1,132,59,82,0,78,63,0,33,107,1,80,61,0,3,138,0,8,133,0,72,68,1,49,13,9,1,69,32,109,0,18,14,10,12,63,24,0,27,28,46,40,0,1,1,2,10,126,1,1,2,8,16,114,0,24,66,41,9,1,0,9,13,119,0,62,77,0,1,1,0,0,0,141,0,0,0,0,55,49,32,5,24.2637944066516,48.9949905000171,25.6363636363636,9.92892094209538,2.73407202216066,1.43075987884901,0.0141843971631206,0.0195182924087626,0.0102024838136998,0.000248805758556321,0.00709219858156028,0.0138510736925787,0.00363505426112675,0.000149004354230228,0.00221327967806841,0.000923829671578644
NO,NOR,Norway,5,2020-11-09,2020-11-09,179,1,1765.7599114703,0,0,16,177,11,0,572280.905439952,173,3,176,0,20,159,0,1,178,0,15,163,1,28,151,0,29,150,0,16,163,0,8,170,1,10,168,1,6,173,0,6,173,0,22,156,1,9,169,1,6,3,170,49,128,2,11,36,132,0,9,2,168,50,129,0,94,85,0,43,136,0,88,91,0,11,167,1,14,163,2,71,108,0,60,8,3,0,108,38,141,0,24,20,19,13,92,11,0,43,31,73,32,0,1,0,6,15,156,1,1,1,12,34,131,0,35,88,44,11,1,2,6,22,149,0,75,100,1,0,3,0,0,0,0,179,0,0,0,78,39,52,10,20.3398841017889,37.7565424182203,44.75,20.7152247324108,2.11207612456747,1.02129518818677,0.00558659217877095,0.0109188913802287,0.00308547759445659,0.000143692341921708,0,0,0,0,0.00127317577783083,0.000623447409189087
NO,NOR,Norway,6,2020-11-09,2020-11-09,153,0,0,0,0,22,151,3,0,622239.416797294,152,0,152,1,18,134,1,3,149,1,9,143,1,21,131,1,23,129,1,11,141,1,2,150,1,8,144,1,1,151,1,11,141,1,14,138,1,10,142,1,6,4,143,34,116,3,3,29,121,0,2,1,150,12,139,2,86,67,0,30,122,1,79,74,0,9,143,1,13,139,1,56,97,0,41,12,3,0,97,28,125,0,19,18,12,14,67,23,0,44,31,68,10,0,0,0,4,12,135,2,0,1,4,18,130,0,18,90,33,10,2,0,2,18,132,1,71,78,0,0,4,0,0,0,0,0,153,0,0,61,42,49,1,28.4045857988166,59.2282344516408,41.5555555555556,48.9109167546242,1.836,0.73799656244084,0,0,0,0,0,0,0,0,0.00205204738363959,0.000856600021917
NO,NOR,Norway,7,2020-11-09,2020-11-07,100,0,0,0,0,6,99,4,0,385236.480621424,96,0,98,2,8,88,4,1,96,3,9,90,1,13,86,1,10,87,3,4,93,3,2,95,3,2,95,3,0,97,3,2,95,3,3,93,4,2,97,1,1,1,98,15,83,2,4,11,85,0,4,0,96,1,97,2,61,37,2,28,71,1,49,51,0,5,94,1,10,90,0,35,64,1,28,6,1,0,65,13,87,0,10,15,9,9,37,20,0,28,38,26,7,1,0,0,3,9,87,1,0,0,3,16,79,2,12,58,24,6,0,0,2,10,87,1,47,52,0,0,1,0,0,0,0,0,0,100,0,46,16,31,7,81.25,115.463516625372,150,141.42135623731,2.29768968564575,3.47931398298358,0,0,0,0,0,0,0,0,0.000853606487409304,0.000682723316861988
NO,NOR,Norway,1,2020-11-10,2020-11-08,100,4,32827.1676738602,3,23520.1363313329,20,97,8,0,756775.454902742,100,5,94,1,17,82,1,4,95,1,33,66,1,42,57,1,20,79,1,15,84,1,5,94,1,15,84,1,0,98,2,14,85,1,40,59,1,16,83,1,8,8,84,34,65,1,8,26,66,0,7,1,92,26,73,1,66,33,1,34,65,1,61,38,1,8,91,1,38,61,1,64,35,1,46,8,4,6,36,15,85,0,12,22,9,15,39,2,1,16,16,41,26,1,0,3,11,26,56,4,2,7,13,25,52,1,30,47,15,5,3,4,6,26,64,0,28,68,1,1,2,100,0,0,0,0,0,0,0,57,33,9,1,12.6958936718905,20.148361442729,10.2040816326531,3.66823279295068,2.48954188348128,1.5428184579566,0.04,0.0384072934108425,0.0433776854959956,0.00045895278916824,0.03,0.0334344809563718,0.0310794122337856,0.000390971465842386,0.00290402207056774,0.00127087105391151
NO,NOR,Norway,2,2020-11-10,2020-11-09,100,2,9515.76621190884,2,9515.76621190884,20,100,11,0,682477.517772474,99,2,98,0,15,85,0,5,95,0,24,76,0,36,64,0,19,81,0,13,87,0,4,96,0,9,91,0,3,97,0,12,88,0,31,69,0,11,89,0,7,4,89,50,50,0,11,39,50,0,10,1,89,35,61,4,68,30,2,22,75,3,49,49,2,3,95,2,18,80,2,48,52,0,35,5,4,4,52,24,76,0,13,25,12,10,33,7,0,17,19,46,18,0,1,3,14,14,67,1,3,4,13,22,58,0,17,48,26,6,3,4,7,11,77,1,39,61,0,0,0,0,100,0,0,0,0,0,0,60,18,18,4,17.3333333333333,32.2189426215927,16.5289256198347,8.92408924740039,2.5350837483024,1.24909740704825,0.02,0.0274394957835608,0.0139429738916048,0.000278184315053152,0.02,0.0274394957835608,0.0139429738916048,0.000278184315053152,0.0028169014084507,0.00123279877629136
NO,NOR,Norway,3,2020-11-10,2020-11-10,109,4,58119.0166871872,3,53949.4329085946,36,109,12,1,695001.337579042,109,6,103,0,16,93,0,6,103,0,21,88,0,28,81,0,23,86,0,13,96,0,4,105,0,10,99,0,2,107,0,5,104,0,33,76,0,21,88,0,16,5,88,42,67,0,12,30,67,1,9,2,97,34,74,1,71,37,1,25,83,1,48,60,1,4,104,1,9,99,1,44,65,0,29,9,2,4,65,30,79,0,19,13,13,10,46,8,0,31,22,37,19,0,0,0,10,11,88,0,0,0,14,19,76,0,26,55,21,7,0,2,6,12,89,0,42,65,0,1,1,0,0,109,0,0,0,0,0,48,41,18,2,10.7226331360947,12.5608412284677,8.89795918367347,4.06810740939762,3.40833260546773,2.19959954928334,0.036697247706422,0.0352966094275844,0.0836243235007838,0.000650816201981434,0.0275229357798165,0.0307129762630489,0.0776249339267768,0.000629085492319715,0.00465176379377181,0.00151600984053914
NO,NOR,Norway,4,2020-11-10,2020-11-10,170,0,0,0,0,24,168,9,0,800059.97129824,170,0,170,0,14,156,0,1,169,0,18,152,0,29,141,0,36,134,0,17,153,0,5,165,0,12,158,0,3,167,0,6,164,0,32,138,0,16,154,0,10,6,154,57,113,0,9,47,114,0,9,0,161,63,107,0,118,51,1,42,127,1,86,84,0,8,162,0,13,157,0,78,92,0,46,18,12,2,92,34,136,0,26,23,17,17,74,13,0,35,36,58,40,1,1,1,6,16,145,1,1,1,14,25,129,0,27,88,46,7,2,0,5,23,142,0,78,88,0,0,4,0,0,0,170,0,0,0,0,72,58,37,3,18.659972299169,32.5167455298832,20.8163265306122,12.9812603214606,2.57263544536272,1.31029628303277,0,0,0,0,0,0,0,0,0.00201207243460765,0.000804171588424364
NO,NOR,Norway,5,2020-11-10,2020-11-10,153,0,0,0,0,20,151,6,1,520784.792583746,150,1,151,1,13,139,1,3,149,1,12,140,1,25,128,0,21,131,1,10,142,1,4,148,1,5,147,1,0,152,1,3,149,1,21,131,1,8,145,0,2,6,145,30,122,1,6,24,123,1,4,1,147,48,105,0,111,42,0,45,108,0,80,73,0,4,149,0,17,136,0,71,82,0,53,10,4,4,82,35,118,0,13,17,14,16,68,25,0,41,27,51,34,0,0,1,4,9,138,1,1,1,6,22,121,2,22,82,38,10,1,0,2,12,139,0,68,83,0,0,2,0,0,0,0,153,0,0,0,63,40,44,6,23.2941176470588,43.4102725712,80.75,91.8236080754835,2.06668252080856,1.04690279074903,0,0,0,0,0,0,0,0,0.00186549762149053,0.000816812408886277
NO,NOR,Norway,6,2020-11-10,2020-11-10,139,1,1576.41635312063,1,1576.41635312063,9,137,3,1,523927.475731268,136,1,136,2,12,125,2,1,136,2,9,128,2,19,119,1,14,123,2,8,129,2,2,135,2,5,132,2,1,136,2,6,131,2,15,122,2,8,131,0,6,2,131,24,115,0,3,20,116,1,2,0,136,9,128,2,94,45,0,35,104,0,58,81,0,6,133,0,13,126,0,49,90,0,43,5,1,0,90,34,105,0,24,17,7,9,63,19,0,43,39,50,7,0,1,0,1,8,126,3,1,0,3,17,117,1,21,69,36,9,4,0,2,14,123,0,65,72,0,0,2,0,0,0,0,0,139,0,0,61,32,40,6,37.7888161808447,62.3176305663956,34.75,19.3826239480394,1.81142793495211,0.632018121141056,0.00719424460431655,0.0140496476855479,0.00300884459422625,0.000148305765628139,0.00719424460431655,0.0140496476855479,0.00300884459422625,0.000148305765628139,0.000925259586717385,0.000604212101460223
NO,NOR,Norway,7,2020-11-10,2020-11-08,100,0,0,0,0,3,100,3,0,358473.007291834,98,0,98,2,7,90,3,2,96,2,8,91,1,15,85,0,9,89,2,2,96,2,0,98,2,3,96,1,1,97,2,2,96,2,5,94,1,3,97,0,2,1,97,16,84,0,3,13,84,0,3,0,97,6,94,0,63,36,1,23,77,0,44,56,0,4,96,0,8,92,0,29,71,0,24,4,1,0,71,10,90,0,14,15,10,8,34,19,0,36,32,23,7,2,0,0,2,8,89,1,0,0,7,7,85,1,13,52,25,10,0,0,1,10,88,1,57,42,0,0,1,0,0,0,0,0,0,100,0,40,28,26,6,81.8047337278107,103.103083318169,33.3333333333333,0,1.92005796401401,0.949465905019387,0,0,0,0,0,0,0,0,0.000422535211267606,0.000478033792144491
NO,NOR,Norway,1,2020-11-11,2020-11-09,100,5,38534.1343995897,4,29227.1030570625,26,98,8,0,866272.264990077,100,5,94,1,19,80,1,5,94,1,36,63,1,37,62,1,22,77,1,11,88,1,6,93,1,16,83,1,2,96,2,13,86,1,37,62,1,16,83,1,9,7,84,36,63,1,8,28,64,0,6,2,92,27,72,1,69,30,1,30,69,1,50,49,1,7,92,1,37,62,1,53,46,1,34,9,3,7,47,14,86,0,16,19,8,15,35,6,1,22,19,33,25,1,0,5,14,18,58,5,4,10,17,18,50,1,30,39,21,6,4,5,4,20,71,0,36,60,0,2,2,100,0,0,0,0,0,0,0,57,32,9,2,11.1836734693878,20.5944939540354,11.5555555555556,6.88530372659096,2.5926697209496,1.5238885023647,0.05,0.042716424707947,0.044482705907745,0.000434145956807873,0.04,0.0384072934108425,0.0337389343261467,0.000380218992492305,0.00373670594998563,0.00143363107281851
NO,NOR,Norway,2,2020-11-11,2020-11-10,100,1,11808.5489013862,1,11808.5489013862,22,99,9,0,731810.065167099,98,1,99,0,17,83,0,2,98,0,26,74,0,29,71,0,23,77,0,16,84,0,5,95,0,13,87,0,2,98,0,10,90,0,34,66,0,13,87,0,7,6,87,42,58,0,9,33,58,0,7,2,91,39,59,2,68,30,2,30,68,2,46,52,2,3,95,2,16,82,2,46,54,0,33,8,4,1,54,21,79,0,27,15,10,11,30,7,0,24,25,39,12,0,0,0,8,17,74,1,0,3,14,24,59,0,20,50,22,7,1,0,6,12,81,1,42,57,1,0,0,0,100,0,0,0,0,0,0,58,26,11,5,10.8610822060354,23.1346436329427,15.2777777777778,4.81125224324688,2.70551508844953,1.33223294586285,0.01,0.0195013954179879,0.0161360842976242,0.000288679201374692,0.01,0.0195013954179879,0.0161360842976242,0.000288679201374692,0.00312989045383412,0.00130582559021084
NO,NOR,Norway,3,2020-11-11,2020-11-10,100,2,9967.64817620027,2,9967.64817620027,15,100,7,1,754219.097011675,99,3,96,1,23,76,1,5,94,1,22,77,1,22,77,1,16,83,1,12,87,1,7,92,1,9,90,1,4,95,1,4,95,1,30,69,1,10,90,0,7,2,91,35,65,0,7,28,65,1,6,0,93,37,63,0,74,25,1,35,64,1,52,47,1,1,98,1,9,90,1,51,49,0,40,8,1,2,49,21,79,0,14,15,9,11,47,4,0,20,24,33,23,0,1,2,9,7,80,1,3,2,9,15,71,0,20,54,20,6,0,0,5,16,79,0,43,57,0,0,0,0,0,100,0,0,0,0,0,50,30,19,1,21.5363511659808,34.4601383967836,14,9.66091783079296,2.75482093663912,1.37515979611619,0.02,0.0274394957835608,0.0132158522844271,0.000257725860698435,0.02,0.0274394957835608,0.0132158522844271,0.000257725860698435,0.00211267605633803,0.00106801198126762
NO,NOR,Norway,4,2020-11-11,2020-11-11,129,2,4834.63836697242,2,4834.63836697242,31,127,17,1,569588.175801091,122,4,124,1,22,106,1,3,125,1,14,114,1,31,97,1,25,103,1,10,118,1,5,123,1,6,122,1,3,126,0,8,120,1,31,97,1,17,112,0,7,9,113,48,80,1,17,30,82,1,13,3,112,46,83,0,87,42,0,29,99,1,61,68,0,2,127,0,7,122,0,61,68,0,40,14,5,2,68,35,94,0,19,20,13,18,51,8,0,32,28,38,31,0,0,1,6,15,106,1,0,2,6,15,106,0,19,67,32,11,0,0,2,5,122,0,50,77,0,0,2,0,0,0,129,0,0,0,0,57,38,28,6,22.1012849584278,40.4525497890905,17.2,10.2789660402758,2.61768788419592,1.4360954474681,0.0155038759689922,0.0213196653743568,0.00848795423144589,0.000238241887077068,0.0155038759689922,0.0213196653743568,0.00848795423144589,0.000238241887077068,0.00343795053787291,0.0012081449434673
NO,NOR,Norway,5,2020-11-11,2020-11-11,132,0,0,0,0,10,129,3,0,550945.591549853,132,0,131,1,13,118,1,5,126,1,14,117,1,19,113,0,24,107,1,9,122,1,5,126,1,3,128,1,1,130,1,3,128,1,16,116,0,8,124,0,6,2,124,29,103,0,3,26,103,0,2,1,129,43,87,2,104,28,0,36,96,0,68,64,0,4,128,0,15,117,0,59,73,0,43,12,3,1,73,27,105,0,16,11,13,16,55,21,0,31,27,48,25,1,1,2,2,11,115,1,1,2,7,16,106,0,19,77,22,11,3,0,0,21,111,0,62,66,0,1,3,0,0,0,0,132,0,0,0,46,37,47,2,33.7656157049375,56.8320141904521,52.8,37.3352380466497,1.94339282495042,0.884733226061768,0,0,0,0,0,0,0,0,0.00109182225133748,0.000676336485309537
NO,NOR,Norway,6,2020-11-11,2020-11-11,135,1,5996.866588763,0,0,4,132,2,0,546483.529646671,130,1,129,5,19,113,3,5,126,4,6,126,3,16,114,5,20,112,3,11,120,4,2,129,4,3,129,3,2,129,4,7,124,4,12,118,5,3,129,3,2,1,132,26,107,2,2,23,110,0,2,0,133,14,119,2,93,42,0,42,90,3,68,65,2,8,125,2,10,122,3,46,89,0,39,6,0,1,89,17,118,0,13,13,14,13,61,20,1,44,33,49,9,0,0,0,6,11,116,2,0,1,2,13,119,0,16,72,35,11,1,0,0,8,127,0,62,71,0,0,2,0,0,0,0,0,135,0,0,57,29,39,10,50.8896700919416,71.426868548327,60,25.9807621135332,1.97548126951093,0.726252448565125,0.00740740740740741,0.0144643804875982,0.0109735541209088,0.000276208576423214,0,0,0,0,0.000426803243704652,0.000418170226292964
NO,NOR,Norway,7,2020-11-11,2020-11-10,100,0,0,0,0,4,100,3,0,396632.262356974,96,1,97,2,6,92,2,3,94,3,3,95,2,12,88,0,12,86,2,4,94,2,0,97,3,1,98,1,2,96,2,1,96,3,8,91,1,4,96,0,3,1,96,20,79,1,3,16,81,0,3,0,97,9,91,0,68,32,0,25,75,0,44,55,1,2,98,0,5,94,1,29,71,0,25,4,0,0,71,10,90,0,11,16,9,7,41,16,0,37,24,33,5,1,0,0,1,5,93,1,0,0,3,7,87,3,10,40,38,11,1,0,0,8,92,0,54,44,0,0,2,0,0,0,0,0,0,100,0,43,29,23,5,80.1775147928994,117.149034234692,25,0,2.24303387674876,3.47941782611329,0,0,0,0,0,0,0,0,0.000563380281690141,0.000551946987106018
NO,NOR,Norway,1,2020-11-12,2020-11-10,100,3,18331.0745467344,3,18331.0745467344,28,100,8,0,1009869.49881246,100,4,96,0,20,80,0,4,96,0,33,67,0,41,59,0,25,75,0,10,90,0,4,96,0,11,89,0,6,94,0,10,90,0,34,66,0,14,86,0,10,4,86,38,62,0,8,30,62,0,4,4,92,32,68,0,70,30,0,28,72,0,47,53,0,4,96,0,37,63,0,50,50,0,32,12,3,3,50,18,82,0,16,23,12,9,32,8,0,23,24,33,20,0,0,5,13,19,61,2,3,9,15,23,50,0,33,37,24,5,1,3,5,20,72,0,34,63,0,1,2,100,0,0,0,0,0,0,0,57,28,13,2,11.5510204081633,21.569231727143,14.2857142857143,7.41249316661101,2.47635242852588,1.48548283973807,0.03,0.0334344809563718,0.0181519241528638,0.000260374796855945,0.03,0.0334344809563718,0.0181519241528638,0.000260374796855945,0.00394366197183099,0.00145784284472626
NO,NOR,Norway,2,2020-11-12,2020-11-11,100,4,45161.4210426933,4,45161.4210426933,24,99,11,0,875786.868334383,97,4,96,0,21,79,0,3,97,0,27,73,0,32,68,0,27,73,0,19,81,0,8,92,0,13,87,0,2,98,0,11,89,0,41,59,0,12,88,0,10,2,88,43,57,0,11,32,57,0,8,3,89,35,65,0,65,35,0,22,78,0,45,55,0,4,96,0,15,85,0,43,57,0,31,8,3,1,57,23,77,0,25,21,5,10,32,7,0,20,32,34,14,0,0,2,9,17,72,0,0,3,10,25,62,0,28,42,25,5,0,2,6,15,77,0,42,58,0,0,0,0,100,0,0,0,0,0,0,52,29,14,5,11.2258953168044,22.7233520669959,19.8347107438017,9.80654345401079,2.50113173381621,1.45269308431158,0.04,0.0384072934108425,0.0515666798345397,0.000463166204462788,0.04,0.0384072934108425,0.0515666798345397,0.000463166204462788,0.00341442594963722,0.00136369568626246
NO,NOR,Norway,3,2020-11-12,2020-11-11,100,0,0,0,0,33,100,9,0,860233.143661239,99,3,97,0,18,82,0,2,98,0,19,81,0,33,67,0,23,77,0,21,79,0,5,95,0,8,92,0,3,97,0,6,94,0,27,73,0,12,88,0,6,6,88,43,57,0,9,34,57,0,5,4,91,48,51,1,66,34,0,31,69,0,52,48,0,1,99,0,9,91,0,52,48,0,38,11,2,1,48,18,82,0,16,14,9,11,43,7,0,16,23,36,25,0,1,2,6,10,80,1,2,3,7,15,72,1,15,56,20,8,1,2,5,10,83,0,39,59,1,0,1,0,0,100,0,0,0,0,0,45,28,26,1,14.6848989298454,26.5186691332515,22.9166666666667,16.713948085538,3.81091211995002,10.0370839507524,0,0,0,0,0,0,0,0,0.00464788732394366,0.00158210420029557
NO,NOR,Norway,4,2020-11-12,2020-11-12,119,1,3401.83815503974,1,3401.83815503974,11,115,6,0,613065.544807113,119,1,118,0,15,104,0,3,116,0,21,98,0,20,99,0,23,96,0,13,106,0,3,116,0,4,115,0,0,119,0,5,114,0,28,91,0,10,109,0,3,7,109,27,92,0,6,21,92,0,3,3,113,43,76,0,81,38,0,35,84,0,72,47,0,3,116,0,6,113,0,52,66,1,38,4,6,4,67,23,96,0,18,15,8,7,60,11,0,22,24,40,33,0,0,0,7,10,102,0,0,3,9,18,89,0,27,67,19,5,1,1,2,12,104,0,47,69,0,1,2,0,0,0,119,0,0,0,0,45,40,34,0,18.4655172413793,32.4633643870677,36.3611111111111,23.1860630232586,2.54708159836365,1.26432608640945,0.00840336134453782,0.0164009367054754,0.00554889796670933,0.000185947234128715,0.00840336134453782,0.0164009367054754,0.00554889796670933,0.000185947234128715,0.00134721371708512,0.000795601335658639
NO,NOR,Norway,5,2020-11-12,2020-11-12,115,1,4367.50099225326,1,4367.50099225326,5,115,9,0,582746.68347617,111,1,114,0,8,107,0,2,113,0,10,105,0,10,105,0,19,96,0,7,108,0,4,111,0,5,110,0,1,114,0,4,111,0,14,101,0,3,112,0,2,1,112,25,89,1,9,16,90,0,8,1,106,35,79,1,88,27,0,31,84,0,60,55,0,7,108,0,9,106,0,50,65,0,35,9,5,1,65,23,92,0,24,16,5,12,48,10,0,28,18,43,26,0,1,1,2,13,97,1,1,3,3,15,93,0,21,53,30,9,2,1,3,7,104,0,40,73,0,0,2,0,0,0,0,115,0,0,0,37,34,38,6,40.7414170927685,76.9384376872588,63.8888888888889,44.2635206378713,2.55131452528605,5.10025147909436,0.00869565217391304,0.0169689025724735,0.00749468185078373,0.000221437519487893,0.00869565217391304,0.0169689025724735,0.00749468185078373,0.000221437519487893,0.000612369871402327,0.000536591623686234
NO,NOR,Norway,6,2020-11-12,2020-11-12,110,0,0,0,0,2,109,0,0,649336.999223961,104,0,110,0,6,104,0,1,109,0,5,105,0,15,95,0,18,92,0,6,104,0,2,108,0,4,106,0,1,109,0,2,108,0,9,101,0,2,107,1,2,0,108,17,92,1,0,17,93,0,0,0,110,12,96,2,74,35,1,29,79,2,46,63,1,4,105,1,9,100,1,35,75,0,26,6,2,0,76,21,89,0,15,11,13,15,40,16,0,36,32,34,8,0,0,1,2,6,101,0,0,1,1,17,91,0,21,59,21,9,0,0,2,11,97,0,50,56,1,0,3,0,0,0,0,0,110,0,0,45,23,32,10,58.20451843044,93.1837994501124,55,0,1.96408529741863,0.568517337839053,0,0,0,0,0,0,0,0,0.000258431321876211,0.000358114674324724
NO,NOR,Norway,7,2020-11-12,2020-11-10,100,0,0,0,0,4,99,2,0,502417.143668034,95,2,97,1,4,95,1,2,96,2,2,96,2,12,87,1,12,87,1,4,95,1,0,98,2,3,97,0,1,98,1,0,98,2,7,92,1,5,95,0,4,1,95,19,80,1,2,16,82,0,2,0,98,9,90,1,70,30,0,33,66,1,47,51,2,3,96,1,6,92,2,32,68,0,27,4,0,1,68,10,90,0,11,14,10,5,45,15,0,29,28,37,5,1,1,0,2,4,92,1,0,1,3,8,86,2,12,39,39,9,1,1,1,8,90,0,49,50,0,0,1,0,0,0,0,0,0,100,0,51,24,21,4,66.8402777777778,113.31547684528,25,0,2.12765957446809,3.38575963882514,0,0,0,0,0,0,0,0,0.000569070991606203,0.000557520621952935
NO,NOR,Norway,1,2020-11-13,2020-11-11,100,2,12145.6733718789,2,12145.6733718789,32,100,5,0,1142420.70481026,100,3,97,0,26,74,0,5,95,0,31,69,0,41,59,0,25,75,0,13,87,0,4,96,0,13,87,0,7,93,0,10,90,0,38,62,0,16,84,0,10,6,84,35,65,0,5,30,65,0,2,3,95,33,66,1,72,27,1,28,71,1,46,53,1,2,97,1,32,67,1,48,52,0,31,9,4,4,52,22,78,0,18,23,14,5,31,9,0,23,22,35,20,0,0,5,13,17,64,1,2,10,18,22,48,0,36,32,26,3,3,4,4,17,75,0,34,63,0,1,2,100,0,0,0,0,0,0,0,52,30,15,3,12.8942670105138,24.5325243769723,12.5,6.45497224367903,2.67036011080332,1.50291382232899,0.02,0.0274394957835608,0.0106315242018448,0.000188066680275028,0.02,0.0274394957835608,0.0106315242018448,0.000188066680275028,0.00450704225352113,0.00155805874230045
NO,NOR,Norway,2,2020-11-13,2020-11-11,100,4,43167.4902849824,4,43167.4902849824,27,100,13,0,1081160.67599634,96,5,95,0,22,78,0,1,99,0,19,81,0,31,69,0,24,76,0,19,81,0,4,96,0,8,92,0,1,99,0,9,91,0,40,60,0,9,91,0,7,2,91,46,54,0,13,33,54,0,10,3,87,32,68,0,76,24,0,20,80,0,47,53,0,3,97,0,19,81,0,47,53,0,38,3,3,3,53,24,76,0,21,24,7,11,31,6,0,16,32,36,16,0,0,3,10,11,76,0,0,3,11,20,66,0,30,37,31,2,0,3,3,12,82,0,34,66,0,0,0,0,100,0,0,0,0,0,0,47,33,16,4,8.79928714635776,14.1359153905221,33.3333333333333,14.6986183948033,2.48480902777778,1.39647791861554,0.04,0.0384072934108425,0.0399269888772096,0.000369052694482053,0.04,0.0384072934108425,0.0399269888772096,0.000369052694482053,0.00380281690140845,0.00143167446501777
NO,NOR,Norway,3,2020-11-13,2020-11-12,100,2,14026.6473726106,0,0,27,100,11,0,1023683.7840692,100,4,96,0,17,83,0,2,98,0,15,85,0,21,79,0,19,81,0,17,83,0,2,98,0,9,91,0,4,96,0,5,95,0,26,74,0,13,87,0,9,4,87,44,56,0,11,33,56,0,7,4,89,43,56,1,67,33,0,24,75,1,53,46,1,2,97,1,12,88,0,47,53,0,32,13,1,1,53,20,80,0,20,13,8,17,37,5,0,22,18,39,21,0,0,1,5,8,85,1,1,2,10,12,75,0,19,50,22,9,0,2,6,8,84,0,42,57,0,0,1,0,0,100,0,0,0,0,0,51,29,20,0,11.0743801652893,15.2090734090063,15.9763313609467,11.0857952634291,2.95888174676054,1.51516886716186,0.02,0.0274394957835608,0.0137021291055856,0.000225197339057436,0,0,0,0,0.00380281690140845,0.00143167446501777
NO,NOR,Norway,4,2020-11-13,2020-11-13,131,1,6640.66878993575,0,0,19,129,8,0,740989.407635176,128,1,129,1,16,114,1,6,124,1,14,116,1,23,108,0,18,112,1,12,118,1,3,127,1,4,126,1,3,127,1,10,120,1,30,101,0,10,121,0,9,1,121,33,98,0,8,25,98,0,6,2,123,55,75,1,98,33,0,38,93,0,77,54,0,4,127,0,8,123,0,64,67,0,37,19,5,3,67,31,100,0,26,21,9,9,59,7,0,25,24,39,43,0,0,2,5,18,106,0,0,1,8,21,101,0,36,57,32,5,1,1,2,13,115,0,53,77,1,0,0,0,0,0,131,0,0,0,0,54,41,35,1,16.4942767950052,29.1691532913442,38.890625,17.3683103128946,2.69465648854962,1.30025518070044,0.00763358778625954,0.0149043425566953,0.00896189435572237,0.00021457898067322,0,0,0,0,0.00207446227754122,0.000931806854460946
NO,NOR,Norway,5,2020-11-13,2020-11-13,103,0,0,0,0,8,101,4,0,473333.738802372,101,0,103,0,8,95,0,1,102,0,5,98,0,16,87,0,11,92,0,6,97,0,2,101,0,5,98,0,1,102,0,2,101,0,14,89,0,4,97,2,1,3,99,20,83,0,4,16,83,0,4,0,99,35,67,1,78,25,0,29,74,0,54,49,0,1,102,0,12,91,0,44,59,0,27,8,5,4,59,19,84,0,18,13,11,7,40,14,0,26,19,30,28,0,1,0,0,12,90,0,0,1,0,16,86,0,20,56,19,8,0,0,3,8,91,1,39,63,0,0,1,0,0,0,0,103,0,0,0,46,28,26,3,17.188125,24.0667061675088,51.5,51.5,2.30581007913369,1.35539052009489,0,0,0,0,0,0,0,0,0.0011156045181983,0.000772628949010082
NO,NOR,Norway,6,2020-11-13,2020-11-13,103,0,0,0,0,1,102,6,0,626021.577564581,100,0,103,0,6,97,0,1,102,0,1,102,0,10,93,0,12,91,0,4,99,0,1,102,0,1,102,0,1,102,0,1,102,0,7,96,0,2,101,0,1,1,101,23,80,0,6,16,81,0,5,1,97,11,91,1,74,29,0,31,71,1,38,64,1,1,101,1,6,96,1,27,76,0,22,4,1,0,76,24,79,0,19,11,9,12,40,12,0,34,30,30,9,0,0,0,1,9,90,3,0,2,3,11,86,1,13,65,19,4,2,0,1,12,89,1,43,58,0,1,1,0,0,0,0,0,103,0,0,32,34,30,7,67.3461538461539,120.467251559189,103,0,2.00864265927978,1.25494904425065,0,0,0,0,0,0,0,0,0.000138083402375035,0.000270619809530604
NO,NOR,Norway,7,2020-11-13,2020-11-11,100,0,0,0,0,6,99,2,0,580511.121103393,96,2,97,1,6,93,1,1,97,2,1,97,2,12,87,1,13,86,1,5,94,1,0,98,2,2,98,0,3,96,1,0,98,2,8,91,1,5,95,0,4,1,95,17,82,1,2,14,84,0,2,0,98,5,94,1,76,23,1,37,62,1,46,52,2,4,95,1,7,91,2,25,75,0,21,3,0,1,75,11,89,0,15,13,11,6,44,11,0,30,29,37,3,1,1,0,1,4,93,1,0,1,4,9,84,2,14,39,39,5,3,1,1,10,87,1,46,53,0,0,1,0,0,0,0,0,0,100,0,51,28,18,3,55.84,104.259164265466,37.5,25,2.10526315789474,3.32162340720491,0,0,0,0,0,0,0,0,0.000853606487409304,0.000682723316861988
NO,NOR,Norway,1,2020-11-14,2020-11-12,100,2,13468.461990744,2,13468.461990744,22,100,8,0,1138157.11878961,100,2,98,0,28,72,0,6,94,0,27,73,0,44,56,0,25,75,0,18,82,0,3,97,0,16,84,0,4,96,0,7,93,0,34,66,0,10,90,0,5,5,90,39,61,0,8,31,61,0,5,3,92,43,56,1,77,22,1,35,64,1,50,49,1,1,98,1,30,69,1,54,46,0,41,8,3,2,46,17,83,0,18,30,13,4,31,4,0,19,18,37,26,0,2,3,12,21,61,1,5,7,13,30,45,0,41,33,21,2,3,3,3,22,72,0,32,64,0,1,3,100,0,0,0,0,0,0,0,53,24,15,8,12.8917245261775,25.3628570071814,22,6.32455532033676,3.30877913295496,4.68376149525233,0.02,0.0274394957835608,0.0118335700479274,0.000198664341642813,0.02,0.0274394957835608,0.0118335700479274,0.000198664341642813,0.00309859154929577,0.00129278762877007
NO,NOR,Norway,2,2020-11-14,2020-11-13,100,2,16346.5196253033,2,16346.5196253033,27,100,13,1,1021820.57405864,96,4,96,0,13,87,0,1,99,0,25,75,0,32,68,0,20,80,0,14,86,0,3,97,0,4,96,0,1,99,0,5,95,0,30,70,0,10,90,0,5,5,90,43,57,0,13,30,57,1,9,3,87,37,63,0,83,17,0,32,68,0,57,43,0,2,98,0,18,82,0,60,40,0,48,4,5,3,40,23,77,0,20,25,7,10,33,5,0,18,18,39,25,0,0,4,9,11,76,0,0,3,16,14,67,0,21,48,25,4,2,1,2,16,80,1,33,67,0,0,0,0,100,0,0,0,0,0,0,48,28,20,4,16.7584940312213,29.8365953008724,27,17.0293863659264,2.51523545706371,1.32344680585168,0.02,0.0274394957835608,0.0159974461664784,0.00024326756669387,0.02,0.0274394957835608,0.0159974461664784,0.00024326756669387,0.00380281690140845,0.00143167446501777
NO,NOR,Norway,3,2020-11-14,2020-11-13,100,1,9056.13468645181,0,0,20,100,11,0,880205.928611101,98,1,98,1,19,80,1,3,96,1,14,85,1,27,72,1,23,76,1,21,78,1,4,95,1,9,90,1,3,96,1,4,95,1,32,67,1,10,90,0,7,3,90,40,60,0,11,29,60,0,10,1,89,39,61,0,79,21,0,36,64,0,56,44,0,3,97,0,11,89,0,56,44,0,40,11,2,3,44,27,73,0,17,12,9,11,47,4,0,18,20,38,24,0,0,0,5,13,78,4,1,3,8,14,74,0,24,44,25,6,1,0,4,8,88,0,40,57,0,0,3,0,0,100,0,0,0,0,0,39,32,25,4,8.277344799785,12.1923806450945,20,10.5409255338946,3.36455081512314,1.56325171094002,0.01,0.0195013954179879,0.0102886544978647,0.000210809176843291,0,0,0,0,0.0028169014084507,0.00123279877629136
NO,NOR,Norway,4,2020-11-14,2020-11-14,141,2,8057.18812865146,2,8057.18812865146,78,138,8,0,713854.946806181,141,2,139,0,10,131,0,3,138,0,13,128,0,23,118,0,25,116,0,10,131,0,4,137,0,4,137,0,1,140,0,5,136,0,27,114,0,15,126,0,8,7,126,40,100,1,8,32,101,0,8,0,133,48,93,0,112,29,0,53,88,0,78,63,0,4,137,0,8,133,0,69,72,0,53,6,6,4,72,37,104,0,35,20,13,8,54,11,0,26,27,49,39,0,0,3,2,10,124,2,1,4,7,14,114,1,14,80,35,12,0,0,3,16,122,0,62,79,0,0,0,0,0,0,141,0,0,0,0,61,45,32,3,21.3947107438017,42.3617244511166,76.375,162.697100745247,2.84310018903592,2.78993642416006,0.0141843971631206,0.0195182924087626,0.0112868702033931,0.000245055819505238,0.0141843971631206,0.0195182924087626,0.0112868702033931,0.000245055819505238,0.00796080832823025,0.00175963411035768
NO,NOR,Norway,5,2020-11-14,2020-11-14,126,1,2641.47703328871,0,0,10,123,4,1,553224.997279187,124,1,123,2,13,113,0,0,125,1,5,121,0,15,110,1,13,113,0,9,116,1,4,121,1,0,125,1,1,124,1,3,122,1,16,109,1,7,119,0,5,2,119,30,96,0,4,26,96,1,3,0,122,35,91,0,95,31,0,37,89,0,67,59,0,1,125,0,4,122,0,50,76,0,41,6,2,1,76,26,100,0,33,15,10,8,44,16,0,38,30,32,26,0,0,1,2,11,111,1,0,1,2,20,103,0,30,65,21,8,2,0,1,18,107,0,50,73,0,1,2,0,0,0,0,126,0,0,0,49,37,37,3,49.1242603550296,88.5781041818456,78.75,60.3179077886493,2.21552150271873,1.05874812268665,0.00793650793650794,0.015493419494625,0.00477468850156761,0.000181647916816488,0,0,0,0,0.00114508187335394,0.000709309598800688
NO,NOR,Norway,6,2020-11-14,2020-11-14,110,0,0,0,0,2,109,4,0,662019.066861666,108,0,109,1,8,102,0,2,107,1,6,103,1,18,91,1,20,89,1,4,105,1,5,104,1,2,107,1,0,109,1,2,107,1,8,101,1,2,107,1,1,1,108,17,90,3,4,13,93,0,4,0,106,11,99,0,78,32,0,35,75,0,48,62,0,2,108,0,9,101,0,33,77,0,29,3,0,1,77,25,85,0,28,16,7,14,36,9,0,33,39,30,8,0,1,0,3,7,98,1,1,0,6,13,90,0,16,53,28,11,2,0,2,13,95,0,46,64,0,0,0,0,0,0,0,0,110,0,0,51,34,24,1,33.9540816326531,53.783173117755,27.5,38.8908729652601,2.03685911433313,3.38019068085857,0,0,0,0,0,0,0,0,0.000258431321876211,0.000358114674324724
NO,NOR,Norway,7,2020-11-14,2020-11-11,100,0,0,0,0,4,99,2,0,615506.19130992,95,2,97,1,6,93,1,2,97,1,2,97,1,13,86,1,14,84,2,2,97,1,0,98,2,2,98,0,3,96,1,0,99,1,6,92,2,3,97,0,2,1,97,13,86,1,2,10,88,0,2,0,98,5,92,3,76,23,1,45,54,1,37,61,2,3,96,1,7,92,1,21,79,0,20,0,0,1,79,14,86,0,15,14,13,7,41,10,0,33,30,33,3,1,1,0,1,4,92,2,0,1,4,9,85,1,16,43,32,6,3,1,1,9,88,1,43,56,0,0,1,0,0,0,0,0,0,100,0,47,33,16,4,60.4166666666667,116.401095251915,100,70.7106781186548,1.99185151652331,2.66235975202511,0,0,0,0,0,0,0,0,0.000569070991606203,0.000557520621952935
NO,NOR,Norway,1,2020-11-15,2020-11-13,100,2,32216.6218753405,2,32216.6218753405,39,100,8,1,1162884.94296022,100,2,98,0,24,76,0,7,93,0,31,69,0,33,67,0,23,77,0,21,79,0,7,93,0,19,81,0,2,98,0,9,91,0,33,67,0,14,86,0,4,10,86,41,59,0,8,33,59,1,6,1,92,39,60,1,78,21,1,38,61,1,53,46,1,3,96,1,26,73,1,59,41,0,48,7,3,1,41,18,82,0,20,24,12,4,37,3,0,18,17,39,26,0,4,4,12,26,53,1,8,9,12,29,42,0,34,36,22,4,4,3,5,20,72,0,31,64,0,1,4,100,0,0,0,0,0,0,0,48,30,15,7,15.6938775510204,29.9467069352207,19.8979591836735,16.137792512083,3.33175803402647,4.56858437206101,0.02,0.0274394957835608,0.027704049373389,0.000298298165249577,0.02,0.0274394957835608,0.027704049373389,0.000298298165249577,0.00549295774647887,0.00171919831648074
NO,NOR,Norway,2,2020-11-15,2020-11-14,100,1,6531.901481628,1,6531.901481628,28,100,11,1,941855.421895144,98,1,99,0,12,88,0,4,96,0,22,78,0,35,65,0,16,84,0,7,93,0,5,95,0,7,93,0,1,99,0,4,96,0,29,71,0,15,85,0,10,5,85,45,54,1,11,34,55,1,9,1,89,36,64,0,78,22,0,42,57,1,62,38,0,3,96,1,23,77,0,60,40,0,47,9,4,0,40,18,82,0,23,23,5,7,40,2,0,16,14,36,34,0,1,6,8,16,69,0,4,5,12,19,60,0,17,54,19,7,3,2,6,17,74,1,43,56,0,0,1,0,100,0,0,0,0,0,0,43,29,25,3,15.2083333333333,21.9262078864249,12.4444444444444,5.55872925221861,2.59279778393352,1.28288557498244,0.01,0.0195013954179879,0.00693514241122582,0.00016759940343835,0.01,0.0195013954179879,0.00693514241122582,0.00016759940343835,0.00394366197183099,0.00145784284472626
NO,NOR,Norway,3,2020-11-15,2020-11-14,100,1,4904.45652928308,0,0,19,99,5,0,732400.866619558,96,2,97,1,10,89,1,2,97,1,10,89,1,26,73,1,17,82,1,13,86,1,4,95,1,5,94,1,2,97,1,2,97,1,15,84,1,10,90,0,6,4,90,35,65,0,5,30,65,0,5,0,95,27,72,1,77,23,0,36,63,1,67,33,0,4,95,1,9,90,1,53,47,0,44,8,0,1,47,25,75,0,18,16,7,13,42,4,0,20,19,37,24,0,0,0,8,12,78,2,0,1,9,19,71,0,15,54,24,7,0,1,1,10,88,0,42,57,1,0,0,0,0,100,0,0,0,0,0,45,29,20,6,20.5103969754253,37.1242348903896,23.4567901234568,11.7121394821051,3.35538752362949,1.71031562289832,0.01,0.0195013954179879,0.00669641005740464,0.000186782287049188,0,0,0,0,0.00270308721012946,0.0012137900847937
NO,NOR,Norway,4,2020-11-15,2020-11-15,145,3,16777.5738423749,2,5877.1514707474,12,143,15,1,686592.750070514,143,5,140,0,26,119,0,2,143,0,15,130,0,31,114,0,27,118,0,14,130,1,6,139,0,8,137,0,2,143,0,10,135,0,31,114,0,8,136,1,4,4,137,51,90,4,15,36,94,1,11,3,130,28,117,0,102,43,0,56,88,1,81,63,1,7,137,1,11,134,0,71,74,0,61,7,3,0,74,34,111,0,26,13,10,10,72,14,0,42,23,45,35,0,0,3,6,12,122,2,1,3,8,21,112,0,20,83,30,11,1,1,4,10,130,0,54,91,0,0,0,0,0,0,145,0,0,0,0,71,34,33,7,20.2633700618113,43.4694785399285,35.5102040816327,19.7032158608064,2.86284394034867,2.17593520634319,0.0206896551724138,0.0231686584467335,0.0244359903897206,0.000365208891280607,0.0137931034482759,0.0189836231612155,0.00855987988533786,0.000217904181523988,0.00118191667487442,0.000668324721565489
NO,NOR,Norway,5,2020-11-15,2020-11-15,127,0,0,0,0,13,125,4,0,542734.808001294,123,0,124,3,11,114,2,0,124,3,6,119,2,11,113,3,13,112,2,4,120,3,1,123,3,4,120,3,0,125,2,6,118,3,11,113,3,6,120,1,0,6,121,29,97,1,4,25,98,0,4,0,123,17,108,2,78,48,1,38,88,1,78,49,0,4,123,0,11,116,0,59,68,0,53,6,0,0,68,32,95,0,18,17,10,14,56,12,0,19,24,51,33,0,0,0,6,6,115,0,0,0,3,16,108,0,18,61,41,6,1,1,3,13,110,0,48,78,0,0,1,0,0,0,0,127,0,0,0,48,44,31,4,35.2489795918367,63.9334699109826,55.88,72.7345310014439,2.682875,6.09195224191423,0,0,0,0,0,0,0,0,0.00146478873239437,0.000795670208367934
NO,NOR,Norway,6,2020-11-15,2020-11-14,100,0,0,0,0,2,99,5,0,617636.724286786,97,0,100,0,7,93,0,2,98,0,2,98,0,9,91,0,12,88,0,5,95,0,0,100,0,0,100,0,0,100,0,1,99,0,12,88,0,3,97,0,2,1,97,14,85,1,5,9,86,0,4,1,95,13,87,0,63,37,0,27,73,0,45,55,0,1,99,0,3,97,0,35,65,0,26,7,1,0,66,21,79,0,18,11,6,8,43,14,0,32,32,23,13,0,1,1,1,8,86,3,0,0,4,14,82,0,18,53,19,7,3,0,0,14,86,0,42,55,0,0,3,0,0,0,0,0,100,0,0,42,30,24,4,39.4097222222222,85.3468623102202,50,0,2.06094182825485,2.00144810823037,0,0,0,0,0,0,0,0,0.000284535495803101,0.000394282726107941
NO,NOR,Norway,7,2020-11-15,2020-11-12,100,0,0,0,0,4,98,1,0,697108.606158896,97,2,98,0,9,91,0,2,98,0,4,96,0,12,88,0,14,85,1,2,98,0,1,98,1,2,98,0,3,97,0,1,99,0,7,92,1,3,96,1,2,1,97,13,86,1,1,12,87,0,1,0,99,5,91,4,74,24,2,45,55,0,36,64,0,4,96,0,7,92,1,20,80,0,18,0,1,1,80,10,90,0,18,11,13,5,40,13,0,41,36,21,2,0,1,0,2,7,89,1,0,1,5,10,84,0,22,46,24,6,2,1,1,11,86,1,47,52,0,0,1,0,0,0,0,0,0,100,0,43,37,17,3,55.765595463138,104.54240894048,100,70.7106781186548,1.83340878225441,0.738432710682923,0,0,0,0,0,0,0,0,0.000574877838459327,0.000563207971721789
NO,NOR,Norway,1,2020-11-16,2020-11-14,100,2,32216.6218753405,2,32216.6218753405,35,100,12,1,1151234.85633906,100,2,98,0,19,81,0,7,93,0,31,69,0,33,67,0,25,75,0,21,79,0,8,92,0,19,81,0,1,99,0,8,92,0,25,75,0,12,88,0,2,10,88,47,53,0,12,35,53,1,10,1,88,41,59,0,69,31,0,37,63,0,56,44,0,6,94,0,18,81,1,56,44,0,44,8,2,2,44,20,80,0,22,23,11,8,32,4,0,15,25,37,23,0,4,3,14,29,49,1,9,4,14,31,42,0,30,40,21,7,2,2,10,20,68,0,32,63,1,1,3,100,0,0,0,0,0,0,0,45,26,23,6,16.66295388728,29.8785454172396,24.3055555555556,20.2441952440062,5.87369850611136,16.0716032070606,0.02,0.0274394957835608,0.0279844044835385,0.000301273391922867,0.02,0.0274394957835608,0.0279844044835385,0.000301273391922867,0.00492957746478873,0.00162911098911644
NO,NOR,Norway,2,2020-11-16,2020-11-15,100,2,10365.0048519056,2,10365.0048519056,31,100,7,0,911162.72185113,97,2,98,0,15,85,0,5,95,0,24,76,0,37,63,0,23,77,0,15,85,0,4,96,0,19,81,0,2,98,0,8,92,0,36,64,0,12,88,0,7,5,88,37,61,2,7,30,63,0,5,2,93,29,71,0,66,34,0,23,76,1,58,42,0,4,95,1,16,84,0,55,45,0,41,12,0,2,45,18,82,0,26,16,7,9,38,4,0,17,25,40,18,0,0,6,14,13,67,0,4,6,11,20,59,0,26,49,21,2,2,5,9,14,72,0,36,62,1,1,0,0,100,0,0,0,0,0,0,55,23,17,5,12.9935720844812,22.9996277829975,21.5277777777778,13.9707185366744,2.59167043911272,1.37391669328432,0.02,0.0274394957835608,0.0113755804570757,0.000217747195112922,0.02,0.0274394957835608,0.0113755804570757,0.000217747195112922,0.00436619718309859,0.00153362933015919
NO,NOR,Norway,3,2020-11-16,2020-11-15,100,0,0,0,0,12,100,5,0,728155.052954923,98,1,99,0,11,89,0,4,96,0,16,84,0,20,79,1,16,84,0,13,87,0,4,96,0,8,92,0,1,99,0,8,92,0,22,78,0,7,93,0,4,3,93,34,66,0,5,27,68,0,4,1,95,25,75,0,65,35,0,24,75,1,61,39,0,5,94,1,10,89,1,52,48,0,39,9,2,2,48,18,82,0,19,25,5,5,43,3,0,19,17,44,20,0,1,1,7,13,76,2,1,1,7,23,68,0,15,57,20,7,1,1,8,12,79,0,40,56,1,0,3,0,0,100,0,0,0,0,0,43,26,29,2,22.7252150294251,44.0176013884378,24.4897959183673,10.7989849431208,3.0104119511091,1.44370906478847,0,0,0,0,0,0,0,0,0.00169014084507042,0.000955461177500561
NO,NOR,Norway,4,2020-11-16,2020-11-16,160,1,11412.1955525672,0,0,21,159,11,0,663927.590794435,158,2,156,2,19,139,2,2,156,2,17,142,1,25,134,1,21,138,1,16,143,1,3,155,2,5,153,2,2,156,2,4,154,2,24,135,1,11,149,0,4,7,149,51,109,0,11,39,110,0,8,3,149,49,111,0,83,77,0,38,122,0,97,63,0,8,152,0,7,153,0,85,75,0,62,13,6,4,75,31,129,0,24,27,9,14,68,18,0,35,27,67,31,0,1,0,4,21,134,0,1,0,3,26,130,0,30,79,36,14,1,1,2,16,140,1,64,95,0,0,1,0,0,0,160,0,0,0,0,68,47,41,4,24.1831425598335,44.3036709909465,33.6,19.1555039958058,2.82284591396471,1.4197684538816,0.00625,0.0122114343557982,0.0171889159462581,0.000312641768986245,0,0,0,0,0.00186021791124103,0.000794873371050944
NO,NOR,Norway,5,2020-11-16,2020-11-16,134,1,3756.06848449525,1,3756.06848449525,10,133,11,1,538737.897414919,130,2,132,0,17,117,0,5,129,0,8,126,0,20,114,0,19,115,0,11,123,0,6,128,0,7,127,0,0,134,0,6,128,0,14,120,0,7,127,0,4,3,127,36,96,2,11,24,99,1,10,0,123,43,90,1,90,43,1,40,93,1,72,61,1,6,127,1,17,116,1,60,74,0,42,9,6,3,74,26,108,0,22,22,15,11,51,13,0,36,29,44,25,0,0,1,2,7,122,2,0,1,2,19,112,0,17,68,33,15,1,1,1,10,122,0,51,82,0,0,1,0,0,0,0,134,0,0,0,55,34,38,7,28.632987654321,47.0777478441521,37.2222222222222,18.2350903073859,2.50680272108844,4.70725045192184,0.00746268656716418,0.0145719178412448,0.00697197747275322,0.000222186704343437,0.00746268656716418,0.0145719178412448,0.00697197747275322,0.000222186704343437,0.00105898549189876,0.000656006320450368
NO,NOR,Norway,6,2020-11-16,2020-11-16,133,1,3369.96167826648,0,0,6,131,4,0,649720.976264116,129,2,130,1,13,118,2,6,125,2,4,127,2,23,108,2,20,111,2,11,121,1,2,129,2,3,128,2,0,131,2,3,128,2,13,118,2,5,128,0,2,3,128,26,103,4,4,21,108,0,4,0,129,17,115,1,74,58,1,29,103,1,64,69,0,6,126,1,12,120,1,51,82,0,39,9,2,1,82,23,110,0,25,16,14,13,50,15,0,38,32,54,9,0,0,0,0,11,122,0,0,0,0,15,118,0,18,75,28,11,1,0,3,12,118,0,47,85,0,0,1,0,0,0,0,0,133,0,0,59,36,31,7,33.0439049586777,55.6462844288052,88.6666666666667,44.3333333333333,1.8765116904058,0.783654355982128,0.0075187969924812,0.0146810661384107,0.00518678294433974,0.000174664424511428,0,0,0,0,0.000645091925599398,0.000516005043743918
NO,NOR,Norway,7,2020-11-16,2020-11-13,100,0,0,0,0,3,98,2,0,612311.014066575,94,1,99,0,9,90,1,3,96,1,4,96,0,11,89,0,13,86,1,3,97,0,1,98,1,1,99,0,3,96,1,2,97,1,5,93,2,1,97,2,1,0,99,12,87,1,2,10,88,0,2,0,98,4,90,6,70,28,2,41,57,2,42,58,0,3,96,1,10,88,2,28,72,0,25,2,1,0,72,14,86,0,21,11,13,7,36,12,0,43,34,21,2,0,0,0,2,7,87,4,0,0,3,12,84,1,15,50,26,7,2,0,1,12,87,0,50,48,0,0,2,0,0,0,0,0,0,100,0,42,34,16,8,88.4297520661157,138.025424660353,300,0,1.95061728395062,0.804190562690915,0,0,0,0,0,0,0,0,0.000431158378844496,0.00048778747978168
NO,NOR,Norway,1,2020-11-17,2020-11-15,100,2,27936.5581079033,2,27936.5581079033,34,100,14,1,1067263.75546185,100,3,97,0,15,85,0,6,94,0,35,65,0,29,71,0,25,75,0,17,83,0,7,93,0,19,81,0,2,98,0,8,92,0,26,74,0,12,88,0,2,10,88,52,48,0,14,38,48,1,12,1,86,37,63,0,71,29,0,29,71,0,52,48,0,5,95,0,24,75,1,46,54,0,35,5,2,4,54,22,78,0,24,21,9,9,30,7,0,15,32,35,18,0,4,3,16,25,49,3,6,9,18,23,44,0,29,43,16,9,3,2,10,20,68,0,27,69,1,1,2,100,0,0,0,0,0,0,0,43,25,28,4,14.4116906021668,20.5348346461285,23.6111111111111,20.6685401562024,5.26315789473684,15.3426896525205,0.02,0.0274394957835608,0.0261758707394818,0.000302902630473233,0.02,0.0274394957835608,0.0261758707394818,0.000302902630473233,0.0047887323943662,0.00160578295255821
NO,NOR,Norway,2,2020-11-17,2020-11-16,100,2,10365.0048519056,2,10365.0048519056,11,100,7,0,943409.684911467,99,2,98,0,18,82,0,4,96,0,26,74,0,36,64,0,18,82,0,21,79,0,8,92,0,15,85,0,2,98,0,6,94,0,33,67,0,7,93,0,2,5,93,38,61,1,7,31,62,0,6,1,93,40,60,0,73,27,0,22,78,0,43,57,0,3,97,0,17,83,0,48,52,0,40,4,0,4,52,22,78,0,24,18,7,9,37,5,0,22,19,43,16,0,0,5,9,14,71,1,1,6,10,20,63,0,25,57,18,0,0,5,7,9,79,0,42,56,1,1,0,0,100,0,0,0,0,0,0,55,30,12,3,10.9267097349076,17.710849546803,22.4489795918367,11.2399398924206,2.54012116059092,1.4659931535911,0.02,0.0274394957835608,0.0109867484059996,0.000210345667313388,0.02,0.0274394957835608,0.0109867484059996,0.000210345667313388,0.00154929577464789,0.000914848959976437
NO,NOR,Norway,3,2020-11-17,2020-11-16,100,1,4042.69047898029,1,4042.69047898029,15,100,10,0,737596.912746664,99,2,97,1,14,86,0,3,97,0,16,83,1,29,70,1,18,82,0,11,88,1,3,96,1,6,93,1,1,98,1,5,94,1,25,74,1,7,93,0,4,3,93,43,57,0,10,33,57,0,9,1,90,43,56,1,70,29,1,28,71,1,50,49,1,4,95,1,6,93,1,47,53,0,27,9,5,6,53,14,86,0,22,17,9,11,37,4,0,19,17,41,23,0,0,0,8,11,80,1,1,0,8,17,74,0,14,53,27,5,1,1,6,11,82,0,43,54,0,0,3,0,0,100,0,0,0,0,0,55,22,21,2,19.0688775510204,36.9746866332901,30.6122448979592,20.9121444203257,3.37950138504155,1.61689915126963,0.01,0.0195013954179879,0.00548089398032607,0.00016848871264096,0.01,0.0195013954179879,0.00548089398032607,0.00016848871264096,0.00211267605633803,0.00106801198126762
NO,NOR,Norway,4,2020-11-17,2020-11-17,151,2,7421.98378031853,1,2453.49278314957,25,148,10,1,749936.73428709,149,2,149,0,17,134,0,1,150,0,14,137,0,26,125,0,23,128,0,10,141,0,3,148,0,3,148,0,2,149,0,6,145,0,22,129,0,15,135,1,9,6,136,42,109,0,10,32,109,1,9,0,141,58,91,2,119,31,1,47,103,1,78,73,0,10,140,1,13,137,1,58,93,0,36,15,4,3,93,26,125,0,34,24,13,23,52,5,0,37,41,47,26,0,0,1,7,12,131,0,0,0,10,17,124,0,29,66,39,17,0,0,4,15,132,0,57,93,0,0,1,0,0,0,151,0,0,0,0,58,56,35,2,38.3864462809917,67.2776234653027,22.3372781065089,16.0538583926562,2.44726990504018,1.1825454096695,0.0132450331125828,0.0182343716434986,0.00989681321234926,0.000224039035021665,0.00662251655629139,0.0129368427609194,0.00327159968431461,0.000129242179351103,0.00237913970308337,0.000931495566269711
NO,NOR,Norway,5,2020-11-17,2020-11-17,135,0,0,0,0,12,135,12,0,539562.241556478,132,0,135,0,12,123,0,2,133,0,9,126,0,13,122,0,16,119,0,7,128,0,4,131,0,3,132,0,0,135,0,5,130,0,24,111,0,9,126,0,6,3,126,35,97,3,12,21,102,0,10,2,123,56,79,0,106,29,0,35,99,1,82,53,0,1,134,0,9,126,0,57,78,0,39,13,3,2,78,37,98,0,29,16,11,10,54,15,0,33,28,54,20,0,0,2,5,9,117,2,0,2,4,20,109,0,26,77,21,8,3,0,3,18,114,0,52,82,0,0,1,0,0,0,0,135,0,0,0,59,42,29,5,30.5568130375736,49.6400491130024,20,7.5,2.16836734693878,1.59474812253974,0,0,0,0,0,0,0,0,0.00125195618153365,0.000707904328234616
NO,NOR,Norway,6,2020-11-17,2020-11-17,128,0,0,0,0,3,128,5,0,594747.866211711,122,0,127,1,16,112,0,2,126,0,4,124,0,12,115,1,17,111,0,6,121,1,1,126,1,4,123,1,5,122,1,6,122,0,10,118,0,3,125,0,3,0,125,24,104,0,5,19,104,0,5,0,123,10,117,1,82,46,0,34,94,0,63,65,0,2,125,1,9,119,0,43,85,0,30,12,0,0,86,20,108,0,27,20,7,3,52,19,0,51,30,41,6,0,0,0,6,6,114,2,0,0,7,16,105,0,17,65,29,16,1,0,2,14,112,0,54,70,0,0,4,0,0,0,0,0,128,0,0,55,33,33,7,30.1275476660092,36.0779937089442,42.6666666666667,0,2.34410587873192,2.82459516293882,0,0,0,0,0,0,0,0,0.000330105633802817,0.000373481166564837
NO,NOR,Norway,7,2020-11-17,2020-11-15,100,0,0,0,0,2,97,1,0,573976.731207807,94,0,100,0,6,93,1,2,97,1,4,96,0,9,91,0,8,92,0,2,98,0,3,97,0,2,98,0,3,96,1,4,95,1,4,95,1,3,95,2,0,3,97,11,88,1,1,10,89,0,1,0,99,2,94,4,69,30,1,35,63,2,48,52,0,3,96,1,11,87,2,36,64,0,32,3,1,0,64,14,86,0,19,6,11,10,38,16,0,40,28,27,5,0,0,0,2,9,85,4,0,0,3,13,82,2,14,51,27,7,1,0,1,8,91,0,48,50,0,0,2,0,0,0,0,0,0,100,0,39,25,27,9,100.831024930748,142.281276719096,25,35.3553390593274,1.98176773682124,0.71609427467524,0,0,0,0,0,0,0,0,0.000290402207056774,0.000402411086096449
NO,NOR,Norway,1,2020-11-18,2020-11-17,100,3,12359.7450836597,3,12359.7450836597,29,100,9,0,629206.118292329,99,4,96,0,19,81,0,4,96,0,24,76,0,30,70,0,20,80,0,15,85,0,6,94,0,9,91,0,2,98,0,14,86,0,27,73,0,14,86,0,6,8,86,41,59,0,9,32,59,0,6,3,91,41,59,0,73,27,0,36,64,0,51,49,0,3,97,0,23,77,0,55,45,0,44,7,1,3,45,23,77,0,21,21,13,6,32,7,0,16,26,40,18,0,2,3,14,17,63,1,3,7,18,21,51,0,30,45,18,5,2,2,5,19,74,0,39,61,0,0,0,100,0,0,0,0,0,0,0,58,24,16,2,11.0269547783471,18.7320148932965,14.7959183673469,8.61904617350541,2.6814404432133,1.66625663565788,0.03,0.0334344809563718,0.0196433962168139,0.000342887734513123,0.03,0.0334344809563718,0.0196433962168139,0.000342887734513123,0.00408450704225352,0.00148354247666013
NO,NOR,Norway,2,2020-11-18,2020-11-18,127,1,6205.926132913,0,0,39,127,15,1,652176.890496033,121,2,125,0,24,103,0,4,123,0,23,104,0,35,92,0,28,99,0,24,103,0,8,119,0,15,112,0,6,121,0,8,119,0,31,96,0,15,112,0,8,7,112,56,71,0,15,41,71,1,10,4,112,51,75,1,94,33,0,33,94,0,73,54,0,4,122,1,19,108,0,66,61,0,45,13,3,5,61,30,97,0,33,17,12,11,46,8,0,15,31,53,28,0,3,2,9,16,97,0,4,2,7,33,81,0,36,61,23,6,1,3,6,16,102,0,53,71,0,1,2,0,127,0,0,0,0,0,0,68,30,25,4,14.2852107034129,20.8256579768897,22.0133333333333,9.49302835251151,2.73239532818797,1.52989852754544,0.0078740157480315,0.0153719081972501,0.00951570996051837,0.000235618714421443,0,0,0,0,0.00432516357990462,0.0013544940155125
NO,NOR,Norway,3,2020-11-18,2020-11-18,114,2,9989.80543309771,1,3476.75399032706,16,113,8,0,514564.858288166,111,4,110,0,16,97,1,3,111,0,22,92,0,27,87,0,19,95,0,12,102,0,7,107,0,9,105,0,1,113,0,8,105,1,34,80,0,10,104,0,7,3,104,52,62,0,8,43,63,0,8,0,106,50,63,1,88,26,0,33,81,0,61,53,0,3,111,0,13,101,0,60,54,0,41,6,10,3,54,28,86,0,18,19,9,12,53,3,0,21,24,46,23,0,2,2,8,13,89,0,2,6,10,16,80,0,11,63,27,11,2,3,2,12,97,0,45,68,0,0,1,0,0,114,0,0,0,0,0,50,34,25,5,20.40087890625,35.9373704081029,22.5185185185185,8.44444444444445,2.96724604768975,1.47823304064785,0.0175438596491228,0.0240998768411264,0.0194140840988081,0.00037698954690473,0.0087719298245614,0.0171170940046306,0.00675668758627121,0.000223832308346812,0.00199426648385891,0.000976197763407199
NO,NOR,Norway,4,2020-11-18,2020-11-18,214,1,3842.71178127125,1,3842.71178127125,45,213,16,1,777826.818313061,213,6,207,1,23,190,1,4,209,1,31,182,1,38,175,1,36,177,1,17,196,1,3,210,1,12,201,1,4,209,1,9,204,1,52,161,1,20,194,0,9,11,194,71,142,1,16,54,144,1,12,3,198,75,139,0,152,61,1,67,145,2,113,101,0,3,210,1,19,194,1,102,112,0,74,15,8,5,112,50,164,0,57,29,18,19,75,16,0,55,46,64,49,0,1,1,10,20,182,0,2,4,13,33,162,0,44,104,53,11,2,2,4,24,184,0,86,128,0,0,0,0,0,0,214,0,0,0,0,95,58,55,6,19.1628488129946,37.5739584049909,26.6759002770083,18.4731532483792,2.50712968797405,1.89833950058586,0.00467289719626168,0.00913728629526227,0.00494031793555957,0.000155814779331518,0.00467289719626168,0.00913728629526227,0.00494031793555957,0.000155814779331518,0.00297560007934934,0.000868099066402632
NO,NOR,Norway,5,2020-11-18,2020-11-18,152,1,1622.2365362965,0,0,8,152,3,0,462960.771185963,149,1,151,0,23,129,0,3,149,0,12,140,0,22,130,0,26,126,0,11,141,0,6,146,0,11,141,0,2,150,0,9,143,0,25,127,0,7,145,0,7,0,145,34,117,1,3,31,118,0,3,0,149,52,98,2,106,46,0,46,105,1,84,67,1,8,143,1,16,135,1,67,85,0,36,20,10,1,85,40,112,0,31,23,20,14,53,11,0,42,27,54,29,0,0,3,6,12,129,2,0,1,8,20,123,0,26,70,44,11,1,1,5,12,134,0,57,90,0,0,5,0,0,0,0,152,0,0,0,57,46,44,5,27.4205089443185,52.2940301832249,24.8163265306122,8.20722855677179,2.11726595400065,1.13743642725353,0.00657894736842105,0.0128520137864186,0.00350404750739642,0.000170215363651309,0,0,0,0,0.000741289844329133,0.000513487787584567
NO,NOR,Norway,6,2020-11-18,2020-11-18,160,0,0,0,0,3,159,4,0,601311.800547715,155,0,160,0,15,144,1,6,154,0,6,153,1,16,144,0,20,139,1,7,153,0,2,158,0,4,155,1,0,160,0,1,158,1,14,146,0,3,156,1,2,1,157,24,132,4,4,19,137,0,4,0,156,16,144,0,120,40,0,42,118,0,76,84,0,8,152,0,18,142,0,50,110,0,41,5,4,0,110,29,131,0,35,15,15,15,60,20,0,57,44,52,7,0,0,1,5,11,141,2,0,1,7,18,133,1,20,96,33,8,3,0,0,14,146,0,69,87,0,0,4,0,0,0,0,0,160,0,0,72,37,47,4,42.0345679012346,61.3048161554282,53.3333333333333,0,1.71557947797856,0.773826263005846,0,0,0,0,0,0,0,0,0.000265745415891576,0.000300673762217625
NO,NOR,Norway,7,2020-11-18,2020-11-16,100,1,2878.06457124037,0,0,6,99,3,0,458610.984897695,95,1,99,0,12,88,0,2,98,0,2,98,0,18,82,0,11,89,0,2,98,0,4,96,0,3,97,0,3,97,0,2,98,0,5,95,0,5,95,0,0,5,95,12,87,1,3,9,88,0,3,0,97,3,97,0,69,31,0,36,64,0,46,54,0,2,98,0,8,92,0,33,67,0,25,5,2,1,67,16,84,0,17,8,9,9,41,16,0,30,28,35,7,0,0,0,0,10,87,3,0,0,2,13,83,2,16,55,22,6,1,0,1,6,92,1,54,44,0,0,2,0,0,0,0,0,0,100,0,45,21,25,9,56.7901234567901,82.2740526045891,31.25,23.9356776939085,1.87654320987654,0.792607760403403,0.01,0.0195013954179879,0.00627561193695,0.000228552975119653,0,0,0,0,0.000853606487409304,0.000682723316861988
NO,NOR,Norway,1,2020-11-19,2020-11-18,100,3,14699.7607320444,3,14699.7607320444,27,99,7,0,676993.234633031,99,4,96,0,17,83,0,1,99,0,28,72,0,28,72,0,16,84,0,11,89,0,11,89,0,13,87,0,2,98,0,9,91,0,37,63,0,12,87,1,6,6,88,36,64,0,7,29,64,0,5,2,93,38,62,0,75,25,0,32,68,0,50,50,0,1,99,0,27,73,0,56,44,0,42,10,2,2,44,26,74,0,24,18,13,6,33,6,0,17,25,38,20,0,2,0,19,23,55,1,3,11,18,23,45,0,29,42,20,7,2,2,7,16,75,0,36,63,0,0,1,100,0,0,0,0,0,0,0,59,21,16,4,9.73370064279155,18.5777797072984,18.75,10.7338085722006,3.10249307479224,4.41114557079194,0.03,0.0334344809563718,0.0217133052149517,0.000347177817511653,0.03,0.0334344809563718,0.0217133052149517,0.000347177817511653,0.00384122919334187,0.00144610794226052
NO,NOR,Norway,2,2020-11-19,2020-11-18,100,1,2455.40644825268,1,2455.40644825268,49,100,13,1,596269.359453213,99,1,99,0,21,79,0,5,95,0,28,72,0,30,70,0,16,84,0,15,85,0,2,98,0,10,90,0,7,93,0,5,95,0,26,74,0,15,85,0,8,7,85,45,54,1,13,32,55,1,10,2,87,46,54,0,70,30,0,22,78,0,52,48,0,0,100,0,14,86,0,51,49,0,37,10,2,2,49,24,76,0,29,17,3,6,36,9,0,25,23,37,15,0,0,0,6,18,76,0,0,2,17,21,60,0,22,52,22,4,0,2,1,13,84,0,36,62,0,0,2,0,100,0,0,0,0,0,0,43,29,25,3,16.89453125,25.1497175536974,21.7777777777778,16.2259182569253,2.52821180555556,1.77386087728889,0.01,0.0195013954179879,0.00411794838913796,0.000162544113750855,0.01,0.0195013954179879,0.00411794838913796,0.000162544113750855,0.00690140845070423,0.0019256793146039
NO,NOR,Norway,3,2020-11-19,2020-11-19,137,0,0,0,0,24,134,13,0,707847.648034211,137,0,136,1,25,111,1,2,134,1,25,111,1,29,107,1,28,108,1,18,118,1,4,132,1,10,126,1,0,136,1,4,132,1,31,105,1,13,123,1,10,3,124,48,89,0,13,35,89,0,12,1,124,51,84,2,98,38,1,46,90,1,59,76,2,5,130,2,11,124,2,63,74,0,42,9,5,7,74,38,99,0,21,19,16,11,63,7,0,32,30,42,32,1,1,4,6,20,105,1,3,4,20,25,85,0,32,66,29,9,1,4,7,22,104,0,53,81,0,0,3,0,0,137,0,0,0,0,0,63,35,36,3,19.0240031739734,34.7573409306922,27.1735537190083,17.4525308754756,3.16767482616315,1.90875402746062,0,0,0,0,0,0,0,0,0.00252259827622451,0.00100795721398887
NO,NOR,Norway,4,2020-11-19,2020-11-19,163,0,0,0,0,59,162,11,0,794061.333631349,160,0,163,0,16,147,0,0,163,0,26,137,0,32,131,0,32,131,0,12,151,0,4,159,0,5,158,0,2,161,0,7,156,0,35,128,0,20,142,1,11,9,143,51,111,1,11,40,112,0,9,2,152,71,92,0,116,46,1,46,117,0,85,77,1,8,155,0,19,144,0,80,83,0,53,15,7,5,83,38,125,0,37,26,19,10,58,13,0,36,32,59,36,0,0,1,9,15,138,0,0,3,14,25,121,0,33,88,34,6,2,1,4,18,140,0,58,102,0,1,2,0,0,0,163,0,0,0,0,65,60,33,5,16.907572946534,33.2188694704133,24.0425,32.9705421750354,2.7613319458897,1.32991813361989,0,0,0,0,0,0,0,0,0.00512954268822813,0.00130552141737994
NO,NOR,Norway,5,2020-11-19,2020-11-19,158,5,20508.178813037,0,0,7,154,13,0,571666.603478793,156,7,151,0,27,131,0,7,151,0,12,146,0,25,133,0,30,128,0,20,138,0,2,156,0,7,151,0,1,157,0,6,152,0,25,133,0,8,150,0,5,3,150,48,107,3,13,35,110,0,11,2,145,55,103,0,103,54,1,42,115,1,76,82,0,1,157,0,16,142,0,58,100,0,35,13,5,5,100,36,122,0,33,22,17,15,51,20,0,39,29,66,24,0,1,2,7,8,140,0,0,2,9,23,124,0,29,74,39,13,3,0,0,15,143,0,61,95,0,1,1,0,0,0,0,158,0,0,0,72,44,38,4,18.9520202020202,21.3249671663852,69.125,19.75,2.14815139686856,1.09268382211705,0.0316455696202532,0.0272956334959191,0.0358743692359104,0.000482098334727584,0,0,0,0,0.000640204865556978,0.000474109850016128
NO,NOR,Norway,6,2020-11-19,2020-11-19,141,0,0,0,0,3,141,3,0,607946.197481062,137,2,137,2,9,130,2,2,137,2,5,134,2,10,129,2,21,118,2,4,135,2,5,134,2,2,137,2,0,139,2,6,133,2,11,128,2,3,138,0,0,3,138,23,115,3,3,20,118,0,2,1,138,14,124,3,110,30,1,51,89,1,74,65,2,8,130,3,7,132,2,59,82,0,46,9,2,2,82,27,114,0,27,16,15,17,55,11,0,54,34,41,12,0,0,0,3,19,117,2,0,0,1,24,115,1,24,76,36,4,1,0,1,13,127,0,65,73,0,0,3,0,0,0,0,0,141,0,0,55,38,42,6,26.881665449233,73.9268156130713,47,0,1.87741046831956,0.814906687931391,0,0,0,0,0,0,0,0,0.000299670362601139,0.000339051893922166
NO,NOR,Norway,7,2020-11-19,2020-11-17,100,1,2878.06457124037,0,0,6,100,2,0,439010.948031532,96,1,99,0,11,89,0,1,98,1,3,97,0,17,83,0,11,89,0,2,98,0,4,96,0,5,95,0,1,99,0,2,98,0,8,92,0,4,96,0,0,4,96,14,84,2,2,12,86,0,2,0,98,7,93,0,71,29,0,29,71,0,44,56,0,1,99,0,7,93,0,29,71,0,21,5,2,1,71,18,82,0,20,9,11,9,36,15,0,35,26,31,8,0,0,1,1,7,90,1,0,0,3,11,85,1,21,46,24,8,1,0,0,6,93,1,47,48,0,1,4,0,0,0,0,0,0,100,0,43,21,29,7,47.6813317479192,75.6101334200104,31.25,23.9356776939085,1.87654320987654,0.826869554198238,0.01,0.0195013954179879,0.00655579225107082,0.000238723266243273,0,0,0,0,0.000845070422535211,0.000675898970898153
NO,NOR,Norway,1,2020-11-20,2020-11-19,100,3,17973.9063462221,2,11121.6307978431,65,99,12,1,710851.277654499,100,3,96,1,20,80,0,5,94,1,29,70,1,38,62,0,21,78,1,18,82,0,7,92,1,16,83,1,4,95,1,7,92,1,44,56,0,16,84,0,8,8,84,49,51,0,12,37,51,1,9,2,88,47,53,0,74,26,0,30,70,0,54,46,0,1,99,0,29,71,0,55,45,0,42,10,2,1,45,22,78,0,23,21,11,10,31,4,0,18,31,32,19,0,1,3,17,25,52,2,4,9,19,27,41,0,28,44,17,8,3,3,8,15,74,0,43,55,0,0,2,100,0,0,0,0,0,0,0,56,18,22,4,13.8200183654729,27.1097371923877,28.8888888888889,43.1068562783353,3.76519097222222,7.93074952347389,0.03,0.0334344809563718,0.0252850447220524,0.000364946661154371,0.02,0.0274394957835608,0.0156455100348693,0.000288489056193816,0.0092474036136008,0.00223765864500534
NO,NOR,Norway,2,2020-11-20,2020-11-19,100,3,12164.4430164298,0,0,17,100,13,2,619329.33492199,99,4,96,0,18,82,0,4,96,0,19,81,0,34,66,0,20,80,0,19,81,0,1,99,0,4,96,0,3,97,0,6,94,0,20,80,0,10,90,0,5,5,90,37,62,1,13,23,64,2,10,1,87,33,67,0,78,22,0,29,71,0,62,38,0,6,94,0,18,82,0,57,43,0,48,3,2,4,43,21,79,0,28,12,8,6,41,5,0,17,21,43,19,0,1,3,15,13,68,0,2,7,12,26,53,0,24,52,17,6,1,2,4,18,76,0,32,65,1,1,1,0,100,0,0,0,0,0,0,60,17,21,2,10.1456815816857,22.767578390032,17,13.3749350984926,2.42607246980425,2.05400381603519,0.03,0.0334344809563718,0.0196413157435244,0.000345593093060535,0,0,0,0,0.0023943661971831,0.00113682508874931
NO,NOR,Norway,3,2020-11-20,2020-11-20,106,1,5105.53175445353,1,5105.53175445353,25,106,8,0,627753.620903344,103,2,104,0,13,93,0,3,103,0,20,86,0,31,75,0,17,89,0,7,99,0,3,103,0,7,99,0,1,105,0,3,103,0,21,85,0,11,95,0,7,4,95,49,57,0,8,41,57,0,6,2,98,41,64,1,84,22,0,38,68,0,51,55,0,2,104,0,10,96,0,53,53,0,37,10,3,3,53,18,88,0,21,19,10,8,41,7,0,24,22,36,23,1,0,1,12,12,80,1,0,3,6,26,70,1,21,61,14,9,1,0,2,11,92,1,42,60,0,1,3,0,0,106,0,0,0,0,0,52,29,20,5,24.0453686200378,45.0338776131156,21.900826446281,11.4756986892176,2.98500153045608,1.49299010503557,0.00943396226415094,0.0184028015418055,0.00813301840793306,0.000222180567667076,0.00943396226415094,0.0184028015418055,0.00813301840793306,0.000222180567667076,0.0033218176986447,0.00129996409455101
NO,NOR,Norway,4,2020-11-20,2020-11-20,180,0,0,0,0,40,177,15,0,695158.496389336,179,0,180,0,25,155,0,6,174,0,19,161,0,36,144,0,23,157,0,17,163,0,4,176,0,6,174,0,0,180,0,6,174,0,28,152,0,19,161,0,11,8,161,68,110,2,15,52,113,0,15,0,165,72,107,1,134,45,1,56,123,1,89,90,1,2,177,1,14,165,1,92,88,0,57,20,11,4,88,49,131,0,38,21,23,9,75,14,0,43,38,52,47,0,0,0,6,19,155,0,0,1,7,27,145,0,31,97,38,14,0,0,7,15,158,0,67,111,0,0,2,0,0,0,180,0,0,0,0,81,48,47,4,22.8780131482834,34.0062260713267,28.125,29.3364108234119,2.90872364600429,2.77540712103445,0,0,0,0,0,0,0,0,0.00318293944457707,0.000984813974893028
NO,NOR,Norway,5,2020-11-20,2020-11-20,162,1,2692.15612185298,1,2692.15612185298,6,159,12,1,516944.892444929,160,2,160,0,16,146,0,1,161,0,12,150,0,26,136,0,18,144,0,17,145,0,3,159,0,4,158,0,1,160,1,3,159,0,18,144,0,8,154,0,5,3,154,47,113,2,12,34,116,1,10,1,150,61,101,0,132,30,0,55,107,0,83,77,2,4,158,0,15,147,0,68,93,1,51,7,6,4,94,21,141,0,43,20,7,14,59,19,0,35,33,44,49,1,1,2,4,12,141,2,2,1,5,24,130,0,28,72,47,14,1,2,0,14,146,0,59,103,0,0,0,0,0,0,0,162,0,0,0,75,46,36,5,29.8961937716263,54.5287284534067,38.88,14.4897204941986,1.97925012017305,1.44593350422647,0.00617283950617284,0.0120611441281663,0.00520782033287964,0.000196209551178747,0.00617283950617284,0.0120611441281663,0.00520782033287964,0.000196209551178747,0.000531490831783152,0.000425160393880632
NO,NOR,Norway,6,2020-11-20,2020-11-20,151,1,2935.52036870448,0,0,9,149,4,0,571188.487141545,146,2,146,3,16,135,0,1,150,0,3,145,3,24,126,1,14,135,2,8,140,3,1,148,2,2,147,2,1,148,2,5,144,2,20,130,1,7,143,1,4,3,144,25,121,5,4,21,126,0,4,0,147,14,135,2,107,43,1,54,95,2,73,77,1,4,147,0,8,143,0,43,108,0,33,5,4,0,109,28,123,0,37,19,10,6,60,19,0,44,32,62,12,1,0,0,3,14,133,1,1,0,1,14,135,0,20,78,36,16,1,0,4,12,135,0,56,92,0,0,3,0,0,0,0,0,151,0,0,69,34,42,6,41.1998685075608,70.5445923217897,37.75,13.7843510305467,1.84897959183673,0.700139241677279,0.00662251655629139,0.0129368427609194,0.00513931991765975,0.000185435264528351,0,0,0,0,0.000850742036109273,0.000555571442084516
NO,NOR,Norway,7,2020-11-20,2020-11-18,100,1,2878.06457124037,0,0,4,99,3,0,500055.267129862,98,1,99,0,12,88,0,3,96,1,5,95,0,18,82,0,9,91,0,4,96,0,1,99,0,6,94,0,1,99,0,1,99,0,9,91,0,4,96,0,1,3,96,19,79,2,3,16,81,0,3,0,97,8,91,1,72,28,0,33,67,0,43,57,0,1,99,0,10,90,0,29,71,0,22,6,0,1,71,17,83,0,29,13,12,8,27,11,0,49,21,26,4,0,0,1,2,6,88,3,0,0,2,8,89,1,19,44,26,9,2,0,0,5,94,1,49,45,0,1,5,0,0,0,0,0,0,100,0,42,25,28,5,39.7146254458978,71.1932124022234,44.4444444444444,19.2450089729875,1.84472612041648,0.85698483556553,0.01,0.0195013954179879,0.00575549296332669,0.000209665489196262,0,0,0,0,0.000569070991606203,0.000557520621952935
NO,NOR,Norway,1,2020-11-21,2020-11-20,100,2,13741.2636614854,2,13741.2636614854,75,99,10,1,765749.713354571,95,2,97,1,19,81,0,5,94,1,28,71,1,45,55,0,27,72,1,25,75,0,7,92,1,21,78,1,6,93,1,8,91,1,35,65,0,18,82,0,13,5,82,59,41,0,10,49,41,1,8,1,90,43,57,0,77,23,0,38,62,0,62,38,0,4,96,0,35,65,0,64,36,0,53,9,2,0,36,19,81,0,26,22,13,12,24,3,0,14,27,42,17,0,3,6,7,28,54,2,5,6,18,31,40,0,32,50,11,6,1,4,8,12,76,0,40,59,0,1,0,100,0,0,0,0,0,0,0,50,25,15,10,11.3715277777778,20.2189794502591,25.9515570934256,36.856287318714,3.97677060977149,8.90064084291474,0.02,0.0274394957835608,0.0179448498926472,0.000297332596385726,0.02,0.0274394957835608,0.0179448498926472,0.000297332596385726,0.0106700810926163,0.00240190458352965
NO,NOR,Norway,2,2020-11-21,2020-11-21,123,1,3706.81118853452,1,3706.81118853452,62,122,16,0,650121.734289981,122,3,120,0,15,108,0,5,118,0,29,94,0,42,81,0,24,99,0,18,105,0,4,119,0,15,108,0,1,122,0,7,116,0,37,86,0,17,105,1,11,6,106,57,66,0,16,41,66,0,13,3,107,49,74,0,99,24,0,45,78,0,71,52,0,5,118,0,20,103,0,74,49,0,50,8,13,3,49,20,103,0,34,20,8,8,46,7,0,19,26,52,26,0,1,0,8,26,88,0,3,4,13,25,78,0,19,60,31,12,1,0,6,12,105,0,51,69,0,1,2,0,123,0,0,0,0,0,0,71,29,20,3,14.8055555555556,24.4570901100482,25.961937716263,29.9477842961024,2.72734976343479,1.82399428341799,0.00813008130081301,0.0158697592791709,0.00570171860595131,0.000183025660488558,0.00813008130081301,0.0158697592791709,0.00570171860595131,0.000183025660488558,0.00715770030016163,0.00177527604261587
NO,NOR,Norway,3,2020-11-21,2020-11-21,146,3,8982.8940416933,1,2434.33562689088,25,144,11,1,639005.100371858,141,3,143,0,23,123,0,3,143,0,21,125,0,42,104,0,31,115,0,21,125,0,5,141,0,14,132,0,3,143,0,11,135,0,45,101,0,12,134,0,5,7,134,54,91,1,11,43,92,1,9,1,135,53,92,1,118,28,0,55,89,2,76,69,1,6,140,0,16,129,1,77,69,0,63,8,0,6,69,30,116,0,35,25,13,14,54,5,0,29,41,47,29,0,0,2,6,14,124,0,1,4,10,23,108,0,25,80,29,11,1,2,12,14,118,0,69,75,0,0,2,0,0,146,0,0,0,0,0,63,49,29,5,14.8900817176735,27.1000946733433,36.5,20.9323248164704,3.40800165622897,2.88302944798211,0.0205479452054795,0.0230116337605262,0.0140576249492623,0.000288654060587198,0.00684931506849315,0.0133783578498663,0.00380957151276924,0.000151044590572678,0.0024452269170579,0.000957338732169183
NO,NOR,Norway,4,2020-11-21,2020-11-21,200,0,0,0,0,31,199,8,0,688552.224833528,199,1,199,0,25,175,0,5,195,0,22,178,0,38,162,0,31,169,0,23,177,0,7,193,0,9,191,0,3,197,0,7,193,0,38,162,0,12,187,1,7,5,188,75,123,2,8,67,125,0,8,0,192,96,104,0,160,39,1,84,116,0,122,78,0,11,189,0,16,184,0,92,108,0,66,14,6,6,108,38,162,0,46,27,17,21,79,10,0,35,39,68,58,0,1,2,9,22,164,2,0,4,8,37,151,0,36,98,52,13,1,0,2,21,177,0,76,124,0,0,0,0,0,0,200,0,0,0,0,83,55,57,5,17.9944510503369,30.2736378623276,43.0555555555556,41.717141145096,2.72802998750521,1.47074992245555,0,0,0,0,0,0,0,0,0.00219406893623045,0.000771508212476639
NO,NOR,Norway,5,2020-11-21,2020-11-21,215,0,0,0,0,14,212,12,0,588521.995773581,211,1,212,2,17,197,1,8,205,2,22,191,2,30,184,1,36,178,1,17,197,1,7,206,2,6,207,2,3,209,3,7,206,2,35,179,1,10,204,1,5,5,205,65,147,3,12,52,151,0,11,1,203,62,152,1,165,49,1,65,150,0,112,103,0,7,208,0,21,194,0,85,130,0,63,16,3,3,130,46,169,0,55,23,11,24,81,21,0,54,45,66,50,0,0,1,7,22,184,1,0,2,7,35,171,0,40,107,48,18,2,2,3,21,189,0,92,122,0,0,1,0,0,0,0,215,0,0,0,77,80,51,7,22.7325927395358,34.8281686961756,47.03125,23.8221413740003,2.38405710886377,2.69266677413349,0,0,0,0,0,0,0,0,0.000930108955620516,0.000486985280612015
NO,NOR,Norway,6,2020-11-21,2020-11-21,175,0,0,0,0,7,169,6,0,637995.347030778,172,0,173,2,26,148,1,4,170,1,6,167,2,34,140,1,22,152,1,12,163,0,4,170,1,1,173,1,2,172,1,7,165,3,17,158,0,6,165,4,3,3,169,32,142,1,6,25,144,0,5,1,169,23,150,2,118,56,1,66,108,1,80,95,0,5,169,1,8,167,0,70,104,1,54,14,1,1,105,33,142,0,52,15,8,13,65,22,0,58,35,62,20,0,1,0,3,13,155,3,0,1,2,19,151,2,33,91,33,16,2,0,2,15,158,0,75,99,0,0,1,0,0,0,0,0,175,0,0,65,43,57,10,40.8819444444445,67.1928428400184,76.5625,41.8874359643398,2.14065288518739,1.09292588105629,0,0,0,0,0,0,0,0,0.000583381948495708,0.000432041376362918
NO,NOR,Norway,7,2020-11-21,2020-11-19,100,0,0,0,0,2,99,3,0,492068.939014338,96,0,99,1,10,89,1,6,93,1,7,92,1,15,84,1,9,90,1,8,91,1,1,98,1,4,95,1,0,99,1,4,95,1,11,89,0,3,97,0,2,1,97,20,79,1,3,16,81,0,3,0,97,5,94,1,71,29,0,29,71,0,41,59,0,2,98,0,9,91,0,30,70,0,23,7,0,0,70,17,83,0,31,13,10,10,28,8,0,53,20,23,4,0,0,0,1,6,90,3,0,0,0,10,89,1,16,51,26,6,1,0,0,7,93,0,45,51,0,1,3,0,0,0,0,0,0,100,0,46,19,29,6,56.241426611797,85.8148230349748,50,0,1.88461093768066,0.771095203641896,0,0,0,0,0,0,0,0,0.000284535495803101,0.000394282726107941
NO,NOR,Norway,1,2020-11-22,2020-11-21,100,1,7709.34008918447,1,7709.34008918447,89,100,12,3,649417.401800152,95,3,97,0,13,87,0,3,97,0,29,71,0,45,55,0,23,77,0,15,85,0,7,93,0,17,83,0,1,99,0,4,96,0,30,70,0,14,86,0,8,6,86,51,49,0,12,39,49,3,9,0,88,35,65,0,76,24,0,36,64,0,67,32,1,9,91,0,29,71,0,65,35,0,49,10,3,3,35,19,81,0,22,23,10,8,30,7,0,15,26,41,18,0,2,3,9,29,57,0,2,8,16,26,48,0,24,55,14,6,1,3,8,13,75,1,34,65,0,1,0,100,0,0,0,0,0,0,0,50,26,16,8,10.7448979591837,21.7975261446365,45.4081632653061,90.072670070883,5.2716049382716,14.0915906063878,0.01,0.0195013954179879,0.011871163396322,0.000263414427598926,0.01,0.0195013954179879,0.011871163396322,0.000263414427598926,0.0125352112676056,0.00258788846505862
NO,NOR,Norway,2,2020-11-22,2020-11-22,125,2,6090.91094259281,2,6090.91094259281,15,125,15,0,579626.771516017,122,2,123,0,21,104,0,2,123,0,18,107,0,42,83,0,23,102,0,13,112,0,4,121,0,7,118,0,1,124,0,9,116,0,40,85,0,7,118,0,4,3,118,52,73,0,15,37,73,0,15,0,110,27,98,0,92,33,0,38,87,0,72,53,0,1,124,0,24,101,0,61,64,0,51,9,0,1,64,29,96,0,34,25,11,10,38,7,0,27,25,42,31,0,0,3,10,31,80,1,0,7,12,28,78,0,21,62,28,13,1,3,10,12,100,0,48,76,0,0,1,0,125,0,0,0,0,0,0,64,29,27,5,6.71844181459566,7.91464031394198,38.265306122449,33.2938298477073,2.54955472565355,1.54374674239928,0.016,0.0219963501832478,0.0105083326752869,0.000262510603382885,0.016,0.0219963501832478,0.0105083326752869,0.000262510603382885,0.00169014084507042,0.000854590457101299
NO,NOR,Norway,3,2020-11-22,2020-11-22,158,1,3644.75831588885,0,0,34,158,13,0,755979.002174298,158,1,157,0,25,133,0,4,154,0,25,133,0,30,128,0,23,134,1,14,144,0,6,152,0,11,147,0,3,155,0,5,153,0,35,123,0,16,142,0,11,5,142,73,85,0,13,60,85,0,12,1,145,38,120,0,112,46,0,65,93,0,87,71,0,9,149,0,20,138,0,81,77,0,65,11,3,2,77,28,130,0,31,28,21,14,57,7,0,28,35,55,40,0,0,1,13,26,118,0,1,5,16,32,104,0,27,74,45,12,0,0,6,23,129,0,69,85,0,1,3,0,0,158,0,0,0,0,0,87,45,23,3,21.2913777777778,33.3337545698309,20.984375,17.618874526579,3.0642915118117,1.52812683210813,0.00632911392405063,0.0123655172261724,0.00482124279299562,0.000156143271525478,0,0,0,0,0.00303084328757354,0.0010172155141452
NO,NOR,Norway,4,2020-11-22,2020-11-22,174,1,2025.82098104442,0,0,19,171,13,1,618666.292269853,170,2,171,1,21,152,1,3,170,1,18,156,0,42,132,0,30,143,1,21,153,0,5,168,1,7,166,1,3,170,1,8,165,1,44,129,1,9,165,0,6,3,165,57,116,1,13,43,118,1,11,1,161,44,130,0,137,37,0,68,106,0,92,82,0,2,172,0,12,162,0,77,97,0,63,9,3,2,97,37,137,0,37,31,14,11,73,8,0,38,36,55,44,1,0,1,5,24,143,1,0,1,8,36,129,0,24,78,55,14,3,1,5,16,152,0,68,104,0,0,2,0,0,0,174,0,0,0,0,78,48,39,9,15.6850050805632,33.5363542893058,91.8333333333333,61.9723056426552,2.72903581267218,1.34800385355736,0.00574712643678161,0.0112317459121736,0.00327449710184111,0.000142357369457381,0,0,0,0,0.00156494522691706,0.000703121442852721
NO,NOR,Norway,5,2020-11-22,2020-11-22,215,5,16890.1935964021,4,14468.4249536724,19,214,13,1,631194.34317934,211,6,209,0,26,189,0,3,212,0,19,196,0,31,184,0,35,180,0,13,202,0,3,212,0,11,203,1,2,213,0,9,205,1,31,184,0,11,204,0,4,7,204,72,142,1,13,57,145,1,11,1,202,35,180,0,147,68,0,69,144,2,120,95,0,6,208,1,23,192,0,106,108,1,89,13,2,2,109,42,173,0,44,25,17,22,80,27,0,48,45,77,45,0,0,0,10,15,189,1,1,1,9,24,180,0,31,114,56,12,2,0,2,24,189,0,75,139,0,0,1,0,0,0,0,215,0,0,0,86,67,54,8,23.5355029585799,37.3704776650835,40.85,39.8379007144369,2.39715494040754,1.33276289856881,0.0232558139534884,0.0201458247040681,0.026759101660078,0.000398118612851526,0.0186046511627907,0.0180618247651132,0.0229222981955045,0.000369198707608259,0.00125049361590101,0.00056192849868217
NO,NOR,Norway,6,2020-11-22,2020-11-22,194,0,0,0,0,4,192,8,0,738945.770991894,189,0,193,1,18,175,1,2,191,1,4,189,1,25,168,1,21,172,1,10,184,0,3,190,1,5,188,1,0,193,1,4,189,1,18,176,0,4,190,0,1,3,190,51,140,3,8,42,144,0,8,0,186,14,178,2,123,71,0,57,136,1,104,90,0,5,188,1,15,179,0,79,115,0,64,14,1,0,115,40,154,0,51,24,13,19,68,19,0,52,45,84,12,1,0,1,2,14,176,1,0,2,4,28,159,1,24,106,42,18,4,0,2,10,181,1,74,118,0,0,2,0,0,0,0,0,194,0,0,81,47,58,8,51.3628472222222,92.2507163278283,145.5,205.768073325285,2.07462381300219,0.977605582131105,0,0,0,0,0,0,0,0,0.000293427230046948,0.000287511210393408
NO,NOR,Norway,7,2020-11-22,2020-11-20,100,0,0,0,0,4,100,2,0,381482.216833771,97,1,98,1,9,90,1,7,91,2,7,91,2,11,87,2,13,85,2,9,89,2,2,96,2,5,93,2,0,98,2,5,94,1,7,92,1,3,97,0,1,2,97,12,82,6,2,9,89,0,2,0,98,4,95,1,69,31,0,30,70,0,44,56,0,4,96,0,9,90,1,42,58,0,34,6,1,1,58,17,83,0,21,15,10,12,33,9,0,48,20,26,6,0,0,0,3,3,93,1,0,0,4,12,83,1,15,52,28,4,1,0,4,11,85,0,49,49,0,0,2,0,0,0,0,0,0,100,0,46,21,28,5,78.08,113.39088734697,44.4444444444444,19.2450089729875,1.94658216387506,1.3387440099161,0,0,0,0,0,0,0,0,0.000563380281690141,0.000551946987106018
NO,NOR,Norway,1,2020-11-23,2020-11-22,100,0,0,0,0,86,100,13,4,626493.09492527,99,2,98,0,17,83,0,4,96,0,42,58,0,44,56,0,26,74,0,16,84,0,6,94,0,13,87,0,0,100,0,2,98,0,33,67,0,13,87,0,8,5,87,53,47,0,13,40,47,4,6,3,87,34,65,1,69,31,0,27,72,1,65,34,1,7,93,0,32,68,0,56,44,0,44,8,2,2,44,15,85,0,13,26,8,12,34,7,0,20,28,33,19,0,2,4,16,28,49,1,3,6,22,23,46,0,28,51,17,3,1,2,7,14,76,1,39,60,0,1,0,100,0,0,0,0,0,0,0,50,24,18,8,12.2133333333333,21.3963483735829,50.887573964497,100.272727779176,3.07407407407407,1.69902014142757,0,0,0,0,0,0,0,0,0.012112676056338,0.00254444269521532
NO,NOR,Norway,2,2020-11-23,2020-11-23,100,0,0,0,0,9,98,7,0,542033.484778584,99,2,98,0,12,88,0,2,98,0,33,67,0,33,67,0,24,76,0,13,87,0,8,92,0,11,89,0,2,98,0,12,88,0,27,73,0,7,93,0,2,5,93,45,55,0,7,38,55,0,6,1,93,29,71,0,63,37,0,22,78,0,52,48,0,3,97,0,12,88,0,57,43,0,45,7,1,4,43,13,87,0,19,23,7,12,34,5,0,13,27,41,19,0,3,3,10,18,66,0,4,7,10,24,55,0,24,55,13,8,0,2,4,22,72,0,41,55,1,1,2,0,100,0,0,0,0,0,0,45,35,18,2,15.1106004021833,25.8263236469046,36,16.7332005306815,2.33818684238495,1.24953904347972,0,0,0,0,0,0,0,0,0.00129347513653349,0.000844508188575854
NO,NOR,Norway,3,2020-11-23,2020-11-23,115,0,0,0,0,19,114,9,0,611559.009712601,115,0,115,0,17,98,0,1,114,0,24,91,0,31,84,0,27,88,0,13,102,0,3,112,0,8,107,0,2,113,0,5,110,0,25,90,0,11,104,0,6,5,104,50,63,2,9,41,65,0,9,0,106,39,76,0,71,43,1,31,83,1,57,58,0,4,111,0,10,105,0,52,63,0,40,8,2,2,63,22,92,1,29,19,12,11,37,7,0,20,36,42,17,0,1,2,5,16,91,0,1,1,7,31,75,0,23,62,21,9,0,1,4,17,93,0,54,60,0,0,1,0,0,115,0,0,0,0,0,51,26,37,1,16.0361111111111,20.673171740639,21.85,14.7968652836411,3.12619579081633,1.58583603144201,0,0,0,0,0,0,0,0,0.00234741784037559,0.00105426880656605
NO,NOR,Norway,4,2020-11-23,2020-11-23,161,3,10685.8309200572,2,7078.49505242942,17,160,12,1,635677.675916581,161,4,156,1,19,141,1,1,159,1,18,142,1,40,120,1,35,125,1,14,145,2,3,157,1,11,149,1,1,159,1,7,153,1,38,123,0,9,151,1,5,4,152,55,103,3,12,42,107,1,9,2,149,56,103,2,93,67,1,39,120,2,91,68,2,1,158,2,12,147,2,75,86,0,57,10,4,4,86,40,121,0,35,27,23,16,47,13,0,34,48,53,25,1,0,3,3,17,137,1,0,3,12,28,117,1,27,78,40,15,1,1,2,15,143,0,62,99,0,0,0,0,0,0,161,0,0,0,0,79,41,39,2,19.5820759030636,36.8924265388035,33.7901234567901,28.9065354460752,2.7106576331697,1.36900874474103,0.0186335403726708,0.0208880764250516,0.0168101403036521,0.000316034121932286,0.0124223602484472,0.0171089295092166,0.0111353525860775,0.000257958606953103,0.00149647887323944,0.000710835355657326
NO,NOR,Norway,5,2020-11-23,2020-11-23,153,2,6034.39700492745,2,6034.39700492745,4,152,12,1,458632.852690807,149,2,151,0,19,134,0,4,149,0,13,140,0,25,128,0,23,130,0,9,144,0,2,151,0,8,145,0,3,150,0,5,148,0,19,134,0,4,149,0,2,2,149,42,108,3,12,28,113,1,11,0,141,41,112,0,88,65,0,48,105,0,81,72,0,4,149,0,17,136,0,56,97,0,44,11,0,1,97,31,122,0,27,21,15,11,63,16,0,40,32,58,23,0,1,2,8,15,127,0,1,2,9,19,121,1,25,81,32,15,0,0,1,14,138,0,63,87,0,0,3,0,0,0,0,153,0,0,0,57,44,47,5,24.48,27.5250617582121,68,29.4448637286709,1.98480902777778,0.983369318603685,0.0130718954248366,0.0179975925804315,0.013157358810045,0.000329779627624518,0.0130718954248366,0.0179975925804315,0.013157358810045,0.000329779627624518,0.000370644922164566,0.000363158029193413
NO,NOR,Norway,6,2020-11-23,2020-11-23,148,3,9272.74362358259,2,6362.10407068651,8,145,7,1,496025.698528898,146,3,145,0,19,129,0,0,147,1,9,139,0,23,124,1,17,130,1,11,137,0,3,145,0,3,144,1,0,147,1,6,140,2,14,133,1,7,140,1,6,1,141,26,120,2,7,17,124,1,5,1,141,13,131,4,89,58,1,43,104,1,65,83,0,5,142,1,11,136,1,56,92,0,46,8,2,0,92,25,121,2,38,21,14,6,54,15,0,49,37,52,10,0,0,1,3,11,133,0,0,1,6,23,118,0,29,82,27,8,2,1,0,10,137,0,58,89,0,0,1,0,0,0,0,0,148,0,0,61,46,36,5,51.3066666666667,73.3020554050112,47.36,26.4750448535975,1.77623487403293,0.7321467093775,0.0202702702702703,0.0227038833312902,0.0186940790589752,0.000376920926070552,0.0135135135135135,0.0186014561875711,0.0128261581800199,0.000313141853297654,0.000777076250607091,0.000538267214463693
NO,NOR,Norway,7,2020-11-23,2020-11-21,100,0,0,0,0,5,99,6,0,368927.415938097,97,1,98,1,9,91,0,5,93,2,5,93,2,8,90,2,14,84,2,4,94,2,1,97,2,2,96,2,0,98,2,3,96,1,3,95,2,4,95,1,2,2,96,10,82,8,6,4,90,0,6,0,94,7,93,0,69,31,0,36,63,1,39,60,1,3,96,1,7,91,2,39,61,0,33,4,1,1,61,12,87,1,22,13,13,7,32,13,0,40,19,35,6,0,0,0,2,5,92,1,0,1,4,12,82,1,15,50,27,7,1,0,4,12,84,0,55,43,0,0,2,0,0,0,0,0,0,100,0,41,26,27,6,89.8760330578513,114.78580413422,31.25,12.5,2.3038752362949,2.87736199587526,0,0,0,0,0,0,0,0,0.000711338739507754,0.000623282638282056
NO,NOR,Norway,1,2020-11-24,2020-11-23,100,4,21333.7634486943,3,16134.7239366029,45,100,14,3,647534.119028262,99,8,92,0,23,77,0,3,97,0,43,57,0,51,49,0,33,67,0,23,77,0,12,88,0,14,86,0,4,96,0,9,91,0,44,56,0,13,87,0,8,5,87,49,51,0,14,34,52,3,7,4,86,32,67,1,61,39,0,31,68,1,57,43,0,4,96,0,34,66,0,56,44,0,48,8,0,0,44,14,86,0,14,25,10,16,28,7,0,22,22,39,17,0,4,4,18,22,51,1,3,3,26,26,42,0,36,44,16,4,0,5,8,13,74,0,35,64,0,0,1,100,0,0,0,0,0,0,0,49,26,17,8,10.9117128665278,14.8594149799103,26.6272189349112,18.7413055753458,2.93442820915348,2.29372448835309,0.04,0.0384072934108425,0.032946161170178,0.000434754913144993,0.03,0.0334344809563718,0.024917179593279,0.000379653105198063,0.00633802816901409,0.00184593044998341
NO,NOR,Norway,2,2020-11-24,2020-11-24,101,3,13532.7371043625,3,13532.7371043625,20,100,14,0,533930.797243875,100,3,98,0,12,89,0,1,100,0,17,84,0,21,80,0,25,76,0,9,92,0,6,95,0,10,91,0,0,101,0,4,97,0,25,76,0,13,88,0,6,7,88,43,58,0,14,29,58,0,11,3,87,46,54,1,69,32,0,26,74,1,56,45,0,2,98,1,18,83,0,45,56,0,35,5,4,1,56,21,80,0,21,21,12,7,32,8,0,23,22,45,11,0,3,0,9,19,70,0,1,2,14,16,68,0,22,50,25,3,1,1,5,11,84,0,25,68,3,0,5,0,101,0,0,0,0,0,0,52,25,22,2,21.7179719330014,39.8624550431054,14.0277777777778,6.55236611335949,2.61748801142741,1.35283570657838,0.0297029702970297,0.0331085145091172,0.0253454889176984,0.000421581253056045,0.0297029702970297,0.0331085145091172,0.0253454889176984,0.000421581253056045,0.0028169014084507,0.00123279877629136
NO,NOR,Norway,3,2020-11-24,2020-11-24,102,0,0,0,0,32,102,10,1,482605.592737336,99,0,102,0,12,89,1,2,99,1,15,86,1,22,79,1,21,80,1,12,89,1,3,98,1,4,97,1,3,98,1,6,96,0,19,82,1,14,88,0,9,5,88,46,54,2,10,35,57,1,7,2,92,44,58,0,72,28,2,29,71,2,49,51,2,4,96,2,16,84,2,39,63,0,26,8,3,2,63,27,74,1,30,19,5,6,37,4,1,25,22,32,22,1,1,2,8,15,74,2,1,1,12,23,64,1,16,52,23,9,2,0,5,16,80,1,39,62,0,0,1,0,0,102,0,0,0,0,0,56,19,23,4,24.6920612317551,42.864164923981,16.6530612244898,12.916190937664,3.00562265722616,1.50110639200235,0,0,0,0,0,0,0,0,0.00441866887600111,0.00152757637050647
NO,NOR,Norway,4,2020-11-24,2020-11-24,164,3,11024.2560212071,3,11024.2560212071,23,161,17,1,537966.217508099,163,4,160,0,22,142,0,4,160,0,22,142,0,36,128,0,29,135,0,15,149,0,7,157,0,14,150,0,2,162,0,6,158,0,36,128,0,14,150,0,10,4,150,50,113,1,17,31,116,1,16,0,147,67,96,1,114,49,1,52,110,2,88,75,1,8,154,2,10,153,1,70,94,0,45,13,5,7,94,33,130,1,40,27,18,12,55,12,0,36,36,58,34,0,1,2,3,22,134,2,0,0,11,25,128,0,30,85,37,12,0,0,0,20,144,0,83,79,0,0,2,0,0,0,164,0,0,0,0,74,44,40,6,16.528125,27.2985160302265,31.1735537190083,19.3870304498112,2.66863905325444,1.4199383073228,0.0182926829268293,0.0205095383215433,0.0204924689737439,0.000378592164796534,0.0182926829268293,0.0205095383215433,0.0204924689737439,0.000378592164796534,0.00201207243460765,0.000821467579796251
NO,NOR,Norway,5,2020-11-24,2020-11-24,185,1,2801.71429872613,1,2801.71429872613,16,180,8,0,469388.237440987,182,1,184,0,21,164,0,4,181,0,10,175,0,24,161,0,30,155,0,14,171,0,1,184,0,6,179,0,0,185,0,8,177,0,23,162,0,15,170,0,11,4,170,53,129,3,8,45,132,0,7,1,177,70,113,2,131,54,0,67,117,1,101,84,0,7,177,1,15,169,1,69,116,0,44,19,4,2,116,53,132,0,38,22,16,19,70,20,0,48,37,72,28,0,1,2,8,21,153,0,0,3,8,28,146,0,41,94,37,12,1,1,5,20,159,0,67,117,0,0,1,0,0,0,0,185,0,0,0,80,46,54,5,42.0003902185224,67.278525377933,29.6,15.600569790164,1.9793902285065,0.860661204703949,0.00540540540540541,0.0105657276042753,0.00596886345938392,0.000220357484569803,0.00540540540540541,0.0105657276042753,0.00596886345938392,0.000220357484569803,0.00125195618153365,0.000613063131700135
NO,NOR,Norway,6,2020-11-24,2020-11-24,199,0,0,0,0,15,197,7,0,539676.045758265,196,0,196,3,16,181,2,5,193,1,11,186,2,31,167,1,25,173,1,7,189,3,7,190,2,5,193,1,3,194,2,7,190,2,14,183,2,5,192,2,3,2,194,25,168,6,7,18,174,0,6,1,192,22,171,6,142,55,2,71,124,4,101,96,2,4,191,4,19,177,3,56,142,1,48,6,0,2,143,41,155,3,44,23,17,16,73,25,1,58,61,70,10,0,0,1,9,15,173,1,0,4,5,26,163,1,29,105,50,14,1,0,2,20,176,1,88,104,0,0,7,0,0,0,0,0,199,0,0,83,55,57,4,45.5053145647802,69.0621023977942,119.4,116.035942707422,2.04052734375,1.86709032874096,0,0,0,0,0,0,0,0,0.00107242439408022,0.000542420564955669
NO,NOR,Norway,7,2020-11-24,2020-11-23,100,1,2227.04521450959,0,0,4,97,5,0,316382.701501686,95,1,97,2,10,89,1,2,96,2,5,93,2,11,87,2,14,84,2,3,95,2,2,97,1,1,98,1,3,95,2,3,95,2,6,92,2,5,93,2,5,0,95,15,81,4,5,8,87,0,5,0,95,7,90,3,68,32,0,39,61,0,40,60,0,2,98,0,4,96,0,29,69,2,25,4,0,0,71,11,88,1,17,15,14,5,31,18,0,37,25,36,2,0,0,0,1,7,92,0,0,1,3,13,83,0,12,56,21,11,0,0,0,11,89,0,60,40,0,0,0,0,0,0,0,0,0,100,0,38,31,22,9,71.68,108.147553524494,25,0,2.11111111111111,2.7573531247705,0.01,0.0195013954179879,0.00703908653646073,0.000291317084490717,0,0,0,0,0.000580804414113547,0.000569012552346139
NO,NOR,Norway,1,2020-11-25,2020-11-23,100,4,21333.7634486943,3,16134.7239366029,38,100,14,1,679932.923279595,100,9,91,0,22,78,0,4,96,0,32,68,0,51,49,0,25,75,0,25,75,0,11,89,0,10,90,0,4,96,0,11,89,0,38,62,0,13,87,0,5,8,87,49,51,0,14,34,52,1,11,2,86,31,69,0,66,34,0,37,62,1,54,46,0,5,95,0,26,74,0,51,49,0,37,10,2,2,49,17,82,1,19,21,10,13,30,7,0,22,23,35,20,0,3,5,16,16,59,1,5,6,23,24,42,0,30,45,20,4,1,7,9,9,75,0,36,60,0,1,3,100,0,0,0,0,0,0,0,51,29,15,5,13.0594135802469,20.6146052119087,22.4852071005917,16.1543157628744,4.22160664819945,10.8955344681455,0.04,0.0384072934108425,0.0313762765682721,0.000414374773737939,0.03,0.0334344809563718,0.0237298759689096,0.000361782694775521,0.00535211267605634,0.00169713434685005
NO,NOR,Norway,2,2020-11-25,2020-11-25,114,3,11472.2895313371,3,11472.2895313371,26,113,16,2,596268.273835346,113,4,110,0,20,94,0,4,110,0,29,85,0,46,68,0,28,86,0,12,102,0,6,108,0,10,104,0,4,110,0,8,106,0,36,78,0,15,99,0,11,4,99,51,63,0,16,35,63,2,10,4,98,51,63,0,81,33,0,32,82,0,61,53,0,0,114,0,16,98,0,52,62,0,42,5,1,4,62,21,93,0,25,26,13,7,38,5,0,27,24,43,20,0,0,5,10,20,79,0,0,7,16,31,60,0,34,56,20,4,0,2,6,13,93,0,37,74,0,2,1,0,114,0,0,0,0,0,0,57,31,22,4,13.132400067465,23.9334121593177,15.1224489795918,13.1133037462879,2.60028617119771,4.26171492805694,0.0263157894736842,0.0293841363627093,0.0192401474885532,0.000348668552076168,0.0263157894736842,0.0293841363627093,0.0192401474885532,0.000348668552076168,0.00324068303627072,0.00124363554031359
NO,NOR,Norway,3,2020-11-25,2020-11-24,100,1,2724.03090274853,1,2724.03090274853,28,99,8,0,493927.353408176,100,2,98,0,15,85,0,3,97,0,20,80,0,34,66,0,25,75,0,10,90,0,3,97,0,6,94,0,1,99,0,6,94,0,30,70,0,11,89,0,8,3,89,46,54,0,8,36,56,0,8,0,92,51,48,1,76,24,0,23,76,1,54,45,1,5,94,1,19,80,1,47,53,0,27,12,2,6,53,25,73,2,24,19,10,8,37,2,0,22,17,31,30,0,0,1,10,9,78,2,1,3,9,14,73,0,23,44,21,11,1,1,2,8,89,0,44,51,0,1,4,0,0,100,0,0,0,0,0,52,26,20,2,20.01953125,33.6064367885974,28,26.9979423084221,2.98650228504623,1.76995463226446,0.01,0.0195013954179879,0.00551504362727088,0.000206533325185662,0.01,0.0195013954179879,0.00551504362727088,0.000206533325185662,0.00398349694124342,0.00147253908374592
NO,NOR,Norway,4,2020-11-25,2020-11-25,189,2,7253.38678817151,1,2670.16128110067,36,187,14,1,536945.283853226,187,3,186,0,26,163,0,3,186,0,20,169,0,34,155,0,26,163,0,15,174,0,7,182,0,10,179,0,3,186,0,9,180,0,42,147,0,14,174,1,11,3,175,64,124,1,14,50,125,1,13,0,175,94,95,0,140,49,0,67,122,0,100,89,0,3,186,0,19,170,0,94,95,0,65,16,10,3,95,49,139,1,38,24,23,13,78,13,0,49,39,59,42,0,0,2,10,17,159,1,0,1,11,29,147,1,30,112,31,14,2,1,3,24,161,0,68,120,0,0,1,0,0,0,189,0,0,0,0,77,52,53,7,21.9737024221453,34.6111132939107,40.2603550295858,40.7569228937708,2.70330556302069,1.55620860391259,0.0105820105820106,0.0145878465349369,0.0135086143901289,0.000308770019966382,0.00529100529100529,0.0103427090891254,0.00497287407375862,0.000188150018813015,0.0027114559011825,0.000884524366769341
NO,NOR,Norway,5,2020-11-25,2020-11-25,213,2,3420.09492718078,2,3420.09492718078,13,211,9,1,529936.638434233,209,2,210,1,22,190,1,4,208,1,16,196,1,25,187,1,30,182,1,11,201,1,6,206,1,9,203,1,1,212,0,5,207,1,29,183,1,11,202,0,6,5,202,51,156,6,9,40,164,1,7,1,204,66,146,1,156,57,0,73,140,0,116,97,0,4,208,1,17,196,0,78,135,0,60,14,4,0,135,63,150,0,49,26,16,24,84,14,0,54,51,71,37,0,0,2,8,18,185,0,0,0,10,32,170,1,52,97,45,17,2,0,6,26,181,0,73,134,0,0,6,0,0,0,0,213,0,0,0,83,68,55,7,37.8374092985757,64.2661953271005,34.1851851851852,23.9931188695096,2.05270672218917,1.1568211617331,0.00938967136150235,0.0129519426085148,0.00645378084686859,0.000215594293860331,0.00938967136150235,0.0129519426085148,0.00645378084686859,0.000215594293860331,0.00086776583672652,0.000471509501132555
NO,NOR,Norway,6,2020-11-25,2020-11-25,191,0,0,0,0,3,188,12,0,528584.499655554,186,0,190,1,15,175,1,4,186,1,7,183,1,22,168,1,23,167,1,11,179,1,1,189,1,7,183,1,3,187,1,11,179,1,13,178,0,4,186,1,2,2,187,35,154,2,12,21,158,0,11,1,179,17,169,5,139,52,0,77,112,2,93,97,1,3,186,2,11,179,1,65,125,1,52,10,2,1,126,32,159,0,52,28,20,10,60,21,0,66,43,66,16,0,1,0,1,10,179,0,0,0,2,24,165,0,31,105,43,10,2,0,0,9,182,0,62,125,0,0,4,0,0,0,0,0,191,0,0,77,54,45,15,47.4454719387755,79.9097061475726,143.25,67.5286976033153,2.00614347998415,2.06936805249731,0,0,0,0,0,0,0,0,0.000224752771950854,0.000254298448475067
NO,NOR,Norway,7,2020-11-25,2020-11-24,100,3,21638.7656610181,2,19411.7204465085,7,98,1,0,308155.997438534,92,4,94,2,11,87,2,4,94,2,10,89,1,20,79,1,19,81,0,5,93,2,6,92,2,2,95,3,4,94,2,6,91,3,10,88,2,4,95,1,3,1,96,18,78,4,1,13,86,0,1,0,99,7,91,2,68,31,1,35,64,1,35,65,0,7,92,1,7,93,0,25,73,2,21,2,2,0,75,18,82,0,20,10,11,11,33,15,0,37,26,34,3,0,0,1,2,10,87,0,0,1,4,17,78,0,13,49,28,10,0,0,0,5,95,0,52,47,0,1,0,0,0,0,0,0,0,100,0,33,30,24,13,53.7190082644628,72.2056448382423,77.7777777777778,76.9800358919501,1.90643591130341,0.991690585742273,0.03,0.0334344809563718,0.0702201671909183,0.000902160419400764,0.02,0.0274394957835608,0.0629931612815045,0.000857789766807594,0.00100603621730382,0.00074489338690477
NO,NOR,Norway,1,2020-11-26,2020-11-25,100,3,14000.666903014,1,3739.92678225215,18,100,12,0,692595.658568599,98,4,96,0,23,77,0,3,97,0,23,77,0,44,56,0,16,84,0,19,81,0,5,95,0,8,92,0,1,99,0,8,92,0,35,65,0,9,91,0,4,5,91,51,49,0,12,39,49,0,11,1,88,34,65,1,73,27,0,37,62,1,51,49,0,6,94,0,20,80,0,49,51,0,36,7,3,3,51,15,84,1,22,19,11,13,31,4,0,21,27,31,21,0,4,8,10,20,55,3,6,8,15,27,44,0,37,40,19,2,2,3,10,13,74,0,31,65,1,1,2,100,0,0,0,0,0,0,0,51,27,16,6,12.7378892733564,20.4444532434003,22.2222222222222,22.2222222222222,4.22136713444998,10.9499668254954,0.03,0.0334344809563718,0.0202147771644273,0.000331442449766624,0.01,0.0195013954179879,0.0053998703803335,0.000172593379188119,0.00253521126760563,0.00116970078590584
NO,NOR,Norway,2,2020-11-26,2020-11-25,100,2,16099.8050206259,1,6163.44835091628,30,100,14,0,567480.483834294,100,3,97,0,15,85,0,5,95,0,29,71,0,38,62,0,27,73,0,15,85,0,7,93,0,13,87,0,1,99,0,10,90,0,33,67,0,9,91,0,5,4,91,45,54,1,14,30,56,0,12,2,86,42,58,0,77,23,0,35,65,0,56,44,0,3,97,0,18,82,0,54,46,0,42,5,4,3,46,19,81,0,27,16,9,11,33,4,0,21,20,35,24,0,2,3,9,21,64,1,0,14,13,23,50,0,20,54,20,4,2,4,9,17,70,0,31,66,0,1,2,0,100,0,0,0,0,0,0,59,22,15,4,15.9501002450434,32.7124537424359,37.037037037037,35.5729124301825,3.13490267089181,5.45216216354505,0.02,0.0274394957835608,0.0283706761364627,0.000431974166770172,0.01,0.0195013954179879,0.0108610754492766,0.000269673137179015,0.00422535211267606,0.0015087973138198
NO,NOR,Norway,3,2020-11-26,2020-11-26,116,0,0,0,0,21,116,13,0,568691.978152347,113,1,115,0,18,98,0,2,114,0,18,98,0,29,87,0,17,99,0,11,105,0,1,115,0,8,108,0,1,115,0,5,111,0,29,87,0,12,104,0,7,5,104,56,60,0,13,43,60,0,13,0,103,54,62,0,94,22,0,46,70,0,63,53,0,5,110,1,20,96,0,59,57,0,35,13,5,5,58,28,88,0,31,17,14,8,39,7,0,22,25,42,27,0,0,1,5,17,93,0,1,2,11,21,81,0,14,57,29,15,1,2,4,11,99,0,54,58,0,0,4,0,0,116,0,0,0,0,0,54,40,16,6,19.6907997326799,30.894619861311,16.9166666666667,9.33130389191309,3.07864621378135,1.44968666891898,0,0,0,0,0,0,0,0,0.00254978144730452,0.00108914829350447
NO,NOR,Norway,4,2020-11-26,2020-11-26,184,3,8957.39637168082,1,5623.72057164794,92,182,18,1,573066.74943555,182,5,178,1,22,161,1,3,180,1,19,164,1,40,143,1,27,156,1,24,159,1,4,179,1,12,172,0,6,178,0,6,177,1,44,139,1,24,160,0,10,14,160,68,116,0,18,47,119,1,15,2,166,79,103,2,141,43,0,67,117,0,85,99,0,10,174,0,17,167,0,77,107,0,46,16,4,11,107,29,153,2,44,29,13,17,70,11,0,52,29,62,41,0,2,1,5,16,159,1,1,1,7,29,146,0,33,107,37,7,0,2,4,24,154,0,73,108,0,1,2,0,0,0,184,0,0,0,0,77,56,45,6,17.0423861852433,29.5330990289888,34.9752066115703,76.985113746376,2.5726549678071,1.54710744493806,0.016304347826087,0.0182987435747807,0.0156306335701793,0.000321153620071111,0.00543478260869565,0.0106229931484904,0.00981337789565892,0.00025521915977583,0.00711964092245782,0.00144964188196505
NO,NOR,Norway,5,2020-11-26,2020-11-26,194,0,0,0,0,3,189,11,0,509737.30943988,192,0,193,1,21,173,0,7,186,1,13,180,1,27,166,1,37,156,1,13,180,1,7,187,0,9,185,0,1,192,1,7,186,1,29,165,0,5,187,2,3,2,189,61,132,1,11,48,135,0,11,0,183,70,123,1,149,45,0,71,123,0,108,85,1,8,185,1,18,176,0,76,118,0,52,14,7,3,118,50,143,1,51,26,16,18,66,17,0,44,41,69,40,0,0,3,7,25,159,0,0,5,8,31,150,0,39,97,41,17,0,2,1,17,174,0,70,122,0,1,1,0,0,0,0,194,0,0,0,81,55,49,9,25.9701557093426,28.1312225892005,145.5,68.5893577750951,2.21756852551985,2.48801824577636,0,0,0,0,0,0,0,0,0.000223563603845294,0.000252953104474249
NO,NOR,Norway,6,2020-11-26,2020-11-26,173,1,1673.77379245658,1,1673.77379245658,19,172,9,0,578094.95015733,170,1,169,3,12,160,1,8,163,2,5,166,2,26,145,2,18,152,3,9,161,3,2,168,3,1,169,3,2,169,2,8,163,2,11,159,3,5,167,1,2,3,168,36,130,7,9,26,138,0,9,0,164,27,143,3,126,47,0,60,112,1,79,93,1,7,165,1,9,163,1,56,117,0,44,7,3,2,117,33,139,1,48,29,15,21,41,19,0,62,50,50,10,1,0,2,1,14,155,1,0,1,1,20,151,0,24,92,42,11,4,0,1,15,157,0,64,104,0,1,4,0,0,0,0,0,173,0,0,73,49,42,9,67.5866908103214,90.9926527604919,131.48,164.850028814071,2.03900208209399,1.77260146983389,0.00578034682080925,0.0112964805729032,0.00289532678325777,0.000138505708421637,0.00578034682080925,0.0112964805729032,0.00289532678325777,0.000138505708421637,0.00155584670815591,0.000699036712549333
NO,NOR,Norway,7,2020-11-26,2020-11-24,100,3,21638.7656610181,2,19411.7204465085,6,99,2,0,339195.799617164,93,4,92,4,8,88,4,4,93,3,6,91,3,16,81,3,16,83,1,6,90,4,4,92,4,2,93,5,3,93,4,7,88,5,9,87,4,2,97,1,1,1,98,13,81,6,2,9,89,0,2,0,98,5,92,3,72,27,1,35,64,1,38,62,0,10,89,1,10,90,0,27,73,0,24,1,2,0,73,24,73,3,26,15,6,10,30,13,0,41,22,32,5,0,0,1,2,10,86,1,0,1,4,13,81,1,19,38,32,8,3,0,0,3,96,1,42,57,0,1,0,0,0,0,0,0,0,100,0,34,29,26,11,50,49.0075348611522,150,141.42135623731,2.02140309155767,1.28767033776396,0.03,0.0334344809563718,0.0637943208183617,0.00082243105880078,0.02,0.0274394957835608,0.0572286581037197,0.000781686885563613,0.000853606487409304,0.000682723316861988
NO,NOR,Norway,1,2020-11-27,2020-11-26,100,4,27536.6041807015,2,17275.8640599397,19,100,12,1,693561.387030855,97,4,95,1,20,79,1,2,97,1,24,75,1,42,57,1,20,79,1,12,87,1,3,96,1,6,93,1,3,96,1,9,90,1,38,61,1,8,92,0,5,3,92,43,57,0,12,30,58,1,10,1,88,33,66,1,77,23,0,42,58,0,49,51,0,5,95,0,26,74,0,50,50,0,39,8,2,1,50,15,84,1,21,24,8,14,27,6,0,24,19,42,15,0,4,6,6,23,55,6,4,7,14,23,52,0,33,42,20,3,2,2,9,16,73,0,31,68,1,0,0,100,0,0,0,0,0,0,0,53,27,16,4,14.1396604938272,20.3421844496671,29.6875,26.6738736540887,2.76143051154369,1.89354343048577,0.04,0.0384072934108425,0.0397031967113771,0.000459537669158033,0.02,0.0274394957835608,0.0249089184937152,0.000366780016490714,0.00267605633802817,0.0012016684687081
NO,NOR,Norway,2,2020-11-27,2020-11-26,100,2,25898.8486211771,2,25898.8486211771,35,100,13,1,643549.888852706,100,4,96,0,16,84,0,3,97,0,29,71,0,25,75,0,23,77,0,13,87,0,2,98,0,9,91,0,4,96,0,7,93,0,33,67,0,11,89,0,7,4,89,55,45,0,13,42,45,1,11,1,87,36,64,0,74,26,0,32,68,0,45,55,0,1,99,0,15,85,0,48,52,0,28,7,8,5,52,27,72,1,20,20,9,9,37,5,0,20,20,38,21,1,0,1,9,13,75,2,2,1,11,24,61,1,22,57,14,7,0,2,9,14,75,0,30,69,0,0,1,0,100,0,0,0,0,0,0,50,28,19,3,15.9723769213633,29.510744509192,28.9256198347107,18.0989848663699,2.66765862472101,1.86300916824676,0.02,0.0274394957835608,0.0402437310141541,0.000480160664104305,0.02,0.0274394957835608,0.0402437310141541,0.000480160664104305,0.00492957746478873,0.00162911098911644
NO,NOR,Norway,3,2020-11-27,2020-11-27,115,2,8296.11066936455,2,8296.11066936455,39,114,17,2,611210.37579335,113,7,108,0,16,99,0,2,113,0,15,100,0,30,85,0,17,98,0,13,102,0,4,111,0,6,109,0,5,110,0,8,107,0,29,86,0,12,103,0,7,5,103,52,63,0,17,35,63,2,15,0,98,48,66,1,94,21,0,47,68,0,57,58,0,1,114,0,17,97,1,55,60,0,39,9,3,4,60,30,84,1,27,23,12,8,40,5,0,26,24,42,23,0,1,1,12,13,88,0,0,4,10,20,81,0,20,60,29,5,1,1,7,21,86,0,53,60,2,0,0,0,0,115,0,0,0,0,0,59,34,20,2,23.8565712526931,47.6739051987033,37.0661157024793,32.5146906634624,3.02231404958678,1.4396356543032,0.0173913043478261,0.023892167460625,0.0135732490774493,0.000290086195329142,0.0173913043478261,0.023892167460625,0.0135732490774493,0.000290086195329142,0.00481838398813936,0.00150858007318555
NO,NOR,Norway,4,2020-11-27,2020-11-27,187,3,9307.62808628458,2,7057.34169261862,28,185,18,1,630990.355382992,185,4,182,1,21,164,2,7,179,1,14,172,1,31,155,1,33,153,1,10,176,1,6,180,1,8,178,1,3,182,2,4,182,1,33,153,1,15,172,0,9,6,172,75,110,2,18,56,113,1,14,3,169,82,104,1,156,31,0,73,113,1,108,77,2,6,179,2,14,171,2,90,97,0,67,14,6,3,97,45,142,0,43,23,14,23,77,7,0,30,41,62,53,1,0,0,12,17,157,1,0,3,9,32,143,0,38,94,39,16,0,4,7,16,160,0,76,109,1,0,1,0,0,0,187,0,0,0,0,77,65,41,4,29.7105751391466,51.4618573048449,30.9822485207101,24.8081823415357,2.60819949281488,1.33863841933189,0.0160427807486631,0.0180075744953152,0.0147508246471297,0.000297452703566166,0.0106951871657754,0.0147430230063315,0.0111845476438939,0.000259479806062887,0.0021317091739627,0.000788739590671258
NO,NOR,Norway,5,2020-11-27,2020-11-27,218,1,4010.47403067691,0,0,13,218,11,0,570002.290170339,215,3,213,2,20,197,1,8,208,2,18,199,1,33,184,1,36,180,2,15,200,3,3,212,3,3,213,2,3,213,2,7,208,3,29,185,4,7,211,0,2,5,211,71,144,3,11,58,149,0,9,2,207,76,141,1,163,55,0,77,140,1,120,98,0,9,206,3,21,196,1,99,119,0,64,23,10,2,119,52,163,3,40,30,24,22,80,22,0,55,46,72,45,0,0,1,6,17,193,1,0,0,4,30,184,0,37,117,52,11,1,0,2,20,195,1,85,126,0,1,6,0,0,0,0,218,0,0,0,97,57,57,7,41.7209642074507,63.7995889196501,57.8367346938776,28.0203313662359,2.20590187953573,2.25162003781648,0.00458715596330275,0.0089700159965468,0.00703589108296113,0.000216988201488909,0,0,0,0,0.000839901796097687,0.000456375651417431
NO,NOR,Norway,6,2020-11-27,2020-11-27,168,0,0,0,0,8,166,10,0,557036.062599051,164,2,163,3,21,145,2,6,159,3,8,157,3,28,138,2,20,145,3,7,158,3,7,158,3,7,159,2,1,165,2,4,162,2,15,151,2,7,160,1,3,4,161,32,131,5,10,21,137,0,10,0,158,28,132,8,122,45,1,69,97,2,85,81,2,8,158,2,25,143,0,53,115,0,45,4,3,1,115,35,132,1,48,20,15,11,63,11,0,53,42,57,16,0,0,1,3,12,151,1,0,1,1,15,151,0,31,88,39,7,3,1,2,9,156,0,66,100,0,0,2,0,0,0,0,0,168,0,0,67,46,48,7,46.8442330558859,70.861760667871,37.3333333333333,14.459137825841,1.87771203155819,0.846396166289152,0,0,0,0,0,0,0,0,0.000678771423723061,0.000470196296809955
NO,NOR,Norway,7,2020-11-27,2020-11-25,100,1,16617.723992763,1,16617.723992763,9,97,2,0,347911.059340586,95,1,96,3,7,91,2,2,96,2,4,93,3,12,85,3,15,83,2,5,93,2,2,95,3,0,97,3,2,95,3,6,91,3,6,91,3,3,94,3,2,1,97,9,81,10,2,7,91,0,2,0,98,6,89,5,71,29,0,38,60,2,45,53,2,10,88,2,12,86,2,30,69,1,25,5,0,0,70,24,72,4,26,14,8,5,30,17,0,40,26,31,3,0,0,0,1,7,90,2,0,0,3,12,83,2,18,41,28,8,5,0,1,5,93,1,37,60,0,1,2,0,0,0,0,0,0,100,0,44,24,20,12,37.5739644970414,40.1963773030994,100,66.6666666666667,2.04647936177593,1.90949590995016,0.01,0.0195013954179879,0.0477642878736291,0.000708659902213227,0.01,0.0195013954179879,0.0477642878736291,0.000708659902213227,0.00130680993175548,0.000853208762454368
NO,NOR,Norway,1,2020-11-28,2020-11-27,100,0,0,0,0,19,100,12,1,642595.160434443,98,0,99,1,20,79,1,5,94,1,27,72,1,38,61,1,19,80,1,14,85,1,7,92,1,8,91,1,3,96,1,9,90,1,33,66,1,10,90,0,6,4,90,40,60,0,12,28,60,1,9,2,88,39,61,0,73,27,0,35,65,0,53,47,0,1,99,0,29,71,0,50,50,0,38,9,3,0,50,19,79,2,18,17,10,18,29,8,0,21,17,42,20,0,4,6,15,16,53,6,5,14,17,19,45,0,28,41,23,4,4,3,6,11,80,0,34,63,1,0,2,100,0,0,0,0,0,0,0,55,25,17,3,13.9988740851942,20.432510068514,19,9.94428926011753,2.9584487534626,2.83240323549747,0,0,0,0,0,0,0,0,0.00267605633802817,0.0012016684687081
NO,NOR,Norway,2,2020-11-28,2020-11-28,105,0,0,0,0,30,105,14,0,589084.300858029,103,0,105,0,12,93,0,5,100,0,13,92,0,38,67,0,11,94,0,12,93,0,6,99,0,7,98,0,1,104,0,3,102,0,26,79,0,12,93,0,6,6,93,53,52,0,14,39,52,0,14,0,91,38,67,0,82,23,0,42,63,0,56,49,0,0,105,0,15,90,0,51,54,0,41,6,1,3,54,20,83,2,32,24,3,11,32,3,0,16,29,37,22,1,1,4,14,15,70,1,4,4,17,18,62,0,22,57,18,7,1,2,5,10,88,0,39,62,0,1,3,0,105,0,0,0,0,0,0,43,33,24,5,21.9290433783396,31.12160033188,21.875,14.2072724655048,2.499,1.41408820606971,0,0,0,0,0,0,0,0,0.00402414486921529,0.00143709499112785
NO,NOR,Norway,3,2020-11-28,2020-11-28,119,0,0,0,0,32,119,11,1,585640.044939388,118,2,117,0,16,103,0,2,116,1,22,97,0,28,90,1,15,104,0,13,106,0,5,114,0,7,111,1,3,116,0,4,115,0,26,92,1,18,101,0,6,12,101,53,66,0,11,41,67,1,10,0,108,50,68,1,102,16,1,45,73,1,75,43,1,7,111,1,21,97,1,59,60,0,43,11,3,2,60,25,93,1,31,15,17,18,35,3,0,19,34,40,26,0,0,4,9,19,86,1,0,8,12,21,78,0,20,61,27,10,1,0,5,14,100,0,50,64,0,0,5,0,0,119,0,0,0,0,0,64,31,23,1,21.7314453125,34.171147544237,11.7530864197531,4.27581324138128,3.36423405654175,3.69253757125875,0,0,0,0,0,0,0,0,0.0037874304651438,0.00130976619946966
NO,NOR,Norway,4,2020-11-28,2020-11-28,199,0,0,0,0,32,197,14,0,718279.250920415,196,1,198,0,19,180,0,4,195,0,24,175,0,33,166,0,36,163,0,13,186,0,6,193,0,7,192,0,2,197,0,9,190,0,40,159,0,12,186,1,4,8,187,73,126,0,14,58,127,0,14,0,185,74,125,0,160,39,0,93,105,1,96,103,0,1,198,0,12,186,1,80,118,1,58,13,5,4,119,37,158,4,50,22,15,22,71,19,0,44,42,61,52,0,1,2,7,18,171,0,0,2,14,29,154,0,32,103,45,17,2,1,3,14,181,0,90,104,0,1,4,0,0,0,199,0,0,0,0,83,57,52,7,19.6789933837429,35.5005421996086,52.6280991735537,43.1569967809336,2.90200378279104,1.61089032448315,0,0,0,0,0,0,0,0,0.00228783870737113,0.00079177382102847
NO,NOR,Norway,5,2020-11-28,2020-11-28,221,1,1124.94747629303,1,1124.94747629303,13,216,14,0,556014.756375687,213,4,214,3,27,191,3,6,213,2,15,205,1,33,186,2,33,185,3,16,203,2,8,211,2,7,211,3,1,218,2,8,210,3,32,188,1,12,209,0,5,7,209,55,163,3,14,38,169,0,12,2,207,65,151,5,166,53,2,93,126,2,122,98,1,10,209,2,30,189,2,87,133,1,59,17,6,5,134,42,176,3,56,36,22,16,73,18,0,66,43,73,39,0,0,4,9,12,195,1,0,5,10,28,177,1,44,111,53,13,0,1,7,20,192,1,92,126,1,1,1,0,0,0,0,221,0,0,0,79,60,73,9,39.7461734693878,64.4837423512557,58.6326530612245,21.78635551638,2.28015873015873,1.74884152393883,0.00452488687782806,0.0088485278249618,0.00202323313076412,0.000118110392201857,0.00452488687782806,0.0088485278249618,0.00202323313076412,0.000118110392201857,0.000847678664580073,0.000460599559366418
NO,NOR,Norway,6,2020-11-28,2020-11-28,194,0,0,0,0,10,192,4,1,560587.948126515,187,1,191,2,19,173,2,4,188,2,8,184,2,26,167,1,17,175,2,13,179,2,3,190,1,2,189,3,2,190,2,7,185,2,11,183,0,7,186,1,3,4,187,25,166,3,4,21,169,1,3,0,190,22,166,6,154,40,0,69,121,4,94,100,0,11,182,1,14,179,1,66,127,1,51,9,5,1,128,33,159,2,56,26,17,17,62,15,1,68,60,49,17,0,0,0,8,19,167,0,0,1,4,32,157,0,37,105,37,13,2,1,4,9,180,0,80,110,0,0,4,0,0,0,0,0,194,0,0,69,55,55,15,42.4182888184699,57.5927151914537,53.8888888888889,39.1576112463276,2.16753086419753,2.00257660620916,0,0,0,0,0,0,0,0,0.000733568075117371,0.000454495055512161
NO,NOR,Norway,7,2020-11-28,2020-11-27,100,0,0,0,0,3,95,0,0,304890.120075294,96,0,98,2,8,91,1,1,97,2,4,94,2,12,86,2,13,85,2,2,97,1,1,97,2,1,97,2,0,98,2,5,92,3,6,92,2,1,94,5,1,0,99,10,84,6,0,10,90,0,0,0,100,4,92,4,79,21,0,41,56,3,46,52,2,6,91,3,11,86,3,36,63,1,31,5,0,0,64,15,84,1,30,14,6,8,24,18,0,33,30,34,3,0,0,0,1,9,87,3,0,0,2,15,81,2,18,49,23,8,2,0,2,9,89,0,38,59,0,0,3,0,0,0,0,0,0,100,0,46,28,16,10,77.25,114.057637783895,300,0,2.03712086917157,1.63368735704431,0,0,0,0,0,0,0,0,0.00044477390659748,0.000503187867835873
NO,NOR,Norway,1,2020-11-29,2020-11-28,100,1,3559.74097032133,1,3559.74097032133,13,100,11,1,679046.244830603,99,1,99,0,25,75,0,5,95,0,31,69,0,46,54,0,22,78,0,18,82,0,7,93,0,18,82,0,5,95,0,10,90,0,39,61,0,7,93,0,4,3,93,47,53,0,11,36,53,1,9,1,89,37,63,0,73,27,0,40,59,1,61,39,0,4,96,0,32,68,0,57,43,0,49,5,3,0,43,15,84,1,16,21,9,15,32,7,0,17,16,45,22,0,2,9,13,17,56,3,6,12,12,24,46,0,30,46,17,5,2,5,8,10,77,0,33,61,3,0,3,100,0,0,0,0,0,0,0,54,23,20,3,10.3959467066992,11.5986130872512,26.530612244898,12.8533630120348,2.86458333333333,2.39452195231469,0.01,0.0195013954179879,0.0052422658948793,0.000171757851877263,0.01,0.0195013954179879,0.0052422658948793,0.000171757851877263,0.00183098591549296,0.000994405368977474
NO,NOR,Norway,2,2020-11-29,2020-11-29,121,0,0,0,0,25,121,8,0,634927.988782508,120,1,120,0,12,109,0,3,118,0,21,100,0,44,77,0,19,102,0,12,109,0,2,119,0,8,113,0,4,117,0,4,117,0,31,90,0,14,107,0,6,8,107,60,61,0,8,52,61,0,8,0,113,33,88,0,90,31,0,45,75,1,65,56,0,6,115,0,22,99,0,59,62,0,48,8,1,2,62,23,97,1,27,23,14,8,40,9,0,26,31,39,25,0,0,2,13,18,88,0,1,9,16,28,67,0,29,51,27,13,1,1,10,13,97,0,39,81,0,0,1,0,121,0,0,0,0,0,0,58,34,26,3,15.256404544442,27.6962119256034,15.4336734693878,7.71446195798441,2.76844855589295,1.84343826228667,0,0,0,0,0,0,0,0,0.00291002211616808,0.00113904675681935
NO,NOR,Norway,3,2020-11-29,2020-11-29,115,0,0,0,0,14,115,8,0,540809.84753654,115,0,114,1,9,106,0,0,114,1,17,97,1,24,91,0,18,96,1,14,101,0,6,108,1,6,108,1,0,114,1,8,106,1,29,86,0,4,111,0,2,2,111,61,54,0,8,53,54,0,8,0,107,28,86,1,90,23,2,49,64,2,70,43,2,1,112,2,18,95,2,63,52,0,44,16,3,0,52,17,96,2,17,16,19,6,46,11,0,20,22,41,32,0,0,2,4,20,89,0,0,2,7,26,80,0,16,58,28,13,0,0,4,17,94,0,53,61,0,0,1,0,0,115,0,0,0,0,0,56,29,29,1,26.497520661157,42.3377865619574,100.625,37.1160904011544,3.20620252173232,2.24792911103709,0,0,0,0,0,0,0,0,0.00171463563992652,0.000897394227950139
NO,NOR,Norway,4,2020-11-29,2020-11-29,234,1,3893.00045094357,1,3893.00045094357,30,234,21,0,681445.659137838,231,4,230,0,38,196,0,9,225,0,30,203,1,54,179,1,47,187,0,28,206,0,10,224,0,15,219,0,3,231,0,13,221,0,47,186,1,14,220,0,10,4,220,93,140,1,21,72,141,0,18,3,213,51,181,2,172,60,2,88,145,1,135,98,1,22,210,2,20,212,2,113,119,2,92,14,4,3,121,48,183,3,47,34,21,22,94,16,0,49,48,72,64,1,2,4,15,21,191,1,2,5,20,37,170,0,49,115,52,15,3,2,7,22,203,0,79,150,1,0,4,0,0,0,234,0,0,0,0,98,70,57,9,25.1357340720222,39.9577301568295,35.8163265306122,26.9167813739594,2.68088888888889,1.39476800141736,0.00427350427350427,0.00835799804875529,0.00571285530803583,0.000178943118158123,0.00427350427350427,0.00835799804875529,0.00571285530803583,0.000178943118158123,0.00180570603105814,0.000645568087578534
NO,NOR,Norway,5,2020-11-29,2020-11-29,233,3,6364.74669117408,3,6364.74669117408,12,229,8,0,556412.096180468,231,5,227,1,28,205,0,3,229,1,13,220,0,39,194,0,32,200,1,19,214,0,9,223,1,7,225,1,6,226,1,9,223,1,27,206,0,11,221,1,6,5,222,65,164,4,8,56,169,0,8,0,225,54,179,0,169,64,0,85,148,0,138,94,1,10,223,0,19,214,0,110,123,0,84,19,4,3,123,47,184,2,51,35,28,28,73,18,0,51,50,73,59,0,1,1,11,21,197,2,0,2,13,26,191,1,45,122,50,13,3,0,4,18,211,0,92,139,0,0,2,0,0,0,0,233,0,0,0,82,79,67,5,20.7705498866213,32.8074275676443,43.6875,22.0164305527875,2.28282469135802,1.18354086098694,0.0128755364806867,0.0144756726950675,0.0114389078434228,0.000279411223426433,0.0128755364806867,0.0144756726950675,0.0114389078434228,0.000279411223426433,0.00073805277077311,0.00041743086487653
NO,NOR,Norway,6,2020-11-29,2020-11-29,199,0,0,0,0,6,198,8,1,569027.991029692,192,1,197,1,12,186,1,2,196,1,8,190,1,37,162,0,29,169,1,13,185,1,6,192,1,9,190,0,0,199,0,6,192,1,27,171,1,3,195,1,2,1,196,53,137,9,8,44,147,1,7,0,191,13,183,3,124,75,0,63,136,0,102,97,0,10,189,0,12,186,1,73,125,1,61,10,2,0,126,24,175,0,49,34,17,14,61,23,1,61,55,64,19,0,0,1,3,21,172,2,1,0,7,23,166,2,33,106,47,9,4,0,2,19,178,0,84,112,0,0,3,0,0,0,0,0,199,0,0,74,54,55,16,40.5621063240111,61.5023037993633,132.666666666667,66.3333333333333,2.08468180171477,0.938728474355911,0,0,0,0,0,0,0,0,0.000426803243704652,0.000341434560013978
NO,NOR,Norway,7,2020-11-29,2020-11-28,100,0,0,0,0,3,95,1,0,306923.220268123,97,0,99,1,9,90,1,2,97,1,1,99,0,16,83,1,11,88,1,2,98,0,0,100,0,1,98,1,1,98,1,3,96,1,4,95,1,2,93,5,1,1,98,11,87,2,1,9,90,0,1,0,99,3,92,5,69,29,2,36,61,3,43,56,1,3,95,2,9,89,2,32,67,1,27,5,0,0,68,20,80,0,32,16,6,9,25,11,1,32,34,29,5,0,0,0,0,10,88,2,0,1,2,16,80,1,15,47,28,7,3,0,1,11,88,0,41,56,0,0,3,0,0,0,0,0,0,100,0,41,32,16,11,63.1379962192817,93.2861300193713,75,35.3553390593274,1.94989669421488,0.709321284975997,0,0,0,0,0,0,0,0,0.00044477390659748,0.000503187867835873
NO,NOR,Norway,1,2020-11-30,2020-11-29,100,2,7367.05442540036,2,7367.05442540036,10,100,12,1,699819.95087283,100,2,97,1,29,71,0,2,97,1,33,66,1,44,56,0,24,75,1,22,78,0,6,93,1,18,81,1,2,98,0,6,93,1,36,64,0,6,94,0,4,2,94,44,56,0,12,32,56,1,10,1,88,29,71,0,62,38,0,36,64,0,62,38,0,6,94,0,27,73,0,57,43,0,49,7,0,1,43,10,88,2,17,23,12,10,30,8,0,18,23,43,16,0,2,8,12,24,52,2,5,7,15,28,45,0,24,51,16,7,2,3,7,10,80,0,35,58,2,2,3,100,0,0,0,0,0,0,0,52,23,20,5,12.140625,18.1155243126832,27.7777777777778,8.6066296582387,3.24807605251245,3.37628285893522,0.02,0.0274394957835608,0.0105270711648218,0.000239117118799985,0.02,0.0274394957835608,0.0105270711648218,0.000239117118799985,0.00140845070422535,0.000872335779060366
NO,NOR,Norway,2,2020-11-30,2020-11-29,100,0,0,0,0,12,100,17,0,686890.837750797,99,1,99,0,20,80,0,3,97,0,18,82,0,36,64,0,13,87,0,12,88,0,6,94,0,6,94,0,2,98,0,4,96,0,28,72,0,8,92,0,7,1,92,50,50,0,17,32,51,0,16,1,83,39,60,1,64,36,0,24,75,1,55,44,1,4,95,1,20,79,1,51,49,0,33,11,5,2,49,18,82,0,18,14,15,6,39,8,0,20,24,34,22,0,0,6,7,15,70,2,3,10,6,15,66,0,22,52,17,9,0,3,6,19,72,0,40,57,0,0,3,0,100,0,0,0,0,0,0,42,32,24,2,19.62890625,33.5856740938793,18.75,9.44911182523068,2.88421491045398,2.62934874925158,0,0,0,0,0,0,0,0,0.00169014084507042,0.000955461177500561
NO,NOR,Norway,3,2020-11-30,2020-11-29,100,1,11133.0944501043,0,0,19,100,12,0,592123.068866379,100,3,97,0,11,89,0,4,96,0,15,85,0,24,76,0,23,77,0,12,88,0,7,93,0,4,96,0,3,97,0,4,96,0,27,73,0,8,92,0,5,3,92,47,53,0,12,33,55,0,10,2,88,36,64,0,70,30,0,35,65,0,52,48,0,7,93,0,13,87,0,55,45,0,35,17,1,2,45,26,74,0,21,16,13,9,37,4,0,17,16,40,27,0,1,4,5,14,76,0,1,5,8,21,65,0,15,48,22,15,0,0,3,12,85,0,51,45,0,0,4,0,0,100,0,0,0,0,0,40,37,21,2,19.4213604185903,29.9695349591839,29.6875,29.8339900832208,3.13233343536374,2.67050780267083,0.01,0.0195013954179879,0.0188019941047368,0.000345957209080684,0,0,0,0,0.00267605633802817,0.0012016684687081
NO,NOR,Norway,4,2020-11-30,2020-11-30,175,3,8958.75334289807,0,0,25,173,13,3,690545.933536214,169,3,171,1,20,154,1,5,169,1,14,161,0,43,132,0,26,149,0,14,160,1,12,163,0,10,165,0,1,173,1,7,168,0,32,143,0,15,160,0,8,7,160,65,110,0,13,52,110,3,10,0,162,63,111,1,107,66,2,50,122,3,94,79,2,8,164,3,16,158,1,81,93,1,59,16,5,0,95,35,139,1,39,27,18,16,57,18,0,39,33,73,30,0,0,2,7,20,146,0,0,4,8,23,138,2,28,86,43,16,2,1,11,20,142,1,73,100,0,1,1,0,0,0,175,0,0,0,0,68,55,42,10,23.54296875,38.8550645312812,25.887573964497,19.4001417110009,2.76094517551723,2.01325159790028,0.0171428571428571,0.0192316199856615,0.0129734358104482,0.000266897022731731,0,0,0,0,0.00203533338760889,0.000797023682538399
NO,NOR,Norway,5,2020-11-30,2020-11-30,221,3,6715.75905081933,3,6715.75905081933,27,218,15,1,547130.938589848,216,5,216,0,27,194,0,3,217,1,18,203,0,39,182,0,39,182,0,27,194,0,7,214,0,7,214,0,1,220,0,11,210,0,39,182,0,13,208,0,7,6,208,63,157,1,15,46,160,1,13,1,206,65,154,2,142,79,0,55,165,1,120,100,1,7,213,1,16,203,2,94,127,0,75,11,3,4,128,46,175,0,55,37,15,17,79,18,0,61,45,81,33,1,1,2,9,25,182,2,0,3,11,33,173,1,43,118,41,17,2,2,2,21,196,0,82,132,0,3,4,0,0,0,0,221,0,0,0,103,63,49,6,32.3623450413223,55.2190674774585,59.67,44.2613463168234,2.48811854752581,4.71378207853616,0.0135746606334842,0.0152562766239173,0.0122745006307416,0.000291757818747826,0.0135746606334842,0.0152562766239173,0.0122745006307416,0.000291757818747826,0.00174441142266443,0.000657409545783456
NO,NOR,Norway,6,2020-11-30,2020-11-30,219,2,5712.75944282039,2,5712.75944282039,6,217,12,0,612721.05341305,214,3,215,1,18,199,2,4,213,2,11,207,1,37,181,1,31,186,2,8,210,1,3,215,1,5,213,1,2,216,1,7,211,1,14,204,1,6,212,1,5,1,213,44,173,2,12,31,176,0,11,1,207,30,185,4,144,75,0,69,149,1,113,105,1,14,205,0,20,199,0,80,139,0,63,15,0,1,140,37,180,2,52,23,20,20,84,20,0,65,68,74,12,0,0,0,8,19,191,1,0,0,8,27,183,1,41,105,56,14,3,0,4,15,200,0,86,131,0,0,2,0,0,0,0,0,219,0,0,85,74,50,10,56.033203125,77.044373021925,52.56,19.5879554828982,1.980249851279,1.98117564179857,0.0091324200913242,0.0125987304273477,0.00932358927606373,0.000240643517616226,0.0091324200913242,0.0125987304273477,0.00932358927606373,0.000240643517616226,0.00038943337444019,0.000311545191647175
NO,NOR,Norway,7,2020-11-30,2020-11-29,100,0,0,0,0,3,97,4,0,301931.739685578,95,1,96,3,4,95,1,2,95,3,3,95,2,16,81,3,6,92,2,3,95,2,1,97,2,3,94,3,1,96,3,2,97,1,4,93,3,3,95,2,2,1,97,17,80,3,4,12,84,0,4,0,96,6,89,5,67,31,2,34,65,1,47,53,0,10,90,0,8,91,1,33,66,1,22,8,2,1,67,11,89,0,22,17,8,10,33,9,1,32,39,24,5,0,0,0,1,7,92,0,0,2,1,11,86,0,11,52,26,6,5,0,0,9,90,1,49,49,0,0,2,0,0,0,0,0,0,100,0,37,28,20,15,65.4513888888889,111.820135500281,75,35.3553390593274,2.2250566893424,2.3721852494515,0,0,0,0,0,0,0,0,0.000435603310585161,0.000492815120945769
NO,NOR,Norway,1,2020-12-01,2020-11-30,100,2,8591.06380906495,2,8591.06380906495,31,100,12,1,714775.910583215,99,3,96,1,25,75,0,3,96,1,31,68,1,40,60,0,20,79,1,19,81,0,5,94,1,14,85,1,3,97,0,4,95,1,33,67,0,13,87,0,10,3,87,43,57,0,12,31,57,1,10,1,88,31,68,1,66,34,0,38,62,0,62,38,0,4,95,1,28,72,0,57,43,0,48,5,1,3,43,13,86,1,27,20,11,8,28,6,0,9,28,40,23,0,3,5,17,25,49,1,6,8,17,22,47,0,36,44,13,5,2,2,6,16,76,0,32,64,0,3,1,100,0,0,0,0,0,0,0,51,25,18,6,15.2300949598247,24.5722456417005,18.3431952662722,21.6522774716355,3.06393802751763,2.82248040321182,0.02,0.0274394957835608,0.0120192408303956,0.0002526247515044,0.02,0.0274394957835608,0.0120192408303956,0.0002526247515044,0.00436619718309859,0.00153362933015919
NO,NOR,Norway,2,2020-12-01,2020-11-30,100,3,25381.1593751264,2,9686.9830867538,27,99,15,1,709996.012839267,99,3,97,0,20,80,0,2,98,0,24,76,0,33,67,0,18,82,0,13,87,0,2,98,0,9,91,0,1,99,0,6,94,0,23,77,0,14,86,0,9,5,86,50,50,0,15,34,51,1,12,2,85,42,58,0,70,30,0,24,76,0,47,53,0,4,96,0,23,77,0,48,52,0,34,10,1,3,52,14,86,0,21,15,8,11,36,9,0,21,22,31,26,0,0,2,9,15,73,1,1,2,19,21,57,0,24,45,21,10,0,4,4,18,74,0,40,59,0,0,1,0,100,0,0,0,0,0,0,55,26,17,2,12.1666666666667,17.935593077966,15.9763313609467,17.614527596871,2.58171745152355,1.5565293269863,0.03,0.0334344809563718,0.0357483125484429,0.000431860131879614,0.02,0.0274394957835608,0.0136437147696304,0.000269838155836713,0.00384122919334187,0.00144610794226052
NO,NOR,Norway,3,2020-12-01,2020-12-01,111,0,0,0,0,44,111,9,0,635964.94038639,109,1,110,0,14,97,0,1,110,0,19,92,0,29,82,0,19,92,0,15,96,0,4,107,0,4,107,0,3,108,0,5,106,0,34,77,0,16,95,0,11,5,95,57,54,0,9,47,55,0,8,1,102,42,69,0,85,26,0,32,79,0,64,47,0,2,109,0,24,87,0,53,58,0,36,9,5,3,58,30,81,0,31,17,10,8,39,6,0,24,28,42,17,0,0,2,13,13,82,1,0,1,10,26,73,1,24,51,26,10,0,5,5,13,88,0,48,61,1,0,1,0,0,111,0,0,0,0,0,57,24,28,2,20.7586900316001,34.0028218289542,19.078125,10.8957775651855,3.32124485596708,3.13762684529575,0,0,0,0,0,0,0,0,0.00558304783656896,0.00164504340481689
NO,NOR,Norway,4,2020-12-01,2020-12-01,195,2,12711.9716445203,2,12711.9716445203,34,194,18,1,621714.583878638,194,2,192,1,30,164,1,5,189,1,27,167,1,44,151,0,40,155,0,15,179,1,5,189,1,10,185,0,3,191,1,10,184,1,52,142,1,18,177,0,9,9,177,90,104,1,18,71,106,1,14,3,177,84,111,0,145,49,1,59,136,0,100,95,0,7,188,0,17,178,0,84,111,0,56,19,6,3,111,44,151,0,40,32,21,21,75,6,0,43,32,83,37,0,1,1,2,36,154,1,0,3,6,43,142,1,35,99,49,12,0,3,8,17,167,0,71,122,1,0,1,0,0,0,195,0,0,0,0,89,60,45,1,17.1123574323687,24.5843971467177,22.9411764705882,11.4705882352941,2.66193360927606,1.55637504773498,0.0102564102564103,0.0141413159754392,0.0204466357620488,0.000351785183644958,0.0102564102564103,0.0141413159754392,0.0204466357620488,0.000351785183644958,0.00246841875998258,0.000828687519032926
NO,NOR,Norway,5,2020-12-01,2020-12-01,208,1,2996.8973569705,0,0,18,207,15,1,524922.388342784,203,4,202,2,19,187,2,4,202,2,15,191,2,28,179,1,30,176,2,16,190,2,6,200,2,12,194,2,1,205,2,3,203,2,34,172,2,7,201,0,5,2,201,68,137,3,15,52,141,1,13,1,193,68,137,3,141,65,2,64,142,2,110,97,1,6,199,3,18,188,2,88,119,1,61,10,10,6,121,42,165,1,42,34,14,31,63,24,0,57,51,59,41,0,0,2,7,17,181,1,1,1,9,33,164,0,34,114,42,15,3,0,3,16,189,0,80,122,0,1,5,0,0,0,0,208,0,0,0,90,58,47,13,20.3462603878116,32.0115713879582,104,125.950254730456,2.12775387152465,1.23682521639576,0.00480769230769231,0.00940022527018195,0.00570921992188581,0.000203819454710161,0,0,0,0,0.00122473974280465,0.000565443918591118
NO,NOR,Norway,6,2020-12-01,2020-12-01,210,0,0,0,0,7,206,8,0,573781.311830585,207,1,208,1,27,181,2,8,200,2,11,198,1,33,175,2,22,186,2,14,194,2,3,206,1,1,207,2,1,207,2,7,201,2,20,189,1,6,202,2,5,1,204,48,157,5,8,38,164,0,7,1,202,22,183,5,146,63,1,67,142,1,111,97,2,11,196,3,28,180,2,76,133,1,60,13,3,0,134,29,179,2,47,26,17,21,72,27,0,68,57,68,17,0,1,0,4,22,183,0,0,1,4,25,180,0,22,118,49,21,0,0,2,12,196,0,74,131,0,1,4,0,0,0,0,0,210,0,0,97,47,52,14,72.8583333333333,103.783758717086,91.875,26.25,1.91682998201294,1.53283189872674,0,0,0,0,0,0,0,0,0.000478599753862984,0.000354460291619088
NO,NOR,Norway,7,2020-12-01,2020-11-30,100,0,0,0,0,1,98,6,0,264259.666375263,93,1,99,0,9,91,0,0,100,0,4,96,0,12,88,0,13,86,1,3,97,0,0,100,0,1,99,0,0,100,0,0,100,0,5,95,0,2,97,1,2,0,98,15,82,3,6,9,85,0,6,0,94,7,86,7,77,23,0,43,56,1,46,53,1,8,90,2,13,86,1,33,67,0,25,5,1,2,67,14,86,0,25,22,6,9,28,10,0,29,35,30,6,0,0,1,5,5,89,0,0,1,2,12,85,0,12,55,24,8,1,0,1,8,91,0,46,51,0,0,3,0,0,0,0,0,0,100,0,35,25,32,8,95.2806122448979,114.76443046778,100,0,3.28449905482042,11.4715960559052,0,0,0,0,0,0,0,0,0.000143719459614832,0.000281664722189836
NO,NOR,Norway,1,2020-12-02,2020-11-30,100,3,18156.8166691826,3,18156.8166691826,33,99,13,2,747353.531888769,97,5,95,0,16,84,0,5,95,0,33,67,0,39,61,0,20,80,0,14,86,0,8,92,0,20,80,0,2,98,0,9,91,0,40,60,0,16,84,0,10,6,84,49,51,0,13,35,52,2,10,1,87,31,68,1,71,29,0,42,58,0,62,38,0,1,98,1,28,72,0,51,49,0,42,4,1,4,49,20,80,0,28,24,7,8,27,6,0,10,22,45,23,0,3,8,19,25,44,1,7,8,19,20,46,0,33,46,17,2,2,4,7,19,70,0,32,66,1,1,0,100,0,0,0,0,0,0,0,49,20,22,9,13.6480856972823,25.913296588425,14.6666666666667,17.6743020337707,2.88888888888889,1.49721153864613,0.03,0.0334344809563718,0.0242948161672499,0.000349060864681732,0.03,0.0334344809563718,0.0242948161672499,0.000349060864681732,0.00469483568075117,0.00159804736145179
NO,NOR,Norway,2,2020-12-02,2020-12-01,100,2,11854.0050760102,2,11854.0050760102,11,99,13,1,662067.114206839,100,4,95,1,19,81,0,1,98,1,23,76,1,33,66,1,20,79,1,18,81,1,5,94,1,12,87,1,1,98,1,7,92,1,32,67,1,9,91,0,7,2,91,43,56,1,13,30,57,1,11,1,87,37,62,1,76,23,1,31,67,2,54,44,2,2,96,2,14,84,2,49,51,0,37,7,3,2,51,15,84,1,29,19,13,6,30,3,0,17,23,46,14,0,3,4,10,19,62,2,1,6,15,21,57,0,30,47,19,4,0,3,6,12,79,0,35,62,0,1,2,0,100,0,0,0,0,0,0,57,20,22,1,11.5051903114187,19.3249401422284,17.1875,9.30029761428556,2.51978342357351,1.20116005277824,0.02,0.0274394957835608,0.0179045368991199,0.000319415128207313,0.02,0.0274394957835608,0.0179045368991199,0.000319415128207313,0.00156494522691706,0.00092408261656366
NO,NOR,Norway,3,2020-12-02,2020-12-02,114,2,9919.9167909596,2,9919.9167909596,33,113,14,1,645979.68020617,114,4,110,0,19,95,0,0,114,0,20,94,0,27,87,0,22,92,0,12,102,0,6,108,0,8,106,0,0,114,0,4,110,0,29,84,1,11,103,0,7,4,103,47,65,2,14,32,68,1,12,1,100,54,59,1,83,31,0,43,71,0,59,55,0,12,102,0,18,95,1,51,63,0,28,16,3,4,63,22,92,0,27,22,10,5,43,7,0,28,20,42,24,0,0,3,7,16,88,0,2,4,10,25,73,0,19,68,18,8,1,4,2,12,96,0,41,70,0,0,3,0,0,114,0,0,0,0,0,62,34,16,2,17.3070934256055,29.9846391936442,37.62,31.3586351743822,3.2171556122449,3.32305383767291,0.0175438596491228,0.0240998768411264,0.0153563913771925,0.000299862930967054,0.0175438596491228,0.0240998768411264,0.0153563913771925,0.000299862930967054,0.00411317462295899,0.00140046823363941
NO,NOR,Norway,4,2020-12-02,2020-12-02,193,1,1501.21590837853,1,1501.21590837853,59,193,12,1,653113.450934341,189,1,192,0,22,171,0,3,190,0,22,171,0,40,153,0,30,162,1,17,176,0,6,187,0,4,189,0,2,191,0,11,182,0,43,150,0,8,185,0,4,4,185,66,124,3,12,54,127,1,11,0,181,84,109,0,142,51,0,63,127,3,95,97,1,4,188,1,27,165,1,72,120,1,53,9,3,7,121,54,136,3,49,33,23,13,66,9,0,51,42,61,39,0,2,1,10,14,166,0,1,3,13,28,148,0,34,102,47,10,0,0,7,24,162,0,80,110,0,1,2,0,0,0,193,0,0,0,0,67,68,51,7,24.9059370010161,43.244763028125,177.921875,415.650216407442,2.54817462192817,1.33194087953036,0.00518134715025907,0.0101289106907012,0.00229855304041112,0.000116139871947872,0.00518134715025907,0.0101289106907012,0.00229855304041112,0.000116139871947872,0.00430562650514486,0.00109627993561938
NO,NOR,Norway,5,2020-12-02,2020-12-02,208,3,5055.59993671156,3,5055.59993671156,31,206,21,1,547145.912782754,205,6,200,2,28,179,1,5,203,0,15,192,1,38,169,1,30,178,0,19,189,0,4,204,0,7,200,1,1,206,1,9,199,0,26,181,1,14,193,1,10,4,194,61,140,7,21,40,147,1,19,1,187,67,139,2,143,63,2,66,138,4,109,97,2,8,198,2,18,189,1,80,128,0,54,19,6,1,128,52,156,0,48,42,20,14,66,18,0,46,48,68,46,0,1,1,10,19,176,1,1,0,10,28,168,1,32,113,45,18,0,1,5,19,182,1,83,122,0,0,3,0,0,0,0,208,0,0,0,73,64,65,6,33.8742857142857,54.7048901651928,38.1538461538462,31.0103373996644,2.1528,1.93518600770626,0.0144230769230769,0.0162028214584009,0.0092399482818012,0.000253521925755941,0.0144230769230769,0.0162028214584009,0.0092399482818012,0.000253521925755941,0.00211951319567893,0.000745319757461233
NO,NOR,Norway,6,2020-12-02,2020-12-02,207,1,4295.76261304524,1,4295.76261304524,5,203,4,0,574010.315110969,198,2,205,0,17,190,0,1,206,0,8,199,0,26,181,0,27,180,0,11,196,0,6,201,0,4,203,0,1,206,0,4,203,0,16,191,0,6,199,2,2,4,201,41,157,9,4,36,167,0,4,0,203,25,175,7,150,57,0,63,141,3,94,111,2,12,193,2,16,189,2,65,142,0,57,6,1,1,142,45,158,4,68,25,18,12,61,23,0,80,35,78,14,0,1,0,2,19,185,0,0,1,4,23,179,0,36,115,42,10,4,0,0,16,191,0,91,109,0,0,7,0,0,0,0,0,207,0,0,79,50,62,16,61.0894970414201,97.5718768061322,51.75,42.2536980630098,1.9094459833795,0.740757686632495,0.00483091787439614,0.00944552676577995,0.00748377250366097,0.000222955063094194,0.00483091787439614,0.00944552676577995,0.00748377250366097,0.000222955063094194,0.000346909040449594,0.000304020845969547
NO,NOR,Norway,7,2020-12-02,2020-12-01,100,0,0,0,0,3,99,5,0,280126.887302077,94,2,98,0,13,87,0,2,98,0,2,98,0,18,82,0,13,86,1,9,91,0,3,97,0,0,100,0,3,97,0,1,99,0,6,94,0,2,97,1,1,1,98,14,84,2,5,8,87,0,5,0,95,8,83,9,75,24,1,47,50,3,44,54,2,8,89,3,18,80,2,34,66,0,29,4,0,1,66,18,81,1,30,16,9,5,28,12,0,32,28,34,6,0,0,1,3,7,89,0,0,0,2,15,82,1,12,46,33,9,0,0,1,5,93,1,51,45,0,0,4,0,0,0,0,0,0,100,0,36,24,34,6,85.207100591716,107.476114355853,75,35.3553390593274,3.14814814814815,11.7048006460344,0,0,0,0,0,0,0,0,0.000426803243704652,0.000482861385434658
NO,NOR,Norway,1,2020-12-03,2020-12-01,100,2,14311.7799337917,2,14311.7799337917,16,99,11,2,789234.204890092,98,3,97,0,15,85,0,4,96,0,22,78,0,38,62,0,16,84,0,10,90,0,8,92,0,16,84,0,3,97,0,8,92,0,29,71,0,12,88,0,4,8,88,49,51,0,11,37,52,2,8,1,89,33,66,1,65,35,0,36,63,1,65,35,0,8,91,1,27,72,1,57,43,0,43,11,1,2,43,20,79,1,25,21,12,7,30,5,0,15,17,38,30,0,3,7,14,16,58,2,5,8,16,16,55,0,27,44,23,4,2,3,5,11,81,0,38,58,1,1,2,100,0,0,0,0,0,0,0,40,29,22,9,17.0319979843789,31.8102350636439,13.2231404958678,4.7475724351554,2.89256198347107,1.59695346502007,0.02,0.0274394957835608,0.0181337552847,0.000294384664056669,0.02,0.0274394957835608,0.0181337552847,0.000294384664056669,0.00227628396642481,0.00111408848846795
NO,NOR,Norway,2,2020-12-03,2020-12-02,100,1,5278.05723697168,1,5278.05723697168,22,100,7,0,679344.017595067,100,3,97,0,17,83,0,2,98,0,28,71,1,36,64,0,21,79,0,14,86,0,3,97,0,13,87,0,4,96,0,8,92,0,27,73,0,8,92,0,5,3,92,40,59,1,7,32,61,0,5,2,93,41,59,0,80,20,0,31,69,0,54,46,0,2,98,0,19,81,0,53,47,0,34,11,3,5,47,21,79,0,23,16,11,10,37,3,0,16,22,33,29,0,2,3,7,20,67,1,0,5,15,26,54,0,27,50,17,6,0,2,8,17,73,0,35,63,0,2,0,0,100,0,0,0,0,0,0,50,25,25,0,16.2841796875,30.5829155481218,34.375,37.6485154326929,2.31153685964182,1.40195685862564,0.01,0.0195013954179879,0.00776934380854112,0.000208786158642277,0.01,0.0195013954179879,0.00776934380854112,0.000208786158642277,0.00309859154929577,0.00129278762877007
NO,NOR,Norway,3,2020-12-03,2020-12-02,100,1,6593.31527014547,1,6593.31527014547,26,100,7,1,580368.589801752,99,1,99,0,16,84,0,3,97,0,15,85,0,20,80,0,19,81,0,10,90,0,5,95,0,5,95,0,3,97,0,5,95,0,19,81,0,11,89,0,6,5,89,46,54,0,7,38,55,1,6,0,93,38,62,0,79,21,0,25,75,0,49,51,0,5,95,0,16,84,0,45,55,0,27,9,5,4,55,28,72,0,23,15,9,4,43,6,0,18,29,30,23,0,0,2,12,15,71,0,0,2,14,16,68,0,19,55,22,3,1,2,4,10,84,0,42,56,0,1,1,0,0,100,0,0,0,0,0,45,27,27,1,21.3107638888889,34.5822106951996,21.4876033057851,17.3789686104335,3.01957517700958,1.75776643319761,0.01,0.0195013954179879,0.0113605653131533,0.000272656011399191,0.01,0.0195013954179879,0.0113605653131533,0.000272656011399191,0.00366197183098592,0.00140501114644972
NO,NOR,Norway,4,2020-12-03,2020-12-03,192,2,6280.5174107007,1,3632.00080542066,33,189,21,3,587683.857253932,187,2,190,0,21,171,0,7,185,0,24,168,0,37,155,0,39,153,0,16,176,0,8,184,0,7,185,0,4,188,0,6,186,0,42,150,0,18,172,2,10,8,174,67,124,1,21,45,126,3,17,1,171,75,114,3,147,45,0,67,124,1,93,98,1,11,180,1,15,176,1,74,117,1,51,10,6,7,118,41,151,0,59,36,13,14,55,15,0,40,44,65,43,0,2,3,10,18,157,2,1,2,13,31,144,1,33,94,49,15,1,2,8,23,159,0,70,119,0,0,3,0,0,0,192,0,0,0,0,78,58,51,5,26.9489603024575,40.419840448573,21.923875432526,20.5441941207247,2.62998655952415,1.40852225284824,0.0104166666666667,0.0143611112416148,0.0106868979523236,0.000262886885867931,0.00520833333333333,0.0101815273352697,0.00618019494765757,0.000200369272432912,0.00245919964229823,0.000838012008402477
NO,NOR,Norway,5,2020-12-03,2020-12-03,228,1,1689.67180333852,0,0,16,226,18,0,590148.997625938,220,1,225,2,20,206,2,6,220,2,9,217,2,27,199,2,29,198,1,7,219,2,5,221,2,6,221,1,0,226,2,8,219,1,35,191,2,9,218,1,7,2,219,67,155,6,18,47,163,0,17,1,210,84,143,1,158,70,0,76,151,1,137,90,1,4,222,2,28,198,2,93,135,0,69,12,4,8,135,54,171,3,49,38,25,27,70,19,0,55,47,88,38,0,0,0,6,15,205,2,0,2,7,32,185,2,38,111,63,11,5,0,4,16,206,2,83,143,0,0,2,0,0,0,0,228,0,0,0,83,77,58,10,44.5972222222222,72.0833760753218,57,21.543974961526,2.4238683127572,3.3309948092616,0.0043859649122807,0.00857746094141031,0.00286312746465005,0.000136321696958933,0,0,0,0,0.000997133241929453,0.000488342656912556
NO,NOR,Norway,6,2020-12-03,2020-12-03,201,0,0,0,0,9,200,6,0,566685.874661386,197,1,197,3,16,182,3,3,195,3,6,192,3,16,182,3,22,176,3,9,189,3,2,196,3,8,190,3,1,197,3,7,191,3,17,181,3,3,197,1,1,2,198,36,160,5,6,30,165,0,6,0,195,18,176,7,152,49,0,83,115,3,102,97,2,9,189,3,20,178,3,70,130,1,53,11,4,2,131,34,167,0,51,30,12,15,72,21,0,59,61,67,14,0,0,0,3,12,184,2,0,1,3,18,177,2,30,106,44,18,3,1,2,13,184,1,89,110,0,0,2,0,0,0,0,0,201,0,0,80,53,63,5,53.5862139917696,79.8162007510395,201,177.265337841328,1.87245295175709,0.763234231526697,0,0,0,0,0,0,0,0,0.000633802816901408,0.000413945655791298
NO,NOR,Norway,7,2020-12-03,2020-12-02,100,0,0,0,0,3,98,4,1,261247.365341927,95,1,98,1,10,89,1,3,96,1,6,93,1,19,80,1,11,88,1,8,91,1,0,99,1,1,98,1,3,96,1,2,97,1,5,94,1,4,95,1,2,2,96,20,78,2,4,14,82,1,2,1,96,8,88,4,76,24,0,37,62,1,38,61,1,7,92,1,15,85,0,27,73,0,22,4,1,0,73,20,79,1,36,14,9,4,29,8,0,38,33,26,3,0,0,0,1,8,91,0,0,0,5,14,80,1,13,51,30,6,0,0,0,4,95,1,49,50,0,0,1,0,0,0,0,0,0,100,0,39,25,29,7,57.0247933884298,55.9650631856836,33.3333333333333,0,1.81481481481482,0.654699074437318,0,0,0,0,0,0,0,0,0.000431158378844496,0.00048778747978168
NO,NOR,Norway,1,2020-12-04,2020-12-03,100,1,4746.02707367408,1,4746.02707367408,17,100,3,0,777301.25700641,100,2,98,0,14,86,0,1,99,0,18,82,0,47,53,0,17,83,0,13,87,0,6,94,0,13,87,0,1,99,0,3,97,0,21,79,0,9,91,0,3,6,91,41,59,0,3,38,59,0,2,1,97,40,59,1,67,33,0,41,58,1,68,31,1,11,87,2,26,73,1,66,34,0,48,15,1,2,34,20,79,1,23,20,13,12,31,1,0,12,16,41,31,0,2,7,14,14,61,2,3,4,15,17,61,0,30,46,17,5,2,0,2,16,82,0,33,62,0,2,3,100,0,0,0,0,0,0,0,45,37,14,4,12.1183431952663,18.9489107825554,20.9876543209877,10.3106747459815,2.76332523991213,1.43035751173234,0.01,0.0195013954179879,0.00610577563189885,0.000173178474658378,0.01,0.0195013954179879,0.00610577563189885,0.000173178474658378,0.0023943661971831,0.00113682508874931
NO,NOR,Norway,2,2020-12-04,2020-12-03,100,0,0,0,0,40,99,7,0,675402.855981943,98,1,98,1,18,81,1,2,97,1,25,74,1,46,53,1,19,80,1,12,87,1,4,95,1,7,92,1,1,98,1,4,95,1,30,70,0,10,90,0,7,3,90,44,56,0,7,36,57,0,7,0,93,49,50,1,81,18,1,35,64,1,51,49,0,3,96,1,21,78,1,45,55,0,27,9,4,5,55,31,68,1,19,25,14,10,27,5,0,22,24,30,24,0,0,5,4,15,76,0,3,4,11,25,57,0,22,54,18,5,1,5,5,14,75,1,43,54,0,1,2,0,100,0,0,0,0,0,0,50,25,22,3,15.5029585798817,24.7282683451188,49.3827160493827,66.2279805268432,2.14493960849646,1.20371067611744,0,0,0,0,0,0,0,0,0.00569070991606203,0.00175851182053753
NO,NOR,Norway,3,2020-12-04,2020-12-04,104,3,19218.4784822014,1,5533.7997187341,18,103,9,0,556958.890525142,103,3,101,0,13,91,0,4,100,0,15,89,0,30,74,0,17,87,0,12,92,0,2,102,0,1,103,0,2,102,0,4,100,0,23,81,0,10,94,0,4,6,94,40,64,0,9,30,65,0,9,0,95,48,56,0,83,21,0,39,65,0,56,48,0,3,101,0,14,90,0,48,56,0,31,9,4,4,56,30,74,0,26,18,7,11,37,5,0,22,17,36,29,0,1,1,6,15,81,0,1,1,9,19,74,0,11,55,26,11,1,1,5,9,89,0,51,53,0,0,0,0,0,104,0,0,0,0,0,53,30,19,2,25.0937075599819,45.3042384603123,23.1111111111111,15.2865631305954,3.57847269875502,2.10822251886963,0.0288461538461538,0.0321676545583471,0.0345060987608633,0.000479357159822891,0.00961538461538462,0.0187549838461375,0.00993574178071998,0.000260476387415491,0.00246137016272392,0.00113567386492009
NO,NOR,Norway,4,2020-12-04,2020-12-04,195,3,17034.161159896,2,8144.04210364203,10,193,18,1,644121.447378292,193,3,191,1,20,174,1,3,191,1,21,173,1,38,156,1,28,166,1,18,176,1,5,189,1,12,182,1,1,193,1,9,185,1,42,152,1,9,185,1,4,4,187,71,120,4,18,51,126,1,15,2,177,96,99,0,149,46,0,73,122,0,109,86,0,9,185,1,22,173,0,91,104,0,59,12,7,13,104,40,154,1,52,22,18,18,66,19,0,43,37,69,46,0,1,1,7,22,164,0,2,4,8,31,150,0,35,106,38,16,0,1,5,20,169,0,81,109,0,1,4,0,0,0,195,0,0,0,0,73,69,50,3,23.9397923875433,43.0202726666428,30.46875,11.283432465978,2.9627376641014,4.04724060308016,0.0153846153846154,0.0172745767619782,0.0264455736247078,0.000391850878363039,0.0102564102564103,0.0141413159754392,0.0126436437364257,0.000272858381784953,0.000729767204261841,0.000452141018744626
NO,NOR,Norway,5,2020-12-04,2020-12-04,226,0,0,0,0,15,224,17,0,524309.430382913,225,0,224,2,27,198,1,2,223,1,14,211,1,36,188,2,32,192,2,19,205,2,3,222,1,9,215,2,2,222,2,12,213,1,24,200,2,11,215,0,4,7,215,67,156,3,17,48,161,0,17,0,209,87,136,3,171,54,1,82,143,1,139,87,0,10,216,0,25,201,0,101,123,2,69,20,6,6,125,58,167,1,42,41,20,19,81,23,0,58,49,67,52,0,0,0,8,24,192,2,0,0,10,36,180,0,43,101,55,26,1,0,3,20,203,0,83,139,0,0,4,0,0,0,0,226,0,0,0,86,66,66,8,36.6841425619835,66.5303980438352,41.8518518518519,28.0750757174974,2.186823602019,1.55647329695491,0,0,0,0,0,0,0,0,0.000943158953722334,0.000477070379179355
NO,NOR,Norway,6,2020-12-04,2020-12-04,219,0,0,0,0,14,217,6,0,579511.996716899,214,0,217,2,17,201,1,5,213,1,5,213,1,27,190,2,20,198,1,11,206,2,5,213,1,4,212,3,1,217,1,4,214,1,13,205,1,10,209,0,5,4,210,40,174,5,6,34,179,0,3,3,213,24,192,3,171,47,1,93,124,2,119,99,1,15,203,1,21,196,2,75,144,0,60,9,3,3,144,33,184,2,43,36,23,16,65,36,0,73,56,74,16,0,1,1,5,21,190,1,1,0,8,25,183,2,40,99,58,22,0,1,3,12,203,0,88,125,0,0,6,0,0,0,0,0,219,0,0,87,67,53,12,60.1255771006464,102.346427539768,47.90625,38.0164878469104,2.10980611031571,2.72266577430236,0,0,0,0,0,0,0,0,0.000908677873693776,0.0004757695244037
NO,NOR,Norway,7,2020-12-04,2020-12-03,100,0,0,0,0,1,97,5,1,250502.773617597,96,0,97,3,5,92,3,1,96,3,2,95,3,12,85,3,11,86,3,4,93,3,0,97,3,1,96,3,4,93,3,2,95,3,7,91,2,2,96,2,1,1,98,18,80,2,5,12,83,1,4,0,95,11,87,2,77,23,0,41,57,2,49,50,1,4,96,0,10,90,0,28,72,0,24,3,1,0,72,14,85,1,26,21,7,7,29,10,0,40,27,27,6,0,0,0,0,13,85,2,0,0,3,9,88,0,15,47,30,6,2,0,0,5,94,1,47,53,0,0,0,0,0,0,0,0,0,100,0,34,27,32,7,69.2708333333334,99.6280257179379,100,0,2.03491733148341,2.22782105118153,0,0,0,0,0,0,0,0,0.000145201103528387,0.000284568271367451
NO,NOR,Norway,1,2020-12-05,2020-12-03,100,0,0,0,0,13,100,4,1,833025.644871421,100,1,99,0,13,87,0,2,98,0,24,76,0,44,56,0,19,81,0,14,86,0,7,93,0,15,85,0,0,100,0,6,94,0,29,71,0,6,94,0,2,4,94,43,57,0,4,39,57,1,3,0,96,37,63,0,70,29,1,37,61,2,64,35,1,5,93,2,19,80,1,65,35,0,51,12,0,2,35,20,79,1,20,21,12,11,30,6,0,11,22,45,22,0,2,8,16,23,51,0,2,4,19,22,53,0,28,57,8,6,1,0,6,16,78,0,35,61,0,1,3,100,0,0,0,0,0,0,0,47,32,17,4,11.0408163265306,16.5045438045909,36.1111111111111,19.4840865741669,2.5595567867036,1.37033746055317,0,0,0,0,0,0,0,0,0.00183098591549296,0.000994405368977474
NO,NOR,Norway,2,2020-12-05,2020-12-05,106,1,6058.08646276402,0,0,21,105,19,0,641185.672942072,105,3,103,0,14,92,0,2,104,0,18,88,0,32,74,0,15,91,0,12,94,0,1,105,0,7,99,0,1,105,0,3,103,0,26,80,0,9,97,0,4,5,97,52,52,2,19,33,54,0,18,1,87,42,64,0,85,21,0,36,69,1,64,42,0,5,101,0,23,83,0,60,46,0,40,15,1,4,46,28,77,1,26,17,11,18,27,7,0,12,25,47,22,0,1,0,9,22,73,1,1,4,13,20,68,0,29,52,21,4,0,2,9,12,83,0,44,61,0,0,1,0,106,0,0,0,0,0,0,62,21,21,2,16.9349112426036,32.6267202426789,34.78125,50.5476150172149,2.36187130177515,1.32674519167607,0.00943396226415094,0.0184028015418055,0.00944825612675744,0.000236793948042596,0,0,0,0,0.0028169014084507,0.0012030884157136
NO,NOR,Norway,3,2020-12-05,2020-12-05,140,3,13786.8003425492,2,10703.1917751921,33,139,15,1,591957.677448638,140,4,135,1,17,122,1,2,137,1,21,118,1,47,93,0,23,117,0,13,126,1,7,133,0,8,131,1,3,136,1,5,134,1,30,109,1,15,125,0,8,7,125,67,71,2,15,51,74,1,14,0,125,55,85,0,115,25,0,61,79,0,73,67,0,8,132,0,19,121,0,65,75,0,49,10,2,4,75,25,114,1,25,29,13,11,52,10,0,27,33,46,34,0,0,3,11,24,102,0,0,0,16,27,97,0,19,77,27,17,0,0,2,19,119,0,58,78,1,0,3,0,0,140,0,0,0,0,0,70,41,28,1,23.034375,39.4729065820445,23.5714285714286,23.4051745945677,3.19548677604679,1.52858283263298,0.0214285714285714,0.0239870559672134,0.0232901791255937,0.000384212910294083,0.0142857142857143,0.0196566985974023,0.0180810084621645,0.000339431323028611,0.0033438038301753,0.00113894983897426
NO,NOR,Norway,4,2020-12-05,2020-12-05,200,0,0,0,0,24,199,14,0,611153.174113466,198,3,197,0,28,172,0,5,195,0,22,178,0,42,158,0,23,177,0,18,182,0,1,199,0,10,190,0,0,200,0,8,192,0,36,164,0,11,189,0,8,3,189,79,118,3,14,65,121,0,14,0,186,92,106,2,161,39,0,81,117,2,108,92,0,14,186,0,15,185,0,92,107,1,60,18,7,7,108,58,140,2,49,38,21,16,68,8,0,42,33,64,61,0,0,1,11,30,156,2,0,1,14,33,151,1,45,99,39,16,1,3,8,16,173,0,91,109,0,0,0,0,0,0,200,0,0,0,0,91,62,42,5,35.9624785308495,57.8633798032381,48,35.5277669185979,3.73961218836565,8.5134769598204,0,0,0,0,0,0,0,0,0.00169863401514615,0.000679005230009372
NO,NOR,Norway,5,2020-12-05,2020-12-05,226,0,0,0,0,23,222,18,0,565367.438870755,220,2,224,0,18,208,0,2,224,0,13,213,0,42,184,0,27,199,0,14,212,0,7,219,0,8,217,1,0,225,1,6,220,0,28,198,0,15,210,1,9,6,211,76,148,2,18,57,151,0,18,0,208,74,150,2,171,54,1,80,144,2,121,104,1,7,218,1,15,210,1,79,147,0,50,13,10,6,147,34,187,5,52,32,27,19,78,18,0,60,52,67,47,0,0,0,6,20,199,1,0,2,9,23,192,0,38,120,52,15,1,0,4,10,212,0,85,134,0,3,4,0,0,0,0,226,0,0,0,86,68,60,12,33.9353125,61.3541214834209,36.0972222222222,18.7618593247009,2.22565289544938,1.15444348839132,0,0,0,0,0,0,0,0,0.0014592056845578,0.000595914004660895
NO,NOR,Norway,6,2020-12-05,2020-12-05,226,1,1501.4643731581,0,0,13,226,9,1,581853.488291596,220,1,220,5,24,198,4,10,213,3,14,207,5,30,191,5,27,197,2,15,206,5,4,217,5,7,215,4,3,219,4,6,215,5,16,206,4,8,218,0,6,2,218,42,177,7,9,33,184,1,7,1,217,18,201,7,171,55,0,83,143,0,111,114,1,10,216,0,20,205,1,83,143,0,68,13,2,0,143,47,177,2,60,37,15,16,80,18,0,81,55,72,16,2,0,0,7,21,197,1,1,1,7,31,186,0,26,123,56,18,3,0,3,19,204,0,99,123,0,0,4,0,0,0,0,0,226,0,0,87,63,63,13,69.1593204775023,102.049353275449,45.90625,49.9394164212999,2.48406906372375,5.83287806190259,0.00442477876106195,0.00865319899870604,0.00258048529977299,0.000130355960821164,0,0,0,0,0.000810170759067681,0.000440227310663953
NO,NOR,Norway,7,2020-12-05,2020-12-04,100,0,0,0,0,2,97,3,0,270716.99472164,97,0,100,0,1,99,0,2,98,0,2,97,1,8,92,0,9,91,0,7,93,0,0,100,0,2,98,0,2,98,0,2,98,0,5,95,0,2,96,2,1,1,98,17,81,2,3,12,85,0,3,0,97,8,91,1,75,25,0,42,57,1,51,49,0,3,97,0,8,92,0,33,67,0,30,3,0,0,67,19,80,1,26,12,5,8,36,13,0,35,31,29,5,0,0,0,0,10,88,2,0,0,0,9,91,0,11,50,31,8,0,0,0,5,95,0,39,60,0,0,1,0,0,0,0,0,0,100,0,28,26,38,8,57.0637119113573,61.9341273266639,200,0,2.05804139206845,2.21760721241236,0,0,0,0,0,0,0,0,0.000290402207056774,0.000402411086096449
NO,NOR,Norway,1,2020-12-06,2020-12-04,100,2,9709.36802641031,2,9709.36802641031,16,100,8,1,724947.125744944,100,3,97,0,18,82,0,4,96,0,24,76,0,39,61,0,15,85,0,14,86,0,6,94,0,11,89,0,4,96,0,7,93,0,31,69,0,6,94,0,2,4,94,52,48,0,8,44,48,1,7,0,92,29,71,0,71,28,1,29,69,2,56,44,0,3,96,1,18,81,1,62,38,0,50,9,2,1,38,18,80,2,21,22,11,6,32,8,0,17,21,38,24,0,1,2,21,25,49,2,1,6,20,25,48,0,27,52,16,5,0,2,7,11,80,0,43,54,0,1,2,100,0,0,0,0,0,0,0,50,30,17,3,17.0650887573965,27.3222104918864,44.4444444444444,22.7710017021324,4.4921875,12.8694600192807,0.02,0.0274394957835608,0.0133932085273572,0.00026461185087394,0.02,0.0274394957835608,0.0133932085273572,0.00026461185087394,0.00225352112676056,0.00110296018526087
NO,NOR,Norway,2,2020-12-06,2020-12-05,100,0,0,0,0,39,100,9,1,548438.352589055,98,1,99,0,24,76,0,2,97,1,18,81,1,36,64,0,12,87,1,14,86,0,2,97,1,7,92,1,4,95,1,4,95,1,21,79,0,12,88,0,7,5,88,46,54,0,9,36,55,1,7,1,91,21,79,0,75,25,0,39,59,2,65,35,0,2,96,2,20,79,1,58,42,0,41,13,2,2,42,14,86,0,15,23,12,15,32,3,0,15,19,36,30,0,0,2,8,15,72,3,1,6,13,17,63,0,20,41,28,10,1,1,5,18,76,0,35,61,2,0,2,0,100,0,0,0,0,0,0,48,24,23,5,17.7933673469388,29.9155511416055,27.0833333333333,20.1399773303916,2.47091412742382,1.36271029114761,0,0,0,0,0,0,0,0,0.00549295774647887,0.00171919831648074
NO,NOR,Norway,3,2020-12-06,2020-12-06,137,1,2604.94610367384,1,2604.94610367384,19,137,12,0,676659.108932203,137,5,132,0,22,115,0,4,133,0,23,114,0,36,101,0,30,107,0,24,113,0,7,130,0,8,129,0,2,135,0,10,127,0,36,101,0,11,126,0,8,3,126,56,81,0,12,43,82,0,12,0,125,31,105,1,93,44,0,44,92,1,70,66,1,9,127,1,14,123,0,62,75,0,45,14,1,2,75,27,110,0,22,23,13,22,50,7,0,27,29,37,44,0,0,1,11,18,107,0,0,2,12,26,97,0,25,71,27,13,1,0,4,13,120,0,54,82,0,0,1,0,0,137,0,0,0,0,0,66,33,36,2,15.0193961882274,30.5393412510947,21.5123966942149,8.05397830214112,3.37235464468701,1.72828698617037,0.0072992700729927,0.0142539980310556,0.0038497170425808,0.000147550253824101,0.0072992700729927,0.0142539980310556,0.0038497170425808,0.000147550253824101,0.00195332579418115,0.000877448026481951
NO,NOR,Norway,4,2020-12-06,2020-12-06,233,3,7636.97239264873,3,7636.97239264873,26,230,13,2,659037.398662792,232,5,227,1,23,209,1,3,229,1,27,205,1,40,192,1,36,196,1,14,218,1,5,227,1,12,220,1,3,229,1,5,227,1,43,189,1,16,215,2,10,6,217,89,141,3,13,75,145,2,10,1,220,47,183,3,172,59,2,99,132,2,135,98,0,16,215,2,24,207,2,102,131,0,76,22,4,0,131,49,184,0,49,38,23,17,90,16,0,43,55,81,54,0,1,2,6,28,196,0,1,2,12,26,192,0,38,120,57,16,2,3,4,18,207,1,92,136,0,1,4,0,0,0,233,0,0,0,0,99,71,56,7,25.3941115702479,41.4981576134263,26.9244444444445,19.8808173743159,2.78619260204082,1.47902307066783,0.0128755364806867,0.0144756726950675,0.0115880713418455,0.000258385197519621,0.0128755364806867,0.0144756726950675,0.0115880713418455,0.000258385197519621,0.00159216166564605,0.000611508602930658
NO,NOR,Norway,5,2020-12-06,2020-12-06,233,2,4428.2378825976,0,0,19,232,11,0,545268.429601033,226,3,228,2,25,207,1,1,230,2,14,218,1,28,204,1,32,199,2,6,226,1,2,229,2,5,226,2,1,230,2,6,226,1,30,201,2,13,219,1,7,6,220,72,159,2,11,60,162,0,11,0,222,52,180,1,154,79,0,90,142,1,130,103,0,10,223,0,20,213,0,94,139,0,78,13,2,0,140,49,183,1,53,33,19,22,90,16,0,51,49,81,52,0,0,0,8,25,198,2,0,3,10,43,175,2,47,118,56,12,0,1,3,19,210,0,103,126,0,1,3,0,0,0,0,233,0,0,0,82,72,66,13,28.3734187890032,44.7750497993551,24.8165680473373,15.5880314447028,2.39212534293553,1.88821256954837,0.00858369098712446,0.0118450036056498,0.00812120717467119,0.00023822235387417,0,0,0,0,0.0011534725594949,0.000518355773284445
NO,NOR,Norway,6,2020-12-06,2020-12-06,222,1,1348.64481932967,0,0,8,219,8,0,501166.460224119,219,2,218,2,19,201,2,3,218,1,12,209,1,30,191,1,27,194,1,14,206,2,2,219,1,5,216,1,1,219,2,6,214,2,22,200,0,7,214,1,4,3,215,46,169,7,8,37,177,0,8,0,214,27,192,3,145,77,0,74,146,2,127,94,1,15,206,1,18,202,2,91,130,1,70,16,3,2,131,32,188,2,58,22,18,15,90,19,0,58,58,89,17,0,0,0,10,13,197,2,0,2,7,32,179,2,21,126,56,15,4,0,1,10,210,1,81,135,1,0,5,0,0,0,0,0,222,0,0,99,53,60,10,59.2539021852237,98.6619030609213,71.04,39.7125672803963,2.21671597633136,1.88951171522608,0.00450450450450451,0.00880875976989955,0.00269101172238574,0.000143426616387823,0,0,0,0,0.000514502540356293,0.000356433790715904
NO,NOR,Norway,7,2020-12-06,2020-12-05,100,1,1246.33532936076,1,1246.33532936076,4,98,3,0,253348.075041199,95,1,99,0,10,90,0,2,98,0,5,95,0,11,89,0,14,86,0,8,92,0,0,100,0,3,96,1,1,99,0,2,98,0,9,91,0,3,96,1,2,1,97,23,75,2,3,17,80,0,2,1,97,5,89,6,67,33,0,35,63,2,49,50,1,4,95,1,14,85,1,33,67,0,25,7,1,0,67,20,78,2,28,15,6,6,37,8,0,38,22,34,6,0,0,0,2,7,90,1,0,1,1,12,85,1,13,47,31,8,1,0,0,5,94,1,47,51,0,0,2,0,0,0,0,0,0,100,0,39,27,23,11,43.7574316290131,72.4495774137656,100,70.7106781186548,2.08559525312461,1.37819660448799,0.01,0.0195013954179879,0.00491945845318967,0.000272443877142936,0.01,0.0195013954179879,0.00491945845318967,0.000272443877142936,0.000574877838459327,0.000563207971721789
NO,NOR,Norway,1,2020-12-07,2020-12-06,100,3,14961.9005403992,3,14961.9005403992,22,100,8,0,662231.942171825,99,5,95,0,20,80,0,8,92,0,25,75,0,43,57,0,19,81,0,17,83,0,8,92,0,14,86,0,4,96,0,8,92,0,35,65,0,9,91,0,3,6,91,51,49,0,8,43,49,0,7,1,92,24,75,1,65,34,1,33,67,0,51,49,0,2,98,0,22,78,0,51,49,0,42,6,3,0,49,16,82,2,20,23,10,8,32,7,0,22,26,35,17,0,3,4,21,22,47,3,2,9,18,25,46,0,31,41,20,6,2,7,4,12,77,0,39,59,0,0,2,100,0,0,0,0,0,0,0,49,31,17,3,15.9788166544923,26.3961524133463,27.1604938271605,12.5598703391209,4.66579861111111,12.8442892673128,0.03,0.0334344809563718,0.0225931423533133,0.000357906049328299,0.03,0.0334344809563718,0.0225931423533133,0.000357906049328299,0.00309859154929577,0.00129278762877007
NO,NOR,Norway,2,2020-12-07,2020-12-07,107,1,7257.10520975851,1,7257.10520975851,18,106,7,0,634750.294839613,106,2,105,0,19,88,0,2,105,0,23,84,0,35,72,0,21,86,0,12,95,0,6,101,0,9,98,0,3,104,0,5,102,0,35,72,0,10,97,0,8,2,97,50,57,0,7,42,58,0,6,1,100,34,73,0,70,37,0,35,72,0,66,41,0,7,100,0,16,91,0,60,47,0,44,9,4,3,47,22,85,0,27,28,10,5,37,0,0,14,26,47,20,0,0,1,15,17,74,0,1,6,14,26,60,0,22,53,22,10,0,3,5,16,83,0,39,68,0,0,0,0,107,0,0,0,0,0,0,58,30,18,1,19.0953846153846,33.2313166799636,23.7777777777778,13.2921818662488,3.15210039159843,5.29342988145351,0.00934579439252336,0.0182316240644272,0.011433008017101,0.000261535075519293,0.00934579439252336,0.0182316240644272,0.011433008017101,0.000261535075519293,0.00239170874302418,0.00110357068273814
NO,NOR,Norway,3,2020-12-07,2020-12-07,109,2,13155.5311397374,2,13155.5311397374,20,109,7,1,526084.505880853,109,3,105,1,22,86,1,2,106,1,20,88,1,32,77,0,27,81,1,14,95,0,2,107,0,11,98,0,1,107,1,7,102,0,26,83,0,6,103,0,3,3,103,46,63,0,7,39,63,1,6,0,102,36,72,1,68,40,1,30,77,2,61,47,1,3,105,1,11,97,1,55,54,0,39,12,2,2,54,27,82,0,22,23,11,13,34,6,0,23,29,38,19,0,0,1,11,10,87,0,0,5,11,20,73,0,13,58,30,7,1,1,7,11,90,0,36,71,0,1,1,0,0,109,0,0,0,0,0,52,26,29,2,15.928445452255,30.0334675806887,60.5555555555556,54.7014794301932,3.539410430839,4.19630570288719,0.018348623853211,0.0251950503612202,0.0250064979916303,0.000421937022532206,0.018348623853211,0.0251950503612202,0.0250064979916303,0.000421937022532206,0.00258431321876211,0.00113113994506307
NO,NOR,Norway,4,2020-12-07,2020-12-07,189,3,9855.99003449386,1,3320.10190681401,14,188,16,0,614985.927954589,189,3,186,0,31,158,0,3,186,0,19,170,0,47,142,0,35,154,0,16,173,0,6,183,0,5,184,0,2,187,0,10,179,0,34,155,0,11,178,0,5,6,178,62,127,0,16,46,127,0,14,2,173,73,115,1,126,61,2,64,123,2,98,89,2,12,175,2,18,170,1,81,108,0,47,17,8,9,108,42,146,1,47,21,24,14,68,15,0,40,31,80,38,0,0,2,10,23,153,1,0,3,12,31,142,1,42,101,32,13,1,1,6,16,164,2,84,103,0,0,2,0,0,0,189,0,0,0,0,84,50,53,2,35.3579072532699,50.9645162476939,24.57,20.0217132134091,2.78616024973985,1.36453417006837,0.0158730158730159,0.0178185550950065,0.0160263667613898,0.000313851906434099,0.00529100529100529,0.0103427090891254,0.00539866321471207,0.000183139970106653,0.00104884626910399,0.000549120980472975
NO,NOR,Norway,5,2020-12-07,2020-12-07,235,1,2192.91681757755,0,0,10,233,16,0,526072.8595721,230,2,232,1,32,201,2,4,228,3,11,221,3,45,188,2,33,200,2,16,217,2,6,227,2,10,225,0,2,231,2,13,221,1,41,193,1,8,227,0,2,6,227,75,157,3,16,55,164,0,14,2,219,66,167,2,153,81,1,73,160,2,109,125,1,9,224,2,23,210,2,98,137,0,65,19,6,8,137,45,189,1,61,41,12,16,89,15,1,70,49,68,48,0,0,2,7,25,201,0,0,3,9,37,186,0,45,122,51,15,2,2,1,17,214,1,86,145,0,2,2,0,0,0,0,235,0,0,0,93,63,70,9,28.1648936170213,51.8853879765048,65.2777777777778,31.9794494196693,2.2172510348186,2.25738014922514,0.00425531914893617,0.00832250809627042,0.00416846597895439,0.000174102982338895,0,0,0,0,0.000604485280783413,0.000374543719699938
NO,NOR,Norway,6,2020-12-07,2020-12-07,220,1,5197.6302134574,1,5197.6302134574,5,217,10,1,575615.356793276,215,4,216,0,22,198,0,3,217,0,13,206,1,31,188,1,19,200,1,15,205,0,4,216,0,4,215,1,1,218,1,4,215,1,18,201,1,3,215,2,1,2,217,46,167,7,10,34,176,1,9,0,210,17,199,4,130,90,0,71,147,2,125,94,1,9,211,0,20,200,0,89,131,0,72,13,3,1,131,34,186,0,62,33,14,22,65,24,0,72,59,75,14,0,0,1,3,19,194,3,0,0,6,31,182,1,34,106,58,19,3,0,3,10,206,1,88,128,0,0,4,0,0,0,0,0,220,0,0,85,62,62,11,55.7440166493236,87.235935571435,275,233.345237791561,2.15127540899438,3.64188155922371,0.00454545454545455,0.00888865657959676,0.00902969344392257,0.000244370472737728,0.00454545454545455,0.00888865657959676,0.00902969344392257,0.000244370472737728,0.000324527812033491,0.000284409781613659
NO,NOR,Norway,7,2020-12-07,2020-12-06,100,1,2638.74698636471,0,0,3,99,3,0,285206.543286979,96,1,96,3,10,87,3,2,95,3,5,93,2,19,80,1,4,93,3,3,94,3,0,96,4,3,94,3,3,94,3,2,95,3,3,93,4,2,97,1,1,1,98,18,81,1,3,12,85,0,2,1,97,8,85,7,59,40,1,32,66,2,50,49,1,9,90,1,15,85,0,32,67,1,24,6,1,1,68,14,85,1,19,22,11,8,24,16,0,35,32,31,2,0,0,0,1,6,92,1,0,1,2,9,87,1,16,51,20,11,2,0,0,6,93,1,48,51,0,0,1,0,0,0,0,0,0,100,0,38,25,30,7,54.5454545454545,70.2360107482229,75,35.3553390593274,2.34818836005555,2.6167105431407,0.01,0.0195013954179879,0.00925205626755051,0.000351373553698702,0,0,0,0,0.000426803243704652,0.000482861385434658
NO,NOR,Norway,1,2020-12-08,2020-12-06,100,3,12879.9793258556,3,12879.9793258556,23,99,13,0,696399.934190499,97,5,95,0,25,75,0,9,91,0,27,73,0,43,57,0,27,73,0,22,78,0,9,91,0,20,80,0,1,99,0,8,92,0,44,56,0,12,88,0,7,5,88,54,46,0,13,41,46,0,11,2,87,30,69,1,64,35,1,33,67,0,54,46,0,2,98,0,29,71,0,51,49,0,38,8,1,4,49,14,85,1,16,25,10,13,31,5,0,16,21,46,17,0,2,4,13,29,50,2,3,12,17,27,41,0,24,47,17,8,4,6,5,16,73,0,36,60,1,1,2,100,0,0,0,0,0,0,0,50,32,13,5,11.6689750692521,19.400457516741,19.0082644628099,7.55644922357849,3.47442281575373,6.53590826399835,0.03,0.0334344809563718,0.0184950898090297,0.000316441322489698,0.03,0.0334344809563718,0.0184950898090297,0.000316441322489698,0.00327215820173567,0.00133507837220483
NO,NOR,Norway,2,2020-12-08,2020-12-08,113,1,7854.16117859798,1,7854.16117859798,36,113,14,1,640808.637010195,110,3,110,0,21,92,0,6,107,0,35,78,0,44,69,0,26,87,0,24,89,0,5,108,0,13,100,0,4,109,0,13,100,0,40,73,0,16,97,0,14,2,97,49,63,1,14,34,65,1,12,1,99,40,72,1,78,35,0,37,76,0,54,59,0,1,112,0,24,89,0,54,59,0,41,6,1,6,59,23,90,0,33,20,7,14,31,8,0,20,29,40,24,0,0,4,13,21,75,0,1,6,16,29,61,0,22,55,28,7,1,2,6,18,87,0,41,72,0,0,0,0,113,0,0,0,0,0,0,59,28,21,5,11.6640242874009,16.5723069755119,15.890625,15.7922300910923,3.23373453413012,6.82543352309003,0.00884955752212389,0.0172678965081244,0.0122566406333768,0.000269396344465477,0.00884955752212389,0.0172678965081244,0.0122566406333768,0.000269396344465477,0.00448709958868254,0.00146246673106784
NO,NOR,Norway,3,2020-12-08,2020-12-07,100,0,0,0,0,9,99,11,0,533199.711040518,98,0,100,0,15,85,0,4,96,0,21,79,0,27,72,1,15,85,0,7,93,0,3,97,0,10,89,1,2,98,0,2,98,0,16,83,1,6,93,1,6,0,94,52,47,1,11,41,48,0,10,1,89,41,57,2,76,23,1,36,64,0,52,47,1,6,93,1,17,82,1,32,68,0,16,9,1,6,68,20,79,1,25,12,18,9,31,5,0,20,26,32,22,0,0,1,9,16,74,0,0,2,10,21,67,0,25,46,22,7,0,2,6,17,75,0,41,56,0,1,2,0,0,100,0,0,0,0,0,53,21,24,2,16.6942148760331,31.2480736529569,25,9.12870929175277,3.97135416666667,9.45604890199857,0,0,0,0,0,0,0,0,0.00128040973111396,0.000835983271082306
NO,NOR,Norway,4,2020-12-08,2020-12-08,212,1,2427.73123421325,1,2427.73123421325,32,212,17,0,651958.000122214,208,3,209,0,23,189,0,3,209,0,30,182,0,38,174,0,45,167,0,18,194,0,5,207,0,10,202,0,3,209,0,7,205,0,40,172,0,19,193,0,7,12,193,84,125,3,17,67,128,0,16,1,195,97,115,0,157,54,1,67,144,1,102,108,2,8,203,1,21,190,1,83,128,1,48,17,9,9,129,47,165,0,46,33,25,19,78,11,0,33,49,88,42,0,1,3,11,26,171,0,1,5,16,35,155,0,31,110,46,24,1,5,6,19,182,0,83,127,0,0,2,0,0,0,212,0,0,0,0,101,55,52,4,28.4322916666667,45.6821414786249,18.2049861495845,13.518268417992,2.61777735884626,1.31578014254723,0.00471698113207547,0.00922328284882195,0.003723754035932,0.000147849092395708,0.00471698113207547,0.00922328284882195,0.003723754035932,0.000147849092395708,0.00212596332713261,0.000735811772615654
NO,NOR,Norway,5,2020-12-08,2020-12-08,219,0,0,0,0,13,217,15,1,556174.275500366,212,0,219,0,22,196,1,3,215,1,10,208,1,42,176,1,28,190,1,12,206,1,7,211,1,3,215,1,1,217,1,4,214,1,23,195,1,10,209,0,7,3,209,65,148,6,15,47,157,1,12,2,204,76,143,0,149,70,0,66,152,1,111,108,0,6,213,0,23,196,0,82,137,0,56,16,5,5,137,56,162,1,51,27,26,14,83,18,0,51,40,84,44,0,0,2,5,21,188,3,0,1,7,30,181,0,36,116,47,18,2,0,2,19,198,0,98,118,0,0,3,0,0,0,0,219,0,0,0,92,64,52,11,35.1314586191129,61.2093729937825,44.484375,25.0789323134408,2.3762998215348,2.50500894198761,0,0,0,0,0,0,0,0,0.000843772311287077,0.000458477876997211
NO,NOR,Norway,6,2020-12-08,2020-12-08,240,0,0,0,0,5,236,9,0,607003.145010211,233,1,239,0,28,211,1,3,237,0,10,230,0,29,211,0,38,202,0,12,228,0,3,237,0,5,235,0,3,237,0,7,233,0,19,221,0,4,232,4,3,1,236,51,181,8,9,41,190,0,9,0,231,34,199,7,174,65,1,75,160,5,116,124,0,13,226,1,18,221,1,84,155,1,69,12,0,3,156,50,187,3,63,28,21,18,77,33,0,83,53,87,17,0,1,2,9,18,207,3,0,2,12,34,191,1,41,119,47,28,5,1,4,23,210,2,92,140,0,0,8,0,0,0,0,0,240,0,0,102,73,50,15,42.3842592592593,66.1392437282581,75,30,1.93607829487521,1.07499509625639,0,0,0,0,0,0,0,0,0.0002984005729291,0.00026151580132638
NO,NOR,Norway,7,2020-12-08,2020-12-07,100,1,2638.74698636471,0,0,3,99,4,0,281178.358436294,95,1,97,2,10,88,2,2,96,2,3,95,2,16,84,0,5,93,2,4,94,2,1,96,3,2,96,2,2,96,2,3,95,2,4,93,3,2,97,1,1,1,98,21,79,0,4,15,81,0,3,1,96,7,90,3,69,30,1,37,61,2,43,56,1,7,92,1,10,90,0,32,67,1,26,4,1,1,68,24,74,2,26,23,8,6,21,16,0,42,33,22,3,0,0,0,2,6,92,0,0,1,2,5,92,0,12,55,21,10,2,0,1,4,94,1,60,37,0,0,3,0,0,0,0,0,0,100,0,38,28,24,10,93.75,125.956485469721,75,35.3553390593274,2.15028355387524,2.20932846463096,0.01,0.0195013954179879,0.00938460200507418,0.000356383519318971,0,0,0,0,0.000426803243704652,0.000482861385434658
NO,NOR,Norway,1,2020-12-09,2020-12-08,100,3,12284.7793524285,3,12284.7793524285,13,99,14,0,657510.04160384,96,5,95,0,17,83,0,2,98,0,21,79,0,37,63,0,25,75,0,19,81,0,4,96,0,12,88,0,0,100,0,8,92,0,37,63,0,10,90,0,7,3,90,51,49,0,14,37,49,0,13,1,86,31,69,0,78,22,0,35,65,0,56,44,0,2,98,0,32,68,0,50,50,0,35,11,1,3,50,15,85,0,23,21,13,17,24,2,0,13,18,47,22,0,0,9,15,23,52,1,1,14,13,25,47,0,19,57,15,7,2,1,9,17,73,0,35,62,1,1,1,100,0,0,0,0,0,0,0,55,30,9,6,11.6326530612245,17.5035986738637,16.0493827160494,5.85606974105255,3.584229390681,6.68190610165469,0.03,0.0334344809563718,0.0186837897143939,0.000327290852961283,0.03,0.0334344809563718,0.0186837897143939,0.000327290852961283,0.00184948072272016,0.00100444056201917
NO,NOR,Norway,2,2020-12-09,2020-12-09,100,0,0,0,0,13,100,6,1,629022.219332014,100,1,98,1,14,85,1,3,96,1,23,76,1,28,71,1,21,79,0,14,85,1,4,95,1,9,90,1,3,96,1,6,93,1,25,74,1,4,96,0,3,1,96,40,60,0,6,33,61,1,5,0,94,44,55,1,69,31,0,32,68,0,50,50,0,4,96,0,21,79,0,45,55,0,32,6,4,3,55,18,82,0,25,18,10,9,30,8,0,20,29,30,21,0,1,0,12,14,73,0,1,2,13,24,60,0,14,52,26,7,1,4,8,11,77,0,39,56,1,3,1,0,100,0,0,0,0,0,0,45,27,25,3,14.2617097248477,26.3644697107858,81.25,71.8070330817254,2.52949303858008,1.44284340623192,0,0,0,0,0,0,0,0,0.00183098591549296,0.000994405368977474
NO,NOR,Norway,3,2020-12-09,2020-12-09,100,1,7312.45474172468,1,7312.45474172468,25,99,13,0,575588.285319241,100,2,98,0,17,83,0,4,96,0,22,78,0,29,71,0,22,78,0,12,88,0,4,96,0,9,91,0,1,99,0,3,97,0,25,75,0,13,87,0,7,6,87,54,46,0,13,41,46,0,13,0,87,40,59,1,74,24,2,36,63,1,63,36,1,7,92,1,14,85,1,62,38,0,45,11,0,6,38,24,75,1,22,23,7,5,38,5,0,13,22,47,18,0,0,2,1,15,81,1,2,0,2,19,77,0,7,58,23,12,0,0,2,8,90,0,45,54,0,0,1,0,0,100,0,0,0,0,0,51,23,26,0,17.621929512282,23.5018665768044,17.3611111111111,13.5112809831161,3.19,3.13241443650424,0.01,0.0195013954179879,0.0127043147475959,0.00028932859612008,0.01,0.0195013954179879,0.0127043147475959,0.00028932859612008,0.00355669369753877,0.00139171673355419
NO,NOR,Norway,4,2020-12-09,2020-12-09,205,2,6915.12869394295,2,6915.12869394295,18,200,14,0,627096.023221039,204,2,203,0,28,177,0,4,201,0,27,178,0,42,163,0,34,171,0,14,191,0,8,197,0,20,185,0,1,204,0,10,195,0,46,159,0,12,190,3,8,4,193,69,134,2,14,53,138,0,13,1,191,94,110,1,161,44,0,67,136,2,107,98,0,11,193,1,23,181,1,96,109,0,65,16,8,7,109,42,163,0,36,33,14,26,85,11,0,44,44,70,47,0,0,2,6,18,177,2,0,2,10,28,164,1,38,98,60,8,1,2,3,16,184,0,73,129,0,1,2,0,0,0,205,0,0,0,0,84,56,62,3,21.5500184911243,38.7963827589863,36.9,18.83819996119,2.84229623221838,3.55810819318055,0.00975609756097561,0.0134548951016694,0.0110272246001878,0.000258467740358557,0.00975609756097561,0.0134548951016694,0.0110272246001878,0.000258467740358557,0.00126760563380282,0.000585221896927747
NO,NOR,Norway,5,2020-12-09,2020-12-09,241,0,0,0,0,22,240,11,0,547471.852147675,238,2,239,0,30,211,0,5,236,0,22,219,0,35,206,0,37,204,0,13,228,0,6,235,0,12,229,0,3,238,0,11,230,0,41,200,0,13,228,0,8,5,228,70,170,1,11,59,171,0,11,0,230,91,148,2,183,57,1,93,146,2,126,115,0,12,229,0,26,215,0,95,145,1,64,16,3,12,146,61,179,1,60,30,23,29,78,21,0,67,62,67,45,0,1,0,11,33,195,1,1,5,15,42,177,1,49,121,52,17,2,3,7,15,216,0,92,145,0,1,3,0,0,0,0,241,0,0,0,107,66,61,7,44.5765622935659,75.1876953182823,36.8194444444444,23.9677770145009,2.04203429792407,1.03399028550811,0,0,0,0,0,0,0,0,0.00129107981220657,0.000539149622478716
NO,NOR,Norway,6,2020-12-09,2020-12-09,257,0,0,0,0,6,255,11,0,574404.146280936,252,1,251,5,24,230,3,5,250,2,10,244,3,38,216,3,31,223,3,12,243,2,1,252,4,6,248,3,0,253,4,10,244,3,15,238,4,7,250,0,3,4,250,53,199,5,11,41,205,0,11,0,246,27,226,4,187,70,0,98,158,1,120,135,2,15,242,0,22,235,0,83,173,1,64,14,4,1,174,40,216,1,63,25,17,25,100,26,1,90,64,88,14,1,0,0,3,31,223,0,0,2,6,41,207,1,48,123,61,20,5,1,2,24,230,0,116,137,0,1,3,0,0,0,0,0,257,0,0,107,77,62,11,49.8253315043439,69.103913531601,61.68,22.9867788086978,1.96842246707874,1.88682963438155,0,0,0,0,0,0,0,0,0.000331400165700083,0.000265126545096587
NO,NOR,Norway,7,2020-12-09,2020-12-08,100,1,2108.73824233119,1,2108.73824233119,3,100,4,0,226426.836298905,96,1,99,0,12,88,0,2,98,0,6,93,1,9,90,1,10,90,0,3,96,1,2,98,0,2,96,2,2,98,0,4,96,0,5,95,0,3,97,0,2,1,97,18,82,0,4,13,83,0,4,0,96,5,94,1,73,27,0,37,63,0,51,49,0,9,91,0,12,87,1,27,73,0,24,2,0,1,73,21,79,0,34,15,6,5,27,13,0,45,24,26,5,0,0,0,3,13,84,0,0,0,1,12,87,0,17,53,26,4,0,0,1,9,90,0,53,46,0,0,1,0,0,0,0,0,0,100,0,44,29,22,5,102.835538752363,134.256327461954,33.3333333333333,0,1.79945676776822,0.715369059484615,0.01,0.0195013954179879,0.00931311092271526,0.000395639584698672,0.01,0.0195013954179879,0.00931311092271526,0.000395639584698672,0.000422535211267606,0.000478033792144491
NO,NOR,Norway,1,2020-12-10,2020-12-09,100,3,18327.7683899415,3,18327.7683899415,19,99,13,0,677349.026979103,98,5,94,1,17,83,0,3,97,0,33,67,0,48,52,0,20,79,1,13,87,0,6,94,0,15,85,0,1,99,0,7,93,0,33,67,0,8,92,0,4,4,92,52,48,0,13,38,49,0,13,0,87,32,68,0,81,19,0,37,63,0,53,47,0,3,97,0,32,68,0,50,50,0,37,7,3,3,50,21,78,1,29,22,7,11,29,2,0,14,22,47,17,0,0,11,18,20,51,0,2,10,16,27,45,0,26,46,16,11,1,1,7,16,76,0,33,66,1,0,0,100,0,0,0,0,0,0,0,58,25,13,4,16.1381122161756,27.3965435364224,38.7755102040816,22.9081064496364,3.03601108033241,1.88590174711458,0.03,0.0334344809563718,0.0270580862449618,0.000386397075033827,0.03,0.0334344809563718,0.0270580862449618,0.000386397075033827,0.00270308721012946,0.0012137900847937
NO,NOR,Norway,2,2020-12-10,2020-12-09,100,1,5852.67256499615,1,5852.67256499615,53,100,13,0,651144.310896261,98,4,96,0,16,84,0,2,98,0,29,71,0,27,73,0,29,71,0,21,79,0,7,93,0,13,87,0,1,99,0,7,93,0,32,68,0,15,85,0,8,7,85,55,44,1,13,42,45,0,13,0,87,46,54,0,82,18,0,44,56,0,54,46,0,5,95,0,19,81,0,47,53,0,35,8,3,1,53,20,79,1,17,23,14,9,34,3,0,20,26,37,17,0,0,4,10,16,69,1,0,10,6,28,56,0,18,50,26,6,0,5,5,15,75,0,42,55,1,1,1,0,100,0,0,0,0,0,0,50,30,17,3,23.5469152945844,36.3074310834548,23.5555555555556,15.5055886835451,2.49760867254756,1.38661272129596,0.01,0.0195013954179879,0.00898828795254357,0.000229238389119418,0.01,0.0195013954179879,0.00898828795254357,0.000229238389119418,0.00746478873239437,0.00200216856513271
NO,NOR,Norway,3,2020-12-10,2020-12-09,100,0,0,0,0,17,98,9,0,573826.690078546,99,3,97,0,11,89,0,2,98,0,20,80,0,30,70,0,14,86,0,8,92,0,3,97,0,6,94,0,1,99,0,4,96,0,23,77,0,11,89,0,11,0,89,43,57,0,9,33,58,0,9,0,91,48,52,0,77,23,0,29,71,0,69,31,0,6,94,0,20,80,0,63,37,0,43,9,5,6,37,25,75,0,23,22,7,11,32,5,0,16,25,41,18,0,3,3,7,11,75,1,3,5,11,17,63,1,20,48,24,8,0,2,2,14,82,0,50,50,0,0,0,0,0,100,0,0,0,0,0,43,39,17,1,19.0827947060634,35.239443539571,20.9876543209877,17.0732304764683,2.76331172281858,1.47716160484284,0,0,0,0,0,0,0,0,0.00244323081345214,0.00115999719028953
NO,NOR,Norway,4,2020-12-10,2020-12-10,182,1,2794.03290475712,0,0,20,182,12,0,556997.759498464,180,4,177,1,23,159,0,1,180,1,12,169,1,30,151,1,17,164,1,16,165,1,5,176,1,6,175,1,2,179,1,5,176,1,29,152,1,11,171,0,8,3,171,61,121,0,12,49,121,0,11,1,170,70,111,1,138,44,0,74,108,0,112,70,0,4,178,0,20,162,0,82,100,0,57,11,6,8,100,45,137,0,34,35,21,15,66,11,0,41,42,66,32,1,1,0,4,17,159,1,1,0,11,26,144,0,26,104,38,14,0,1,2,16,163,0,85,95,0,0,2,0,0,0,182,0,0,0,0,80,59,39,4,21.2088571964721,29.4616486251103,30.0826446280992,14.4584588496332,2.66834285714286,1.64437358269785,0.0054945054945055,0.0107394068758001,0.00501623724173136,0.000185531816951053,0,0,0,0,0.00154774802662127,0.000677792880274488
NO,NOR,Norway,5,2020-12-10,2020-12-10,236,1,1046.25613590706,1,1046.25613590706,26,236,17,1,514568.189810379,227,2,234,0,31,205,0,5,231,0,20,216,0,48,188,0,41,195,0,22,214,0,9,227,0,9,227,0,2,234,0,11,225,0,40,196,0,11,225,0,4,7,225,85,147,4,17,66,153,1,14,2,219,82,154,0,193,42,1,112,124,0,144,91,1,10,226,0,32,204,0,111,125,0,78,13,14,6,125,56,180,0,63,34,24,25,70,20,0,63,41,84,48,0,0,1,10,26,197,2,0,2,11,41,181,1,40,117,58,16,5,2,4,20,210,0,90,144,1,0,1,0,0,0,0,236,0,0,0,107,58,59,12,38.9865958217607,62.0884269766369,50.7107438016529,29.2171640424031,2.06980740740741,1.08985706229108,0.00423728813559322,0.00828731826410198,0.00203327014111115,0.000123078500526291,0.00423728813559322,0.00828731826410198,0.00203327014111115,0.000123078500526291,0.00155168297923132,0.000595973855030105
NO,NOR,Norway,6,2020-12-10,2020-12-10,224,1,1952.41895256217,1,1952.41895256217,11,220,11,0,567931.181855414,217,3,218,3,20,202,2,5,217,2,9,213,2,32,189,3,23,198,3,15,207,2,7,214,3,8,213,3,3,218,3,5,215,4,26,195,3,8,213,3,5,3,216,60,159,5,11,46,167,0,10,1,213,21,197,6,177,46,1,107,115,2,119,104,1,13,210,1,21,201,2,86,138,0,69,14,3,0,138,46,177,1,57,39,13,16,78,21,0,76,59,78,10,1,1,0,4,16,203,0,1,2,3,25,193,0,33,115,62,12,2,1,0,13,210,0,97,125,0,1,1,0,0,0,0,0,224,0,0,98,63,53,10,70.8613406795225,106.624250686774,50.2857142857143,36.2845894088858,1.90886436454254,0.75267304243326,0.00446428571428571,0.00873028647892629,0.00343777382707475,0.000152226792005787,0.00446428571428571,0.00873028647892629,0.00343777382707475,0.000152226792005787,0.000704225352112676,0.000416016379003639
NO,NOR,Norway,7,2020-12-10,2020-12-09,100,1,3130.92008325396,0,0,2,100,1,0,239738.981573402,99,1,98,1,15,82,3,3,95,2,3,95,2,9,88,3,8,91,1,1,97,2,2,97,1,2,96,2,1,97,2,2,97,1,7,92,1,2,98,0,1,1,98,10,88,2,1,7,92,0,1,0,99,5,93,2,81,19,0,40,60,0,56,44,0,6,94,0,14,86,0,32,68,0,26,5,0,1,68,12,87,1,30,15,6,7,34,8,0,44,26,26,4,0,0,0,2,10,88,0,0,1,4,10,85,0,15,50,23,11,1,0,0,6,94,0,51,49,0,0,0,0,0,0,0,0,0,100,0,41,36,20,3,78.7379972565158,98.5951365020173,25,35.3553390593274,1.77951388888889,0.58373785055249,0.01,0.0195013954179879,0.0130597037774408,0.000454454979932689,0,0,0,0,0.00028169014084507,0.000390340454332305
NO,NOR,Norway,1,2020-12-11,2020-12-10,100,2,16940.0273901355,2,16940.0273901355,13,100,10,1,683374.922844436,100,3,96,1,17,83,0,4,96,0,39,61,0,48,52,0,23,76,1,13,87,0,10,90,0,17,83,0,2,98,0,9,91,0,38,62,0,7,93,0,3,4,93,47,53,0,10,36,54,1,9,0,90,40,60,0,74,26,0,31,69,0,55,45,0,4,96,0,30,70,0,46,54,0,31,9,4,2,54,21,78,1,29,23,8,9,27,4,0,21,17,41,21,0,1,6,20,24,48,1,6,6,18,27,43,0,29,48,13,9,1,2,5,16,77,0,34,65,0,1,0,100,0,0,0,0,0,0,0,51,29,17,3,14.1423511553382,25.8392400310753,26.530612244898,12.8533630120348,2.95461791901371,1.82018419624945,0.02,0.0274394957835608,0.0247887752737918,0.000368634054488846,0.02,0.0274394957835608,0.0247887752737918,0.000368634054488846,0.00183098591549296,0.000994405368977474
NO,NOR,Norway,2,2020-12-11,2020-12-10,100,0,0,0,0,53,100,11,0,744752.767744754,98,1,99,0,14,86,0,0,100,0,19,81,0,28,72,0,18,82,0,11,89,0,2,98,0,9,91,0,1,99,0,6,94,0,25,75,0,17,83,0,15,2,83,44,55,1,11,33,56,0,10,1,89,48,52,0,82,18,0,39,59,2,57,43,0,4,96,0,19,81,0,48,52,0,35,7,2,4,52,16,84,0,23,20,10,7,35,5,0,16,27,30,27,0,0,3,7,22,67,1,1,6,8,23,62,0,18,48,27,7,0,4,4,11,81,0,37,61,1,1,0,0,100,0,0,0,0,0,0,52,28,18,2,19.5556640625,33.8123507632249,18.3391003460208,16.4918918084104,2.75268360080774,1.40159471356491,0,0,0,0,0,0,0,0,0.00746478873239437,0.00200216856513271
NO,NOR,Norway,3,2020-12-11,2020-12-10,100,0,0,0,0,11,99,10,3,601001.500397206,97,1,99,0,11,89,0,0,100,0,14,86,0,23,77,0,19,81,0,13,87,0,3,97,0,6,94,0,2,98,0,4,96,0,21,79,0,7,93,0,5,2,93,47,53,0,10,36,54,3,6,1,90,47,53,0,76,24,0,38,61,1,52,48,0,5,95,0,11,89,0,49,51,0,27,15,3,4,51,21,79,0,28,20,10,7,28,7,0,23,17,36,24,0,2,2,9,11,75,1,1,1,9,22,67,0,16,60,16,8,0,1,5,10,84,0,33,64,1,1,1,0,0,100,0,0,0,0,0,47,32,17,4,22.24,40.1642342673891,30.5555555555556,26.701366312662,3.53732638888889,2.58922982383817,0,0,0,0,0,0,0,0,0.00156494522691706,0.00092408261656366
NO,NOR,Norway,4,2020-12-11,2020-12-11,177,2,18134.7986384467,0,0,48,173,15,1,600168.56521925,174,4,172,1,20,156,1,4,172,1,24,152,1,39,137,1,31,146,0,15,161,1,8,168,1,17,160,0,2,173,2,8,169,0,41,136,0,20,157,0,9,11,157,72,104,1,15,55,107,1,12,2,162,72,104,1,142,34,1,78,97,2,102,74,1,7,166,4,21,154,2,90,87,0,54,22,8,6,87,42,132,3,51,19,19,13,63,12,0,39,43,59,36,0,0,4,10,24,139,0,2,3,12,28,132,0,35,84,42,15,1,3,3,23,148,0,63,112,0,0,2,0,0,0,177,0,0,0,0,71,62,41,3,19.7419217687075,27.4402313090698,33.1875,51.730249854413,2.75418077357136,1.39850111327706,0.0112994350282486,0.0155712046874776,0.0302161754036914,0.000433080553431016,0,0,0,0,0.00390784010420907,0.00110335182776457
NO,NOR,Norway,5,2020-12-11,2020-12-11,224,1,3371.08649102081,1,3371.08649102081,9,220,11,1,578573.071263678,216,1,222,1,27,196,1,7,216,1,16,207,1,41,182,1,31,192,1,21,202,1,7,216,1,15,208,1,2,221,1,12,211,1,31,193,0,8,215,1,5,3,216,62,158,4,11,48,165,1,9,1,213,78,146,0,178,46,0,95,129,0,122,102,0,12,212,0,22,202,0,87,136,1,60,17,7,3,137,54,169,1,58,34,16,15,83,18,0,65,43,71,45,0,0,1,8,19,196,0,0,0,21,27,176,0,40,119,51,14,0,0,4,16,204,0,93,129,0,0,2,0,0,0,0,224,0,0,0,87,62,66,9,38.4752941176471,59.6274031890763,80.64,37.4823691887266,2.05921914577692,1.05107157497056,0.00446428571428571,0.00873028647892629,0.00582655270086788,0.000196112782774696,0.00446428571428571,0.00873028647892629,0.00582655270086788,0.000196112782774696,0.00057618437900128,0.00037632508057592
NO,NOR,Norway,6,2020-12-11,2020-12-11,198,0,0,0,0,11,193,7,0,536709.474919983,195,2,194,2,19,177,2,2,195,1,8,189,1,30,166,2,24,174,0,6,191,1,1,196,1,4,193,1,1,196,1,5,192,1,17,180,1,8,188,2,2,6,190,43,153,2,7,33,158,0,7,0,191,17,176,5,153,44,1,78,117,3,92,104,2,10,187,1,19,177,2,74,122,2,54,16,3,1,124,38,158,2,57,25,16,19,63,18,0,62,63,54,19,0,0,0,6,9,180,3,0,1,4,30,163,0,23,114,40,18,3,0,2,19,175,2,87,108,0,0,3,0,0,0,0,0,198,0,0,72,56,62,8,54.2373046875,86.1324735780504,87.12,43.3796265544092,2.19771071800208,2.40621354360657,0,0,0,0,0,0,0,0,0.000802743924688025,0.000474192185000308
NO,NOR,Norway,7,2020-12-11,2020-12-10,100,0,0,0,0,2,100,3,1,255659.632659962,96,1,99,0,8,92,0,1,99,0,4,96,0,8,92,0,14,86,0,1,99,0,2,98,0,0,99,1,2,98,0,7,93,0,4,96,0,2,98,0,0,2,98,12,84,4,3,9,88,1,2,0,97,3,95,2,74,25,1,40,59,1,46,53,1,5,94,1,18,81,1,31,69,0,25,6,0,0,69,15,83,2,40,14,6,4,28,8,0,38,28,29,5,0,0,0,2,10,88,0,0,0,3,19,78,0,17,46,29,6,2,0,0,6,94,0,51,49,0,0,0,0,0,0,0,0,0,100,0,45,28,21,6,109.297520661157,154.974431837232,50,0,1.7921146953405,0.74922957028179,0,0,0,0,0,0,0,0,0.00028169014084507,0.000390340454332305
NO,NOR,Norway,1,2020-12-12,2020-12-11,100,1,8456.50173252087,1,8456.50173252087,14,100,8,0,692796.873473918,99,1,99,0,19,81,0,3,97,0,37,63,0,40,60,0,26,74,0,15,85,0,6,94,0,15,85,0,1,99,0,11,89,0,34,66,0,6,94,0,3,3,94,51,49,0,8,43,49,0,8,0,92,38,62,0,74,26,0,34,66,0,59,41,0,6,94,0,32,68,0,55,45,0,38,10,5,2,45,16,84,0,22,26,8,10,29,5,0,21,23,31,25,0,2,7,14,25,50,2,6,7,12,31,44,0,28,44,19,7,2,3,5,17,75,0,30,68,0,1,1,100,0,0,0,0,0,0,0,45,36,14,5,15.5612244897959,26.3316989233888,38.8888888888889,20.1843356939833,2.81440443213296,1.55405617460092,0.01,0.0195013954179879,0.0122063220206481,0.000258565551802947,0.01,0.0195013954179879,0.0122063220206481,0.000258565551802947,0.00197183098591549,0.00103187041240234
NO,NOR,Norway,2,2020-12-12,2020-12-12,102,0,0,0,0,33,102,11,0,607784.413793082,102,1,101,0,12,90,0,2,100,0,16,86,0,37,65,0,13,89,0,8,94,0,5,97,0,5,97,0,2,100,0,2,100,0,22,80,0,7,95,0,5,2,95,45,57,0,11,34,57,0,10,1,91,35,67,0,78,24,0,43,59,0,61,41,0,6,96,0,31,71,0,54,48,0,47,5,0,2,48,23,78,1,31,22,14,5,29,1,0,16,24,45,16,1,1,2,7,13,78,1,1,4,6,26,65,0,18,57,23,4,0,1,2,9,90,0,42,58,0,1,1,0,102,0,0,0,0,0,0,56,29,17,0,20.2493074792244,32.7600045683595,68.6938775510204,80.1270856466614,3.34313725490196,9.7589716002172,0,0,0,0,0,0,0,0,0.00455675227837614,0.00155115355671543
NO,NOR,Norway,3,2020-12-12,2020-12-12,119,1,5397.92172235729,1,5397.92172235729,38,119,10,0,586120.351907467,116,3,115,1,21,97,1,2,117,0,21,97,1,33,85,1,24,94,1,14,104,1,3,115,1,9,109,1,0,118,1,7,111,1,27,91,1,13,106,0,10,3,106,59,58,2,10,49,60,0,10,0,109,43,76,0,99,20,0,57,62,0,71,48,0,6,113,0,15,103,1,64,55,0,45,10,3,6,55,24,94,1,23,22,14,15,42,3,0,21,28,32,38,0,0,4,10,19,85,1,0,4,14,18,82,1,25,50,31,13,0,2,3,10,104,0,64,55,0,0,0,0,0,119,0,0,0,0,0,66,26,24,3,18.2118511918022,23.4313643015431,26.7573964497041,32.0300777985461,2.92088538242384,1.5316991872339,0.00840336134453782,0.0164009367054754,0.00920957906476089,0.000244548768467243,0.00840336134453782,0.0164009367054754,0.00920957906476089,0.000244548768467243,0.00449757367735827,0.00142677582013057
NO,NOR,Norway,4,2020-12-12,2020-12-12,204,1,2339.31190530931,1,2339.31190530931,11,202,18,1,671715.934055498,202,2,202,0,33,171,0,5,199,0,22,182,0,45,159,0,36,168,0,22,182,0,7,197,0,11,193,0,2,202,0,11,193,0,35,169,0,10,194,0,9,1,194,82,121,1,18,63,123,1,14,3,186,84,120,0,161,42,1,92,112,0,123,81,0,13,191,0,17,187,0,99,105,0,62,18,9,10,105,47,156,1,48,31,22,16,81,6,0,44,36,60,64,0,0,3,3,22,175,1,0,2,7,36,159,0,36,107,43,18,0,1,2,20,181,0,77,125,1,0,1,0,0,0,204,0,0,0,0,83,54,64,3,24.9036860879905,40.4625839387431,35.0625,18.9726071331425,2.9529,3.42274619972599,0.00490196078431373,0.00958408945941471,0.00348259105777895,0.000140879872889149,0.00490196078431373,0.00958408945941471,0.00348259105777895,0.000140879872889149,0.00076697810626133,0.000453072918974549
NO,NOR,Norway,5,2020-12-12,2020-12-12,254,1,1883.74015264847,1,1883.74015264847,29,254,16,1,544448.158587521,247,2,248,4,26,224,4,4,245,5,16,234,4,33,216,5,27,223,4,20,229,5,2,248,4,5,246,3,0,249,5,5,245,4,32,218,4,15,239,0,5,10,239,72,175,7,16,51,187,1,15,0,238,84,169,1,211,43,0,111,141,2,142,112,0,10,244,0,31,223,0,99,153,2,75,18,5,1,155,53,199,2,72,35,24,18,85,20,0,65,52,79,58,0,1,0,8,24,218,3,1,2,8,36,207,0,52,109,64,27,2,1,3,18,232,0,89,159,0,0,6,0,0,0,0,254,0,0,0,112,68,63,11,35.9573259347338,65.4819091575605,32.7377777777778,13.5264929150911,2.19715802203709,1.25646364276098,0.00393700787401575,0.00770118890861639,0.00345990728949386,0.000155973006353522,0.00393700787401575,0.00770118890861639,0.00345990728949386,0.000155973006353522,0.00160807363868249,0.000584797563911074
NO,NOR,Norway,6,2020-12-12,2020-12-12,193,3,9591.06130588464,2,6792.79395214763,7,191,7,2,566270.653550394,190,3,190,0,13,180,0,5,188,0,8,185,0,16,176,1,22,171,0,7,185,1,2,191,0,4,189,0,4,189,0,7,186,0,15,177,1,6,187,0,3,3,187,36,153,4,7,25,161,2,5,0,186,13,178,2,138,54,1,73,120,0,98,94,1,8,184,1,14,179,0,62,130,1,50,12,0,0,131,27,164,2,50,29,16,11,65,22,0,65,55,65,8,0,0,1,2,14,175,1,0,1,5,25,162,0,37,105,35,13,3,0,1,15,177,0,81,110,0,0,2,0,0,0,0,0,193,0,0,77,45,64,7,54.9952409280191,87.9427057178714,84.4375,46.1958579492433,1.9636715458319,0.825264934114451,0.0155440414507772,0.0174521748457741,0.0169372388375607,0.000336084119449195,0.0103626943005181,0.0142870909353872,0.0119956665766772,0.000283548713408923,0.000516186121967407,0.000382290299201174
NO,NOR,Norway,7,2020-12-12,2020-12-11,100,0,0,0,0,1,99,1,1,353035.434953466,94,1,99,0,6,94,0,1,99,0,2,98,0,12,88,0,9,91,0,1,99,0,0,100,0,0,99,1,1,99,0,3,97,0,2,98,0,2,98,0,0,2,98,13,84,3,1,11,88,1,0,0,99,3,94,3,77,22,1,43,55,2,47,52,1,7,92,1,11,88,1,32,66,2,25,6,0,1,68,24,75,1,37,10,6,11,29,7,0,35,29,30,6,0,0,0,1,5,93,1,0,0,0,13,86,1,17,50,22,10,1,0,0,8,92,0,51,47,0,1,1,0,0,0,0,0,0,100,0,50,20,21,9,121.329639889197,165.308163166591,100,0,2.03703703703704,2.40940728099109,0,0,0,0,0,0,0,0,0.000142267747901551,0.000278819826397772
NO,NOR,Norway,1,2020-12-13,2020-12-11,100,0,0,0,0,24,100,11,0,735401.350462842,99,0,100,0,15,85,0,4,96,0,25,75,0,39,61,0,19,81,0,20,80,0,4,96,0,14,86,0,3,97,0,5,95,0,34,66,0,8,92,0,4,4,92,51,49,0,11,40,49,0,11,0,89,31,69,0,78,22,0,49,51,0,68,32,0,7,93,0,29,71,0,63,37,0,46,11,5,1,37,19,80,1,17,24,10,12,33,4,0,17,21,38,24,0,2,5,5,24,62,2,2,7,9,29,53,0,23,39,26,10,2,1,4,12,83,0,33,64,0,0,3,100,0,0,0,0,0,0,0,52,25,19,4,12.866512345679,21.0596639818525,37.5,14.9403576166799,2.80669986419194,1.48699900698132,0,0,0,0,0,0,0,0,0.00338028169014085,0.00135008185654615
NO,NOR,Norway,2,2020-12-13,2020-12-12,100,0,0,0,0,9,100,13,0,633854.311762577,97,3,97,0,12,88,0,1,99,0,16,84,0,34,66,0,16,84,0,15,85,0,6,94,0,7,93,0,0,100,0,5,95,0,23,77,0,6,94,0,3,3,94,50,50,0,13,37,50,0,13,0,87,22,78,0,73,27,0,46,54,0,63,37,0,6,94,0,17,83,0,58,42,0,46,10,1,1,42,13,87,0,35,20,14,6,22,3,0,15,32,37,16,0,1,4,10,19,66,0,0,6,17,13,64,0,28,45,20,6,1,2,2,16,80,0,34,63,1,1,1,0,100,0,0,0,0,0,0,62,22,13,3,10.2806861216307,17.8239378082413,25,9.12870929175277,2.41970486111111,1.23246835468886,0,0,0,0,0,0,0,0,0.00126760563380282,0.00082762874363293
NO,NOR,Norway,3,2020-12-13,2020-12-13,108,2,9892.98645972084,2,9892.98645972084,15,107,7,1,642219.575516948,105,3,105,0,8,100,0,0,108,0,14,94,0,25,83,0,16,92,0,10,98,0,4,104,0,7,101,0,1,107,0,4,104,0,21,87,0,6,102,0,1,5,102,45,63,0,7,38,63,1,6,0,101,16,90,2,80,27,1,37,70,1,63,44,1,6,101,1,12,95,1,50,58,0,42,6,0,2,58,28,80,0,27,22,8,6,38,7,0,25,24,28,31,0,0,1,7,17,83,0,0,2,10,18,78,0,22,50,28,8,0,4,6,8,90,0,49,58,0,0,1,0,0,108,0,0,0,0,0,49,30,27,2,16.1165279429251,25.9509815252824,64.8,96.5981366279909,3.09551020408163,2.77500004545923,0.0185185185185185,0.0254261373247429,0.0154043676600135,0.000301201556378168,0.0185185185185185,0.0254261373247429,0.0154043676600135,0.000301201556378168,0.00197446360405423,0.000998211160040312
NO,NOR,Norway,4,2020-12-13,2020-12-13,227,4,13129.4329172857,4,13129.4329172857,18,223,20,0,682754.091859486,225,4,222,1,22,204,1,6,220,1,26,200,1,45,181,1,29,197,1,21,206,0,11,215,1,14,212,1,6,220,1,11,215,1,43,183,1,14,213,0,11,3,213,88,136,3,20,68,139,0,20,0,207,59,166,2,175,50,2,95,129,3,130,95,2,15,211,1,29,197,1,105,122,0,76,20,6,3,122,38,188,1,52,35,17,21,94,8,0,46,44,86,51,0,0,1,14,25,186,1,0,2,17,43,164,1,36,132,39,18,2,2,6,12,206,1,96,128,0,1,2,0,0,0,227,0,0,0,0,96,66,59,6,26.272054572783,44.5580873653739,40.86,14.3567405771644,3.19299359144981,4.22790163391362,0.0176211453744493,0.0171155844000573,0.0192301050610003,0.000325754427364278,0.0176211453744493,0.0171155844000573,0.0192301050610003,0.000325754427364278,0.00113686603928504,0.000524897040417831
NO,NOR,Norway,5,2020-12-13,2020-12-13,241,2,5642.4849696621,1,3082.89246689453,32,239,16,0,553448.088686713,235,2,239,0,32,209,0,5,236,0,12,229,0,45,196,0,37,204,0,16,225,0,7,234,0,8,233,0,3,238,0,2,239,0,35,206,0,14,227,0,9,4,228,76,161,4,16,57,168,0,16,0,225,52,186,3,162,77,2,81,157,3,121,120,0,12,226,3,31,207,3,102,139,0,75,18,4,4,140,40,198,3,58,37,30,19,82,15,0,56,54,79,52,0,0,1,6,18,216,0,1,2,7,32,199,0,38,118,63,20,2,0,3,20,218,0,98,140,0,1,2,0,0,0,0,241,0,0,0,88,72,72,9,42.1601234567901,60.9128709684332,51.8819444444445,50.9933578851273,2.38014654897772,3.11069191603603,0.00829875518672199,0.0114534539877673,0.0101951476299272,0.000264655664510273,0.004149377593361,0.00811574042438117,0.00557033718231818,0.000196081862082151,0.00188579173787495,0.000652765133929714
NO,NOR,Norway,6,2020-12-13,2020-12-13,239,2,4409.46581178866,1,2998.57969788223,9,235,15,0,572092.235026839,234,4,234,1,25,213,1,5,233,1,9,229,1,34,204,1,27,211,1,14,224,1,5,233,1,5,233,1,2,237,0,5,233,1,24,215,0,9,227,3,5,4,230,57,178,4,15,40,184,0,13,2,224,24,212,3,149,90,0,84,155,0,124,115,0,10,229,0,26,213,0,91,148,0,76,12,2,0,149,37,200,2,65,32,17,18,86,21,0,76,65,81,17,0,0,0,10,19,209,1,1,0,7,31,200,0,33,125,68,10,3,1,2,18,218,0,99,133,0,2,5,0,0,0,0,0,239,0,0,90,70,70,9,55.5838716863444,85.852901059037,33.609375,10.5624075439741,2.11504424778761,1.69497041413625,0.00836820083682008,0.0115488944037995,0.00770761346128356,0.000226618237383879,0.00418410041841004,0.00818351189714608,0.00524142701874211,0.000187110724902557,0.00053940665268205,0.000352310812903369
NO,NOR,Norway,7,2020-12-13,2020-12-12,100,0,0,0,0,1,100,1,0,338921.86221118,97,0,100,0,12,88,0,3,97,0,4,96,0,13,86,1,12,88,0,3,97,0,0,100,0,1,99,0,3,97,0,4,96,0,5,94,1,1,99,0,0,1,99,10,88,2,1,8,91,0,1,0,99,4,95,1,71,29,0,36,63,1,50,50,0,3,97,0,6,94,0,33,65,2,24,6,2,1,67,24,76,0,30,12,5,11,33,9,0,35,28,31,6,0,0,0,0,3,96,1,0,0,0,10,89,1,15,57,14,12,2,0,1,8,91,0,51,42,0,2,5,0,0,0,0,0,0,100,0,48,25,19,8,45.28,81.5248019521258,100,0,2.1374230165439,2.32456554411246,0,0,0,0,0,0,0,0,0.000140845070422535,0.000276031824513654
NO,NOR,Norway,1,2020-12-14,2020-12-13,100,1,3568.55621029934,1,3568.55621029934,20,100,7,0,548373.300654631,98,2,98,0,19,81,0,5,95,0,27,73,0,37,63,0,23,77,0,11,89,0,10,90,0,17,83,0,3,97,0,13,87,0,38,62,0,8,92,0,5,3,92,47,53,0,7,38,55,0,7,0,93,32,68,0,73,27,0,40,60,0,70,30,0,9,91,0,27,73,0,66,34,0,47,14,5,0,34,16,82,2,26,17,7,17,27,6,0,15,23,39,23,0,1,4,17,25,52,1,4,7,18,32,39,0,28,41,23,8,0,1,6,14,79,0,42,56,1,0,1,100,0,0,0,0,0,0,0,46,32,18,4,12.3082542001461,18.6761377483336,31.25,40.0891862868637,3.09141274238227,1.82844415364659,0.01,0.0195013954179879,0.0065075309210702,0.000212814076160822,0.01,0.0195013954179879,0.0065075309210702,0.000212814076160822,0.0028169014084507,0.00123279877629136
NO,NOR,Norway,2,2020-12-14,2020-12-14,174,2,6999.70923869359,2,6999.70923869359,30,172,23,0,630949.161633083,172,3,171,0,25,149,0,7,167,0,46,128,0,59,115,0,33,141,0,31,143,0,10,164,0,15,159,0,3,171,0,13,161,0,52,122,0,16,158,0,10,6,158,89,85,0,23,66,85,0,18,5,151,77,96,1,118,54,2,63,110,1,101,71,2,12,160,2,29,143,2,90,84,0,66,13,7,4,84,34,139,1,42,39,16,9,64,4,0,24,50,70,30,0,0,5,20,30,118,1,2,9,20,35,108,0,51,83,30,9,1,3,6,17,148,0,68,105,0,1,0,0,174,0,0,0,0,0,0,89,46,32,7,20.5918744228994,33.1533798697635,26.6326530612245,14.50812734776,2.84407713498623,4.15896927185252,0.0114942528735632,0.0158381130979424,0.0110939353981805,0.000258446850215607,0.0114942528735632,0.0158381130979424,0.0110939353981805,0.000258446850215607,0.00245660006550934,0.000877986468293848
NO,NOR,Norway,3,2020-12-14,2020-12-14,155,3,10739.8267758084,2,7915.91824559959,11,155,16,1,539527.140820235,152,3,152,0,25,130,0,3,152,0,25,130,0,40,115,0,25,130,0,20,135,0,5,150,0,8,147,0,1,154,0,7,148,0,32,123,0,8,147,0,4,4,147,73,81,1,16,57,82,1,12,3,139,49,105,1,108,47,0,50,104,1,82,73,0,10,143,2,20,134,1,73,82,0,57,8,5,3,82,32,123,0,38,25,23,10,50,9,0,31,33,60,31,0,0,5,13,25,111,1,0,5,17,31,102,0,27,79,34,14,1,3,3,17,132,0,71,83,0,0,1,0,0,155,0,0,0,0,0,86,32,31,6,19.7000924824944,32.5457607701991,26.640625,14.4154613021426,3.05227840884172,1.616287932363,0.0193548387096774,0.0216886722083548,0.019905999092985,0.000372706784229309,0.0129032258064516,0.0177668835974755,0.0146719555823737,0.000320830661245667,0.000999545661063153,0.000590387603020527
NO,NOR,Norway,4,2020-12-14,2020-12-14,324,4,6768.07695239831,2,4279.11128503536,43,321,27,3,696082.402229302,318,4,319,1,41,282,1,6,317,1,40,283,1,62,261,1,56,267,1,20,303,1,14,309,1,20,303,1,3,321,0,16,307,1,66,257,1,18,306,0,13,5,306,125,198,1,27,97,200,3,22,2,297,127,197,0,212,111,1,100,224,0,175,148,1,10,314,0,39,285,0,133,191,0,93,25,7,8,191,74,250,0,87,62,19,30,105,21,0,75,73,110,66,0,1,1,18,41,263,0,0,9,17,53,245,0,54,167,80,23,0,1,6,32,285,0,142,177,1,1,3,0,0,0,324,0,0,0,0,142,87,87,8,26.2754081632653,44.1680442506314,61.92,74.7651867038205,2.92571428571429,4.11403092932663,0.0123456790123457,0.0120236288144936,0.00972309733836482,0.000230514583049946,0.00617283950617284,0.00852851680189468,0.0061474205802803,0.000183622210716121,0.00188670966609627,0.000563389640388479
NO,NOR,Norway,5,2020-12-14,2020-12-14,351,4,4294.33913559843,2,1896.51743848222,36,350,21,1,465607.558534887,347,7,341,3,32,317,2,6,342,3,28,320,3,53,296,2,45,303,3,22,326,3,10,338,3,17,331,3,10,338,3,14,333,4,47,303,1,15,336,0,9,6,336,107,237,7,21,86,244,1,18,2,330,116,234,1,236,114,1,130,220,1,205,145,1,21,329,1,38,312,1,170,180,1,117,30,18,4,182,71,277,3,86,57,32,23,130,23,0,80,87,127,57,0,1,1,10,24,313,2,0,4,10,51,286,0,69,164,95,22,1,0,7,33,311,0,150,196,0,1,4,0,0,0,0,351,0,0,0,152,96,90,13,34.6487603305785,55.1713385357565,64.4693877551021,67.9276540207154,2.06763619575254,1.17232534168117,0.0113960113960114,0.0111040689381899,0.00922308724779147,0.000274577013849573,0.0056980056980057,0.00787435749150965,0.00407321016104193,0.000182944853515461,0.00144869215291751,0.000472887833667001
NO,NOR,Norway,6,2020-12-14,2020-12-14,344,0,0,0,0,9,337,8,0,603170.306392893,339,1,338,5,29,310,5,6,334,4,17,325,2,48,294,2,33,309,2,16,324,4,6,335,3,8,331,5,2,338,4,17,323,4,22,319,3,11,331,2,4,7,333,69,270,5,8,59,277,0,7,1,336,34,307,3,227,116,1,129,211,4,187,156,1,16,327,1,30,312,2,108,236,0,89,14,4,1,236,63,276,5,110,52,26,28,100,28,0,85,112,126,21,0,0,0,5,25,313,1,1,1,5,52,285,0,42,201,74,25,2,0,5,24,315,0,148,192,0,1,3,0,0,0,0,0,344,0,0,151,85,90,18,54.1315759047289,81.9169324848678,76.4444444444445,46.8124706398563,1.8929164119137,0.837579132457183,0,0,0,0,0,0,0,0,0.000376144104985999,0.000245696744525571
NO,NOR,Norway,7,2020-12-14,2020-12-13,100,0,0,0,0,5,98,4,0,179301.077576731,96,0,99,1,9,90,1,4,95,1,3,96,1,15,84,1,10,89,1,5,94,1,2,97,1,1,98,1,0,99,1,4,95,1,4,95,1,5,94,1,3,2,95,22,75,3,4,18,78,0,4,0,96,3,91,6,72,28,0,46,52,2,53,46,1,9,87,4,6,92,2,31,69,0,24,7,0,0,69,15,83,2,31,15,5,8,27,13,1,34,26,27,13,0,0,1,1,13,83,2,0,0,4,13,83,0,16,50,22,8,4,0,2,9,89,0,43,53,0,0,4,0,0,0,0,0,0,100,0,46,21,23,10,87.5739644970414,115.759941831829,25,20.4124145231932,1.8388318009735,0.65450374790111,0,0,0,0,0,0,0,0,0.000718597298074159,0.000629640378423396
NO,NOR,Norway,1,2020-12-15,2020-12-14,100,1,3025.89663758945,1,3025.89663758945,15,100,11,0,482380.893436423,98,2,98,0,19,81,0,5,95,0,34,66,0,39,61,0,20,80,0,9,91,0,9,91,0,15,85,0,1,99,0,6,94,0,33,67,0,9,91,0,4,5,91,42,58,0,11,31,58,0,8,3,89,34,66,0,75,25,0,46,54,0,58,42,0,4,96,0,34,66,0,45,55,0,34,7,3,1,55,21,79,0,24,24,5,15,30,2,0,17,16,51,16,0,1,5,13,29,50,2,4,9,21,18,48,0,28,48,14,8,2,1,2,13,84,0,43,56,0,0,1,100,0,0,0,0,0,0,0,52,32,14,2,16.3076923076923,27.9486003290868,18.5185185185185,7.85674201318386,2.73844231570179,1.55477069642988,0.01,0.0195013954179879,0.00627283683653664,0.000222801760662798,0.01,0.0195013954179879,0.00627283683653664,0.000222801760662798,0.00211267605633803,0.00106801198126762
NO,NOR,Norway,2,2020-12-15,2020-12-15,109,1,3278.23896379585,1,3278.23896379585,12,109,11,0,507635.347125519,109,1,108,0,15,94,0,0,109,0,29,80,0,41,68,0,22,87,0,16,93,0,3,106,0,11,98,0,1,108,0,11,98,0,33,76,0,7,102,0,5,2,102,55,54,0,11,43,55,0,10,1,98,42,67,0,76,32,1,29,79,1,47,61,1,6,102,1,18,90,1,57,52,0,37,13,5,2,52,26,83,0,19,31,11,12,28,8,0,10,30,46,23,0,0,2,8,22,77,0,1,4,13,23,68,0,26,52,24,7,0,1,3,12,93,0,33,75,0,1,0,0,109,0,0,0,0,0,0,49,30,30,0,14.7034318587582,25.3680590232926,26.6938775510204,19.5198187393008,2.23853211009174,1.25387608349298,0.0091743119266055,0.0178986477811282,0.00645786189310665,0.000220348290584286,0.0091743119266055,0.0178986477811282,0.00645786189310665,0.000220348290584286,0.00155058793125727,0.000876631152965889
NO,NOR,Norway,3,2020-12-15,2020-12-15,135,4,23792.4608211104,2,11696.4381890693,31,135,15,1,586518.016430641,133,5,130,0,20,115,0,3,132,0,28,107,0,31,104,0,28,107,0,18,117,0,5,130,0,9,126,0,4,131,0,4,131,0,31,104,0,15,120,0,7,8,120,64,71,0,15,49,71,1,9,5,120,56,77,2,93,42,0,46,88,1,64,70,1,4,130,1,19,115,1,54,81,0,37,11,5,1,81,21,114,0,30,31,14,10,44,6,0,23,42,49,21,0,0,3,8,16,108,0,2,5,18,31,79,0,29,60,38,7,1,0,5,10,120,0,60,74,1,0,0,0,0,135,0,0,0,0,0,61,48,21,5,23.7489795918367,40.5173558958,18.6,10.4662723613929,2.93646694214876,1.45409197323607,0.0296296296296296,0.0286030985058798,0.0405656095031891,0.000504886846037127,0.0148148148148148,0.0203792527964805,0.0199421635165617,0.000357782753214147,0.00323422013562859,0.00113666733751806
NO,NOR,Norway,4,2020-12-15,2020-12-15,246,1,2291.31783645726,1,2291.31783645726,26,246,14,2,641078.100145114,239,2,244,0,29,216,1,5,240,1,24,222,0,38,207,1,44,201,1,19,226,1,5,240,1,17,228,1,5,240,1,11,234,1,43,202,1,13,233,0,5,8,233,75,168,3,14,61,171,2,11,1,232,83,162,1,177,67,2,96,149,1,121,125,0,4,241,1,26,219,1,95,150,1,66,15,6,8,151,46,198,2,66,39,29,21,79,12,0,73,51,84,37,1,1,2,6,29,208,0,3,4,12,49,178,0,51,123,53,18,1,1,6,24,215,0,104,141,0,0,1,0,0,0,246,0,0,0,0,108,59,71,8,33.4325068870523,54.6127856639836,36.3905325443787,33.1932727306968,2.72784541988248,1.98081845999593,0.0040650406504065,0.00795112301306342,0.00357416332883404,0.000146083884194838,0.0040650406504065,0.00795112301306342,0.00357416332883404,0.000146083884194838,0.00148860643536013,0.000571765335216476
NO,NOR,Norway,5,2020-12-15,2020-12-15,283,4,7450.47772162544,1,1441.61743279836,35,278,12,2,563239.423685942,275,5,277,1,32,250,1,3,278,2,21,261,1,36,245,2,37,244,2,19,263,1,7,275,1,9,273,1,5,277,1,10,271,2,35,247,1,16,267,0,10,6,267,80,199,4,12,65,206,2,10,0,271,95,186,2,206,77,0,107,174,2,135,147,1,12,270,1,23,259,1,108,175,0,76,21,8,3,175,62,220,1,78,30,31,23,103,18,0,63,68,96,56,0,0,2,15,38,228,0,0,4,19,49,210,1,57,138,66,19,3,2,3,35,243,0,114,165,0,0,4,0,0,0,0,283,0,0,0,118,73,73,19,35.9126368370709,57.6355364651003,79.5206611570248,84.9035436275241,2.04684448242188,0.999270123702066,0.0141342756183746,0.0137530979175039,0.0132279052358731,0.00029837026190801,0.00353356890459364,0.00691342079925064,0.00255951087969687,0.000131954302398707,0.00177322930388084,0.000586939820510789
NO,NOR,Norway,6,2020-12-15,2020-12-15,296,0,0,0,0,10,291,14,1,575346.141176596,289,0,295,1,26,267,3,9,285,2,12,281,3,34,259,3,38,255,3,10,284,2,5,289,2,6,288,2,2,293,1,7,288,1,23,270,3,10,283,3,4,6,286,62,230,4,14,47,235,1,12,1,282,33,255,8,208,87,1,106,189,1,146,150,0,14,281,1,25,270,1,101,195,0,82,14,4,1,195,55,238,3,84,40,28,26,89,29,0,109,81,83,23,0,0,0,11,29,255,1,0,0,7,46,241,2,53,143,76,23,1,0,1,26,269,0,139,153,0,1,3,0,0,0,0,0,296,0,0,122,88,74,12,55.0403901844231,85.017653451868,46.25,17.1276718457922,1.84785413598509,0.688852317507318,0,0,0,0,0,0,0,0,0.000484003678427956,0.000299910470264412
NO,NOR,Norway,7,2020-12-15,2020-12-14,100,0,0,0,0,3,99,1,0,202366.719975321,94,1,99,0,12,88,0,5,95,0,4,96,0,11,89,0,7,93,0,5,95,0,1,99,0,0,100,0,5,95,0,0,100,0,3,97,0,2,97,1,0,2,98,17,77,6,1,14,85,0,1,0,99,2,90,8,74,25,1,42,58,0,50,50,0,6,92,2,2,96,2,39,59,2,33,6,0,0,61,15,84,1,27,10,7,12,35,9,0,35,20,38,7,0,0,0,0,6,94,0,0,0,1,11,86,2,13,45,28,11,3,0,0,6,92,2,57,39,0,0,4,0,0,0,0,0,0,100,0,40,25,26,9,90.0226757369615,142.951593871003,75,35.3553390593274,1.78202479338843,0.82261538496039,0,0,0,0,0,0,0,0,0.000426803243704652,0.000482861385434658
NO,NOR,Norway,1,2020-12-16,2020-12-15,100,1,3025.89663758945,1,3025.89663758945,23,100,12,0,533015.412390991,100,3,97,0,18,82,0,5,95,0,29,71,0,37,63,0,19,81,0,10,90,0,5,95,0,13,87,0,2,98,0,5,95,0,33,67,0,12,88,0,6,6,88,42,58,0,12,30,58,0,9,3,88,41,58,1,65,35,0,39,60,1,54,46,0,3,97,0,27,73,0,43,57,0,35,6,1,1,57,14,86,0,26,24,6,13,31,0,0,16,20,47,17,0,0,5,14,32,47,2,4,10,18,26,42,0,32,47,12,9,0,1,5,17,77,0,37,60,0,0,3,100,0,0,0,0,0,0,0,47,34,18,1,11.304012345679,17.0331791661916,15.2777777777778,10.5608705385487,2.76502397714519,1.86803689569175,0.01,0.0195013954179879,0.00567694022958161,0.000201696853905834,0.01,0.0195013954179879,0.00567694022958161,0.000201696853905834,0.00323943661971831,0.00132174928380468
NO,NOR,Norway,2,2020-12-16,2020-12-16,117,1,3451.40761360931,1,3451.40761360931,14,116,17,2,602317.884327201,115,1,116,0,11,106,0,2,115,0,33,84,0,34,83,0,24,93,0,10,107,0,7,110,0,9,108,0,1,116,0,10,107,0,38,79,0,11,106,0,7,4,106,58,59,0,17,40,60,2,12,3,100,52,65,0,87,30,0,40,76,1,61,56,0,4,113,0,22,95,0,59,58,0,42,12,1,4,58,15,100,2,34,24,11,10,31,7,0,30,21,48,18,0,0,2,15,27,72,1,4,3,17,25,68,0,33,56,22,6,0,2,6,17,92,0,42,73,2,0,0,0,117,0,0,0,0,0,0,66,27,21,3,17.9642927990478,32.1439480116657,16.38,8.18070901572718,2.46237244897959,1.32922239647859,0.00854700854700855,0.0166800862899834,0.00573020941834492,0.000190621806450741,0.00854700854700855,0.0166800862899834,0.00573020941834492,0.000190621806450741,0.00169985429820301,0.000889664657251623
NO,NOR,Norway,3,2020-12-16,2020-12-16,122,2,9098.73865143334,1,3849.76079807207,22,121,15,0,562421.081838863,122,2,120,0,22,100,0,3,119,0,23,99,0,32,90,0,27,95,0,19,103,0,4,118,0,10,111,1,2,120,0,8,114,0,29,93,0,16,106,0,12,4,106,51,70,1,15,36,71,0,14,1,107,57,65,0,93,29,0,42,78,2,69,52,1,10,112,0,22,100,0,60,62,0,38,11,7,4,62,28,93,1,34,21,16,8,38,5,0,28,23,44,27,0,0,3,13,18,87,1,3,5,13,22,77,2,26,54,29,13,0,3,5,13,101,0,53,68,0,0,1,0,0,122,0,0,0,0,0,59,28,33,2,19.8396079304968,36.0868989794646,11.9288888888889,4.20003527322049,3.48916037003037,4.6491592373418,0.0163934426229508,0.0225327379431889,0.0161778051094468,0.000329712492830109,0.00819672131147541,0.0159993017797116,0.00684497954003625,0.000215482444479789,0.00256081946222791,0.00106870766509548
NO,NOR,Norway,4,2020-12-16,2020-12-16,228,1,1701.27547782823,1,1701.27547782823,53,225,12,0,642082.191188977,223,2,226,0,32,196,0,2,226,0,30,198,0,50,178,0,37,191,0,21,207,0,7,221,0,10,218,0,5,223,0,17,211,0,43,185,0,17,210,1,9,8,211,80,146,2,12,67,149,0,11,1,216,98,128,2,186,42,0,98,130,0,121,107,0,10,218,0,25,203,0,103,125,0,65,23,7,8,125,39,186,3,52,46,27,24,69,10,0,58,53,73,44,0,0,0,8,20,198,2,1,4,12,31,179,1,37,120,55,14,2,0,7,19,201,1,105,121,1,0,1,0,0,0,228,0,0,0,0,97,61,65,5,31.957100591716,52.9492837845004,52.6933333333333,59.3903246890154,2.84051619186754,1.6635362309985,0.0043859649122807,0.00857746094141031,0.00264962258909236,0.000125738613106201,0.0043859649122807,0.00857746094141031,0.00264962258909236,0.000125738613106201,0.00331768388106416,0.000891709791271168
NO,NOR,Norway,5,2020-12-16,2020-12-16,259,4,8779.65505421843,1,2989.20462921493,16,256,14,1,519433.203749519,253,5,254,0,29,229,1,5,254,0,19,239,1,35,223,1,32,226,1,13,245,1,8,250,1,6,253,0,2,257,0,14,244,1,38,220,1,11,248,0,8,3,248,63,189,7,14,49,196,1,12,1,245,90,168,1,194,65,0,96,163,0,138,121,0,14,245,0,27,232,0,108,151,0,77,16,8,7,151,55,203,1,64,44,29,14,87,20,1,65,55,84,55,0,1,3,10,24,220,1,2,1,11,37,208,0,48,130,62,19,0,3,7,13,236,0,99,157,0,0,3,0,0,0,0,259,0,0,0,104,71,75,9,31.2632674297607,55.3026719505776,60.703125,72.2633124629988,2.17900874635568,1.05297894284346,0.0154440154440154,0.0150175307809319,0.0169023754947559,0.000350554408711447,0.00386100386100386,0.00755280544780943,0.0057547430692482,0.000205704110646697,0.000880281690140845,0.000431140214437938
NO,NOR,Norway,6,2020-12-16,2020-12-16,270,1,2247.30153083215,1,2247.30153083215,13,268,6,0,593386.805931631,261,1,267,2,29,239,2,7,262,1,14,254,2,33,236,1,36,232,2,11,257,2,4,264,2,5,263,2,1,267,2,8,260,2,31,238,1,10,260,0,2,8,260,56,209,5,6,50,214,0,6,0,264,29,230,11,180,89,1,99,168,3,120,148,2,12,256,2,22,245,3,90,179,1,72,15,1,2,180,49,220,1,72,50,17,28,78,25,0,87,72,93,18,0,0,1,4,19,246,0,0,2,6,46,216,0,44,126,76,23,1,0,1,24,244,1,105,161,0,2,2,0,0,0,0,0,270,0,0,119,64,69,18,47.5148632580262,76.5110416243884,54.84375,25.110803558571,1.88325376650753,0.787218922818396,0.0037037037037037,0.00724567057281972,0.00378724553422423,0.000156284867255599,0.0037037037037037,0.00724567057281972,0.00378724553422423,0.000156284867255599,0.000683203699810805,0.00037126004923124
NO,NOR,Norway,7,2020-12-16,2020-12-15,100,1,2053.12363458323,0,0,4,100,2,0,214163.002026034,92,1,98,1,12,88,0,2,98,0,5,95,0,17,82,1,9,91,0,6,94,0,2,98,0,4,95,1,2,97,1,5,95,0,5,94,1,2,98,0,1,1,98,14,80,6,2,12,86,0,2,0,98,1,94,5,74,25,1,48,51,1,40,58,2,3,97,0,6,94,0,31,65,4,25,6,0,0,69,19,81,0,28,9,7,9,33,14,0,39,28,29,4,0,0,0,0,6,92,2,0,2,4,16,78,0,16,42,27,12,3,0,1,9,89,1,50,48,0,0,2,0,0,0,0,0,0,100,0,42,27,16,15,60.2222222222222,68.0372522106679,100,0,2.08746201611838,2.64982338218637,0.01,0.0195013954179879,0.00958673354015485,0.000412685700415743,0,0,0,0,0.000563380281690141,0.000551946987106018
NO,NOR,Norway,1,2020-12-17,2020-12-16,100,2,20016.539322717,1,15597.4683166161,35,99,16,0,658435.722947344,99,7,93,0,19,81,0,2,98,0,28,72,0,41,59,0,17,83,0,13,87,0,2,98,0,11,89,0,1,99,0,7,93,0,35,65,0,15,85,0,10,5,85,54,46,0,16,37,47,0,14,2,84,38,61,1,68,32,0,43,56,1,58,42,0,4,96,0,32,68,0,50,50,0,42,7,1,0,50,10,89,1,26,27,5,10,32,0,0,13,19,51,17,0,0,3,12,28,57,0,4,8,12,29,47,0,33,45,17,4,1,3,4,9,84,0,39,60,0,0,1,100,0,0,0,0,0,0,0,50,27,18,5,14.536157779401,24.8763020502419,17.3469387755102,13.9280179417461,3.08706208810267,2.18086266652918,0.02,0.0274394957835608,0.0304001417680033,0.000414691825509719,0.01,0.0195013954179879,0.0236886726722503,0.000367329600052816,0.00497937117655428,0.00164552548275969
NO,NOR,Norway,2,2020-12-17,2020-12-17,108,1,2626.70401864876,1,2626.70401864876,22,107,14,3,627015.074847415,105,3,105,0,12,96,0,5,103,0,22,86,0,31,77,0,17,91,0,16,92,0,6,102,0,16,92,0,3,105,0,8,100,0,27,81,0,12,96,0,7,5,96,55,53,0,14,40,54,3,9,2,94,45,63,0,78,30,0,40,68,0,55,53,0,1,107,0,20,88,0,46,62,0,31,10,4,1,62,26,81,1,37,24,6,11,22,8,0,26,19,48,15,0,1,7,13,13,74,0,1,11,10,25,61,0,21,58,24,4,1,3,2,9,94,0,46,60,1,0,1,0,108,0,0,0,0,0,0,53,27,23,5,16.7863894139887,30.9034374691682,19.6363636363636,15.8313424875681,2.66716938448487,1.39890633151787,0.00925925925925926,0.0180636016201853,0.00418921988325077,0.000159868937866822,0.00925925925925926,0.0180636016201853,0.00418921988325077,0.000159868937866822,0.00289587995261287,0.00120833557092182
NO,NOR,Norway,3,2020-12-17,2020-12-17,124,3,15238.4059552322,3,15238.4059552322,14,123,14,0,594965.088223313,123,4,119,1,18,105,1,3,120,1,31,92,1,36,87,1,17,106,1,12,111,1,2,121,1,8,115,1,1,122,1,9,114,1,32,92,0,9,115,0,5,4,115,55,67,2,14,41,69,0,13,1,110,55,68,1,88,35,1,50,73,1,70,54,0,4,119,1,19,104,1,57,67,0,40,7,5,5,67,24,100,0,26,23,13,10,45,6,1,34,24,47,19,0,1,1,4,15,102,1,1,2,10,21,90,0,20,60,37,7,0,7,4,6,107,0,66,58,0,0,0,0,0,124,0,0,0,0,0,57,36,28,3,13.1477881372744,18.8500056506309,27.125,16.0440242547097,2.96586938994894,1.62995358072766,0.0241935483870968,0.0270438722530324,0.0256122691177345,0.000401413783885378,0.0241935483870968,0.0270438722530324,0.0256122691177345,0.000401413783885378,0.00160311462269552,0.00083907398731989
NO,NOR,Norway,4,2020-12-17,2020-12-17,238,1,1957.84936667891,0,0,21,235,23,0,685135.380923384,234,2,235,1,22,216,0,4,233,1,25,212,1,49,189,0,47,190,1,16,222,0,5,233,0,14,223,1,2,236,0,10,228,0,48,189,1,11,226,1,7,4,227,88,149,1,23,63,152,0,20,3,215,84,154,0,185,53,0,95,143,0,111,127,0,7,231,0,32,206,0,95,143,0,68,15,6,6,143,48,188,2,75,44,18,15,81,5,0,65,51,79,43,0,0,3,16,26,191,2,2,6,16,41,171,2,46,119,52,21,0,4,13,17,204,0,88,147,0,0,3,0,0,0,238,0,0,0,0,108,65,59,6,21.3524553571429,34.8970929182093,61.7037037037037,26.4444444444444,2.68057195329923,1.30210672803683,0.00420168067226891,0.0082178238607289,0.00285760949031743,0.000126397918690737,0,0,0,0,0.00125861552292478,0.000537969990764063
NO,NOR,Norway,5,2020-12-17,2020-12-17,251,1,1611.99332551464,0,0,8,250,18,0,481327.227268493,246,1,246,4,31,216,4,6,239,6,15,233,3,31,215,5,31,216,4,20,225,6,5,241,5,10,237,4,4,242,5,8,238,5,37,208,6,7,244,0,2,5,244,89,161,1,18,70,163,0,18,0,233,89,160,2,205,46,0,119,130,2,143,105,3,15,235,1,35,216,0,111,140,0,78,16,11,6,140,52,196,3,75,36,16,30,80,14,0,68,50,88,45,0,1,5,4,24,214,3,1,3,11,41,195,0,46,134,54,16,1,0,5,20,225,1,107,141,0,0,3,0,0,0,0,251,0,0,0,114,73,58,6,34.0026029877773,54.902357799,55.7777777777778,34.1567736354765,1.92982099612186,1.54266127047644,0.00398406374501992,0.00779305090554704,0.00334905908951509,0.000163215282882023,0,0,0,0,0.000450704225352113,0.000312245965700594
NO,NOR,Norway,6,2020-12-17,2020-12-17,254,1,2425.15372353513,1,2425.15372353513,2,253,15,0,623517.686172153,245,2,251,1,23,228,3,4,248,2,12,242,0,32,221,1,34,218,2,11,243,0,4,250,0,10,244,0,1,253,0,9,245,0,26,228,0,2,251,1,1,1,252,58,193,3,15,41,198,0,15,0,239,27,221,6,190,63,1,99,150,5,133,119,2,15,237,2,27,226,1,94,159,1,76,9,8,1,160,49,200,5,76,28,23,14,87,26,0,83,71,81,18,1,0,1,7,30,216,0,0,2,7,39,206,0,45,130,56,20,3,2,5,21,226,0,112,138,0,0,4,0,0,0,0,0,254,0,0,95,74,71,14,46.7815820543093,67.2885005381475,127,0,2.21627621064135,4.24274569709347,0.00393700787401575,0.00770118890861639,0.00388947062339712,0.000154497948087502,0.00393700787401575,0.00770118890861639,0.00388947062339712,0.000154497948087502,0.000111339976618605,0.000154297908918588
NO,NOR,Norway,7,2020-12-17,2020-12-16,100,0,0,0,0,4,100,3,0,219419.063108982,89,1,96,3,15,84,1,2,96,2,6,93,1,14,83,3,14,84,2,3,95,2,2,96,2,3,94,3,0,98,2,6,91,3,7,90,3,3,97,0,2,1,97,22,74,4,3,18,79,0,3,0,97,8,89,3,80,20,0,50,49,1,37,62,1,7,93,0,13,87,0,32,65,3,27,4,0,1,68,19,81,0,34,8,7,6,32,13,0,36,32,26,5,1,0,0,1,13,85,1,0,2,2,19,77,0,14,49,29,7,1,0,4,6,90,0,50,47,0,0,3,0,0,0,0,0,0,100,0,40,24,22,14,47.6990504017531,73.2289366262356,44.4444444444444,19.2450089729875,2.24445646295295,2.69790258996856,0,0,0,0,0,0,0,0,0.000563380281690141,0.000551946987106018
NO,NOR,Norway,1,2020-12-18,2020-12-16,100,3,31312.7162260184,2,26893.6452199175,24,99,16,0,762497.800272676,97,6,94,0,15,85,0,3,97,0,35,65,0,41,59,0,23,77,0,16,84,0,3,97,0,10,90,0,3,97,0,6,94,0,33,67,0,11,89,0,8,3,89,54,46,0,16,36,48,0,14,2,84,35,65,0,79,21,0,47,53,0,56,44,0,4,96,0,32,68,0,44,56,0,37,5,1,1,56,15,84,1,35,17,6,8,29,5,0,18,23,44,15,0,1,7,12,25,55,0,5,6,13,19,57,0,36,43,14,4,3,3,5,12,80,0,33,66,1,0,0,100,0,0,0,0,0,0,0,50,26,18,6,19.9387755102041,33.8511414291969,24,20.1108041719978,2.90642722117202,1.87304462705389,0.03,0.0334344809563718,0.0410659758163508,0.000445414377099436,0.02,0.0274394957835608,0.0352704561381031,0.000414035062516243,0.00341442594963722,0.00136369568626246
NO,NOR,Norway,2,2020-12-18,2020-12-17,100,4,19069.8153333774,3,11883.9425238466,32,100,11,2,659430.211564523,98,7,93,0,19,81,0,8,92,0,28,72,0,41,59,0,20,80,0,13,87,0,7,93,0,12,88,0,5,95,0,6,94,0,32,68,0,14,86,0,9,5,86,54,46,0,11,42,47,2,9,0,89,38,62,0,75,25,0,43,57,0,46,54,0,1,99,0,22,78,0,47,53,0,30,11,3,3,53,27,73,0,30,27,7,5,29,2,0,17,25,40,18,0,0,2,7,19,72,0,2,6,4,24,64,0,24,51,19,6,0,1,2,14,83,0,40,60,0,0,0,0,100,0,0,0,0,0,0,49,35,12,4,20.1557093425606,33.9564502993904,16.3265306122449,11.3557333525003,2.59331597222222,1.4258185398105,0.04,0.0384072934108425,0.0289186255026647,0.000404464404258488,0.03,0.0334344809563718,0.0180215317943221,0.000321077967127082,0.00450704225352113,0.00155805874230045
NO,NOR,Norway,3,2020-12-18,2020-12-18,111,2,7260.68148117452,2,7260.68148117452,22,110,15,3,602290.457419735,109,2,109,0,23,88,0,3,108,0,18,93,0,29,82,0,14,97,0,14,97,0,6,105,0,10,101,0,4,107,0,8,103,0,22,89,0,12,99,0,7,5,99,52,59,0,15,37,59,3,10,2,96,53,58,0,88,23,0,39,72,0,55,56,0,6,105,0,10,101,0,45,66,0,29,6,8,2,66,17,93,1,29,21,8,8,39,6,0,28,16,39,28,0,1,2,10,13,83,2,2,2,12,19,76,0,27,57,14,12,1,1,7,18,85,0,48,60,0,1,2,0,0,111,0,0,0,0,0,39,38,33,1,23.5050784856879,38.67317992656,20.1818181818182,13.538375209226,3.24376859504132,1.67602848464185,0.018018018018018,0.0247452513571082,0.0120551162511854,0.000275611388788315,0.018018018018018,0.0247452513571082,0.0120551162511854,0.000275611388788315,0.0028169014084507,0.00117542751326156
NO,NOR,Norway,4,2020-12-18,2020-12-18,209,2,8515.3483440264,1,3812.39888240856,21,209,14,2,616887.852146082,205,2,207,0,25,184,0,5,204,0,30,179,0,45,164,0,47,162,0,14,195,0,5,204,0,15,194,0,2,207,0,9,200,0,51,158,0,11,198,0,8,3,198,71,137,1,14,57,138,2,10,2,195,75,133,1,170,38,1,91,118,0,114,95,0,7,201,1,23,186,0,90,119,0,64,9,10,7,119,58,151,0,68,38,19,17,57,10,0,47,52,62,48,0,2,3,15,15,173,1,3,3,15,34,153,1,31,109,50,19,0,1,8,21,179,0,89,119,0,0,1,0,0,0,209,0,0,0,0,92,63,48,6,16.3949162528407,28.1156489613525,36.2727272727273,19.8448527789496,3.16635,7.33852530798797,0.00956937799043062,0.0131986293329321,0.0138037218830011,0.000291155341360218,0.00478468899521531,0.00935535623581309,0.00618005180219656,0.000195566694159863,0.00141518970281016,0.000604847070257754
NO,NOR,Norway,5,2020-12-18,2020-12-18,241,3,4982.14586925661,2,2776.31725211299,15,238,10,0,498367.933563824,239,3,238,0,26,215,0,3,237,1,22,218,1,37,204,0,29,211,1,16,225,0,8,232,1,10,230,1,2,238,1,8,232,1,38,203,0,10,230,1,6,4,231,68,171,2,10,57,174,0,10,0,231,79,162,0,188,52,1,106,135,0,128,113,0,12,229,0,30,211,0,110,130,1,72,23,12,3,131,53,185,3,64,40,24,19,79,15,0,58,46,87,50,0,0,1,14,29,197,0,2,0,16,44,177,2,53,127,47,13,1,3,5,23,208,2,80,158,0,2,1,0,0,0,0,241,0,0,0,100,76,54,11,50.2185367977936,79.0011819414769,56.484375,63.2676230918819,2.56489603024575,6.86263261775897,0.012448132780083,0.0139981819120165,0.00999692302357685,0.000276200519981027,0.00829875518672199,0.0114534539877673,0.00557081839567721,0.000206642418580107,0.000887679015268079,0.000449019882735593
NO,NOR,Norway,6,2020-12-18,2020-12-18,262,0,0,0,0,14,261,11,0,556710.593912881,253,3,259,0,33,229,0,8,254,0,12,249,1,44,218,0,33,229,0,9,253,0,3,259,0,6,256,0,2,260,0,11,251,0,22,240,0,11,251,0,8,3,251,54,202,6,11,41,210,0,10,1,251,29,229,4,204,57,1,93,166,3,136,126,0,13,249,0,22,239,1,96,166,0,82,12,1,1,166,44,214,4,76,47,26,21,67,25,0,66,78,103,14,1,0,2,12,22,225,1,0,0,14,34,213,1,49,134,62,15,2,1,4,25,232,0,106,145,0,1,10,0,0,0,0,0,262,0,0,104,71,72,15,49.7834228480186,74.3951280250074,36.68,18.3191945480386,1.8856143273636,0.738198207970673,0,0,0,0,0,0,0,0,0.000755490799201338,0.00039559349177493
NO,NOR,Norway,7,2020-12-18,2020-12-17,100,0,0,0,0,4,98,1,0,226167.346858587,97,0,99,1,9,90,1,4,94,2,6,93,1,15,84,1,14,85,1,2,96,2,1,98,1,1,97,2,2,97,1,4,95,1,4,95,1,4,95,1,3,1,96,23,74,3,1,22,77,0,1,0,99,6,90,4,75,25,0,38,61,1,42,58,0,4,95,1,13,87,0,34,65,1,28,4,1,0,67,20,80,0,32,12,12,10,28,6,0,25,37,31,5,2,0,0,2,17,80,1,0,0,3,16,80,1,15,58,19,8,0,0,0,10,90,0,49,49,0,1,1,0,0,0,0,0,0,100,0,41,28,21,10,59.2091571279917,97.5899253992739,44.4444444444444,19.2450089729875,1.85582628456003,0.740309142010775,0,0,0,0,0,0,0,0,0.000574877838459327,0.000563207971721789
NO,NOR,Norway,1,2020-12-19,2020-12-17,100,2,26893.6452199175,2,26893.6452199175,18,100,16,0,896924.551807071,96,3,97,0,11,89,0,4,96,0,36,64,0,34,66,0,25,75,0,16,84,0,3,97,0,11,89,0,3,97,0,7,93,0,34,66,0,9,91,0,5,4,91,52,48,0,16,34,50,0,15,1,84,30,70,0,80,20,0,41,59,0,57,43,0,6,94,0,23,77,0,45,54,1,34,9,1,1,55,15,82,3,31,13,10,11,28,6,1,18,29,35,17,1,2,8,13,23,53,1,6,6,13,24,51,0,31,46,15,5,3,4,7,18,70,1,37,62,1,0,0,100,0,0,0,0,0,0,0,48,30,17,5,18.9035916824197,31.7592640157605,22.2222222222222,18.4256932797522,2.88612486414684,1.86524485422941,0.02,0.0274394957835608,0.0299842892757632,0.00035294448375635,0.02,0.0274394957835608,0.0299842892757632,0.00035294448375635,0.00253521126760563,0.00116970078590584
NO,NOR,Norway,2,2020-12-19,2020-12-18,100,3,22392.3823311463,2,17657.9687724388,17,100,22,0,660716.534342729,99,3,97,0,21,79,0,5,95,0,20,80,0,38,62,0,16,84,0,12,88,0,4,96,0,7,93,0,2,98,0,9,91,0,31,69,0,9,91,0,5,4,91,60,40,0,22,37,41,0,21,1,78,48,52,0,75,25,0,34,66,0,62,38,0,3,97,0,11,89,0,53,47,0,45,6,2,0,47,31,69,0,24,24,17,12,21,2,0,15,25,42,18,0,1,3,10,14,69,3,1,6,10,29,53,1,18,54,23,5,0,4,2,9,85,0,40,58,0,0,2,0,100,0,0,0,0,0,0,48,33,18,1,17.3783287419651,28.0920943026015,20.9876543209877,11.7121394821051,2.4550961845042,1.09794317562808,0.03,0.0334344809563718,0.0338910579155128,0.000436310954716902,0.02,0.0274394957835608,0.0267254834026587,0.000388884796157635,0.0023943661971831,0.00113682508874931
NO,NOR,Norway,3,2020-12-19,2020-12-19,123,0,0,0,0,33,123,10,0,588853.37144233,122,0,123,0,20,103,0,3,120,0,19,104,0,25,98,0,17,106,0,7,116,0,7,116,0,8,115,0,3,120,0,4,119,0,22,101,0,15,108,0,7,8,108,49,73,1,10,39,74,0,8,2,113,50,73,0,94,29,0,51,72,0,73,50,0,7,116,0,13,110,0,66,56,1,39,18,7,2,57,28,95,0,35,30,11,5,40,2,0,24,30,37,32,0,0,2,8,16,95,2,0,1,11,20,91,0,16,66,29,12,0,1,2,12,108,0,55,67,0,0,1,0,0,123,0,0,0,0,0,61,33,27,2,27.0705593132154,43.8559895909722,18.04,9.40066866922622,4.25093914350113,7.60474159996693,0,0,0,0,0,0,0,0,0.00377877018206802,0.00128682502190497
NO,NOR,Norway,4,2020-12-19,2020-12-19,215,3,8840.27362218494,1,2100.81206537486,24,214,12,0,616295.05173192,213,4,211,0,23,192,0,5,209,1,27,187,1,47,168,0,36,179,0,22,193,0,6,209,0,17,198,0,5,209,1,10,204,1,39,175,1,12,203,0,6,6,203,77,135,3,12,65,138,0,12,0,203,93,121,1,170,45,0,95,120,0,121,93,1,8,206,1,21,193,1,106,108,1,79,9,7,11,109,40,174,1,66,42,14,18,67,8,0,41,39,75,60,0,0,2,12,20,180,1,0,3,14,37,161,0,30,110,54,19,2,2,4,19,190,0,92,120,0,0,3,0,0,0,215,0,0,0,0,97,70,45,3,24.2837465564738,38.9692854853161,42.6446280991736,30.0494208507179,3.04182596552277,1.6022839514708,0.013953488372093,0.0156790216201223,0.0143442229453926,0.000296862198764883,0.00465116279069768,0.00909488658760705,0.00340877646100051,0.000145516265605982,0.00157957088324339,0.000631449057221568
NO,NOR,Norway,5,2020-12-19,2020-12-19,274,4,9595.55701275138,3,8192.72249528033,18,269,14,2,584279.487951549,270,6,267,1,31,242,1,7,267,0,19,254,1,42,231,1,34,239,1,20,254,0,10,263,1,13,260,1,3,270,1,11,262,1,37,236,1,13,257,4,7,6,261,96,177,1,14,79,181,2,12,0,260,81,190,3,219,54,1,107,166,1,158,116,0,13,261,0,31,243,0,115,159,0,90,17,3,5,159,63,209,2,66,62,38,23,71,14,0,71,67,84,52,0,1,2,11,24,233,3,0,2,13,41,216,2,45,132,67,28,2,0,1,17,256,0,118,151,1,0,4,0,0,0,0,274,0,0,0,126,74,66,8,35.8022976896856,62.5232016183304,34.25,15.3942301929107,2.28738390900553,1.354903073959,0.0145985401459854,0.0142014969391073,0.0164228887212742,0.00032588678740663,0.0109489051094891,0.0123216117327566,0.0140219238638747,0.000301491590215829,0.000942457720299492,0.000435180038490956
NO,NOR,Norway,6,2020-12-19,2020-12-19,233,1,4036.24796435533,0,0,5,232,14,0,569839.556466644,224,3,229,1,19,213,1,6,226,1,8,223,2,22,210,1,24,207,2,6,226,1,2,230,1,5,225,3,3,229,1,7,223,3,20,210,3,5,228,0,2,3,228,59,171,3,14,44,175,0,12,2,219,19,210,4,181,52,0,98,134,1,118,115,0,12,221,0,24,209,0,80,153,0,70,9,0,1,153,42,189,2,83,46,13,25,51,15,0,74,71,73,15,0,1,0,6,17,208,1,1,0,9,34,189,0,38,116,62,14,3,0,3,26,204,0,101,127,0,0,5,0,0,0,0,0,233,0,0,102,46,71,14,44.8543184183143,81.0251458802755,72.8125,29.125,2.15740740740741,2.23139704487482,0.00429184549356223,0.00839379197738522,0.00708313053832653,0.00021774132525971,0,0,0,0,0.000303545410393395,0.000266024009920645
NO,NOR,Norway,7,2020-12-19,2020-12-18,100,0,0,0,0,7,98,3,0,228631.889388948,95,0,100,0,7,92,1,2,98,0,5,95,0,11,89,0,14,86,0,8,92,0,3,96,1,2,98,0,1,99,0,3,97,0,6,94,0,5,95,0,2,3,95,23,75,2,3,20,77,0,3,0,97,1,94,5,75,24,1,35,63,2,44,54,2,6,91,3,13,85,2,34,66,0,31,2,0,0,67,18,78,4,37,18,6,9,24,5,1,31,36,27,5,1,0,0,3,11,86,0,0,1,5,14,80,0,14,55,24,5,2,0,2,10,88,0,44,55,0,0,1,0,0,0,0,0,0,100,0,36,34,22,8,85.0661625708885,129.009512638365,66.6666666666667,66.6666666666667,1.78722376524574,1.03148975559489,0,0,0,0,0,0,0,0,0.00100603621730382,0.00074489338690477
NO,NOR,Norway,1,2020-12-20,2020-12-18,100,0,0,0,0,21,99,11,0,809769.881081846,97,1,99,0,9,91,0,5,95,0,23,77,0,25,75,0,19,81,0,13,87,0,4,96,0,7,93,0,1,99,0,9,91,0,28,72,0,9,91,0,4,5,91,43,57,0,11,32,57,0,11,0,89,28,71,1,76,24,0,43,56,1,63,36,1,8,91,1,16,83,1,53,46,1,43,9,1,0,47,14,82,4,38,13,14,10,22,2,1,20,30,34,15,1,1,2,13,23,59,2,4,3,13,27,53,0,24,54,14,6,2,2,5,17,75,1,42,58,0,0,0,100,0,0,0,0,0,0,0,44,32,20,4,12.189349112426,17.9770310641314,32.8125,28.2980785566794,3.31830269395306,1.77008686446214,0,0,0,0,0,0,0,0,0.00298762270593257,0.00127589363235813
NO,NOR,Norway,2,2020-12-20,2020-12-19,100,0,0,0,0,11,100,20,2,657652.23973697,99,0,100,0,18,82,0,3,97,0,18,82,0,29,71,0,11,89,0,11,89,0,5,95,0,5,95,0,2,98,0,7,93,0,24,76,0,5,95,0,1,4,95,49,51,0,20,29,51,2,18,0,80,32,68,0,78,22,0,42,58,0,66,34,0,6,94,0,24,76,0,55,45,0,38,15,1,1,45,20,79,1,29,30,10,9,19,3,0,17,21,44,18,0,1,3,6,10,80,0,1,3,15,19,62,0,26,42,28,4,0,3,3,8,86,0,46,53,0,0,1,0,100,0,0,0,0,0,0,48,31,20,1,24.3320884803217,40.0704225003944,44,43.3589667773576,2.37119113573407,1.30256214641956,0,0,0,0,0,0,0,0,0.00154929577464789,0.000914848959976437
NO,NOR,Norway,3,2020-12-20,2020-12-20,127,1,3952.09252044105,1,3952.09252044105,20,127,9,0,634960.826974036,125,3,123,1,19,107,1,3,123,1,13,113,1,30,96,1,18,109,0,18,109,0,2,124,1,8,119,0,3,123,1,3,123,1,24,102,1,10,117,0,5,5,117,59,67,1,9,49,69,0,7,2,118,27,99,1,82,45,0,39,86,2,62,65,0,3,123,1,15,111,1,51,76,0,36,12,1,2,76,17,108,2,37,26,13,7,35,9,0,31,26,43,27,0,0,3,8,15,101,0,0,5,10,25,87,0,18,68,30,11,0,1,7,15,104,0,61,65,1,0,0,0,0,127,0,0,0,0,0,52,45,28,2,29.0061728395062,46.3216031461773,25.4,28.0807565583424,3.05468959957001,1.82396390791909,0.0078740157480315,0.0153719081972501,0.00622415171542961,0.000193445632346413,0.0078740157480315,0.0153719081972501,0.00622415171542961,0.000193445632346413,0.00221803260507929,0.000970999138478279
NO,NOR,Norway,4,2020-12-20,2020-12-20,239,0,0,0,0,34,234,15,4,716984.094617496,236,1,237,1,28,211,0,6,232,1,24,214,1,63,176,0,42,196,1,25,213,1,7,231,1,14,224,1,2,236,1,12,226,1,43,195,1,20,219,0,11,9,219,91,146,2,15,76,148,4,11,0,224,57,182,0,178,61,0,100,139,0,137,102,0,12,227,0,23,216,0,97,142,0,77,16,3,1,142,52,187,0,70,49,24,17,71,8,0,34,55,81,69,0,3,2,9,18,206,1,3,5,12,30,189,0,37,133,54,15,0,3,3,13,220,0,101,136,0,1,1,0,0,0,239,0,0,0,0,95,80,59,5,18.6984885269011,33.1726507019101,36.1155555555556,29.7882523629027,2.9395436979786,1.47726569478465,0,0,0,0,0,0,0,0,0.00204646683519923,0.000687176823325193
NO,NOR,Norway,5,2020-12-20,2020-12-20,281,0,0,0,0,41,279,17,0,480876.920263674,274,2,277,2,27,253,1,4,276,1,18,262,1,40,240,1,42,237,2,22,258,1,5,275,1,15,266,0,1,279,1,11,268,2,42,238,1,15,265,1,10,5,266,83,193,5,17,63,201,0,16,1,264,54,226,1,191,89,1,92,187,2,145,134,2,10,270,1,25,254,2,115,166,0,91,20,3,1,166,55,223,3,74,44,34,22,87,20,0,63,58,109,51,0,0,0,8,19,251,3,0,0,14,41,226,0,46,135,68,31,1,0,2,24,255,0,121,158,0,0,2,0,0,0,0,281,0,0,0,117,75,76,13,28.7565554535252,38.6841506918471,58.780612244898,75.2917479090969,2.90503381986472,5.58780315125859,0,0,0,0,0,0,0,0,0.00206976626785804,0.000632889014795798
NO,NOR,Norway,6,2020-12-20,2020-12-20,254,0,0,0,0,11,251,9,0,555300.473053865,242,3,249,2,21,232,1,1,251,2,8,246,0,31,223,0,21,232,1,12,241,1,3,251,0,4,249,1,0,254,0,4,249,1,17,236,1,8,244,2,3,5,246,69,179,6,9,57,188,0,9,0,245,26,225,3,173,81,0,99,152,3,128,125,1,13,240,1,23,230,1,93,161,0,72,19,2,0,161,42,209,3,82,44,14,21,71,22,0,83,76,75,19,1,0,0,3,29,221,1,0,0,9,38,207,0,47,135,56,15,1,1,0,18,235,0,117,136,0,0,1,0,0,0,0,0,254,0,0,98,68,71,17,35.3593120128998,52.5526519438247,51.8367346938776,35.4112312184182,1.97750865051903,1.13032496877919,0,0,0,0,0,0,0,0,0.00061724931260872,0.000364651738164653
NO,NOR,Norway,7,2020-12-20,2020-12-19,100,0,0,0,0,1,100,2,0,217168.448887988,95,0,100,0,9,91,0,3,97,0,2,98,0,19,81,0,9,91,0,5,95,0,3,97,0,2,97,1,1,97,2,2,98,0,7,92,1,1,99,0,0,1,99,22,74,4,2,20,78,0,1,1,98,4,94,2,61,38,1,31,68,1,47,53,0,4,94,2,10,89,1,38,62,0,34,4,0,0,62,15,83,2,35,22,9,5,19,10,0,39,26,32,3,0,0,0,1,11,87,1,0,0,1,13,86,0,12,55,25,6,2,0,0,4,96,0,58,41,0,0,1,0,0,0,0,0,0,100,0,44,18,29,9,67.1111111111111,100.511082225115,100,0,2.47431043807464,2.5957716512987,0,0,0,0,0,0,0,0,0.000140845070422535,0.000276031824513654
NO,NOR,Norway,1,2020-12-21,2020-12-19,100,0,0,0,0,31,98,11,0,775670.771359697,98,1,99,0,14,86,0,5,95,0,23,77,0,26,74,0,16,84,0,15,85,0,4,96,0,5,95,0,1,99,0,6,93,1,30,70,0,14,86,0,5,9,86,45,55,0,11,34,55,0,10,1,89,32,67,1,74,26,0,43,56,1,61,38,1,4,95,1,22,77,1,53,46,1,45,7,0,1,47,13,85,2,33,20,13,6,23,4,1,15,29,40,15,1,0,1,11,19,67,2,1,5,11,23,60,0,28,46,16,7,3,1,3,13,82,1,46,53,0,1,0,100,0,0,0,0,0,0,0,44,29,22,5,14.3509809191078,20.2812256557781,21.5277777777778,17.2102027135382,3.40651878678135,1.68444679983729,0,0,0,0,0,0,0,0,0.00445530324805979,0.0015648578583114
NO,NOR,Norway,2,2020-12-21,2020-12-20,100,1,7003.09175552044,0,0,9,100,10,0,695471.764287723,98,1,99,0,10,90,0,2,98,0,19,81,0,32,68,0,16,84,0,10,90,0,2,98,0,6,94,0,1,99,0,4,96,0,24,76,0,5,95,0,3,2,95,48,52,0,10,37,53,0,9,1,90,36,64,0,71,29,0,39,61,0,62,38,0,4,96,0,14,86,0,63,37,0,44,13,2,4,37,20,80,0,30,18,11,5,34,2,0,14,21,39,26,0,0,3,9,8,80,0,0,3,9,18,70,0,21,41,28,9,1,2,1,9,88,0,50,48,0,1,1,0,100,0,0,0,0,0,0,50,28,20,2,19.9936224489796,30.0961269976236,36,35.7770876399966,2.62514613667765,1.45810868477586,0.01,0.0195013954179879,0.0100695558254515,0.000234647448977841,0,0,0,0,0.00126760563380282,0.00082762874363293
NO,NOR,Norway,3,2020-12-21,2020-12-21,107,1,5920.9237488796,1,5920.9237488796,12,106,8,0,502847.795423221,106,2,105,0,15,92,0,3,104,0,15,92,0,29,78,0,17,90,0,13,94,0,3,104,0,6,100,1,2,105,0,4,102,1,22,85,0,9,98,0,6,3,98,45,62,0,8,35,64,0,7,1,99,32,74,1,74,33,0,33,73,1,59,48,0,1,106,0,11,96,0,57,50,0,45,9,1,2,50,20,87,0,30,23,9,6,35,4,0,19,30,41,17,0,1,0,6,12,88,0,1,2,7,28,69,0,14,58,26,6,3,1,8,14,84,0,48,58,0,1,0,0,0,107,0,0,0,0,0,50,30,25,2,24.6188429752066,44.3619540669656,20.0625,10.1105496529968,2.87444622490338,1.5748255999863,0.00934579439252336,0.0182316240644272,0.0117747831506276,0.000298149606517159,0.00934579439252336,0.0182316240644272,0.0117747831506276,0.000298149606517159,0.00159447249534946,0.000901421657997462
NO,NOR,Norway,4,2020-12-21,2020-12-21,210,0,0,0,0,19,209,23,0,563580.505813275,208,1,209,0,20,190,0,1,209,0,27,183,0,39,171,0,37,173,0,12,198,0,4,206,0,15,195,0,3,207,0,4,206,0,42,168,0,9,200,1,7,2,201,86,121,3,23,62,125,0,19,4,187,60,150,0,153,57,0,76,134,0,114,96,0,5,205,0,15,195,0,93,117,0,70,17,4,2,117,40,170,0,56,48,29,13,56,8,0,42,50,76,41,1,1,0,9,24,175,1,2,2,17,36,153,0,36,123,38,12,1,0,3,25,182,0,82,125,0,0,3,0,0,0,210,0,0,0,0,91,64,53,2,21.5010730968312,32.8501761950196,49.2592592592593,42.7777777777778,2.94545963733109,1.8594718506588,0,0,0,0,0,0,0,0,0.00128040973111396,0.00057536314691658
NO,NOR,Norway,5,2020-12-21,2020-12-21,251,3,5348.60632377342,1,1503.14366427934,12,250,11,0,545100.476088542,251,4,246,1,25,225,1,6,244,1,17,232,2,35,216,0,39,210,2,21,229,1,8,241,2,5,244,2,1,248,2,9,240,2,27,222,2,10,240,1,5,5,241,77,168,6,11,64,176,0,10,1,240,73,178,0,168,82,1,82,169,0,140,110,1,9,242,0,22,229,0,110,140,1,89,15,3,3,141,46,203,2,69,50,14,21,84,13,0,54,55,104,38,0,0,4,15,34,198,0,0,7,14,32,197,1,48,136,54,12,1,2,7,19,223,0,111,137,0,0,3,0,0,0,0,251,0,0,0,91,75,81,4,42.6265743944637,66.9950009116419,30.12,10.5830892360302,2.15886771592092,1.09781206054891,0.0119521912350598,0.0134438598561331,0.00981214759185907,0.000261668017165653,0.00398406374501992,0.00779305090554704,0.00275755338734135,0.00013921055111034,0.000676056338028169,0.000382378533482137
NO,NOR,Norway,6,2020-12-21,2020-12-21,224,0,0,0,0,11,221,7,0,515767.448123273,219,1,223,0,16,208,0,8,216,0,14,210,0,31,193,0,24,200,0,12,212,0,3,221,0,2,222,0,2,222,0,12,212,0,14,210,0,8,214,2,7,1,216,51,168,5,7,43,174,0,7,0,217,18,202,4,156,68,0,72,148,4,119,103,2,16,206,2,24,197,3,86,137,1,68,13,4,1,138,36,187,1,66,41,15,17,61,23,1,65,72,66,21,0,1,2,6,21,193,1,0,3,9,24,188,0,41,105,60,16,2,1,6,17,200,0,97,124,0,0,3,0,0,0,0,0,224,0,0,87,56,66,15,46.5390625,68.2978598218861,50.2857142857143,25.1774653590222,2.53968253968254,7.27408002406151,0,0,0,0,0,0,0,0,0.000701038812057868,0.000414134612241005
NO,NOR,Norway,7,2020-12-21,2020-12-20,100,0,0,0,0,1,100,3,0,218764.29652633,96,1,99,0,10,90,0,5,95,0,1,98,1,14,86,0,14,86,0,4,96,0,2,98,0,1,98,1,1,99,0,1,99,0,6,94,0,1,99,0,0,1,99,15,82,3,3,12,85,0,3,0,97,3,93,4,60,40,0,21,78,1,45,55,0,2,98,0,8,92,0,22,78,0,16,5,0,1,78,12,86,2,39,12,10,10,18,11,0,47,24,27,2,0,0,0,1,5,94,0,0,0,2,12,86,0,14,57,21,6,2,0,2,7,91,0,56,42,0,1,1,0,0,0,0,0,0,100,0,39,22,32,7,87.3263888888889,125.587262800402,100,0,1.69760072430964,0.569356007722925,0,0,0,0,0,0,0,0,0.000140845070422535,0.000276031824513654
NO,NOR,Norway,1,2020-12-22,2020-12-20,100,2,16449.5739289445,0,0,33,99,13,0,777099.717619289,98,2,97,1,18,81,1,3,96,1,19,80,1,32,68,0,13,86,1,8,91,1,8,91,1,13,87,0,1,98,1,4,94,2,40,59,1,16,84,0,7,9,84,49,50,1,13,36,51,0,12,1,87,27,73,0,75,25,0,37,63,0,58,42,0,1,99,0,28,72,0,62,38,0,54,7,0,1,38,11,89,0,25,27,8,5,28,7,0,17,24,44,15,0,1,6,11,17,65,0,1,13,14,18,54,0,26,39,28,6,1,4,7,13,76,0,49,47,1,2,1,100,0,0,0,0,0,0,0,42,29,25,4,17.431640625,27.0535819160393,14.6666666666667,9.82384530150676,3.53462603878116,2.31291580571793,0.02,0.0274394957835608,0.0211679061978548,0.000320038898402051,0,0,0,0,0.00469483568075117,0.00159804736145179
NO,NOR,Norway,2,2020-12-22,2020-12-22,102,1,7783.55937965328,1,7783.55937965328,18,101,11,0,605437.24316738,101,1,101,0,20,82,0,0,102,0,23,79,0,36,66,0,10,92,0,7,95,0,3,99,0,6,96,0,2,100,0,6,96,0,23,79,0,9,93,0,6,3,93,52,50,0,11,41,50,0,9,2,91,32,70,0,80,22,0,43,59,0,60,42,0,2,100,0,22,80,0,50,52,0,34,14,2,0,52,25,77,0,24,31,11,4,28,4,0,20,24,41,17,0,0,2,8,23,69,0,1,7,11,20,63,0,19,55,22,4,2,1,8,13,80,0,37,64,0,0,1,0,102,0,0,0,0,0,0,59,22,19,2,15.4416666666667,29.5035148246044,28.6875,17.70630940815,2.9274,2.52215340893091,0.00980392156862745,0.0191209083686488,0.012856096098306,0.00028376466395109,0.00980392156862745,0.0191209083686488,0.012856096098306,0.00028376466395109,0.00251011016594617,0.00115813416189594
NO,NOR,Norway,3,2020-12-22,2020-12-22,109,0,0,0,0,22,109,11,0,493497.807208052,107,2,107,0,12,97,0,1,108,0,18,91,0,24,85,0,17,92,0,12,97,0,5,104,0,8,101,0,2,107,0,2,106,1,23,86,0,9,100,0,8,1,100,50,58,1,11,38,60,0,9,2,98,47,61,1,93,16,0,52,55,2,66,42,1,7,101,1,17,91,1,60,49,0,41,14,2,3,49,31,77,1,38,16,13,9,32,1,0,16,18,50,25,0,0,2,8,13,86,0,0,3,14,21,71,0,21,55,24,9,0,2,3,10,94,0,39,67,0,1,2,0,0,109,0,0,0,0,0,55,29,23,2,18.8062348830959,37.7418006242641,29.6049382716049,35.3673015926841,3.48009070294785,4.07932351420848,0,0,0,0,0,0,0,0,0.00284274454063833,0.00118619588081004
NO,NOR,Norway,4,2020-12-22,2020-12-22,206,2,3909.22492869453,2,3909.22492869453,34,204,16,0,608648.267028239,204,3,202,1,21,184,1,1,204,1,17,188,1,29,177,0,30,175,1,8,197,1,7,198,1,7,198,1,1,204,1,4,201,1,44,161,1,17,189,0,8,9,189,68,136,2,16,51,139,0,14,2,190,78,127,1,179,26,1,87,118,1,122,84,0,7,199,0,24,182,0,90,116,0,66,17,4,3,116,44,162,0,64,27,22,13,70,10,0,34,41,84,47,0,0,2,7,28,169,0,1,0,19,27,159,0,38,114,40,13,1,1,6,13,186,0,95,108,1,1,1,0,0,0,206,0,0,0,0,81,70,53,2,30.2722107438017,45.5813366145512,31.1288888888889,27.2038217047516,3.14091235365461,4.53277774710096,0.00970873786407767,0.0133899002600785,0.00642279809286495,0.000200690973638122,0.00970873786407767,0.0133899002600785,0.00642279809286495,0.000200690973638122,0.00234741784037559,0.000788113376687457
NO,NOR,Norway,5,2020-12-22,2020-12-22,267,3,5016.43641879399,2,3743.85543180088,15,264,13,0,549624.052584556,261,4,261,2,32,233,2,4,260,3,14,249,4,46,218,3,46,218,3,23,241,3,8,256,3,8,257,2,2,263,2,6,257,4,38,226,3,10,255,2,8,2,257,86,178,3,13,71,183,0,11,2,254,73,190,4,213,52,2,106,158,3,148,118,1,8,256,3,33,232,2,112,154,1,90,11,6,5,155,56,209,2,90,53,19,22,68,15,0,63,56,101,47,0,0,0,12,25,227,3,1,1,13,36,216,0,55,127,68,15,2,2,9,28,228,0,108,156,0,1,2,0,0,0,0,267,0,0,0,108,88,62,9,41.3547691402804,64.3712905638577,49.4444444444445,39.2453111141248,2.22651745303491,1.40574255653595,0.0112359550561798,0.0126428151960676,0.00912703218719171,0.000251413739255901,0.00749063670411985,0.0103423476885756,0.00681166592727475,0.00021744914329094,0.000800256081946223,0.000404815937275367
NO,NOR,Norway,6,2020-12-22,2020-12-22,249,0,0,0,0,13,248,15,0,535812.345956307,243,2,246,1,25,223,1,5,243,1,8,240,1,27,221,1,22,226,1,10,238,1,4,244,1,6,242,1,1,247,1,9,239,1,15,233,1,8,241,0,6,2,241,56,191,2,15,38,196,0,13,2,234,29,215,5,207,41,1,84,163,2,120,128,1,7,240,2,17,230,2,83,165,1,68,13,2,0,166,39,208,2,84,42,27,19,60,17,0,74,64,95,16,0,0,0,8,27,213,1,0,3,8,34,204,0,39,128,68,12,2,0,4,24,220,1,112,136,0,0,1,0,0,0,0,0,249,0,0,104,65,67,13,54.537758667025,79.7953519250037,66.0612244897959,38.0274567063964,2.08688684632246,1.6311335607197,0,0,0,0,0,0,0,0,0.000738300772376193,0.000401189315590325
NO,NOR,Norway,7,2020-12-22,2020-12-21,100,0,0,0,0,2,100,6,0,218413.068910456,95,0,100,0,4,95,1,3,96,1,4,96,0,11,88,1,12,87,1,0,100,0,2,96,2,1,98,1,0,99,1,4,95,1,4,95,1,2,98,0,1,0,99,19,76,5,6,12,82,0,6,0,94,4,90,6,71,29,0,24,74,2,50,50,0,1,99,0,15,84,1,34,66,0,26,8,0,0,66,17,83,0,34,15,8,7,26,10,0,40,25,33,2,0,0,0,1,10,89,0,1,0,0,13,86,0,21,49,22,6,2,1,1,9,89,0,54,45,0,0,1,0,0,0,0,0,0,100,0,34,29,31,6,133.786848072562,159.76105146252,25,35.3553390593274,1.73961218836565,0.716375839346022,0,0,0,0,0,0,0,0,0.00028169014084507,0.000390340454332305
NO,NOR,Norway,1,2020-12-23,2020-12-22,100,4,26154.9025239945,2,9705.32859505,37,100,11,0,702384.723442927,98,4,95,1,18,81,1,6,93,1,20,79,1,38,62,0,17,82,1,12,87,1,9,90,1,16,84,0,1,98,1,5,94,1,44,55,1,15,85,0,8,7,85,46,53,1,11,35,54,0,11,0,89,22,77,1,76,24,0,43,57,0,58,42,0,2,98,0,23,77,0,63,37,0,55,6,2,0,37,12,88,0,26,21,11,3,29,10,0,19,27,43,11,0,1,6,16,27,50,0,1,12,24,19,44,0,22,47,27,4,0,4,6,13,77,0,41,56,1,1,1,100,0,0,0,0,0,0,0,41,34,24,1,13.7119113573407,22.8258321428712,16.4444444444444,10.9447868772471,3.42565597667638,2.20392772837767,0.04,0.0384072934108425,0.0372372884133773,0.000442801636581128,0.02,0.0274394957835608,0.0138176817791206,0.000272996300339083,0.0052112676056338,0.00167477331753456
NO,NOR,Norway,2,2020-12-23,2020-12-22,100,1,6215.01720406741,1,6215.01720406741,31,100,9,1,540568.159917676,97,3,97,0,14,86,0,1,99,0,25,75,0,36,64,0,13,87,0,12,88,0,3,97,0,3,97,0,0,100,0,6,94,0,26,74,0,15,85,0,11,4,85,43,56,1,9,34,57,1,8,0,91,36,64,0,80,20,0,45,55,0,64,36,0,4,96,0,18,82,0,57,43,0,44,9,3,1,43,22,78,0,28,22,16,6,27,1,0,12,28,44,16,0,0,1,11,23,65,0,0,4,14,33,49,0,20,59,15,6,0,2,7,15,76,0,44,55,0,0,1,0,100,0,0,0,0,0,0,49,25,21,5,17.2777777777778,29.4263526837113,13.7777777777778,8.89682185690144,2.6935264825713,1.53413537675942,0.01,0.0195013954179879,0.0114971943686323,0.00028418931817955,0.01,0.0195013954179879,0.0114971943686323,0.00028418931817955,0.00436619718309859,0.00153362933015919
NO,NOR,Norway,3,2020-12-23,2020-12-23,142,1,6892.67770296271,0,0,14,141,16,1,639994.273410499,142,2,140,0,21,121,0,3,139,0,16,126,0,32,110,0,16,126,0,14,128,0,2,140,0,7,135,0,3,139,0,5,137,0,30,112,0,9,133,0,7,2,133,64,78,0,16,48,78,1,14,1,126,43,99,0,116,26,0,69,73,0,86,56,0,3,139,0,22,120,0,71,71,0,57,8,4,2,71,24,118,0,49,40,8,9,31,5,0,21,44,52,25,0,0,2,12,12,116,0,0,4,18,36,83,1,21,74,39,7,1,0,3,12,127,0,64,75,0,0,3,0,0,142,0,0,0,0,0,70,39,29,4,27.0220118343195,42.2653377126194,31.0625,26.412845224571,3.04139804997602,1.7516318390312,0.00704225352112676,0.0137538768295014,0.0107699052777956,0.000252880096717833,0,0,0,0,0.00139846169213865,0.000732033174262554
NO,NOR,Norway,4,2020-12-23,2020-12-23,172,1,5032.21659720215,0,0,46,172,12,1,607566.228241177,171,1,169,2,16,155,1,3,167,2,19,152,1,28,142,2,24,146,2,13,157,2,3,167,2,5,165,2,3,167,2,7,163,2,24,146,2,9,163,0,7,2,163,70,100,2,12,56,104,1,10,1,160,59,112,1,145,26,1,83,88,1,107,65,0,10,160,2,15,156,1,78,94,0,56,18,2,2,94,37,134,1,55,37,11,16,49,4,0,23,46,65,38,0,1,2,8,14,146,1,0,2,11,21,138,0,34,103,25,10,0,2,2,23,145,0,67,102,0,0,3,0,0,0,172,0,0,0,0,81,46,43,2,33.9972451790634,56.5358208457465,97.679012345679,168.092093773104,3.74355480655456,8.15561216001473,0.00581395348837209,0.0113619657517714,0.00828258116283017,0.000227891485396157,0,0,0,0,0.00376678676711431,0.00108647745645564
NO,NOR,Norway,5,2020-12-23,2020-12-23,222,1,3707.32037147989,1,3707.32037147989,31,216,13,0,578463.598420128,217,1,220,1,24,197,1,5,216,1,18,204,0,27,194,1,22,199,1,17,204,1,5,216,1,9,212,1,3,218,1,4,217,1,30,191,1,14,204,4,10,4,208,76,141,5,13,60,149,0,13,0,209,61,160,1,179,43,0,82,139,1,124,98,0,9,212,1,22,199,1,112,110,0,82,18,9,3,110,44,178,0,79,33,21,15,59,15,0,53,53,84,32,0,2,2,10,23,184,1,3,3,7,30,179,0,51,99,47,24,1,1,5,20,196,0,94,122,1,1,4,0,0,0,0,222,0,0,0,89,63,63,7,33.618690185776,51.469269977692,47.7916666666667,33.8911749932669,2.61639711545194,2.47711922838978,0.00450450450450451,0.00880875976989955,0.00640890867049396,0.00020563922546057,0.00450450450450451,0.00880875976989955,0.00640890867049396,0.00020563922546057,0.00202138758476787,0.000710849160888708
NO,NOR,Norway,6,2020-12-23,2020-12-23,201,2,7260.1920296738,2,7260.1920296738,25,199,13,2,489797.873155244,195,3,198,0,12,189,0,6,195,0,6,195,0,28,171,2,18,183,0,9,191,1,4,196,1,3,196,2,2,198,1,4,196,1,19,182,0,7,192,2,3,4,194,43,155,3,13,29,159,2,11,0,188,19,178,4,163,37,1,57,144,0,104,96,1,5,196,0,15,186,0,76,125,0,66,9,1,0,125,37,164,0,63,39,15,11,54,19,0,63,66,57,15,0,0,1,5,19,174,2,1,1,5,31,163,0,24,116,46,13,2,1,2,16,182,0,103,92,0,0,6,0,0,0,0,0,201,0,0,81,55,56,9,48.9169550173011,67.798208810046,102.551020408163,146.280562329559,2.10837107377648,1.3266754449504,0.0099502487562189,0.0137213088828851,0.014822832902283,0.000338424985439637,0.0099502487562189,0.0137213088828851,0.014822832902283,0.000338424985439637,0.00176941043244391,0.000692982244484682
NO,NOR,Norway,7,2020-12-23,2020-12-22,100,0,0,0,0,3,100,4,0,240033.579051688,96,0,99,1,9,91,0,2,96,2,4,94,2,12,87,1,6,92,2,4,95,1,1,97,2,1,98,1,0,98,2,4,94,2,4,96,0,3,97,0,2,0,98,20,76,4,4,16,80,0,4,0,96,1,94,5,74,24,2,26,70,4,49,51,0,1,97,2,5,93,2,37,63,0,31,6,0,0,63,15,85,0,39,13,8,3,26,11,0,37,35,27,1,0,0,0,2,16,82,0,1,0,2,16,81,0,18,55,16,10,1,0,2,7,91,0,51,48,0,0,1,0,0,0,0,0,0,100,0,36,30,28,6,135.600907029478,167.166726335398,22.2222222222222,19.2450089729875,2.64770493698694,3.3427423787799,0,0,0,0,0,0,0,0,0.000422535211267606,0.000478033792144491
NO,NOR,Norway,1,2020-12-24,2020-12-22,100,3,18567.4717278757,2,9705.32859505,30,100,10,0,800544.691414177,97,3,96,1,18,81,1,7,92,1,23,76,1,35,65,0,15,84,1,16,83,1,7,92,1,12,88,0,0,99,1,4,95,1,41,58,1,15,85,0,8,7,85,49,51,0,10,39,51,0,9,1,90,22,77,1,75,25,0,39,61,0,56,44,0,3,97,0,21,79,0,59,41,0,50,7,2,0,41,11,88,1,28,20,12,1,30,9,0,20,28,38,14,0,0,8,18,23,49,2,1,11,24,20,44,0,25,51,21,3,0,3,6,13,78,0,41,56,1,1,1,100,0,0,0,0,0,0,0,39,32,26,3,12.6917457998539,21.1866389214929,13.3333333333333,9.75900072948533,3.55678670360111,2.32442119000218,0.03,0.0334344809563718,0.0231935480017686,0.000329718377806979,0.02,0.0274394957835608,0.012123406349626,0.000239728119581497,0.00422535211267606,0.0015087973138198
NO,NOR,Norway,2,2020-12-24,2020-12-23,100,1,6215.01720406741,1,6215.01720406741,23,100,12,1,739222.306032921,99,2,98,0,14,86,0,1,99,0,23,77,0,35,65,0,11,89,0,12,88,0,4,96,0,11,89,0,1,99,0,6,94,0,32,68,0,13,87,0,7,6,87,52,48,0,12,40,48,1,9,2,88,23,77,0,78,22,0,32,67,1,70,29,1,3,96,1,12,87,1,53,47,0,34,16,1,2,47,23,76,1,25,25,10,8,31,1,0,15,34,40,11,0,1,2,19,21,57,0,0,6,15,22,57,0,30,50,15,5,0,2,3,17,78,0,40,57,2,0,1,0,100,0,0,0,0,0,0,38,28,32,2,12.0236686390533,19.8065576741724,13.6094674556213,8.96731196975882,3.03964289510044,1.50555423263831,0.01,0.0195013954179879,0.00840750766494136,0.000208142520969248,0.01,0.0195013954179879,0.00840750766494136,0.000208142520969248,0.00323943661971831,0.00132174928380468
NO,NOR,Norway,3,2020-12-24,2020-12-23,100,1,7284.74311486895,1,7284.74311486895,12,99,11,0,583238.452637474,99,1,98,1,13,86,1,3,96,1,10,89,1,26,73,1,12,87,1,11,89,0,3,96,1,4,96,0,0,99,1,4,96,0,20,79,1,5,95,0,4,1,95,43,57,0,11,31,58,0,11,0,89,29,71,0,77,23,0,41,59,0,69,31,0,2,98,0,9,91,0,59,41,0,36,20,3,0,41,19,81,0,26,25,11,7,29,2,0,17,29,38,16,0,0,2,8,14,76,0,1,4,7,18,70,0,16,56,23,3,2,1,1,6,92,0,53,45,0,0,2,0,0,100,0,0,0,0,0,48,24,27,1,21.88,32.4871340310441,75,35.3553390593274,3.685964181591,1.88001382729503,0.01,0.0195013954179879,0.0124901626117525,0.000285022915458482,0.01,0.0195013954179879,0.0124901626117525,0.000285022915458482,0.00170721297481861,0.000965104048261734
NO,NOR,Norway,4,2020-12-24,2020-12-24,155,1,2628.05963783103,0,0,42,155,13,0,594940.10401252,155,3,152,0,16,139,0,1,154,0,8,147,0,29,126,0,17,138,0,15,140,0,0,155,0,7,148,0,0,155,0,4,151,0,30,125,0,10,145,0,5,5,145,60,94,1,13,47,95,0,10,3,142,42,113,0,121,33,1,55,99,1,98,57,0,6,148,1,5,150,0,82,73,0,56,19,5,2,73,25,128,2,52,26,10,14,46,7,0,27,45,53,30,0,0,1,6,14,132,2,0,2,4,22,127,0,26,90,28,10,1,2,2,9,142,0,76,79,0,0,0,0,0,0,155,0,0,0,0,66,50,37,2,25.6854838709677,44.3028173132723,65.1,120.240222517721,3.4645286686103,1.69212272486751,0.00645161290322581,0.0126040728356257,0.00441735162935952,0.000168512108826674,0,0,0,0,0.00381644706951386,0.00115199971843451
NO,NOR,Norway,5,2020-12-24,2020-12-24,193,0,0,0,0,8,191,12,0,488839.511252387,189,0,192,1,14,178,1,3,189,1,11,181,1,29,163,1,18,174,1,10,183,0,4,189,0,10,182,1,1,191,1,2,191,0,35,157,1,7,185,1,2,5,186,62,126,5,12,50,131,0,11,1,181,37,152,4,146,47,0,67,124,2,118,74,1,4,187,2,17,174,2,86,107,0,65,16,3,2,107,25,168,0,69,25,16,12,55,16,0,47,48,76,22,0,1,2,9,27,154,0,2,2,14,30,145,0,44,95,42,12,0,1,4,12,176,0,80,111,0,0,2,0,0,0,0,193,0,0,0,88,44,55,6,33.0857142857143,49.2363150280277,42.8888888888889,16.6107952404007,2.91301394139887,1.86391803222623,0,0,0,0,0,0,0,0,0.000589926996534179,0.000408670444068248
NO,NOR,Norway,6,2020-12-24,2020-12-24,176,0,0,0,0,8,174,9,1,531991.923574915,171,1,174,1,21,153,2,2,173,1,7,168,1,25,150,1,18,157,1,10,164,2,2,173,1,7,168,1,3,171,2,4,169,3,10,164,2,5,171,0,1,4,171,35,137,4,9,26,141,1,8,0,167,15,159,2,123,53,0,55,119,2,95,80,1,8,166,2,19,155,2,73,103,0,45,24,3,1,103,25,149,2,58,37,14,7,54,6,0,55,53,61,7,0,0,0,3,13,157,3,0,0,1,21,153,1,27,84,42,22,1,0,0,18,157,1,90,79,0,0,7,0,0,0,0,0,176,0,0,73,43,50,10,57.2781065088757,91.4419813670928,156.444444444444,169.35607896229,3.21632846801946,5.71491506458623,0,0,0,0,0,0,0,0,0.000647563542172576,0.000448585080552366
NO,NOR,Norway,7,2020-12-24,2020-12-23,100,1,2645.01738426567,1,2645.01738426567,1,100,1,0,259258.793346214,98,1,97,2,11,88,1,3,94,3,4,94,2,12,86,2,11,87,2,5,93,2,1,98,1,2,96,2,3,95,2,5,93,2,5,94,1,1,99,0,1,0,99,21,78,1,1,20,79,0,1,0,99,0,97,3,71,28,1,25,72,3,39,61,0,2,96,2,6,92,2,33,67,0,27,6,0,0,67,13,86,1,32,14,8,3,29,14,0,41,26,29,4,0,0,0,3,13,84,0,0,0,4,14,82,0,22,48,21,9,0,0,1,14,85,0,57,40,0,0,3,0,0,0,0,0,0,100,0,44,18,32,6,95.7193816884661,115.101653628104,100,0,2.3766410140335,2.56073739975103,0.01,0.0195013954179879,0.0102022282450938,0.000386813922285878,0.01,0.0195013954179879,0.0102022282450938,0.000386813922285878,0.000140845070422535,0.000276031824513654
NO,NOR,Norway,1,2020-12-25,2020-12-23,100,3,14967.4219515789,2,9705.32859505,33,100,11,0,842956.786478627,97,3,97,0,15,85,0,6,94,0,21,79,0,37,63,0,18,82,0,17,83,0,3,97,0,11,89,0,4,96,0,5,95,0,39,61,0,10,90,0,8,2,90,55,45,0,11,44,45,0,9,2,89,23,76,1,51,49,0,26,73,1,62,38,0,3,97,0,15,85,0,62,38,0,44,15,3,0,38,17,82,1,30,19,13,5,27,6,0,16,27,39,18,0,3,4,16,20,54,3,3,6,19,18,54,0,34,52,10,3,1,3,2,15,80,0,38,61,0,0,1,100,0,0,0,0,0,0,0,40,34,23,3,15.9183673469388,29.0256704039857,32,59.962951524717,4.02897238569488,2.51492882627131,0.03,0.0334344809563718,0.0177558591278491,0.000281920076209279,0.02,0.0274394957835608,0.0115134355055057,0.000227736838280665,0.00464788732394366,0.00158210420029557
NO,NOR,Norway,2,2020-12-25,2020-12-24,100,0,0,0,0,18,100,10,1,658727.231403412,99,2,98,0,16,84,0,1,99,0,21,79,0,33,67,0,17,83,0,8,92,0,0,100,0,13,87,0,1,99,0,5,95,0,30,70,0,9,91,0,6,3,91,60,40,0,10,50,40,1,9,0,90,20,80,0,46,54,0,22,78,0,85,15,0,3,97,0,12,88,0,76,24,0,43,33,0,0,24,20,78,2,36,23,7,6,26,2,0,10,27,51,12,0,1,1,16,19,63,0,1,3,7,33,56,0,21,46,28,5,0,3,3,11,83,0,31,65,1,0,3,0,100,0,0,0,0,0,0,43,28,26,3,15.8861340679523,26.2260192270634,22.2222222222222,13.6082763487954,3.56042087363163,1.88820173505202,0,0,0,0,0,0,0,0,0.00253521126760563,0.00116970078590584
NO,NOR,Norway,3,2020-12-25,2020-12-24,100,2,8768.94797210588,1,3247.977722746,10,100,8,1,548464.432266934,99,3,97,0,7,93,0,3,97,0,16,84,0,18,82,0,17,83,0,7,93,0,3,97,0,4,96,0,2,98,0,3,97,0,20,80,0,6,94,0,4,2,94,40,59,1,8,32,60,1,7,0,92,13,87,0,51,49,0,20,80,0,73,27,0,2,98,0,7,93,0,72,28,0,45,25,2,0,28,16,83,1,34,18,11,5,30,2,0,11,23,54,12,0,0,2,5,10,83,0,2,5,7,18,68,0,14,50,30,6,0,3,4,9,84,0,52,44,1,1,2,0,0,100,0,0,0,0,0,39,34,25,2,21.9753086419753,44.3286932642338,27.7777777777778,13.6082763487954,3.85800828993517,2.50003697901701,0.02,0.0274394957835608,0.0159881798275628,0.000331950652277158,0.01,0.0195013954179879,0.00592194777211229,0.000203056261297911,0.00140845070422535,0.000872335779060366
NO,NOR,Norway,4,2020-12-25,2020-12-25,203,2,6112.25861952739,1,3214.0962052535,29,203,23,2,605560.69619323,202,5,198,0,22,181,0,3,200,0,26,177,0,45,158,0,35,168,0,21,182,0,2,201,0,12,191,0,3,200,0,5,198,0,35,168,0,12,191,0,10,2,191,86,115,2,23,63,117,2,21,0,180,41,159,3,96,107,0,43,158,2,158,44,1,9,193,1,12,190,1,128,73,2,79,37,10,2,75,44,158,1,66,35,22,15,61,4,0,29,53,93,28,0,1,0,8,21,171,2,1,2,9,32,159,0,33,111,47,11,1,3,2,13,185,0,89,109,0,2,3,0,0,0,203,0,0,0,0,93,53,54,3,20.7718253968254,38.8755934605365,40.8819444444444,41.7239675437583,3.5314253647587,2.18515522238146,0.00985221674876847,0.0135867961873671,0.0100935524018504,0.000251760938433139,0.00492610837438424,0.00963118486285048,0.0053076367496412,0.000183005540946588,0.00201207243460765,0.000731569089463499
NO,NOR,Norway,5,2020-12-25,2020-12-25,220,1,1519.24491085623,0,0,13,219,10,0,521430.417756571,218,1,217,2,26,193,1,5,213,2,13,205,2,35,184,1,28,190,2,15,203,2,4,214,2,8,209,3,1,217,2,4,214,2,27,191,2,10,210,0,7,3,210,62,150,8,10,52,158,0,9,1,210,28,189,3,100,118,2,41,177,2,158,62,0,16,203,1,19,200,1,137,83,0,87,45,4,1,83,31,187,2,70,33,31,14,56,16,0,29,49,104,37,1,2,0,12,28,177,1,2,1,7,33,175,2,42,113,46,16,3,0,3,33,182,2,94,126,0,0,0,0,0,0,0,220,0,0,0,86,64,59,11,36.8537414965986,60.4069999550178,35.3086419753086,21.5579736457115,3.17649057244777,1.86939317503387,0.00454545454545455,0.00888865657959676,0.00291361006017391,0.000146295853851317,0,0,0,0,0.000836066628078976,0.00045429261620737
NO,NOR,Norway,6,2020-12-25,2020-12-25,198,1,2474.01467964681,0,0,3,196,11,0,525683.721300874,192,3,194,1,15,181,2,4,193,1,8,188,2,27,170,1,21,175,2,9,188,1,7,190,1,5,192,1,5,191,2,7,190,1,16,180,2,4,193,1,3,1,194,35,158,5,11,23,164,0,10,1,187,11,183,4,102,95,1,38,158,2,141,57,0,11,185,2,15,180,3,125,73,0,73,50,1,1,73,19,177,2,71,23,12,14,56,22,0,38,62,80,18,0,1,0,6,18,171,2,0,1,7,29,161,0,35,103,46,13,1,1,1,12,184,0,97,96,1,1,3,0,0,0,0,0,198,0,0,86,41,60,11,66.2716049382716,103.957822322871,66,0,3.04057879836427,2.42161796292135,0.00505050505050505,0.00987377937101159,0.00470627980171144,0.000185012184279829,0,0,0,0,0.000215579189422248,0.000243920039019996
NO,NOR,Norway,7,2020-12-25,2020-12-24,100,1,2645.01738426567,1,2645.01738426567,2,100,4,0,272960.661795382,96,1,96,3,14,85,1,5,91,4,8,90,2,13,84,3,16,82,2,7,89,4,3,94,3,2,95,3,4,93,3,4,92,4,6,92,2,2,98,0,2,0,98,18,82,0,4,14,82,0,4,0,96,3,92,5,47,50,3,16,79,5,52,47,1,7,90,3,6,92,2,45,55,0,27,17,1,0,55,13,85,2,24,20,8,8,27,13,0,35,23,37,5,0,0,0,1,13,86,0,0,1,3,13,83,0,17,54,22,5,2,0,1,10,88,1,54,43,0,0,3,0,0,0,0,0,0,100,0,34,27,30,9,64.3080124869927,83.7216846957265,50,0,3.18802077043835,3.44031887878261,0.01,0.0195013954179879,0.00969010467247636,0.00036749196951943,0.01,0.0195013954179879,0.00969010467247636,0.00036749196951943,0.00028169014084507,0.000390340454332305
NO,NOR,Norway,1,2020-12-26,2020-12-24,100,3,18703.8750126085,2,13441.7816560796,38,100,13,0,765623.530893704,97,3,97,0,14,86,0,3,97,0,26,74,0,37,63,0,22,78,0,14,86,0,5,95,0,17,83,0,6,94,0,10,90,0,37,63,0,10,90,0,7,3,90,57,43,0,13,44,43,0,10,3,87,12,88,0,31,69,0,10,89,1,71,29,0,7,93,0,9,91,0,66,34,0,38,23,5,0,34,22,77,1,36,19,9,7,24,5,0,12,26,50,12,0,3,5,13,18,57,4,3,7,17,16,57,0,34,43,18,4,1,3,4,12,81,0,33,65,0,0,2,100,0,0,0,0,0,0,0,40,41,17,2,18.901384083045,32.5541122718726,37,59.2640044396447,4.15581597222222,3.00194408738554,0.03,0.0334344809563718,0.024429597913188,0.000345802335434387,0.02,0.0274394957835608,0.0175566464635552,0.00029418125478568,0.00535211267605634,0.00169713434685005
NO,NOR,Norway,2,2020-12-26,2020-12-26,105,2,7373.51358644788,2,7373.51358644788,15,105,12,2,579448.421029613,105,5,99,1,21,84,0,3,101,1,17,87,1,32,72,1,18,86,1,16,88,1,4,100,1,9,95,1,4,100,1,4,100,1,18,86,1,9,96,0,3,6,96,58,47,0,12,45,48,2,9,1,93,19,86,0,30,75,0,9,96,0,81,24,0,1,103,1,16,89,0,78,27,0,50,25,3,0,27,13,92,0,45,23,6,4,20,7,0,6,31,53,15,0,0,2,9,18,76,0,1,3,13,20,68,0,23,49,21,11,1,1,8,14,82,0,41,61,0,0,3,0,105,0,0,0,0,0,0,52,36,15,2,16.8808532778356,27.9003437917097,19.4444444444444,8.24957911384306,3.129,2.13147622766263,0.0190476190476191,0.0261455482229834,0.0127250559650262,0.000288595534763565,0.0190476190476191,0.0261455482229834,0.0127250559650262,0.000288595534763565,0.00201207243460765,0.00101720553960659
NO,NOR,Norway,3,2020-12-26,2020-12-26,139,2,6104.74950569763,2,6104.74950569763,24,138,13,0,602316.248381801,137,3,136,0,20,119,0,2,137,0,18,121,0,35,104,0,25,114,0,17,122,0,1,138,0,10,129,0,0,139,0,4,135,0,36,103,0,9,130,0,7,2,130,70,68,1,13,57,69,0,11,2,126,16,122,1,33,106,0,17,121,1,94,45,0,7,132,0,5,134,0,87,52,0,55,25,7,0,52,13,126,0,44,24,10,8,45,8,0,17,28,67,27,0,0,1,6,13,119,0,0,3,7,28,101,0,24,72,33,9,1,0,3,13,123,0,61,77,0,0,1,0,0,139,0,0,0,0,0,59,42,35,3,20.0212514757969,39.5337682057515,52.125,91.4695743715597,3.98508245440242,3.03013716890576,0.0143884892086331,0.0197970815489537,0.0101354554556661,0.000252956195344381,0.0143884892086331,0.0197970815489537,0.0101354554556661,0.000252956195344381,0.00244947948560931,0.000978776934875149
NO,NOR,Norway,4,2020-12-26,2020-12-26,267,1,2277.40128876608,0,0,39,263,21,1,624509.309865634,264,1,266,0,31,235,1,5,262,0,27,239,1,44,223,0,38,229,0,20,247,0,8,258,1,13,254,0,2,265,0,11,255,1,45,222,0,16,250,1,11,5,251,96,168,3,21,74,172,1,18,2,246,26,240,1,60,206,1,30,236,1,177,90,0,5,261,1,14,252,1,159,108,0,108,39,11,1,108,37,230,0,86,50,18,19,77,17,0,33,61,134,39,0,0,2,13,21,230,1,1,1,12,38,214,1,41,141,67,15,3,0,4,39,224,0,114,149,0,1,3,0,0,0,267,0,0,0,0,112,79,70,6,23.9038343960171,38.7015399545446,61.6153846153846,79.1019677490715,3.35927871731593,2.50471597281251,0.00374531835205993,0.0073269295763923,0.00364670510557493,0.000149498087113022,0,0,0,0,0.00208857708991592,0.000654805463377771
NO,NOR,Norway,5,2020-12-26,2020-12-26,284,1,2431.26669213122,1,2431.26669213122,12,281,10,0,532516.782198208,281,2,282,0,29,255,0,7,277,0,12,272,0,46,238,0,27,257,0,16,268,0,3,281,0,7,277,0,2,282,0,7,277,0,27,257,0,14,270,0,6,8,270,93,191,0,10,80,194,0,9,1,274,23,259,2,72,210,2,28,254,2,193,90,1,6,276,2,13,269,2,146,137,1,101,42,3,0,138,42,240,2,107,54,25,22,64,12,0,36,62,147,38,1,1,1,5,26,250,1,0,2,13,35,234,0,56,144,59,23,2,2,2,30,250,0,120,158,1,0,5,0,0,0,0,284,0,0,0,117,81,73,13,33.5196280991736,52.9740095878547,28.1652892561984,7.78447471455317,3.13997256515775,5.17924982568659,0.00352112676056338,0.00688912077755879,0.00456561515694407,0.000181066210033074,0.00352112676056338,0.00688912077755879,0.00456561515694407,0.000181066210033074,0.000601473610345346,0.000340207119465853
NO,NOR,Norway,6,2020-12-26,2020-12-26,228,0,0,0,0,10,227,10,0,511807.615074978,216,2,226,0,21,206,1,7,220,1,10,217,1,32,195,1,33,194,1,12,215,1,2,225,1,7,220,1,2,225,1,9,218,1,15,212,1,9,219,0,7,2,219,58,163,7,10,47,171,0,8,2,218,4,221,3,67,160,1,28,197,3,150,77,1,7,218,3,12,214,2,124,103,1,68,51,4,1,104,26,198,4,90,32,20,12,56,18,0,41,46,122,19,0,0,2,9,19,197,1,0,4,7,32,185,0,41,114,53,16,4,0,2,25,201,0,84,139,0,0,5,0,0,0,0,0,228,0,0,84,65,56,23,64.7664606288632,101.785790172466,35.625,13.1929364217589,2.74012630785182,1.92073078077578,0,0,0,0,0,0,0,0,0.000620462865297512,0.000384440480591208
NO,NOR,Norway,7,2020-12-26,2020-12-25,100,0,0,0,0,3,98,7,0,249002.900746338,96,0,98,2,9,90,1,3,95,2,7,92,1,11,87,2,13,86,1,5,93,2,2,96,2,1,97,2,1,97,2,5,93,2,8,90,2,5,95,0,5,0,95,21,75,4,7,12,81,0,7,0,93,5,92,3,26,70,4,9,87,4,63,35,2,5,91,4,4,93,3,54,45,1,30,23,1,0,46,18,81,1,34,15,10,10,18,12,1,23,23,45,8,1,0,0,3,10,87,0,0,2,3,10,85,0,22,48,18,10,2,0,1,7,91,1,54,45,0,0,1,0,0,0,0,0,0,100,0,42,25,27,6,81.0763888888889,110.478887081382,33.3333333333333,0,2.63468809073724,2.70234100536318,0,0,0,0,0,0,0,0,0.000431158378844496,0.00048778747978168
NO,NOR,Norway,1,2020-12-27,2020-12-25,100,3,25731.1908233583,3,25731.1908233583,57,100,11,1,759382.192945321,97,4,96,0,14,86,0,5,95,0,29,71,0,35,65,0,18,82,0,15,85,0,5,95,0,16,84,0,3,97,0,11,89,0,28,72,0,17,83,0,11,6,83,57,43,0,11,46,43,1,9,1,89,6,94,0,31,69,0,17,83,0,70,30,0,7,93,0,15,85,0,58,41,1,41,12,5,0,42,17,81,2,31,28,6,7,19,9,0,10,21,59,10,0,3,2,14,20,57,4,2,4,14,23,57,0,27,47,22,4,0,2,3,15,80,0,32,66,0,1,1,100,0,0,0,0,0,0,0,37,52,9,2,16.7520605925596,28.4554272718965,19.7231833910035,26.0540076939098,4.68700180678074,10.3746004171278,0.03,0.0334344809563718,0.0338843747751813,0.000406941683935847,0.03,0.0334344809563718,0.0338843747751813,0.000406941683935847,0.00802816901408451,0.00207575857163415
NO,NOR,Norway,2,2020-12-27,2020-12-27,103,1,4270.74708402105,1,4270.74708402105,26,103,15,1,528207.896213273,103,1,102,0,17,86,0,2,101,0,17,86,0,33,70,0,21,82,0,15,88,0,5,98,0,12,91,0,2,101,0,8,95,0,34,69,0,14,89,0,7,7,89,52,50,1,15,37,51,1,13,1,88,15,88,0,31,72,0,13,90,0,76,27,0,3,100,0,9,94,0,67,36,0,41,21,5,0,36,15,88,0,26,23,13,10,25,6,0,13,16,60,14,0,1,1,9,13,79,0,0,3,11,21,68,0,22,50,25,6,0,0,2,14,87,0,43,57,0,1,2,0,103,0,0,0,0,0,0,49,32,19,3,13.018224852071,24.6309148563158,13.6632653061225,8.08881374658034,2.89001122334456,1.64539620611622,0.00970873786407767,0.018936178546626,0.00808535259438201,0.000241508421868613,0.00970873786407767,0.018936178546626,0.00808535259438201,0.000241508421868613,0.00355531245726788,0.00136416150353135
NO,NOR,Norway,3,2020-12-27,2020-12-27,142,1,3391.3266254531,1,3391.3266254531,38,140,14,2,602062.170822807,140,2,140,0,23,119,0,3,139,0,24,118,0,37,105,0,25,117,0,14,128,0,4,138,0,10,132,0,4,138,0,8,134,0,31,111,0,17,125,0,12,5,125,61,80,1,14,47,81,2,10,2,128,18,123,1,44,97,1,19,122,1,94,48,0,3,138,1,10,131,1,70,72,0,46,20,4,0,72,19,122,1,45,33,11,6,33,14,0,22,30,77,13,0,1,0,13,16,112,0,0,5,11,24,102,0,22,84,26,10,0,2,5,17,118,0,62,78,0,2,0,0,0,142,0,0,0,0,0,67,45,30,0,21.4148288174753,42.2604159042077,23.9822222222222,17.1099797605785,3.81439884063972,6.3519542585163,0.00704225352112676,0.0137538768295014,0.00563285120674224,0.00018904489086568,0.00704225352112676,0.0137538768295014,0.00563285120674224,0.00018904489086568,0.00382293762575453,0.00121317031134139
NO,NOR,Norway,4,2020-12-27,2020-12-27,263,0,0,0,0,59,263,23,1,609834.937132318,260,1,261,1,33,229,1,5,258,0,26,237,0,58,204,1,39,223,1,20,242,1,12,250,1,15,248,0,3,259,1,11,251,1,55,207,1,21,242,0,14,6,243,98,161,4,23,74,166,1,21,1,240,17,246,0,57,206,0,19,243,1,164,99,0,6,257,0,13,250,0,130,133,0,94,29,7,0,133,37,226,0,92,46,22,20,69,14,0,26,64,141,32,0,2,0,9,34,217,1,4,3,15,46,195,0,54,136,52,20,1,5,4,21,233,0,100,159,2,1,1,0,0,0,263,0,0,0,0,105,85,68,5,26.7357396449704,50.689390645248,34.5895691609977,33.3483349786489,3.16958621629396,1.71210886399964,0,0,0,0,0,0,0,0,0.00315964226423178,0.000804957230585981
NO,NOR,Norway,5,2020-12-27,2020-12-27,294,0,0,0,0,27,291,16,2,526929.571689907,286,0,294,0,34,260,0,7,287,0,18,276,0,56,238,0,36,258,0,19,275,0,4,290,0,9,285,0,3,291,0,6,288,0,49,245,0,15,279,0,9,6,279,83,208,3,16,66,212,2,12,2,278,20,272,2,75,216,3,34,257,3,171,122,1,4,288,2,13,279,2,151,140,3,114,36,1,0,143,40,252,2,110,44,28,14,76,22,0,39,66,139,50,0,3,3,13,34,241,0,2,4,12,36,240,0,59,140,76,17,2,2,3,25,264,0,116,174,1,0,3,0,0,0,0,294,0,0,0,107,93,85,9,19.7733353151011,32.7676030653976,55.125,61.9145764156331,2.81192173706751,1.59730423071317,0,0,0,0,0,0,0,0,0.00130680993175548,0.000492600308677977
NO,NOR,Norway,6,2020-12-27,2020-12-27,266,0,0,0,0,21,265,8,0,596822.996124251,258,1,265,0,26,240,0,11,255,0,17,249,0,43,223,0,34,232,0,13,253,0,7,259,0,6,260,0,0,266,0,9,257,0,17,249,0,12,254,0,5,7,254,69,187,10,8,58,200,0,8,0,258,5,256,5,53,211,2,22,240,4,159,107,0,5,260,1,7,257,2,125,140,1,87,33,5,0,141,26,236,4,90,38,25,19,58,36,0,37,69,137,23,0,0,1,5,27,232,1,0,1,9,39,217,0,33,149,60,20,4,2,6,17,239,2,101,160,0,1,4,0,0,0,0,0,266,0,0,91,85,75,15,41.23,61.1330440333606,46.1652892561984,31.4448176807914,2.50379008746356,1.65948608737476,0,0,0,0,0,0,0,0,0.00111613074674462,0.000477101756720289
NO,NOR,Norway,7,2020-12-27,2020-12-26,100,0,0,0,0,2,96,4,0,218537.931944984,96,0,99,1,10,90,0,5,95,0,4,96,0,9,89,2,15,84,1,2,96,2,2,97,1,2,98,0,3,97,0,5,94,1,7,92,1,3,95,2,2,1,97,18,76,6,4,13,83,0,4,0,96,3,96,1,24,75,1,11,87,2,60,40,0,3,96,1,2,97,1,45,54,1,25,19,1,0,55,10,89,1,37,14,8,9,19,13,0,19,22,56,3,0,0,0,5,3,92,0,0,1,3,11,85,0,19,47,23,9,2,0,0,12,88,0,51,48,0,0,1,0,0,0,0,0,0,100,0,43,28,20,9,90.0226757369615,105.429741055851,200,0,2.37037037037037,1.83370215334516,0,0,0,0,0,0,0,0,0.000293427230046948,0.000406602253072662
NO,NOR,Norway,1,2020-12-28,2020-12-27,100,2,25022.7288496964,2,25022.7288496964,39,100,8,1,744713.10722107,99,3,97,0,17,83,0,4,96,0,26,73,1,42,58,0,16,84,0,23,77,0,5,95,0,16,84,0,0,100,0,12,88,0,25,75,0,19,81,0,13,6,81,49,51,0,8,41,51,1,5,2,92,11,89,0,41,59,0,24,76,0,62,38,0,5,95,0,15,85,0,52,47,1,44,5,3,0,48,14,83,3,22,33,7,11,18,9,0,9,19,57,15,0,2,1,17,17,61,2,5,4,14,21,56,0,29,47,21,3,0,2,4,15,79,0,39,59,1,1,0,100,0,0,0,0,0,0,0,40,43,13,4,14.5061728395062,27.7786471781873,10.803324099723,5.39988606360607,4.49569561058561,10.2470043187665,0.02,0.0274394957835608,0.0336004947503473,0.00040926516211857,0.02,0.0274394957835608,0.0336004947503473,0.00040926516211857,0.00549295774647887,0.00171919831648074
NO,NOR,Norway,2,2020-12-28,2020-12-28,110,1,3101.62065471772,1,3101.62065471772,26,109,17,1,546839.723979128,109,2,108,0,16,94,0,4,106,0,13,97,0,37,73,0,11,99,0,16,94,0,1,109,0,18,92,0,1,109,0,5,105,0,28,82,0,16,94,0,8,8,94,64,46,0,17,47,46,1,14,2,93,28,82,0,60,50,0,32,78,0,70,40,0,3,107,0,9,101,0,65,45,0,48,11,3,3,45,16,93,1,32,24,10,6,26,12,0,12,21,54,23,0,0,0,12,17,80,1,1,4,10,25,70,0,32,56,17,5,0,4,2,21,83,0,43,66,0,0,1,0,110,0,0,0,0,0,0,49,31,28,2,19.1230769230769,33.1922653533913,12.7111111111111,5.16069803735931,3.13278746885013,1.57530985611651,0.00909090909090909,0.0177366792474103,0.00567190077587726,0.000199043148096035,0.00909090909090909,0.0177366792474103,0.00567190077587726,0.000199043148096035,0.00335960718439075,0.00128919662737209
NO,NOR,Norway,3,2020-12-28,2020-12-28,141,0,0,0,0,11,140,9,0,572576.966560614,141,3,138,0,15,126,0,1,140,0,22,119,0,33,108,0,19,122,0,10,131,0,2,139,0,4,137,0,1,140,0,8,133,0,33,108,0,8,133,0,5,3,133,61,80,0,9,51,81,0,8,1,132,20,121,0,59,82,0,31,110,0,87,54,0,4,136,1,16,125,0,78,63,0,64,12,1,1,63,13,128,0,41,32,14,4,34,16,0,19,23,76,23,0,1,3,10,17,110,0,1,7,14,27,92,0,24,62,35,19,1,2,8,19,112,0,71,69,0,0,1,0,0,141,0,0,0,0,0,60,39,40,2,17.1454306624132,34.9350467981388,31.6530612244898,15.8483152483131,3.27252678008822,1.68436903723043,0,0,0,0,0,0,0,0,0.00110663983903421,0.000653608380968797
NO,NOR,Norway,4,2020-12-28,2020-12-28,231,0,0,0,0,18,231,20,0,596819.02474725,227,1,229,1,21,209,1,4,226,1,19,211,1,36,195,0,30,200,1,15,215,1,3,227,1,5,225,1,0,230,1,7,223,1,45,185,1,12,219,0,7,5,219,95,135,1,20,74,137,0,20,0,211,49,182,0,96,135,0,40,191,0,118,113,0,7,224,0,14,217,0,91,140,0,65,19,5,2,140,28,203,0,77,36,22,13,58,25,0,35,51,113,32,0,1,1,6,17,205,1,0,4,8,26,193,0,51,113,56,10,1,2,7,22,200,0,101,129,0,0,1,0,0,0,231,0,0,0,0,83,68,73,7,36.0904821186057,62.6839275306562,28.875,22.479157012664,3.10297814152708,1.62303204298873,0,0,0,0,0,0,0,0,0.00109749405524053,0.000506728774452881
NO,NOR,Norway,5,2020-12-28,2020-12-28,272,2,3696.44379026483,1,1762.38806468401,7,270,8,3,482385.105403574,268,4,268,0,29,243,0,2,270,0,17,255,0,48,224,0,36,236,0,21,251,0,6,266,0,8,264,0,3,269,0,9,263,0,26,246,0,6,266,0,4,2,266,80,186,6,8,69,195,3,5,0,264,33,237,2,105,165,2,45,225,2,140,131,1,4,265,3,19,251,2,121,151,0,95,22,4,0,151,43,225,4,82,58,24,21,68,19,0,39,59,136,38,0,0,3,7,32,228,2,0,2,16,34,217,3,57,137,54,21,3,1,5,23,243,0,96,168,1,0,7,0,0,0,0,272,0,0,0,112,69,82,9,35.843137254902,59.8260166496817,119,102,2.67863178136472,2.05616746795865,0.00735294117647059,0.0101529352122603,0.00766284810384496,0.000246079751864481,0.00367647058823529,0.00719249188235746,0.0036534877319845,0.000170259038048004,0.000365153886280647,0.000270455421410695
NO,NOR,Norway,6,2020-12-28,2020-12-28,229,0,0,0,0,20,229,8,0,483149.439500826,222,0,228,1,23,205,1,5,223,1,15,213,1,30,199,0,22,206,1,16,212,1,2,226,1,5,223,1,0,228,1,3,225,1,13,215,1,7,222,0,6,1,222,49,175,5,8,41,180,0,7,1,221,11,215,3,87,140,2,40,186,3,130,98,1,1,225,3,16,210,3,104,124,1,71,29,4,0,125,17,209,3,81,30,20,14,55,29,0,37,51,116,24,1,0,1,9,23,195,1,0,0,10,23,194,2,45,123,47,12,2,0,6,20,202,1,101,123,0,0,5,0,0,0,0,0,229,0,0,102,54,62,11,59.8194033861865,80.1271200397695,93.4693877551021,113.998171434366,2.22152011391954,1.26487668779944,0,0,0,0,0,0,0,0,0.00123008795128852,0.000538768235919407
NO,NOR,Norway,7,2020-12-28,2020-12-27,100,0,0,0,0,3,99,4,0,219633.854118669,98,0,99,1,13,87,0,2,97,1,7,93,0,13,86,1,12,88,0,7,92,1,3,97,0,2,97,1,0,99,1,6,93,1,6,92,2,3,97,0,1,2,97,26,70,4,4,22,74,0,3,1,96,3,95,2,39,60,1,15,84,1,47,53,0,3,95,2,6,92,2,33,67,0,26,6,0,0,68,2,95,3,29,20,5,7,27,12,0,22,16,50,12,0,0,0,3,5,92,0,0,1,4,9,86,0,10,47,28,13,2,0,1,7,92,0,61,38,1,0,0,0,0,0,0,0,0,100,0,45,23,24,8,41.5289256198347,63.8878064990114,75,35.3553390593274,2.24480151228733,2.45339379807914,0,0,0,0,0,0,0,0,0.000426803243704652,0.000482861385434658
NO,NOR,Norway,1,2020-12-29,2020-12-28,100,1,12733.3196824177,1,12733.3196824177,23,100,11,0,717993.046085883,97,2,98,0,16,84,0,3,97,0,22,77,1,41,59,0,13,87,0,22,78,0,6,94,0,17,83,0,1,99,0,10,90,0,26,74,0,16,84,0,12,4,84,48,52,0,11,37,52,0,9,2,89,23,77,0,55,45,0,31,69,0,63,37,0,6,94,0,16,84,0,57,43,0,44,11,2,0,43,15,84,1,27,26,8,10,20,9,0,7,19,56,18,0,0,0,17,17,65,1,4,4,14,23,55,0,29,51,15,4,1,0,5,16,79,0,36,63,1,0,0,100,0,0,0,0,0,0,0,40,34,20,6,10.8163265306122,22.5583097716956,8.984375,5.08713143628116,3.56786703601108,1.75263266744049,0.01,0.0195013954179879,0.0177346002887256,0.000305290364515544,0.01,0.0195013954179879,0.0177346002887256,0.000305290364515544,0.00323943661971831,0.00132174928380468
NO,NOR,Norway,2,2020-12-29,2020-12-28,100,2,18196.1535843529,1,11777.0036918388,21,99,11,0,553639.396019853,99,3,97,0,19,81,0,4,96,0,19,81,0,33,67,0,16,84,0,16,84,0,1,99,0,8,92,0,3,97,0,7,93,0,21,79,0,11,89,0,8,3,89,54,46,0,11,41,48,0,10,1,89,20,80,0,60,40,0,27,72,1,57,43,0,0,100,0,14,86,0,45,55,0,36,9,0,0,55,14,85,1,31,21,12,6,25,5,0,15,21,44,20,0,0,0,8,21,71,0,1,5,10,12,72,0,18,61,19,2,0,1,5,14,80,0,41,56,1,1,1,0,100,0,0,0,0,0,0,52,29,17,2,16.162109375,36.7739514035291,21,12.8668393770792,3.55065809611264,6.68993216220354,0.02,0.0274394957835608,0.0328664356531818,0.000469628159219879,0.01,0.0195013954179879,0.0212719755431141,0.000380075190955983,0.00298762270593257,0.00127589363235813
NO,NOR,Norway,3,2020-12-29,2020-12-29,126,1,4575.15154048115,0,0,20,124,7,0,549205.177468133,125,1,125,0,15,111,0,3,123,0,12,114,0,30,96,0,20,106,0,13,113,0,3,123,0,3,123,0,0,126,0,3,123,0,27,99,0,10,116,0,5,5,116,60,65,1,7,52,67,0,6,1,119,36,90,0,80,46,0,36,90,0,81,45,0,5,121,0,12,114,0,67,59,0,50,14,1,2,59,15,111,0,38,21,10,6,44,7,0,11,30,65,20,0,1,1,9,17,98,0,2,3,7,24,90,0,16,72,22,16,0,2,5,15,104,0,58,68,0,0,0,0,0,126,0,0,0,0,0,58,33,34,1,21.7142857142857,38.8775698544549,39.375,23.8117617995813,3.38618650900296,1.71210309644183,0.00793650793650794,0.015493419494625,0.00833049601165972,0.000240380751737462,0,0,0,0,0.00227169468423444,0.000994464310214669
NO,NOR,Norway,4,2020-12-29,2020-12-29,240,2,7286.73578133872,2,7286.73578133872,24,240,18,1,612392.368414693,236,5,235,0,33,207,0,6,234,0,22,218,0,53,187,0,35,205,0,15,225,0,6,234,0,14,226,0,2,238,0,7,233,0,38,202,0,12,228,0,8,4,228,101,137,2,18,83,139,1,15,2,222,47,192,1,154,84,2,66,173,1,131,109,0,3,236,1,14,226,0,113,127,0,89,17,3,4,127,32,208,0,68,45,26,13,61,27,0,39,49,115,37,0,1,5,12,24,198,0,1,4,10,35,189,1,43,126,55,15,1,2,5,19,214,0,88,148,0,1,3,0,0,0,240,0,0,0,0,95,68,72,5,25.3017730806184,37.8657826951078,40,35.1619629196613,3.12032593933907,1.51697512498771,0.00833333333333333,0.0115009762023089,0.011898802397231,0.000271572346653399,0.00833333333333333,0.0115009762023089,0.011898802397231,0.000271572346653399,0.00140845070422535,0.000563090324100279
NO,NOR,Norway,5,2020-12-29,2020-12-29,260,1,2187.17130987251,0,0,25,260,17,3,522906.630173955,256,2,256,2,34,224,2,5,253,2,19,239,2,46,213,1,37,221,2,18,240,2,7,251,2,11,247,2,2,256,2,4,254,2,29,229,2,7,253,0,2,5,253,93,162,5,17,76,167,3,13,1,243,57,201,2,166,94,0,59,198,3,127,131,2,9,249,2,20,238,2,101,159,0,79,17,5,0,159,43,216,1,85,39,23,15,68,30,0,47,67,106,40,0,1,1,10,23,222,3,0,1,12,45,200,2,37,147,56,18,2,1,5,24,229,1,113,142,0,0,5,0,0,0,0,260,0,0,0,106,83,63,8,30.070694693185,50.3579571127227,132.65306122449,145.217239497349,2.45045812912849,1.52516777235829,0.00384615384615385,0.00752381227635062,0.00418271864165292,0.000174926324959361,0,0,0,0,0.00135427952329361,0.000530508224634498
NO,NOR,Norway,6,2020-12-29,2020-12-29,239,2,3314.52342463229,1,1376.8165793458,5,237,16,2,571819.181103183,233,4,233,2,35,203,1,8,229,2,12,226,1,35,203,1,24,214,1,11,227,1,5,232,2,5,232,2,1,237,1,5,233,1,22,216,1,5,234,0,4,1,234,65,168,6,16,47,176,2,12,2,223,6,231,2,127,111,1,43,195,1,112,126,1,6,233,0,13,226,0,79,159,1,61,15,3,0,160,15,223,1,84,36,5,18,53,43,0,49,59,107,24,0,0,0,6,17,215,1,0,0,9,37,193,0,33,129,58,17,2,1,1,18,217,2,99,133,0,0,7,0,0,0,0,0,239,0,0,91,63,68,17,29.7422222222222,38.8605751308379,132.777777777778,45.9955714454402,2.32927253741733,2.25997601425557,0.00836820083682008,0.0115488944037995,0.00579645372902277,0.000196760343493297,0.00418410041841004,0.00818351189714608,0.0024077831329295,0.00012702931066916,0.00029714149878172,0.000260412523114808
NO,NOR,Norway,7,2020-12-29,2020-12-28,100,0,0,0,0,1,98,1,0,216406.551234929,98,0,99,1,13,85,2,3,96,1,5,94,1,16,84,0,6,93,1,2,96,2,2,97,1,2,97,1,1,98,1,6,93,1,1,98,1,2,97,1,1,1,98,17,76,7,1,15,84,0,1,0,99,3,93,4,66,34,0,21,77,2,44,55,1,3,96,1,10,89,1,33,66,1,26,5,1,0,68,0,97,3,40,18,3,9,15,15,0,23,20,50,7,0,0,0,1,6,93,0,0,0,4,13,83,0,10,51,26,8,5,0,1,9,89,1,47,53,0,0,0,0,0,0,0,0,0,100,0,45,31,18,6,44.62890625,91.4407610787899,100,0,2.2382271468144,2.43373718475553,0,0,0,0,0,0,0,0,0.000143719459614832,0.000281664722189836
NO,NOR,Norway,1,2020-12-30,2020-12-28,100,0,0,0,0,20,100,16,1,832848.012303914,97,1,99,0,18,82,0,5,95,0,26,73,1,35,65,0,13,87,0,17,83,0,6,94,0,20,80,0,2,98,0,9,91,0,28,72,0,13,87,0,9,4,87,64,36,0,16,48,36,1,13,2,84,21,79,0,65,35,0,37,63,0,63,37,0,6,94,0,17,83,0,59,41,0,47,10,2,0,41,17,82,1,31,23,7,10,19,10,0,8,18,52,22,0,0,3,12,16,67,2,3,6,11,28,52,0,27,54,15,3,1,3,3,17,77,0,35,65,0,0,0,100,0,0,0,0,0,0,0,43,31,20,6,14.6728515625,26.9709452498807,11.8343195266272,6.74660014851561,3.21180555555556,1.76042910217415,0,0,0,0,0,0,0,0,0.0028169014084507,0.00123279877629136
NO,NOR,Norway,2,2020-12-30,2020-12-30,105,1,4146.93897435909,1,4146.93897435909,25,105,10,1,594932.199330348,103,3,102,0,20,85,0,1,104,0,18,87,0,28,77,0,21,84,0,6,99,0,2,103,0,11,94,0,1,104,0,7,98,0,22,83,0,11,94,0,7,4,94,50,54,1,10,40,55,1,9,0,95,20,85,0,78,27,0,38,67,0,52,53,0,1,104,0,12,93,0,51,54,0,43,6,1,1,54,11,93,1,37,28,7,5,24,4,0,16,27,47,15,0,1,1,11,15,75,2,1,5,8,17,74,0,18,58,20,8,1,3,2,16,84,0,32,67,2,2,2,0,105,0,0,0,0,0,0,59,26,17,3,23.9650962367136,40.5565589156835,21.6942148760331,16.5832372163581,2.478,1.4199039660228,0.00952380952380953,0.0185772237565978,0.0069704396215684,0.000211410000300144,0.00952380952380953,0.0185772237565978,0.0069704396215684,0.000211410000300144,0.00335345405767941,0.00131232387671876
NO,NOR,Norway,3,2020-12-30,2020-12-30,119,0,0,0,0,25,118,11,0,539907.971169509,118,0,119,0,17,102,0,4,115,0,13,106,0,32,87,0,23,96,0,12,107,0,6,113,0,11,108,0,2,117,0,6,113,0,30,89,0,12,107,0,6,6,107,57,61,1,11,46,62,0,11,0,108,24,95,0,84,34,1,35,84,0,66,53,0,3,116,0,10,109,0,55,64,0,44,7,1,3,64,14,105,0,44,18,12,8,33,4,0,10,19,61,28,1,1,3,11,10,91,3,1,4,12,23,79,0,20,65,26,7,1,1,3,15,100,0,52,67,0,0,0,0,0,119,0,0,0,0,0,56,37,26,0,17.6872770511296,33.6339352889832,24.5867768595041,18.7943355118725,3.19327731092437,1.7720873018838,0,0,0,0,0,0,0,0,0.002984005729291,0.00116796223913142
NO,NOR,Norway,4,2020-12-30,2020-12-30,235,4,11078.2478303017,3,7165.69936357625,28,234,15,1,639909.785690492,231,7,226,2,34,200,1,6,228,1,26,208,1,51,183,1,34,200,1,22,212,1,10,224,1,18,217,0,6,228,1,13,222,0,51,183,1,8,226,1,7,1,227,102,129,4,15,84,136,1,13,1,220,53,180,2,174,60,1,53,180,2,123,109,3,5,228,2,17,216,2,106,129,0,81,21,4,0,129,35,199,1,57,44,25,14,67,28,0,43,50,111,31,0,1,4,10,16,204,0,0,5,14,34,181,1,45,122,50,17,1,2,5,32,196,0,100,131,0,0,4,0,0,0,235,0,0,0,0,92,78,54,11,25.3604166666667,43.6472822623726,102.8125,145.610629272532,3.23081481481482,5.80895308802163,0.0170212765957447,0.0165379731774645,0.0173122025604714,0.00031957489822816,0.0127659574468085,0.0143532720806705,0.01119798372179,0.000257818040207135,0.0016853256289876,0.000623715630907332
NO,NOR,Norway,5,2020-12-30,2020-12-30,274,0,0,0,0,31,271,8,1,538774.876198979,270,2,272,0,29,245,0,8,266,0,11,263,0,44,230,0,35,239,0,16,258,0,6,268,0,9,265,0,4,270,0,7,267,0,30,244,0,12,261,1,9,3,262,66,202,6,8,58,208,1,7,0,266,55,217,2,186,86,2,78,195,1,139,135,0,3,270,1,13,260,1,100,173,1,82,14,4,0,174,32,239,3,101,49,20,17,61,26,0,62,53,126,31,2,0,2,9,23,239,1,1,2,14,41,215,1,50,140,64,19,1,1,2,35,236,0,120,149,1,0,4,0,0,0,0,274,0,0,0,95,102,68,9,43.1655560183257,58.9438329592797,82.2,164.4,2.44685624380864,1.46870455191289,0,0,0,0,0,0,0,0,0.0016111428719921,0.000566697322841843
NO,NOR,Norway,6,2020-12-30,2020-12-30,232,1,1638.83406721172,0,0,9,231,12,0,497111.562216766,226,3,227,2,24,207,1,8,223,1,6,224,2,30,200,2,22,208,2,16,214,2,2,228,2,9,221,2,1,229,2,8,222,2,22,208,2,6,225,1,4,2,226,53,173,6,12,38,182,0,12,0,220,12,212,8,152,79,1,55,172,5,110,119,3,4,224,4,12,216,4,81,151,0,63,17,1,0,151,14,214,4,89,39,20,8,45,31,0,51,47,107,27,0,1,0,6,19,205,1,0,0,10,25,197,0,45,129,45,13,0,0,2,37,193,0,93,133,0,1,5,0,0,0,0,0,232,0,0,93,63,66,10,40.1502040816327,56.5741925179025,58,32.3508543593176,2.30737474197786,2.39049495636516,0.00431034482758621,0.00842989380432335,0.00329671283424525,0.000159347283262805,0,0,0,0,0.000548747027620267,0.000358409758284356
NO,NOR,Norway,7,2020-12-30,2020-12-29,100,0,0,0,0,1,98,3,0,216921.790467794,97,0,99,1,9,89,2,5,93,2,6,93,1,14,84,2,13,86,1,6,91,3,3,96,1,3,96,1,1,98,1,3,96,1,7,92,1,2,97,1,2,0,98,16,76,8,3,13,84,0,3,0,97,4,95,1,68,32,0,24,76,0,40,59,1,3,97,0,11,89,0,32,68,0,26,6,0,0,68,3,95,2,38,8,9,7,20,18,0,24,23,46,7,0,0,0,2,8,90,0,0,0,3,11,86,0,14,55,21,6,4,0,1,14,84,1,53,44,0,0,3,0,0,0,0,0,0,100,0,35,32,30,3,41.4141414141414,76.1906811619964,100,0,2.14688064618982,2.9673523466965,0,0,0,0,0,0,0,0,0.000143719459614832,0.000281664722189836
NO,NOR,Norway,1,2020-12-31,2020-12-29,100,0,0,0,0,16,100,15,1,949695.066063109,98,0,100,0,26,74,0,5,95,0,30,70,0,37,63,0,12,88,0,18,82,0,5,95,0,16,84,0,2,98,0,7,93,0,28,72,0,10,90,0,6,4,90,56,44,0,15,41,44,1,12,2,85,14,86,0,73,27,0,38,62,0,62,38,0,3,97,0,18,82,0,54,46,0,46,8,0,0,46,15,84,1,28,24,9,6,24,9,0,11,14,58,17,0,2,4,11,15,66,2,3,7,10,33,47,0,28,50,20,1,1,4,4,15,77,0,37,62,0,0,1,100,0,0,0,0,0,0,0,41,29,25,5,16.1845730027548,24.8470053157075,16,6.99205898780101,3.03964289510044,1.8125181121267,0,0,0,0,0,0,0,0,0.00225352112676056,0.00110296018526087
NO,NOR,Norway,2,2020-12-31,2020-12-30,100,2,8707.64743902566,1,6214.17249631881,27,100,14,1,623578.565626306,99,2,98,0,18,82,0,1,99,0,18,82,0,39,61,0,19,81,0,15,85,0,5,95,0,7,93,0,3,97,0,7,93,0,26,74,0,13,87,0,7,6,87,48,52,0,14,34,52,1,13,0,86,28,72,0,80,20,0,43,57,0,63,37,0,6,94,0,12,88,0,57,43,0,47,8,2,0,43,12,88,0,31,19,9,9,26,6,0,13,21,45,21,0,1,2,5,17,75,0,0,6,7,20,67,0,16,53,22,9,0,3,2,16,79,0,38,62,0,0,0,0,100,0,0,0,0,0,0,56,22,21,1,18.7551020408163,33.1068211214265,15.3846153846154,12.9480832543104,2.72421181512091,1.50276352257299,0.02,0.0274394957835608,0.0139639941444747,0.000291241807433568,0.01,0.0195013954179879,0.00996534011729132,0.000246532264014267,0.00380281690140845,0.00143167446501777
NO,NOR,Norway,3,2020-12-31,2020-12-31,118,0,0,0,0,19,117,9,0,541996.815875704,117,1,116,1,23,94,1,2,115,1,15,103,0,34,83,1,20,97,1,12,105,1,3,114,1,6,111,1,1,117,0,6,111,1,23,94,1,11,107,0,8,3,107,58,60,0,9,49,60,0,9,0,109,29,89,0,84,34,0,39,78,1,62,56,0,0,118,0,11,107,0,52,66,0,41,8,1,1,67,16,101,1,38,29,8,3,29,11,0,22,26,55,15,0,0,1,13,10,93,1,0,4,13,20,81,0,19,64,23,11,1,2,0,18,98,0,56,59,0,0,3,0,0,118,0,0,0,0,0,50,33,32,3,31.689453125,46.9386673691173,22.42,12.9859582284524,3.70569347638813,2.36398002697085,0,0,0,0,0,0,0,0,0.00228722763934032,0.00102726726011654
NO,NOR,Norway,4,2020-12-31,2020-12-31,209,2,6333.44469005978,1,4550.6424214601,19,208,16,0,600047.935822148,209,2,206,1,28,180,1,3,206,0,21,188,0,52,156,1,34,174,1,11,197,1,9,199,1,9,199,1,1,207,1,11,198,0,39,169,1,9,200,0,4,5,200,72,136,1,16,55,138,0,16,0,193,51,156,2,157,52,0,54,154,1,96,110,3,7,201,1,14,194,1,86,123,0,64,15,7,0,123,29,178,2,67,39,15,13,56,19,0,41,41,91,36,0,1,2,6,20,180,0,2,0,9,32,166,0,39,108,45,17,0,3,5,24,177,0,87,121,0,0,1,0,0,0,209,0,0,0,0,91,57,57,4,28.1162015826739,49.9310279605222,62.046875,44.0210956683189,3.02273775146206,1.90856386916417,0.00956937799043062,0.0131986293329321,0.0105548978872531,0.00025856991194662,0.00478468899521531,0.00935535623581309,0.00758379814310185,0.000219505508491032,0.00128656554712893,0.000578127534179225
NO,NOR,Norway,5,2020-12-31,2020-12-31,226,3,5686.83127275628,2,4138.5865183726,17,225,11,0,515088.021209227,225,3,223,0,21,205,0,4,222,0,16,210,0,32,194,0,36,190,0,10,216,0,4,222,0,11,215,0,1,225,0,7,219,0,37,189,0,12,214,0,8,4,214,76,146,4,11,65,150,0,11,0,215,38,186,2,147,79,0,64,162,0,116,110,0,4,222,0,17,209,0,94,131,1,74,19,0,1,132,29,196,1,84,31,25,12,55,19,0,42,44,109,31,0,2,0,9,18,195,2,0,4,8,35,179,0,36,127,51,12,0,2,5,21,198,0,88,134,0,0,4,0,0,0,0,226,0,0,0,102,67,53,4,32.4264764169639,54.1545272245735,31.7520661157025,14.1260611922933,2.70949312983466,2.89808757808875,0.0132743362831858,0.0149210192677753,0.0110405038335114,0.000285358665215151,0.00884955752212389,0.0122102467177223,0.00803471707351455,0.000243804039308167,0.0010641627543036,0.000505592335700139
NO,NOR,Norway,6,2020-12-31,2020-12-31,233,2,6842.73769984397,1,2222.46273840423,12,229,14,1,524274.083549698,223,3,229,1,26,206,1,3,229,1,10,221,2,32,201,0,31,201,1,17,215,1,5,226,2,2,230,1,4,226,3,10,222,1,20,213,0,12,221,0,6,6,221,77,150,6,14,61,158,1,11,2,219,17,213,3,153,78,2,47,185,1,97,135,1,3,229,1,15,217,1,79,154,0,64,11,2,1,155,21,211,1,97,41,11,10,41,33,0,49,56,103,24,1,0,0,10,23,200,0,1,0,12,31,188,1,48,109,49,25,2,1,10,22,199,1,101,125,0,1,6,0,0,0,0,0,233,0,0,99,65,57,12,51.0279706407459,75.1106473744711,43.6875,31.1359346827974,2.17595041322314,1.32995839407012,0.00858369098712446,0.0118450036056498,0.01305183283811,0.000307221651929749,0.00429184549356223,0.00839379197738522,0.00423912378684947,0.000175867048386324,0.00073805277077311,0.00041743086487653
NO,NOR,Norway,7,2020-12-31,2020-12-30,100,0,0,0,0,2,97,3,0,235715.93761378,93,0,98,2,8,90,2,3,94,3,2,95,3,15,82,3,10,88,2,5,93,2,3,95,2,1,98,1,1,97,2,3,95,2,7,92,1,3,95,2,2,1,97,19,74,7,3,15,82,0,3,0,97,4,94,2,68,31,1,25,74,1,44,56,0,1,98,1,4,95,1,34,66,0,24,10,0,0,66,5,94,1,40,14,5,6,19,16,0,21,33,38,8,0,0,1,2,4,91,2,0,0,2,9,89,0,9,61,24,5,1,0,1,8,91,0,53,45,0,0,2,0,0,0,0,0,0,100,0,40,24,27,9,88.0658436213992,116.513186855073,50,0,2.22195387030552,2.47342554292806,0,0,0,0,0,0,0,0,0.000290402207056774,0.000402411086096449
NO,NOR,Norway,1,2021-01-01,2020-12-29,100,0,0,0,0,16,100,15,1,949695.066063109,98,0,100,0,26,74,0,5,95,0,30,70,0,37,63,0,12,88,0,18,82,0,5,95,0,16,84,0,2,98,0,7,93,0,28,72,0,10,90,0,6,4,90,56,44,0,15,41,44,1,12,2,85,14,86,0,73,27,0,38,62,0,62,38,0,3,97,0,18,82,0,54,46,0,46,8,0,0,46,15,84,1,28,24,9,6,24,9,0,11,14,58,17,0,2,4,11,15,66,2,3,7,10,33,47,0,28,50,20,1,1,4,4,15,77,0,37,62,0,0,1,100,0,0,0,0,0,0,0,41,29,25,5,16.1845730027548,24.8470053157075,16,6.99205898780101,3.03964289510044,1.8125181121267,0,0,0,0,0,0,0,0,0.00225352112676056,0.00110296018526087
NO,NOR,Norway,2,2021-01-01,2020-12-30,100,2,8707.64743902566,1,6214.17249631881,27,100,14,1,623578.565626306,99,2,98,0,18,82,0,1,99,0,18,82,0,39,61,0,19,81,0,15,85,0,5,95,0,7,93,0,3,97,0,7,93,0,26,74,0,13,87,0,7,6,87,48,52,0,14,34,52,1,13,0,86,28,72,0,80,20,0,43,57,0,63,37,0,6,94,0,12,88,0,57,43,0,47,8,2,0,43,12,88,0,31,19,9,9,26,6,0,13,21,45,21,0,1,2,5,17,75,0,0,6,7,20,67,0,16,53,22,9,0,3,2,16,79,0,38,62,0,0,0,0,100,0,0,0,0,0,0,56,22,21,1,18.7551020408163,33.1068211214265,15.3846153846154,12.9480832543104,2.72421181512091,1.50276352257299,0.02,0.0274394957835608,0.0139639941444747,0.000291241807433568,0.01,0.0195013954179879,0.00996534011729132,0.000246532264014267,0.00380281690140845,0.00143167446501777
NO,NOR,Norway,3,2021-01-01,2020-12-31,100,0,0,0,0,17,99,8,0,450123.987460086,99,1,98,1,20,79,1,2,97,1,14,86,0,27,72,1,18,81,1,7,92,1,3,96,1,5,94,1,1,99,0,4,95,1,19,80,1,9,91,0,7,2,91,51,49,0,8,43,49,0,8,0,92,23,77,0,74,26,0,37,62,1,57,43,0,0,100,0,11,89,0,49,51,0,39,7,1,1,52,13,87,0,33,27,8,2,24,6,0,17,21,49,13,0,0,1,10,10,78,1,0,4,12,16,68,0,12,58,18,11,1,1,0,15,84,0,50,48,0,0,2,0,0,100,0,0,0,0,0,44,26,27,3,34.7810608757565,48.9818977807773,26.5625,14.074895330745,3.68975069252078,2.44162680281562,0,0,0,0,0,0,0,0,0.00241855171432636,0.00114829425082753
NO,NOR,Norway,4,2021-01-01,2020-12-31,100,1,4550.6424214601,1,4550.6424214601,10,100,6,0,289862.131236298,100,1,99,0,15,85,0,2,98,0,13,87,0,22,78,0,19,81,0,6,94,0,4,96,0,7,93,0,0,100,0,8,92,0,22,78,0,3,97,0,1,2,97,31,68,1,6,24,70,0,6,0,94,24,75,1,71,29,0,27,72,1,47,51,2,3,96,1,6,93,1,42,58,0,30,10,2,0,58,14,84,2,28,17,6,9,29,11,0,25,17,37,21,0,0,0,3,5,92,0,2,0,3,12,83,0,15,51,25,9,0,2,3,11,84,0,47,53,0,0,0,0,0,0,100,0,0,0,0,45,29,24,2,28.0299875052062,49.4604645357993,111.111111111111,76.9800358919501,3.20095486111111,2.22256663369535,0.01,0.0195013954179879,0.0156993340318414,0.00045253987748209,0.01,0.0195013954179879,0.0156993340318414,0.00045253987748209,0.00140845070422535,0.000872335779060366
NO,NOR,Norway,5,2021-01-01,2020-12-31,100,3,5686.83127275628,2,4138.5865183726,6,100,5,0,239914.450623991,99,3,97,0,9,91,0,3,97,0,10,90,0,17,83,0,18,82,0,3,97,0,2,98,0,6,94,0,1,99,0,3,97,0,13,87,0,5,95,0,4,1,95,29,68,3,5,24,71,0,5,0,95,18,81,1,69,31,0,30,70,0,49,51,0,3,97,0,8,92,0,45,55,0,34,10,0,1,55,14,86,0,38,18,7,6,24,7,0,19,20,44,17,0,1,0,5,6,86,2,0,2,5,15,78,0,15,49,28,8,0,1,3,9,87,0,45,52,0,0,3,0,0,0,0,100,0,0,0,45,32,21,2,19.723865877712,29.4719425877233,24,8.94427190999916,3.15755208333333,4.08766420492554,0.03,0.0334344809563718,0.0237035795799939,0.000608720185804628,0.02,0.0274394957835608,0.0172502594471013,0.00052100173784186,0.000845070422535211,0.000675898970898153
NO,NOR,Norway,6,2021-01-01,2020-12-31,100,1,2222.46273840423,1,2222.46273840423,4,98,6,1,244643.592646941,93,1,99,0,15,85,0,2,98,0,6,94,0,17,83,0,15,85,0,7,93,0,3,97,0,1,99,0,3,97,0,5,95,0,9,91,0,6,94,0,4,2,94,33,63,4,6,27,67,1,4,1,94,7,91,2,66,32,2,24,75,1,42,57,1,2,97,1,8,91,1,37,63,0,30,4,2,0,64,6,94,0,36,15,7,5,23,14,0,20,27,42,11,0,0,0,3,10,87,0,0,0,5,7,87,1,15,53,21,10,1,1,3,10,86,0,51,45,0,0,4,0,0,0,0,0,100,0,0,36,28,28,8,55.859375,87.901405028864,25,0,2.37476370510397,1.29845527386515,0.01,0.0195013954179879,0.00908449191069391,0.000375967064956138,0.01,0.0195013954179879,0.00908449191069391,0.000375967064956138,0.000574877838459327,0.000563207971721789
NO,NOR,Norway,7,2021-01-01,2020-12-30,100,0,0,0,0,2,97,3,0,235138.89667503,93,0,98,2,8,90,2,3,94,3,3,94,3,15,82,3,11,87,2,5,93,2,3,95,2,1,98,1,1,97,2,4,94,2,9,90,1,3,95,2,2,1,97,19,75,6,3,15,82,0,3,0,97,4,94,2,67,32,1,24,75,1,45,55,0,1,98,1,4,95,1,35,65,0,25,10,0,0,65,5,94,1,40,14,5,6,18,17,0,21,31,40,8,0,0,1,2,5,90,2,0,0,3,9,88,0,9,61,24,5,1,0,1,7,92,0,51,47,0,0,2,0,0,0,0,0,0,100,0,39,26,26,9,69.8979591836735,97.944813445846,50,0,2.1978021978022,2.47354476426874,0,0,0,0,0,0,0,0,0.000290402207056774,0.000402411086096449
